image_path,image_name,subfolder,class_id,class_name,confidence,xmin,ymin,xmax,ymax
/srv/shared_leopard_toad/2025/Documents/06.10-13.10.2025/4Z/103MEDIA/DSCF0993.JPG,DSCF0993.JPG,4Z/103MEDIA,0,Other_Amphibian,0.2825,2634.1,2243.9,2788.0,2405.5
/srv/shared_leopard_toad/2025/Documents/06.10-13.10.2025/4Z/103MEDIA/DSCF0993.JPG,DSCF0993.JPG,4Z/103MEDIA,0,Other_Amphibian,0.2562,3202.6,2031.6,3312.6,2173.0
/srv/shared_leopard_toad/2025/Documents/06.10-13.10.2025/4Z/103MEDIA/DSCF0993.JPG,DSCF0993.JPG,4Z/103MEDIA,0,Other_Amphibian,0.2556,3205.0,2034.5,3318.6,2176.3
/srv/shared_leopard_toad/2025/Documents/06.10-13.10.2025/4Z/103MEDIA/DSCF0537.JPG,DSCF0537.JPG,4Z/103MEDIA,0,Other_Amphibian,0.3915,3201.1,2035.9,3331.1,2179.9
/srv/shared_leopard_toad/2025/Documents/06.10-13.10.2025/4Z/103MEDIA/DSCF0537.JPG,DSCF0537.JPG,4Z/103MEDIA,0,Other_Amphibian,0.3465,3218.2,2043.8,3334.0,2187.7
/srv/shared_leopard_toad/2025/Documents/06.10-13.10.2025/4Z/103MEDIA/DSCF0358.JPG,DSCF0358.JPG,4Z/103MEDIA,0,Other_Amphibian,0.2190,2691.9,2423.1,2821.9,2555.0
/srv/shared_leopard_toad/2025/Documents/06.10-13.10.2025/4Z/103MEDIA/DSCF0488.JPG,DSCF0488.JPG,4Z/103MEDIA,0,Other_Amphibian,0.3298,2235.6,2767.8,2374.7,2858.6
/srv/shared_leopard_toad/2025/Documents/06.10-13.10.2025/4Z/103MEDIA/DSCF0541.JPG,DSCF0541.JPG,4Z/103MEDIA,0,Other_Amphibian,0.4499,3200.0,2033.1,3328.6,2179.2
/srv/shared_leopard_toad/2025/Documents/06.10-13.10.2025/4Z/103MEDIA/DSCF0541.JPG,DSCF0541.JPG,4Z/103MEDIA,0,Other_Amphibian,0.3722,3213.8,2039.5,3330.6,2184.8
/srv/shared_leopard_toad/2025/Documents/06.10-13.10.2025/4Z/103MEDIA/DSCF0589.JPG,DSCF0589.JPG,4Z/103MEDIA,0,Other_Amphibian,0.3207,3200.8,2034.3,3331.5,2180.3
/srv/shared_leopard_toad/2025/Documents/06.10-13.10.2025/4Z/103MEDIA/DSCF0589.JPG,DSCF0589.JPG,4Z/103MEDIA,0,Other_Amphibian,0.2806,3213.3,2041.8,3330.9,2188.4
/srv/shared_leopard_toad/2025/Documents/06.10-13.10.2025/4Z/103MEDIA/DSCF0911.JPG,DSCF0911.JPG,4Z/103MEDIA,0,Other_Amphibian,0.2664,3208.2,2036.2,3321.0,2176.2
/srv/shared_leopard_toad/2025/Documents/06.10-13.10.2025/4Z/103MEDIA/DSCF0911.JPG,DSCF0911.JPG,4Z/103MEDIA,0,Other_Amphibian,0.2167,3206.1,2036.5,3315.9,2176.5
/srv/shared_leopard_toad/2025/Documents/06.10-13.10.2025/4Z/103MEDIA/DSCF0922.JPG,DSCF0922.JPG,4Z/103MEDIA,0,Other_Amphibian,0.3473,3206.5,2032.0,3318.9,2172.7
/srv/shared_leopard_toad/2025/Documents/06.10-13.10.2025/4Z/103MEDIA/DSCF0922.JPG,DSCF0922.JPG,4Z/103MEDIA,0,Other_Amphibian,0.2764,3207.1,2031.7,3316.9,2171.6
/srv/shared_leopard_toad/2025/Documents/06.10-13.10.2025/4Z/103MEDIA/DSCF0678.JPG,DSCF0678.JPG,4Z/103MEDIA,0,Other_Amphibian,0.2940,3205.2,2033.1,3316.2,2172.4
/srv/shared_leopard_toad/2025/Documents/06.10-13.10.2025/4Z/103MEDIA/DSCF0678.JPG,DSCF0678.JPG,4Z/103MEDIA,0,Other_Amphibian,0.2178,3203.8,2035.5,3312.1,2174.5
/srv/shared_leopard_toad/2025/Documents/06.10-13.10.2025/4Z/103MEDIA/DSCF0651.JPG,DSCF0651.JPG,4Z/103MEDIA,0,Other_Amphibian,0.3796,3199.2,2034.0,3327.8,2179.0
/srv/shared_leopard_toad/2025/Documents/06.10-13.10.2025/4Z/103MEDIA/DSCF0651.JPG,DSCF0651.JPG,4Z/103MEDIA,0,Other_Amphibian,0.3571,3215.5,2039.9,3329.4,2184.6
/srv/shared_leopard_toad/2025/Documents/06.10-13.10.2025/4Z/103MEDIA/DSCF0774.JPG,DSCF0774.JPG,4Z/103MEDIA,0,Other_Amphibian,0.2068,3208.1,2036.0,3321.2,2177.0
/srv/shared_leopard_toad/2025/Documents/06.10-13.10.2025/4Z/103MEDIA/DSCF0298.JPG,DSCF0298.JPG,4Z/103MEDIA,0,Other_Amphibian,0.2200,2694.2,2422.2,2820.5,2554.2
/srv/shared_leopard_toad/2025/Documents/06.10-13.10.2025/4Z/103MEDIA/DSCF0933.JPG,DSCF0933.JPG,4Z/103MEDIA,0,Other_Amphibian,0.2262,2632.7,2242.5,2790.4,2407.7
/srv/shared_leopard_toad/2025/Documents/06.10-13.10.2025/4Z/103MEDIA/DSCF0543.JPG,DSCF0543.JPG,4Z/103MEDIA,0,Other_Amphibian,0.3841,3199.1,2032.4,3331.9,2178.9
/srv/shared_leopard_toad/2025/Documents/06.10-13.10.2025/4Z/103MEDIA/DSCF0543.JPG,DSCF0543.JPG,4Z/103MEDIA,0,Other_Amphibian,0.3827,3214.5,2035.8,3332.7,2182.9
/srv/shared_leopard_toad/2025/Documents/06.10-13.10.2025/4Z/103MEDIA/DSCF0650.JPG,DSCF0650.JPG,4Z/103MEDIA,0,Other_Amphibian,0.3848,3216.1,2039.0,3331.4,2184.2
/srv/shared_leopard_toad/2025/Documents/06.10-13.10.2025/4Z/103MEDIA/DSCF0650.JPG,DSCF0650.JPG,4Z/103MEDIA,0,Other_Amphibian,0.3841,3200.8,2034.4,3330.9,2179.7
/srv/shared_leopard_toad/2025/Documents/06.10-13.10.2025/4Z/103MEDIA/DSCF0562.JPG,DSCF0562.JPG,4Z/103MEDIA,0,Other_Amphibian,0.3464,3198.2,2033.0,3327.4,2178.9
/srv/shared_leopard_toad/2025/Documents/06.10-13.10.2025/4Z/103MEDIA/DSCF0562.JPG,DSCF0562.JPG,4Z/103MEDIA,0,Other_Amphibian,0.3154,3212.2,2038.8,3327.3,2184.9
/srv/shared_leopard_toad/2025/Documents/06.10-13.10.2025/4Z/103MEDIA/DSCF0594.JPG,DSCF0594.JPG,4Z/103MEDIA,0,Other_Amphibian,0.3995,3198.9,2032.6,3328.9,2181.0
/srv/shared_leopard_toad/2025/Documents/06.10-13.10.2025/4Z/103MEDIA/DSCF0594.JPG,DSCF0594.JPG,4Z/103MEDIA,0,Other_Amphibian,0.3607,3215.4,2037.3,3331.2,2186.0
/srv/shared_leopard_toad/2025/Documents/06.10-13.10.2025/4Z/103MEDIA/DSCF0956.JPG,DSCF0956.JPG,4Z/103MEDIA,0,Other_Amphibian,0.3431,2632.7,2241.7,2789.9,2406.5
/srv/shared_leopard_toad/2025/Documents/06.10-13.10.2025/4Z/103MEDIA/DSCF0956.JPG,DSCF0956.JPG,4Z/103MEDIA,0,Other_Amphibian,0.2628,3206.2,2031.4,3315.5,2172.5
/srv/shared_leopard_toad/2025/Documents/06.10-13.10.2025/4Z/103MEDIA/DSCF0667.JPG,DSCF0667.JPG,4Z/103MEDIA,0,Other_Amphibian,0.3663,3199.8,2034.9,3328.5,2180.3
/srv/shared_leopard_toad/2025/Documents/06.10-13.10.2025/4Z/103MEDIA/DSCF0667.JPG,DSCF0667.JPG,4Z/103MEDIA,0,Other_Amphibian,0.3070,3213.1,2044.2,3329.5,2190.0
/srv/shared_leopard_toad/2025/Documents/06.10-13.10.2025/4Z/103MEDIA/DSCF0565.JPG,DSCF0565.JPG,4Z/103MEDIA,0,Other_Amphibian,0.3654,3200.8,2035.3,3329.1,2179.5
/srv/shared_leopard_toad/2025/Documents/06.10-13.10.2025/4Z/103MEDIA/DSCF0565.JPG,DSCF0565.JPG,4Z/103MEDIA,0,Other_Amphibian,0.3477,3215.3,2039.2,3329.4,2183.1
/srv/shared_leopard_toad/2025/Documents/06.10-13.10.2025/4Z/103MEDIA/DSCF0868.JPG,DSCF0868.JPG,4Z/103MEDIA,0,Other_Amphibian,0.2000,2690.0,2422.3,2820.5,2558.7
/srv/shared_leopard_toad/2025/Documents/06.10-13.10.2025/4Z/103MEDIA/DSCF0668.JPG,DSCF0668.JPG,4Z/103MEDIA,0,Other_Amphibian,0.3168,3201.1,2035.7,3332.0,2180.1
/srv/shared_leopard_toad/2025/Documents/06.10-13.10.2025/4Z/103MEDIA/DSCF0668.JPG,DSCF0668.JPG,4Z/103MEDIA,0,Other_Amphibian,0.2765,3214.8,2042.6,3331.0,2187.1
/srv/shared_leopard_toad/2025/Documents/06.10-13.10.2025/4Z/103MEDIA/DSCF0980.JPG,DSCF0980.JPG,4Z/103MEDIA,0,Other_Amphibian,0.3149,2637.1,2241.9,2791.0,2405.9
/srv/shared_leopard_toad/2025/Documents/06.10-13.10.2025/4Z/103MEDIA/DSCF0980.JPG,DSCF0980.JPG,4Z/103MEDIA,0,Other_Amphibian,0.2313,3208.8,2034.8,3320.0,2175.1
/srv/shared_leopard_toad/2025/Documents/06.10-13.10.2025/4Z/103MEDIA/DSCF0679.JPG,DSCF0679.JPG,4Z/103MEDIA,0,Other_Amphibian,0.2694,3208.4,2032.9,3320.9,2174.7
/srv/shared_leopard_toad/2025/Documents/06.10-13.10.2025/4Z/103MEDIA/DSCF0640.JPG,DSCF0640.JPG,4Z/103MEDIA,0,Other_Amphibian,0.3161,3199.1,2035.5,3328.0,2179.5
/srv/shared_leopard_toad/2025/Documents/06.10-13.10.2025/4Z/103MEDIA/DSCF0640.JPG,DSCF0640.JPG,4Z/103MEDIA,0,Other_Amphibian,0.2706,3210.3,2043.3,3325.0,2187.6
/srv/shared_leopard_toad/2025/Documents/06.10-13.10.2025/4Z/103MEDIA/DSCF0623.JPG,DSCF0623.JPG,4Z/103MEDIA,0,Other_Amphibian,0.3952,3199.9,2034.5,3327.6,2178.9
/srv/shared_leopard_toad/2025/Documents/06.10-13.10.2025/4Z/103MEDIA/DSCF0623.JPG,DSCF0623.JPG,4Z/103MEDIA,0,Other_Amphibian,0.3546,3215.8,2040.2,3330.2,2184.2
/srv/shared_leopard_toad/2025/Documents/06.10-13.10.2025/4Z/103MEDIA/DSCF0734.JPG,DSCF0734.JPG,4Z/103MEDIA,0,Other_Amphibian,0.2345,3208.3,2036.5,3322.4,2177.6
/srv/shared_leopard_toad/2025/Documents/06.10-13.10.2025/4Z/103MEDIA/DSCF0777.JPG,DSCF0777.JPG,4Z/103MEDIA,0,Other_Amphibian,0.3610,3207.5,2031.7,3319.8,2172.9
/srv/shared_leopard_toad/2025/Documents/06.10-13.10.2025/4Z/103MEDIA/DSCF0777.JPG,DSCF0777.JPG,4Z/103MEDIA,0,Other_Amphibian,0.3081,3207.0,2031.6,3315.4,2172.1
/srv/shared_leopard_toad/2025/Documents/06.10-13.10.2025/4Z/103MEDIA/DSCF0560.JPG,DSCF0560.JPG,4Z/103MEDIA,0,Other_Amphibian,0.3743,3200.6,2034.6,3329.0,2180.4
/srv/shared_leopard_toad/2025/Documents/06.10-13.10.2025/4Z/103MEDIA/DSCF0560.JPG,DSCF0560.JPG,4Z/103MEDIA,0,Other_Amphibian,0.3251,3216.1,2042.3,3330.9,2188.3
/srv/shared_leopard_toad/2025/Documents/06.10-13.10.2025/4Z/103MEDIA/DSCF0802.JPG,DSCF0802.JPG,4Z/103MEDIA,0,Other_Amphibian,0.2040,3209.9,2038.4,3324.2,2179.5
/srv/shared_leopard_toad/2025/Documents/06.10-13.10.2025/4Z/103MEDIA/DSCF0720.JPG,DSCF0720.JPG,4Z/103MEDIA,0,Other_Amphibian,0.2850,3207.4,2032.9,3319.7,2173.7
/srv/shared_leopard_toad/2025/Documents/06.10-13.10.2025/4Z/103MEDIA/DSCF0720.JPG,DSCF0720.JPG,4Z/103MEDIA,0,Other_Amphibian,0.2069,3199.7,2037.3,3308.5,2177.0
/srv/shared_leopard_toad/2025/Documents/06.10-13.10.2025/4Z/103MEDIA/DSCF0720.JPG,DSCF0720.JPG,4Z/103MEDIA,0,Other_Amphibian,0.2062,3199.8,2032.5,3326.5,2172.5
/srv/shared_leopard_toad/2025/Documents/06.10-13.10.2025/4Z/103MEDIA/DSCF0983.JPG,DSCF0983.JPG,4Z/103MEDIA,0,Other_Amphibian,0.3293,2631.3,2242.0,2790.0,2405.7
/srv/shared_leopard_toad/2025/Documents/06.10-13.10.2025/4Z/103MEDIA/DSCF0712.JPG,DSCF0712.JPG,4Z/103MEDIA,0,Other_Amphibian,0.2976,3206.3,2034.5,3322.0,2174.9
/srv/shared_leopard_toad/2025/Documents/06.10-13.10.2025/4Z/103MEDIA/DSCF0712.JPG,DSCF0712.JPG,4Z/103MEDIA,0,Other_Amphibian,0.2917,3205.9,2033.0,3316.1,2173.9
/srv/shared_leopard_toad/2025/Documents/06.10-13.10.2025/4Z/103MEDIA/DSCF0553.JPG,DSCF0553.JPG,4Z/103MEDIA,0,Other_Amphibian,0.3259,3201.7,2035.3,3328.6,2179.3
/srv/shared_leopard_toad/2025/Documents/06.10-13.10.2025/4Z/103MEDIA/DSCF0553.JPG,DSCF0553.JPG,4Z/103MEDIA,0,Other_Amphibian,0.2917,3215.6,2041.3,3328.5,2185.2
/srv/shared_leopard_toad/2025/Documents/06.10-13.10.2025/4Z/103MEDIA/DSCF0539.JPG,DSCF0539.JPG,4Z/103MEDIA,0,Other_Amphibian,0.3986,3199.4,2035.5,3330.6,2179.6
/srv/shared_leopard_toad/2025/Documents/06.10-13.10.2025/4Z/103MEDIA/DSCF0539.JPG,DSCF0539.JPG,4Z/103MEDIA,0,Other_Amphibian,0.3599,3216.6,2039.7,3332.2,2184.2
/srv/shared_leopard_toad/2025/Documents/06.10-13.10.2025/4Z/103MEDIA/DSCF0292.JPG,DSCF0292.JPG,4Z/103MEDIA,0,Other_Amphibian,0.2453,2692.0,2424.7,2823.5,2559.1
/srv/shared_leopard_toad/2025/Documents/06.10-13.10.2025/4Z/103MEDIA/DSCF0429.JPG,DSCF0429.JPG,4Z/103MEDIA,0,Other_Amphibian,0.2305,2692.2,2424.2,2823.8,2557.1
/srv/shared_leopard_toad/2025/Documents/06.10-13.10.2025/4Z/103MEDIA/DSCF0834.JPG,DSCF0834.JPG,4Z/103MEDIA,0,Other_Amphibian,0.3450,3208.1,2030.9,3321.8,2173.8
/srv/shared_leopard_toad/2025/Documents/06.10-13.10.2025/4Z/103MEDIA/DSCF0834.JPG,DSCF0834.JPG,4Z/103MEDIA,0,Other_Amphibian,0.3207,3206.7,2029.3,3317.1,2171.5
/srv/shared_leopard_toad/2025/Documents/06.10-13.10.2025/4Z/103MEDIA/DSCF0834.JPG,DSCF0834.JPG,4Z/103MEDIA,0,Other_Amphibian,0.2108,2692.4,2422.1,2821.5,2558.6
/srv/shared_leopard_toad/2025/Documents/06.10-13.10.2025/4Z/103MEDIA/DSCF0792.JPG,DSCF0792.JPG,4Z/103MEDIA,0,Other_Amphibian,0.2320,3208.1,2033.7,3319.7,2175.3
/srv/shared_leopard_toad/2025/Documents/06.10-13.10.2025/4Z/103MEDIA/DSCF0807.JPG,DSCF0807.JPG,4Z/103MEDIA,0,Other_Amphibian,0.2777,3207.4,2033.7,3321.0,2175.8
/srv/shared_leopard_toad/2025/Documents/06.10-13.10.2025/4Z/103MEDIA/DSCF0681.JPG,DSCF0681.JPG,4Z/103MEDIA,0,Other_Amphibian,0.2315,3206.7,2034.8,3321.0,2176.5
/srv/shared_leopard_toad/2025/Documents/06.10-13.10.2025/4Z/103MEDIA/DSCF0592.JPG,DSCF0592.JPG,4Z/103MEDIA,0,Other_Amphibian,0.3129,3202.1,2035.0,3330.8,2178.9
/srv/shared_leopard_toad/2025/Documents/06.10-13.10.2025/4Z/103MEDIA/DSCF0592.JPG,DSCF0592.JPG,4Z/103MEDIA,0,Other_Amphibian,0.2580,3214.0,2044.0,3329.4,2187.8
/srv/shared_leopard_toad/2025/Documents/06.10-13.10.2025/4Z/103MEDIA/DSCF0574.JPG,DSCF0574.JPG,4Z/103MEDIA,0,Other_Amphibian,0.3606,3201.6,2033.2,3327.5,2179.1
/srv/shared_leopard_toad/2025/Documents/06.10-13.10.2025/4Z/103MEDIA/DSCF0574.JPG,DSCF0574.JPG,4Z/103MEDIA,0,Other_Amphibian,0.3564,3216.4,2038.9,3329.0,2184.6
/srv/shared_leopard_toad/2025/Documents/06.10-13.10.2025/4Z/103MEDIA/DSCF0795.JPG,DSCF0795.JPG,4Z/103MEDIA,0,Other_Amphibian,0.2275,3209.2,2034.9,3320.0,2176.5
/srv/shared_leopard_toad/2025/Documents/06.10-13.10.2025/4Z/103MEDIA/DSCF0780.JPG,DSCF0780.JPG,4Z/103MEDIA,0,Other_Amphibian,0.2418,3209.5,2035.7,3324.4,2178.2
/srv/shared_leopard_toad/2025/Documents/06.10-13.10.2025/4Z/103MEDIA/DSCF0986.JPG,DSCF0986.JPG,4Z/103MEDIA,0,Other_Amphibian,0.3172,2631.5,2241.5,2789.6,2406.5
/srv/shared_leopard_toad/2025/Documents/06.10-13.10.2025/4Z/103MEDIA/DSCF0986.JPG,DSCF0986.JPG,4Z/103MEDIA,0,Other_Amphibian,0.2335,3208.9,2036.2,3323.6,2178.4
/srv/shared_leopard_toad/2025/Documents/06.10-13.10.2025/4Z/103MEDIA/DSCF0981.JPG,DSCF0981.JPG,4Z/103MEDIA,0,Other_Amphibian,0.3318,3207.5,2036.3,3322.5,2175.5
/srv/shared_leopard_toad/2025/Documents/06.10-13.10.2025/4Z/103MEDIA/DSCF0981.JPG,DSCF0981.JPG,4Z/103MEDIA,0,Other_Amphibian,0.2601,2630.2,2242.7,2789.5,2406.3
/srv/shared_leopard_toad/2025/Documents/06.10-13.10.2025/4Z/103MEDIA/DSCF0981.JPG,DSCF0981.JPG,4Z/103MEDIA,0,Other_Amphibian,0.2518,3204.2,2037.0,3315.4,2175.4
/srv/shared_leopard_toad/2025/Documents/06.10-13.10.2025/4Z/103MEDIA/DSCF0895.JPG,DSCF0895.JPG,4Z/103MEDIA,0,Other_Amphibian,0.3613,3205.6,2032.5,3320.5,2173.8
/srv/shared_leopard_toad/2025/Documents/06.10-13.10.2025/4Z/103MEDIA/DSCF0895.JPG,DSCF0895.JPG,4Z/103MEDIA,0,Other_Amphibian,0.3197,3207.9,2030.5,3318.5,2171.9
/srv/shared_leopard_toad/2025/Documents/06.10-13.10.2025/4Z/103MEDIA/DSCF0422.JPG,DSCF0422.JPG,4Z/103MEDIA,0,Other_Amphibian,0.3907,1291.8,2578.9,1499.8,2794.8
/srv/shared_leopard_toad/2025/Documents/06.10-13.10.2025/4Z/103MEDIA/DSCF0549.JPG,DSCF0549.JPG,4Z/103MEDIA,0,Other_Amphibian,0.3508,3199.7,2033.8,3329.1,2179.6
/srv/shared_leopard_toad/2025/Documents/06.10-13.10.2025/4Z/103MEDIA/DSCF0549.JPG,DSCF0549.JPG,4Z/103MEDIA,0,Other_Amphibian,0.2977,3215.1,2040.6,3330.4,2186.8
/srv/shared_leopard_toad/2025/Documents/06.10-13.10.2025/4Z/103MEDIA/DSCF0817.JPG,DSCF0817.JPG,4Z/103MEDIA,0,Other_Amphibian,0.2408,3208.7,2033.6,3321.2,2174.8
/srv/shared_leopard_toad/2025/Documents/06.10-13.10.2025/4Z/103MEDIA/DSCF0649.JPG,DSCF0649.JPG,4Z/103MEDIA,0,Other_Amphibian,0.3263,3199.8,2034.3,3329.6,2179.2
/srv/shared_leopard_toad/2025/Documents/06.10-13.10.2025/4Z/103MEDIA/DSCF0649.JPG,DSCF0649.JPG,4Z/103MEDIA,0,Other_Amphibian,0.3131,3212.9,2038.0,3329.2,2182.4
/srv/shared_leopard_toad/2025/Documents/06.10-13.10.2025/4Z/103MEDIA/DSCF0912.JPG,DSCF0912.JPG,4Z/103MEDIA,0,Other_Amphibian,0.2499,3208.1,2036.3,3323.1,2176.4
/srv/shared_leopard_toad/2025/Documents/06.10-13.10.2025/4Z/103MEDIA/DSCF0899.JPG,DSCF0899.JPG,4Z/103MEDIA,0,Other_Amphibian,0.2498,3206.8,2033.8,3321.7,2175.7
/srv/shared_leopard_toad/2025/Documents/06.10-13.10.2025/4Z/103MEDIA/DSCF0713.JPG,DSCF0713.JPG,4Z/103MEDIA,0,Other_Amphibian,0.2400,3206.2,2034.9,3316.8,2173.9
/srv/shared_leopard_toad/2025/Documents/06.10-13.10.2025/4Z/103MEDIA/DSCF0699.JPG,DSCF0699.JPG,4Z/103MEDIA,0,Other_Amphibian,0.2455,3208.3,2035.7,3320.1,2175.8
/srv/shared_leopard_toad/2025/Documents/06.10-13.10.2025/4Z/103MEDIA/DSCF0566.JPG,DSCF0566.JPG,4Z/103MEDIA,0,Other_Amphibian,0.3160,3200.3,2034.3,3327.7,2179.1
/srv/shared_leopard_toad/2025/Documents/06.10-13.10.2025/4Z/103MEDIA/DSCF0566.JPG,DSCF0566.JPG,4Z/103MEDIA,0,Other_Amphibian,0.2894,3212.8,2039.9,3326.2,2184.4
/srv/shared_leopard_toad/2025/Documents/06.10-13.10.2025/4Z/103MEDIA/DSCF0559.JPG,DSCF0559.JPG,4Z/103MEDIA,0,Other_Amphibian,0.3526,3201.4,2037.0,3329.8,2179.8
/srv/shared_leopard_toad/2025/Documents/06.10-13.10.2025/4Z/103MEDIA/DSCF0559.JPG,DSCF0559.JPG,4Z/103MEDIA,0,Other_Amphibian,0.3177,3214.7,2044.9,3329.8,2187.6
/srv/shared_leopard_toad/2025/Documents/06.10-13.10.2025/4Z/103MEDIA/DSCF0656.JPG,DSCF0656.JPG,4Z/103MEDIA,0,Other_Amphibian,0.4140,3202.3,2035.0,3328.4,2179.7
/srv/shared_leopard_toad/2025/Documents/06.10-13.10.2025/4Z/103MEDIA/DSCF0656.JPG,DSCF0656.JPG,4Z/103MEDIA,0,Other_Amphibian,0.3767,3218.7,2040.6,3331.1,2185.4
/srv/shared_leopard_toad/2025/Documents/06.10-13.10.2025/4Z/103MEDIA/DSCF0994.JPG,DSCF0994.JPG,4Z/103MEDIA,0,Other_Amphibian,0.3094,2635.5,2242.8,2789.4,2407.3
/srv/shared_leopard_toad/2025/Documents/06.10-13.10.2025/4Z/103MEDIA/DSCF0067.JPG,DSCF0067.JPG,4Z/103MEDIA,0,Other_Amphibian,0.2309,2694.6,2422.2,2821.2,2559.0
/srv/shared_leopard_toad/2025/Documents/06.10-13.10.2025/4Z/103MEDIA/DSCF0979.JPG,DSCF0979.JPG,4Z/103MEDIA,0,Other_Amphibian,0.2719,2634.1,2245.0,2788.4,2406.4
/srv/shared_leopard_toad/2025/Documents/06.10-13.10.2025/4Z/103MEDIA/DSCF0880.JPG,DSCF0880.JPG,4Z/103MEDIA,0,Other_Amphibian,0.2838,3207.1,2033.1,3321.6,2175.3
/srv/shared_leopard_toad/2025/Documents/06.10-13.10.2025/4Z/103MEDIA/DSCF0880.JPG,DSCF0880.JPG,4Z/103MEDIA,0,Other_Amphibian,0.2151,3202.0,2034.6,3312.3,2175.4
/srv/shared_leopard_toad/2025/Documents/06.10-13.10.2025/4Z/103MEDIA/DSCF0709.JPG,DSCF0709.JPG,4Z/103MEDIA,0,Other_Amphibian,0.2868,3206.7,2033.6,3321.1,2174.4
/srv/shared_leopard_toad/2025/Documents/06.10-13.10.2025/4Z/103MEDIA/DSCF0709.JPG,DSCF0709.JPG,4Z/103MEDIA,0,Other_Amphibian,0.2321,3204.1,2033.8,3314.2,2173.8
/srv/shared_leopard_toad/2025/Documents/06.10-13.10.2025/4Z/103MEDIA/DSCF0670.JPG,DSCF0670.JPG,4Z/103MEDIA,0,Other_Amphibian,0.4188,3739.7,2256.0,3968.5,2437.7
/srv/shared_leopard_toad/2025/Documents/06.10-13.10.2025/4Z/103MEDIA/DSCF0670.JPG,DSCF0670.JPG,4Z/103MEDIA,0,Other_Amphibian,0.2055,3208.2,2037.0,3318.0,2176.1
/srv/shared_leopard_toad/2025/Documents/06.10-13.10.2025/4Z/103MEDIA/DSCF0870.JPG,DSCF0870.JPG,4Z/103MEDIA,0,Other_Amphibian,0.2149,3210.0,2035.7,3321.5,2175.7
/srv/shared_leopard_toad/2025/Documents/06.10-13.10.2025/4Z/103MEDIA/DSCF0676.JPG,DSCF0676.JPG,4Z/103MEDIA,0,Other_Amphibian,0.2328,3208.2,2035.7,3320.9,2176.3
/srv/shared_leopard_toad/2025/Documents/06.10-13.10.2025/4Z/103MEDIA/DSCF0531.JPG,DSCF0531.JPG,4Z/103MEDIA,0,Other_Amphibian,0.3999,3215.5,2037.8,3330.0,2182.3
/srv/shared_leopard_toad/2025/Documents/06.10-13.10.2025/4Z/103MEDIA/DSCF0531.JPG,DSCF0531.JPG,4Z/103MEDIA,0,Other_Amphibian,0.3964,3200.9,2034.8,3331.4,2180.2
/srv/shared_leopard_toad/2025/Documents/06.10-13.10.2025/4Z/103MEDIA/DSCF0007.JPG,DSCF0007.JPG,4Z/103MEDIA,0,Other_Amphibian,0.2539,2692.1,2423.6,2822.3,2560.1
/srv/shared_leopard_toad/2025/Documents/06.10-13.10.2025/4Z/103MEDIA/DSCF0256.JPG,DSCF0256.JPG,4Z/103MEDIA,0,Other_Amphibian,0.2246,2694.1,2422.9,2823.8,2558.0
/srv/shared_leopard_toad/2025/Documents/06.10-13.10.2025/4Z/103MEDIA/DSCF0923.JPG,DSCF0923.JPG,4Z/103MEDIA,0,Other_Amphibian,0.2727,3208.5,2034.0,3322.5,2175.8
/srv/shared_leopard_toad/2025/Documents/06.10-13.10.2025/4Z/103MEDIA/DSCF0936.JPG,DSCF0936.JPG,4Z/103MEDIA,0,Other_Amphibian,0.3408,2633.2,2241.0,2791.4,2404.2
/srv/shared_leopard_toad/2025/Documents/06.10-13.10.2025/4Z/103MEDIA/DSCF0524.JPG,DSCF0524.JPG,4Z/103MEDIA,0,Other_Amphibian,0.4942,3209.5,2067.4,3389.5,2272.4
/srv/shared_leopard_toad/2025/Documents/06.10-13.10.2025/4Z/103MEDIA/DSCF0866.JPG,DSCF0866.JPG,4Z/103MEDIA,0,Other_Amphibian,0.2803,3207.0,2033.3,3318.9,2173.7
/srv/shared_leopard_toad/2025/Documents/06.10-13.10.2025/4Z/103MEDIA/DSCF0044.JPG,DSCF0044.JPG,4Z/103MEDIA,0,Other_Amphibian,0.2038,2690.7,2425.8,2822.2,2558.0
/srv/shared_leopard_toad/2025/Documents/06.10-13.10.2025/4Z/103MEDIA/DSCF0730.JPG,DSCF0730.JPG,4Z/103MEDIA,0,Other_Amphibian,0.2368,3208.9,2036.4,3321.4,2175.5
/srv/shared_leopard_toad/2025/Documents/06.10-13.10.2025/4Z/103MEDIA/DSCF0581.JPG,DSCF0581.JPG,4Z/103MEDIA,0,Other_Amphibian,0.3671,3200.2,2033.7,3329.5,2179.3
/srv/shared_leopard_toad/2025/Documents/06.10-13.10.2025/4Z/103MEDIA/DSCF0581.JPG,DSCF0581.JPG,4Z/103MEDIA,0,Other_Amphibian,0.3182,3216.5,2040.1,3330.6,2185.3
/srv/shared_leopard_toad/2025/Documents/06.10-13.10.2025/4Z/103MEDIA/DSCF0568.JPG,DSCF0568.JPG,4Z/103MEDIA,0,Other_Amphibian,0.4101,3213.3,2038.0,3327.6,2184.1
/srv/shared_leopard_toad/2025/Documents/06.10-13.10.2025/4Z/103MEDIA/DSCF0568.JPG,DSCF0568.JPG,4Z/103MEDIA,0,Other_Amphibian,0.4087,3199.2,2034.2,3327.9,2181.3
/srv/shared_leopard_toad/2025/Documents/06.10-13.10.2025/4Z/103MEDIA/DSCF0982.JPG,DSCF0982.JPG,4Z/103MEDIA,0,Other_Amphibian,0.3231,3206.1,2032.1,3319.1,2172.5
/srv/shared_leopard_toad/2025/Documents/06.10-13.10.2025/4Z/103MEDIA/DSCF0982.JPG,DSCF0982.JPG,4Z/103MEDIA,0,Other_Amphibian,0.2379,3200.2,2034.8,3309.4,2173.8
/srv/shared_leopard_toad/2025/Documents/06.10-13.10.2025/4Z/103MEDIA/DSCF0982.JPG,DSCF0982.JPG,4Z/103MEDIA,0,Other_Amphibian,0.2299,2632.4,2241.7,2789.9,2406.2
/srv/shared_leopard_toad/2025/Documents/06.10-13.10.2025/4Z/103MEDIA/DSCF0854.JPG,DSCF0854.JPG,4Z/103MEDIA,0,Other_Amphibian,0.3111,3205.9,2033.8,3319.5,2174.7
/srv/shared_leopard_toad/2025/Documents/06.10-13.10.2025/4Z/103MEDIA/DSCF0854.JPG,DSCF0854.JPG,4Z/103MEDIA,0,Other_Amphibian,0.2834,3208.4,2032.0,3319.0,2173.2
/srv/shared_leopard_toad/2025/Documents/06.10-13.10.2025/4Z/103MEDIA/DSCF0854.JPG,DSCF0854.JPG,4Z/103MEDIA,0,Other_Amphibian,0.2043,3197.7,2032.8,3326.1,2173.7
/srv/shared_leopard_toad/2025/Documents/06.10-13.10.2025/4Z/103MEDIA/DSCF0851.JPG,DSCF0851.JPG,4Z/103MEDIA,0,Other_Amphibian,0.2191,3208.8,2037.1,3321.8,2177.5
/srv/shared_leopard_toad/2025/Documents/06.10-13.10.2025/4Z/103MEDIA/DSCF0906.JPG,DSCF0906.JPG,4Z/103MEDIA,0,Other_Amphibian,0.3007,3206.2,2033.6,3319.8,2173.9
/srv/shared_leopard_toad/2025/Documents/06.10-13.10.2025/4Z/103MEDIA/DSCF0906.JPG,DSCF0906.JPG,4Z/103MEDIA,0,Other_Amphibian,0.2201,3204.3,2033.8,3314.0,2173.5
/srv/shared_leopard_toad/2025/Documents/06.10-13.10.2025/4Z/103MEDIA/DSCF0572.JPG,DSCF0572.JPG,4Z/103MEDIA,0,Other_Amphibian,0.3911,3201.6,2033.9,3330.0,2180.4
/srv/shared_leopard_toad/2025/Documents/06.10-13.10.2025/4Z/103MEDIA/DSCF0572.JPG,DSCF0572.JPG,4Z/103MEDIA,0,Other_Amphibian,0.3557,3217.3,2041.4,3331.2,2187.3
/srv/shared_leopard_toad/2025/Documents/06.10-13.10.2025/4Z/103MEDIA/DSCF0544.JPG,DSCF0544.JPG,4Z/103MEDIA,0,Other_Amphibian,0.3451,3202.8,2033.9,3329.7,2179.1
/srv/shared_leopard_toad/2025/Documents/06.10-13.10.2025/4Z/103MEDIA/DSCF0544.JPG,DSCF0544.JPG,4Z/103MEDIA,0,Other_Amphibian,0.3041,3215.2,2040.2,3327.8,2185.4
/srv/shared_leopard_toad/2025/Documents/06.10-13.10.2025/4Z/103MEDIA/DSCF0769.JPG,DSCF0769.JPG,4Z/103MEDIA,0,Other_Amphibian,0.3083,3209.6,2034.0,3320.2,2174.4
/srv/shared_leopard_toad/2025/Documents/06.10-13.10.2025/4Z/103MEDIA/DSCF0769.JPG,DSCF0769.JPG,4Z/103MEDIA,0,Other_Amphibian,0.2226,3201.6,2032.5,3327.1,2172.4
/srv/shared_leopard_toad/2025/Documents/06.10-13.10.2025/4Z/103MEDIA/DSCF0769.JPG,DSCF0769.JPG,4Z/103MEDIA,0,Other_Amphibian,0.2108,3201.4,2037.8,3309.3,2177.6
/srv/shared_leopard_toad/2025/Documents/06.10-13.10.2025/4Z/103MEDIA/DSCF0596.JPG,DSCF0596.JPG,4Z/103MEDIA,0,Other_Amphibian,0.3558,3214.5,2037.8,3328.0,2181.9
/srv/shared_leopard_toad/2025/Documents/06.10-13.10.2025/4Z/103MEDIA/DSCF0596.JPG,DSCF0596.JPG,4Z/103MEDIA,0,Other_Amphibian,0.3426,3198.8,2034.7,3329.0,2179.3
/srv/shared_leopard_toad/2025/Documents/06.10-13.10.2025/4Z/103MEDIA/DSCF0924.JPG,DSCF0924.JPG,4Z/103MEDIA,0,Other_Amphibian,0.3181,3202.6,2033.3,3310.3,2173.5
/srv/shared_leopard_toad/2025/Documents/06.10-13.10.2025/4Z/103MEDIA/DSCF0871.JPG,DSCF0871.JPG,4Z/103MEDIA,0,Other_Amphibian,0.2976,3206.9,2033.4,3320.4,2174.2
/srv/shared_leopard_toad/2025/Documents/06.10-13.10.2025/4Z/103MEDIA/DSCF0871.JPG,DSCF0871.JPG,4Z/103MEDIA,0,Other_Amphibian,0.2551,3207.6,2032.2,3316.8,2173.8
/srv/shared_leopard_toad/2025/Documents/06.10-13.10.2025/4Z/103MEDIA/DSCF0944.JPG,DSCF0944.JPG,4Z/103MEDIA,0,Other_Amphibian,0.2732,3206.9,2034.6,3320.1,2174.5
/srv/shared_leopard_toad/2025/Documents/06.10-13.10.2025/4Z/103MEDIA/DSCF0944.JPG,DSCF0944.JPG,4Z/103MEDIA,0,Other_Amphibian,0.2707,2633.8,2241.9,2789.2,2404.8
/srv/shared_leopard_toad/2025/Documents/06.10-13.10.2025/4Z/103MEDIA/DSCF0580.JPG,DSCF0580.JPG,4Z/103MEDIA,0,Other_Amphibian,0.3136,3197.6,2031.9,3327.5,2179.1
/srv/shared_leopard_toad/2025/Documents/06.10-13.10.2025/4Z/103MEDIA/DSCF0580.JPG,DSCF0580.JPG,4Z/103MEDIA,0,Other_Amphibian,0.2778,3214.1,2037.6,3328.0,2184.6
/srv/shared_leopard_toad/2025/Documents/06.10-13.10.2025/4Z/103MEDIA/DSCF0949.JPG,DSCF0949.JPG,4Z/103MEDIA,0,Other_Amphibian,0.2346,2635.7,2242.8,2788.1,2406.3
/srv/shared_leopard_toad/2025/Documents/06.10-13.10.2025/4Z/103MEDIA/DSCF0736.JPG,DSCF0736.JPG,4Z/103MEDIA,0,Other_Amphibian,0.2002,3207.9,2035.0,3317.5,2175.6
/srv/shared_leopard_toad/2025/Documents/06.10-13.10.2025/4Z/103MEDIA/DSCF0943.JPG,DSCF0943.JPG,4Z/103MEDIA,0,Other_Amphibian,0.3008,2634.8,2241.6,2791.6,2405.9
/srv/shared_leopard_toad/2025/Documents/06.10-13.10.2025/4Z/103MEDIA/DSCF0943.JPG,DSCF0943.JPG,4Z/103MEDIA,0,Other_Amphibian,0.2105,3211.9,2037.8,3325.2,2179.1
/srv/shared_leopard_toad/2025/Documents/06.10-13.10.2025/4Z/103MEDIA/DSCF0873.JPG,DSCF0873.JPG,4Z/103MEDIA,0,Other_Amphibian,0.2587,3208.5,2035.7,3321.6,2176.8
/srv/shared_leopard_toad/2025/Documents/06.10-13.10.2025/4Z/103MEDIA/DSCF0917.JPG,DSCF0917.JPG,4Z/103MEDIA,0,Other_Amphibian,0.2220,3207.8,2035.1,3321.0,2176.4
/srv/shared_leopard_toad/2025/Documents/06.10-13.10.2025/4Z/103MEDIA/DSCF0672.JPG,DSCF0672.JPG,4Z/103MEDIA,0,Other_Amphibian,0.2017,3210.2,2036.7,3321.2,2176.7
/srv/shared_leopard_toad/2025/Documents/06.10-13.10.2025/4Z/103MEDIA/DSCF0662.JPG,DSCF0662.JPG,4Z/103MEDIA,0,Other_Amphibian,0.2679,3203.0,2034.0,3329.6,2179.7
/srv/shared_leopard_toad/2025/Documents/06.10-13.10.2025/4Z/103MEDIA/DSCF0998.JPG,DSCF0998.JPG,4Z/103MEDIA,0,Other_Amphibian,0.3581,2626.9,2241.3,2788.5,2408.1
/srv/shared_leopard_toad/2025/Documents/06.10-13.10.2025/4Z/103MEDIA/DSCF0998.JPG,DSCF0998.JPG,4Z/103MEDIA,0,Other_Amphibian,0.3231,3206.7,2033.5,3318.4,2173.5
/srv/shared_leopard_toad/2025/Documents/06.10-13.10.2025/4Z/103MEDIA/DSCF0998.JPG,DSCF0998.JPG,4Z/103MEDIA,0,Other_Amphibian,0.2939,3206.2,2032.4,3314.6,2172.3
/srv/shared_leopard_toad/2025/Documents/06.10-13.10.2025/4Z/103MEDIA/DSCF0433.JPG,DSCF0433.JPG,4Z/103MEDIA,0,Other_Amphibian,0.2349,2693.1,2421.3,2823.6,2554.4
/srv/shared_leopard_toad/2025/Documents/06.10-13.10.2025/4Z/103MEDIA/DSCF0534.JPG,DSCF0534.JPG,4Z/103MEDIA,0,Other_Amphibian,0.3880,3200.0,2033.5,3328.8,2180.0
/srv/shared_leopard_toad/2025/Documents/06.10-13.10.2025/4Z/103MEDIA/DSCF0534.JPG,DSCF0534.JPG,4Z/103MEDIA,0,Other_Amphibian,0.3557,3216.2,2039.1,3330.9,2185.0
/srv/shared_leopard_toad/2025/Documents/06.10-13.10.2025/4Z/103MEDIA/DSCF0970.JPG,DSCF0970.JPG,4Z/103MEDIA,0,Other_Amphibian,0.2498,3207.2,2031.9,3319.8,2174.0
/srv/shared_leopard_toad/2025/Documents/06.10-13.10.2025/4Z/103MEDIA/DSCF0970.JPG,DSCF0970.JPG,4Z/103MEDIA,0,Other_Amphibian,0.2442,2633.9,2241.9,2790.9,2406.1
/srv/shared_leopard_toad/2025/Documents/06.10-13.10.2025/4Z/103MEDIA/DSCF0732.JPG,DSCF0732.JPG,4Z/103MEDIA,0,Other_Amphibian,0.2261,3209.5,2036.6,3324.8,2176.9
/srv/shared_leopard_toad/2025/Documents/06.10-13.10.2025/4Z/103MEDIA/DSCF0732.JPG,DSCF0732.JPG,4Z/103MEDIA,0,Other_Amphibian,0.2133,3199.4,2035.8,3312.3,2175.6
/srv/shared_leopard_toad/2025/Documents/06.10-13.10.2025/4Z/103MEDIA/DSCF0781.JPG,DSCF0781.JPG,4Z/103MEDIA,0,Other_Amphibian,0.2712,3209.0,2036.1,3321.3,2175.9
/srv/shared_leopard_toad/2025/Documents/06.10-13.10.2025/4Z/103MEDIA/DSCF0634.JPG,DSCF0634.JPG,4Z/103MEDIA,0,Other_Amphibian,0.3520,3202.1,2033.7,3328.3,2179.3
/srv/shared_leopard_toad/2025/Documents/06.10-13.10.2025/4Z/103MEDIA/DSCF0634.JPG,DSCF0634.JPG,4Z/103MEDIA,0,Other_Amphibian,0.2979,3218.0,2040.5,3330.4,2185.9
/srv/shared_leopard_toad/2025/Documents/06.10-13.10.2025/4Z/103MEDIA/DSCF0925.JPG,DSCF0925.JPG,4Z/103MEDIA,0,Other_Amphibian,0.2144,2637.5,2244.0,2793.2,2406.6
/srv/shared_leopard_toad/2025/Documents/06.10-13.10.2025/4Z/103MEDIA/DSCF0528.JPG,DSCF0528.JPG,4Z/103MEDIA,0,Other_Amphibian,0.3280,3200.3,2033.5,3328.7,2179.9
/srv/shared_leopard_toad/2025/Documents/06.10-13.10.2025/4Z/103MEDIA/DSCF0564.JPG,DSCF0564.JPG,4Z/103MEDIA,0,Other_Amphibian,0.4035,3197.5,2034.5,3328.7,2180.0
/srv/shared_leopard_toad/2025/Documents/06.10-13.10.2025/4Z/103MEDIA/DSCF0564.JPG,DSCF0564.JPG,4Z/103MEDIA,0,Other_Amphibian,0.3966,3214.0,2037.9,3329.7,2183.6
/srv/shared_leopard_toad/2025/Documents/06.10-13.10.2025/4Z/103MEDIA/DSCF0644.JPG,DSCF0644.JPG,4Z/103MEDIA,0,Other_Amphibian,0.3828,3198.9,2034.0,3327.3,2179.9
/srv/shared_leopard_toad/2025/Documents/06.10-13.10.2025/4Z/103MEDIA/DSCF0644.JPG,DSCF0644.JPG,4Z/103MEDIA,0,Other_Amphibian,0.3589,3214.7,2040.9,3328.9,2185.5
/srv/shared_leopard_toad/2025/Documents/06.10-13.10.2025/4Z/103MEDIA/DSCF0837.JPG,DSCF0837.JPG,4Z/103MEDIA,0,Other_Amphibian,0.2752,3208.1,2033.9,3320.7,2175.1
/srv/shared_leopard_toad/2025/Documents/06.10-13.10.2025/4Z/103MEDIA/DSCF0853.JPG,DSCF0853.JPG,4Z/103MEDIA,0,Other_Amphibian,0.2593,3208.2,2035.0,3318.5,2173.6
/srv/shared_leopard_toad/2025/Documents/06.10-13.10.2025/4Z/103MEDIA/DSCF0661.JPG,DSCF0661.JPG,4Z/103MEDIA,0,Other_Amphibian,0.2905,3201.6,2034.0,3330.3,2179.3
/srv/shared_leopard_toad/2025/Documents/06.10-13.10.2025/4Z/103MEDIA/DSCF0661.JPG,DSCF0661.JPG,4Z/103MEDIA,0,Other_Amphibian,0.2821,3212.8,2040.5,3327.4,2185.8
/srv/shared_leopard_toad/2025/Documents/06.10-13.10.2025/4Z/103MEDIA/DSCF0858.JPG,DSCF0858.JPG,4Z/103MEDIA,0,Other_Amphibian,0.3159,3204.9,2032.3,3317.5,2172.6
/srv/shared_leopard_toad/2025/Documents/06.10-13.10.2025/4Z/103MEDIA/DSCF0858.JPG,DSCF0858.JPG,4Z/103MEDIA,0,Other_Amphibian,0.2330,3205.9,2033.2,3315.3,2172.7
/srv/shared_leopard_toad/2025/Documents/06.10-13.10.2025/4Z/103MEDIA/DSCF0722.JPG,DSCF0722.JPG,4Z/103MEDIA,0,Other_Amphibian,0.2539,2693.1,2423.1,2818.7,2554.3
/srv/shared_leopard_toad/2025/Documents/06.10-13.10.2025/4Z/103MEDIA/DSCF0988.JPG,DSCF0988.JPG,4Z/103MEDIA,0,Other_Amphibian,0.3278,3206.0,2033.2,3321.2,2174.0
/srv/shared_leopard_toad/2025/Documents/06.10-13.10.2025/4Z/103MEDIA/DSCF0988.JPG,DSCF0988.JPG,4Z/103MEDIA,0,Other_Amphibian,0.2549,3202.8,2034.8,3315.5,2174.6
/srv/shared_leopard_toad/2025/Documents/06.10-13.10.2025/4Z/103MEDIA/DSCF0988.JPG,DSCF0988.JPG,4Z/103MEDIA,0,Other_Amphibian,0.2333,3198.0,2033.0,3329.5,2173.2
/srv/shared_leopard_toad/2025/Documents/06.10-13.10.2025/4Z/103MEDIA/DSCF0959.JPG,DSCF0959.JPG,4Z/103MEDIA,0,Other_Amphibian,0.2947,3207.3,2034.4,3321.5,2175.7
/srv/shared_leopard_toad/2025/Documents/06.10-13.10.2025/4Z/103MEDIA/DSCF0959.JPG,DSCF0959.JPG,4Z/103MEDIA,0,Other_Amphibian,0.2201,3200.9,2035.9,3311.1,2176.1
/srv/shared_leopard_toad/2025/Documents/06.10-13.10.2025/4Z/103MEDIA/DSCF0608.JPG,DSCF0608.JPG,4Z/103MEDIA,0,Other_Amphibian,0.3175,3199.0,2033.8,3328.2,2179.7
/srv/shared_leopard_toad/2025/Documents/06.10-13.10.2025/4Z/103MEDIA/DSCF0608.JPG,DSCF0608.JPG,4Z/103MEDIA,0,Other_Amphibian,0.3042,3214.4,2036.7,3326.8,2183.0
/srv/shared_leopard_toad/2025/Documents/06.10-13.10.2025/4Z/103MEDIA/DSCF0532.JPG,DSCF0532.JPG,4Z/103MEDIA,0,Other_Amphibian,0.3409,3200.3,2034.2,3326.6,2180.4
/srv/shared_leopard_toad/2025/Documents/06.10-13.10.2025/4Z/103MEDIA/DSCF0532.JPG,DSCF0532.JPG,4Z/103MEDIA,0,Other_Amphibian,0.3203,3216.2,2040.6,3329.6,2186.2
/srv/shared_leopard_toad/2025/Documents/06.10-13.10.2025/4Z/103MEDIA/DSCF0556.JPG,DSCF0556.JPG,4Z/103MEDIA,0,Other_Amphibian,0.3048,3201.6,2035.8,3329.6,2179.9
/srv/shared_leopard_toad/2025/Documents/06.10-13.10.2025/4Z/103MEDIA/DSCF0556.JPG,DSCF0556.JPG,4Z/103MEDIA,0,Other_Amphibian,0.2524,3215.2,2044.5,3329.6,2188.3
/srv/shared_leopard_toad/2025/Documents/06.10-13.10.2025/4Z/103MEDIA/DSCF0862.JPG,DSCF0862.JPG,4Z/103MEDIA,0,Other_Amphibian,0.2269,3209.4,2033.2,3319.5,2174.3
/srv/shared_leopard_toad/2025/Documents/06.10-13.10.2025/4Z/103MEDIA/DSCF0758.JPG,DSCF0758.JPG,4Z/103MEDIA,0,Other_Amphibian,0.2875,3205.6,2032.1,3317.2,2174.4
/srv/shared_leopard_toad/2025/Documents/06.10-13.10.2025/4Z/103MEDIA/DSCF0652.JPG,DSCF0652.JPG,4Z/103MEDIA,0,Other_Amphibian,0.3649,3200.7,2035.7,3329.3,2180.3
/srv/shared_leopard_toad/2025/Documents/06.10-13.10.2025/4Z/103MEDIA/DSCF0652.JPG,DSCF0652.JPG,4Z/103MEDIA,0,Other_Amphibian,0.3207,3215.1,2042.4,3330.0,2187.2
/srv/shared_leopard_toad/2025/Documents/06.10-13.10.2025/4Z/103MEDIA/DSCF0615.JPG,DSCF0615.JPG,4Z/103MEDIA,0,Other_Amphibian,0.3859,3200.6,2032.5,3328.1,2178.7
/srv/shared_leopard_toad/2025/Documents/06.10-13.10.2025/4Z/103MEDIA/DSCF0615.JPG,DSCF0615.JPG,4Z/103MEDIA,0,Other_Amphibian,0.3592,3217.3,2037.0,3329.7,2183.1
/srv/shared_leopard_toad/2025/Documents/06.10-13.10.2025/4Z/103MEDIA/DSCF0346.JPG,DSCF0346.JPG,4Z/103MEDIA,0,Other_Amphibian,0.2047,2694.6,2424.3,2822.9,2557.5
/srv/shared_leopard_toad/2025/Documents/06.10-13.10.2025/4Z/103MEDIA/DSCF0878.JPG,DSCF0878.JPG,4Z/103MEDIA,0,Other_Amphibian,0.2656,3208.3,2034.0,3321.4,2175.5
/srv/shared_leopard_toad/2025/Documents/06.10-13.10.2025/4Z/103MEDIA/DSCF0878.JPG,DSCF0878.JPG,4Z/103MEDIA,0,Other_Amphibian,0.2298,3206.6,2033.4,3315.8,2174.2
/srv/shared_leopard_toad/2025/Documents/06.10-13.10.2025/4Z/103MEDIA/DSCF0864.JPG,DSCF0864.JPG,4Z/103MEDIA,0,Other_Amphibian,0.2429,3207.9,2034.7,3322.2,2175.7
/srv/shared_leopard_toad/2025/Documents/06.10-13.10.2025/4Z/103MEDIA/DSCF0864.JPG,DSCF0864.JPG,4Z/103MEDIA,0,Other_Amphibian,0.2197,2692.4,2424.2,2820.9,2556.2
/srv/shared_leopard_toad/2025/Documents/06.10-13.10.2025/4Z/103MEDIA/DSCF0761.JPG,DSCF0761.JPG,4Z/103MEDIA,0,Other_Amphibian,0.2053,3210.7,2035.6,3322.5,2176.8
/srv/shared_leopard_toad/2025/Documents/06.10-13.10.2025/4Z/103MEDIA/DSCF0833.JPG,DSCF0833.JPG,4Z/103MEDIA,0,Other_Amphibian,0.2830,3206.2,2033.7,3320.2,2175.1
/srv/shared_leopard_toad/2025/Documents/06.10-13.10.2025/4Z/103MEDIA/DSCF0833.JPG,DSCF0833.JPG,4Z/103MEDIA,0,Other_Amphibian,0.2632,3207.4,2032.5,3318.3,2173.7
/srv/shared_leopard_toad/2025/Documents/06.10-13.10.2025/4Z/103MEDIA/DSCF0945.JPG,DSCF0945.JPG,4Z/103MEDIA,0,Other_Amphibian,0.2788,2626.9,2243.9,2790.8,2408.0
/srv/shared_leopard_toad/2025/Documents/06.10-13.10.2025/4Z/103MEDIA/DSCF0989.JPG,DSCF0989.JPG,4Z/103MEDIA,0,Other_Amphibian,0.3305,2637.1,2241.8,2790.5,2405.0
/srv/shared_leopard_toad/2025/Documents/06.10-13.10.2025/4Z/103MEDIA/DSCF0989.JPG,DSCF0989.JPG,4Z/103MEDIA,0,Other_Amphibian,0.2438,3209.7,2038.5,3324.7,2177.8
/srv/shared_leopard_toad/2025/Documents/06.10-13.10.2025/4Z/103MEDIA/DSCF0989.JPG,DSCF0989.JPG,4Z/103MEDIA,0,Other_Amphibian,0.2312,3200.8,2039.4,3315.6,2178.1
/srv/shared_leopard_toad/2025/Documents/06.10-13.10.2025/4Z/103MEDIA/DSCF0653.JPG,DSCF0653.JPG,4Z/103MEDIA,0,Other_Amphibian,0.2718,3203.2,2035.7,3330.6,2179.0
/srv/shared_leopard_toad/2025/Documents/06.10-13.10.2025/4Z/103MEDIA/DSCF0653.JPG,DSCF0653.JPG,4Z/103MEDIA,0,Other_Amphibian,0.2089,3211.9,2046.7,3327.0,2190.3
/srv/shared_leopard_toad/2025/Documents/06.10-13.10.2025/4Z/103MEDIA/DSCF0754.JPG,DSCF0754.JPG,4Z/103MEDIA,0,Other_Amphibian,0.2158,2695.1,2423.7,2820.9,2558.3
/srv/shared_leopard_toad/2025/Documents/06.10-13.10.2025/4Z/103MEDIA/DSCF0838.JPG,DSCF0838.JPG,4Z/103MEDIA,0,Other_Amphibian,0.2747,3208.3,2035.6,3320.6,2175.3
/srv/shared_leopard_toad/2025/Documents/06.10-13.10.2025/4Z/103MEDIA/DSCF0040.JPG,DSCF0040.JPG,4Z/103MEDIA,0,Other_Amphibian,0.2482,2690.9,2422.5,2820.5,2556.4
/srv/shared_leopard_toad/2025/Documents/06.10-13.10.2025/4Z/103MEDIA/DSCF0315.JPG,DSCF0315.JPG,4Z/103MEDIA,0,Other_Amphibian,0.3116,2691.0,2423.7,2820.8,2555.6
/srv/shared_leopard_toad/2025/Documents/06.10-13.10.2025/4Z/103MEDIA/DSCF0315.JPG,DSCF0315.JPG,4Z/103MEDIA,0,Other_Amphibian,0.2106,2681.2,2422.0,2810.6,2558.2
/srv/shared_leopard_toad/2025/Documents/06.10-13.10.2025/4Z/103MEDIA/DSCF0848.JPG,DSCF0848.JPG,4Z/103MEDIA,0,Other_Amphibian,0.3557,3206.7,2033.6,3320.4,2174.4
/srv/shared_leopard_toad/2025/Documents/06.10-13.10.2025/4Z/103MEDIA/DSCF0848.JPG,DSCF0848.JPG,4Z/103MEDIA,0,Other_Amphibian,0.3148,3205.9,2032.4,3315.7,2173.1
/srv/shared_leopard_toad/2025/Documents/06.10-13.10.2025/4Z/103MEDIA/DSCF0848.JPG,DSCF0848.JPG,4Z/103MEDIA,0,Other_Amphibian,0.2561,3196.6,2032.4,3324.8,2172.9
/srv/shared_leopard_toad/2025/Documents/06.10-13.10.2025/4Z/103MEDIA/DSCF0504.JPG,DSCF0504.JPG,4Z/103MEDIA,0,Other_Amphibian,0.8420,1650.9,2021.9,1834.1,2242.1
/srv/shared_leopard_toad/2025/Documents/06.10-13.10.2025/4Z/103MEDIA/DSCF0637.JPG,DSCF0637.JPG,4Z/103MEDIA,0,Other_Amphibian,0.2999,3213.7,2038.0,3330.0,2183.2
/srv/shared_leopard_toad/2025/Documents/06.10-13.10.2025/4Z/103MEDIA/DSCF0637.JPG,DSCF0637.JPG,4Z/103MEDIA,0,Other_Amphibian,0.2987,3200.1,2033.6,3330.3,2179.0
/srv/shared_leopard_toad/2025/Documents/06.10-13.10.2025/4Z/103MEDIA/DSCF0861.JPG,DSCF0861.JPG,4Z/103MEDIA,0,Other_Amphibian,0.2032,3209.9,2038.6,3324.2,2178.9
/srv/shared_leopard_toad/2025/Documents/06.10-13.10.2025/4Z/103MEDIA/DSCF0648.JPG,DSCF0648.JPG,4Z/103MEDIA,0,Other_Amphibian,0.3848,3199.5,2033.6,3330.2,2179.4
/srv/shared_leopard_toad/2025/Documents/06.10-13.10.2025/4Z/103MEDIA/DSCF0648.JPG,DSCF0648.JPG,4Z/103MEDIA,0,Other_Amphibian,0.3267,3214.7,2042.4,3331.8,2188.5
/srv/shared_leopard_toad/2025/Documents/06.10-13.10.2025/4Z/103MEDIA/DSCF0659.JPG,DSCF0659.JPG,4Z/103MEDIA,0,Other_Amphibian,0.3703,3200.2,2035.1,3331.7,2179.8
/srv/shared_leopard_toad/2025/Documents/06.10-13.10.2025/4Z/103MEDIA/DSCF0659.JPG,DSCF0659.JPG,4Z/103MEDIA,0,Other_Amphibian,0.3163,3216.6,2042.5,3334.5,2187.0
/srv/shared_leopard_toad/2025/Documents/06.10-13.10.2025/4Z/103MEDIA/DSCF0740.JPG,DSCF0740.JPG,4Z/103MEDIA,0,Other_Amphibian,0.2926,3209.5,2036.3,3322.1,2175.6
/srv/shared_leopard_toad/2025/Documents/06.10-13.10.2025/4Z/103MEDIA/DSCF0740.JPG,DSCF0740.JPG,4Z/103MEDIA,0,Other_Amphibian,0.2119,3204.6,2038.1,3313.9,2177.5
/srv/shared_leopard_toad/2025/Documents/06.10-13.10.2025/4Z/103MEDIA/DSCF0955.JPG,DSCF0955.JPG,4Z/103MEDIA,0,Other_Amphibian,0.2259,3209.5,2037.2,3325.7,2178.1
/srv/shared_leopard_toad/2025/Documents/06.10-13.10.2025/4Z/103MEDIA/DSCF0955.JPG,DSCF0955.JPG,4Z/103MEDIA,0,Other_Amphibian,0.2143,2633.5,2242.5,2790.3,2406.8
/srv/shared_leopard_toad/2025/Documents/06.10-13.10.2025/4Z/103MEDIA/DSCF0502.JPG,DSCF0502.JPG,4Z/103MEDIA,0,Other_Amphibian,0.2081,2690.1,2423.3,2821.3,2552.1
/srv/shared_leopard_toad/2025/Documents/06.10-13.10.2025/4Z/103MEDIA/DSCF0268.JPG,DSCF0268.JPG,4Z/103MEDIA,0,Other_Amphibian,0.2432,2686.7,2425.6,2820.3,2557.1
/srv/shared_leopard_toad/2025/Documents/06.10-13.10.2025/4Z/103MEDIA/DSCF0268.JPG,DSCF0268.JPG,4Z/103MEDIA,0,Other_Amphibian,0.2049,2683.4,2424.1,2813.4,2561.7
/srv/shared_leopard_toad/2025/Documents/06.10-13.10.2025/4Z/103MEDIA/DSCF0582.JPG,DSCF0582.JPG,4Z/103MEDIA,0,Other_Amphibian,0.2870,3203.0,2035.1,3331.1,2180.0
/srv/shared_leopard_toad/2025/Documents/06.10-13.10.2025/4Z/103MEDIA/DSCF0582.JPG,DSCF0582.JPG,4Z/103MEDIA,0,Other_Amphibian,0.2075,3216.0,2046.6,3332.9,2191.1
/srv/shared_leopard_toad/2025/Documents/06.10-13.10.2025/4Z/103MEDIA/DSCF0716.JPG,DSCF0716.JPG,4Z/103MEDIA,0,Other_Amphibian,0.2481,3206.3,2033.2,3319.6,2173.9
/srv/shared_leopard_toad/2025/Documents/06.10-13.10.2025/4Z/103MEDIA/DSCF0963.JPG,DSCF0963.JPG,4Z/103MEDIA,0,Other_Amphibian,0.2401,2639.8,2242.1,2790.1,2404.8
/srv/shared_leopard_toad/2025/Documents/06.10-13.10.2025/4Z/103MEDIA/DSCF0963.JPG,DSCF0963.JPG,4Z/103MEDIA,0,Other_Amphibian,0.2277,3208.5,2034.7,3318.4,2175.1
/srv/shared_leopard_toad/2025/Documents/06.10-13.10.2025/4Z/103MEDIA/DSCF0663.JPG,DSCF0663.JPG,4Z/103MEDIA,0,Other_Amphibian,0.3189,3203.9,2036.0,3330.0,2178.5
/srv/shared_leopard_toad/2025/Documents/06.10-13.10.2025/4Z/103MEDIA/DSCF0663.JPG,DSCF0663.JPG,4Z/103MEDIA,0,Other_Amphibian,0.2484,3212.2,2044.7,3324.4,2187.0
/srv/shared_leopard_toad/2025/Documents/06.10-13.10.2025/4Z/103MEDIA/DSCF0663.JPG,DSCF0663.JPG,4Z/103MEDIA,0,Other_Amphibian,0.2267,3213.4,2041.3,3326.1,2182.6
/srv/shared_leopard_toad/2025/Documents/06.10-13.10.2025/4Z/103MEDIA/DSCF0931.JPG,DSCF0931.JPG,4Z/103MEDIA,0,Other_Amphibian,0.3380,2630.6,2242.7,2788.4,2405.9
/srv/shared_leopard_toad/2025/Documents/06.10-13.10.2025/4Z/103MEDIA/DSCF0978.JPG,DSCF0978.JPG,4Z/103MEDIA,0,Other_Amphibian,0.2341,2640.6,2242.8,2788.0,2404.1
/srv/shared_leopard_toad/2025/Documents/06.10-13.10.2025/4Z/103MEDIA/DSCF0704.JPG,DSCF0704.JPG,4Z/103MEDIA,0,Other_Amphibian,0.3105,2112.7,2566.2,2332.7,2684.5
/srv/shared_leopard_toad/2025/Documents/06.10-13.10.2025/4Z/103MEDIA/DSCF0148.JPG,DSCF0148.JPG,4Z/103MEDIA,0,Other_Amphibian,0.2402,2691.8,2422.6,2820.7,2557.5
/srv/shared_leopard_toad/2025/Documents/06.10-13.10.2025/4Z/103MEDIA/DSCF0842.JPG,DSCF0842.JPG,4Z/103MEDIA,0,Other_Amphibian,0.2581,3207.1,2034.0,3319.1,2175.1
/srv/shared_leopard_toad/2025/Documents/06.10-13.10.2025/4Z/103MEDIA/DSCF0739.JPG,DSCF0739.JPG,4Z/103MEDIA,0,Other_Amphibian,0.3237,3206.5,2035.1,3319.3,2173.8
/srv/shared_leopard_toad/2025/Documents/06.10-13.10.2025/4Z/103MEDIA/DSCF0739.JPG,DSCF0739.JPG,4Z/103MEDIA,0,Other_Amphibian,0.2622,3205.6,2033.9,3316.7,2171.6
/srv/shared_leopard_toad/2025/Documents/06.10-13.10.2025/4Z/103MEDIA/DSCF0739.JPG,DSCF0739.JPG,4Z/103MEDIA,0,Other_Amphibian,0.2148,3198.6,2034.1,3326.0,2173.0
/srv/shared_leopard_toad/2025/Documents/06.10-13.10.2025/4Z/103MEDIA/DSCF0576.JPG,DSCF0576.JPG,4Z/103MEDIA,0,Other_Amphibian,0.2670,3202.9,2035.8,3331.3,2178.0
/srv/shared_leopard_toad/2025/Documents/06.10-13.10.2025/4Z/103MEDIA/DSCF0576.JPG,DSCF0576.JPG,4Z/103MEDIA,0,Other_Amphibian,0.2343,3208.5,2043.9,3323.4,2186.0
/srv/shared_leopard_toad/2025/Documents/06.10-13.10.2025/4Z/103MEDIA/DSCF0576.JPG,DSCF0576.JPG,4Z/103MEDIA,0,Other_Amphibian,0.2006,2690.9,2423.0,2820.5,2555.5
/srv/shared_leopard_toad/2025/Documents/06.10-13.10.2025/4Z/103MEDIA/DSCF0856.JPG,DSCF0856.JPG,4Z/103MEDIA,0,Other_Amphibian,0.2815,3206.9,2033.0,3319.5,2173.4
/srv/shared_leopard_toad/2025/Documents/06.10-13.10.2025/4Z/103MEDIA/DSCF0856.JPG,DSCF0856.JPG,4Z/103MEDIA,0,Other_Amphibian,0.2097,3204.1,2035.1,3312.1,2175.0
/srv/shared_leopard_toad/2025/Documents/06.10-13.10.2025/4Z/103MEDIA/DSCF0607.JPG,DSCF0607.JPG,4Z/103MEDIA,0,Other_Amphibian,0.4127,3199.9,2034.6,3328.4,2179.8
/srv/shared_leopard_toad/2025/Documents/06.10-13.10.2025/4Z/103MEDIA/DSCF0607.JPG,DSCF0607.JPG,4Z/103MEDIA,0,Other_Amphibian,0.3728,3217.0,2039.8,3329.8,2184.7
/srv/shared_leopard_toad/2025/Documents/06.10-13.10.2025/4Z/103MEDIA/DSCF0788.JPG,DSCF0788.JPG,4Z/103MEDIA,0,Other_Amphibian,0.3104,3207.7,2031.8,3320.4,2173.3
/srv/shared_leopard_toad/2025/Documents/06.10-13.10.2025/4Z/103MEDIA/DSCF0788.JPG,DSCF0788.JPG,4Z/103MEDIA,0,Other_Amphibian,0.2270,3203.4,2033.7,3312.2,2173.9
/srv/shared_leopard_toad/2025/Documents/06.10-13.10.2025/4Z/103MEDIA/DSCF0721.JPG,DSCF0721.JPG,4Z/103MEDIA,0,Other_Amphibian,0.2135,3209.1,2036.5,3324.2,2177.1
/srv/shared_leopard_toad/2025/Documents/06.10-13.10.2025/4Z/103MEDIA/DSCF0927.JPG,DSCF0927.JPG,4Z/103MEDIA,0,Other_Amphibian,0.2936,3206.6,2033.8,3320.0,2173.8
/srv/shared_leopard_toad/2025/Documents/06.10-13.10.2025/4Z/103MEDIA/DSCF0927.JPG,DSCF0927.JPG,4Z/103MEDIA,0,Other_Amphibian,0.2814,2632.9,2242.0,2790.1,2406.0
/srv/shared_leopard_toad/2025/Documents/06.10-13.10.2025/4Z/103MEDIA/DSCF0927.JPG,DSCF0927.JPG,4Z/103MEDIA,0,Other_Amphibian,0.2434,3204.6,2034.0,3313.2,2173.9
/srv/shared_leopard_toad/2025/Documents/06.10-13.10.2025/4Z/103MEDIA/DSCF0536.JPG,DSCF0536.JPG,4Z/103MEDIA,0,Other_Amphibian,0.3328,3199.8,2033.9,3329.7,2180.6
/srv/shared_leopard_toad/2025/Documents/06.10-13.10.2025/4Z/103MEDIA/DSCF0536.JPG,DSCF0536.JPG,4Z/103MEDIA,0,Other_Amphibian,0.3310,3214.2,2036.8,3330.5,2183.3
/srv/shared_leopard_toad/2025/Documents/06.10-13.10.2025/4Z/103MEDIA/DSCF0683.JPG,DSCF0683.JPG,4Z/103MEDIA,0,Other_Amphibian,0.2623,3208.3,2035.6,3319.6,2173.2
/srv/shared_leopard_toad/2025/Documents/06.10-13.10.2025/4Z/103MEDIA/DSCF0888.JPG,DSCF0888.JPG,4Z/103MEDIA,0,Other_Amphibian,0.2561,3206.2,2034.6,3319.1,2174.4
/srv/shared_leopard_toad/2025/Documents/06.10-13.10.2025/4Z/103MEDIA/DSCF0494.JPG,DSCF0494.JPG,4Z/103MEDIA,0,Other_Amphibian,0.7927,3426.9,1541.8,3614.7,1761.3
/srv/shared_leopard_toad/2025/Documents/06.10-13.10.2025/4Z/103MEDIA/DSCF0908.JPG,DSCF0908.JPG,4Z/103MEDIA,0,Other_Amphibian,0.2653,3209.3,2035.4,3324.1,2176.6
/srv/shared_leopard_toad/2025/Documents/06.10-13.10.2025/4Z/103MEDIA/DSCF0908.JPG,DSCF0908.JPG,4Z/103MEDIA,0,Other_Amphibian,0.2132,3200.3,2036.5,3313.6,2176.9
/srv/shared_leopard_toad/2025/Documents/06.10-13.10.2025/4Z/103MEDIA/DSCF0567.JPG,DSCF0567.JPG,4Z/103MEDIA,0,Other_Amphibian,0.2512,3200.0,2034.6,3329.7,2180.1
/srv/shared_leopard_toad/2025/Documents/06.10-13.10.2025/4Z/103MEDIA/DSCF0872.JPG,DSCF0872.JPG,4Z/103MEDIA,0,Other_Amphibian,0.2397,3206.8,2034.6,3319.6,2175.4
/srv/shared_leopard_toad/2025/Documents/06.10-13.10.2025/4Z/103MEDIA/DSCF0335.JPG,DSCF0335.JPG,4Z/103MEDIA,0,Other_Amphibian,0.7196,1731.3,1661.5,1994.4,1902.3
/srv/shared_leopard_toad/2025/Documents/06.10-13.10.2025/4Z/103MEDIA/DSCF0890.JPG,DSCF0890.JPG,4Z/103MEDIA,0,Other_Amphibian,0.3136,3208.7,2030.8,3319.2,2172.3
/srv/shared_leopard_toad/2025/Documents/06.10-13.10.2025/4Z/103MEDIA/DSCF0890.JPG,DSCF0890.JPG,4Z/103MEDIA,0,Other_Amphibian,0.3054,3206.7,2033.2,3320.8,2174.1
/srv/shared_leopard_toad/2025/Documents/06.10-13.10.2025/4Z/103MEDIA/DSCF0655.JPG,DSCF0655.JPG,4Z/103MEDIA,0,Other_Amphibian,0.3761,3199.9,2034.0,3328.2,2180.1
/srv/shared_leopard_toad/2025/Documents/06.10-13.10.2025/4Z/103MEDIA/DSCF0655.JPG,DSCF0655.JPG,4Z/103MEDIA,0,Other_Amphibian,0.3138,3215.5,2040.5,3329.6,2186.2
/srv/shared_leopard_toad/2025/Documents/06.10-13.10.2025/4Z/103MEDIA/DSCF0965.JPG,DSCF0965.JPG,4Z/103MEDIA,0,Other_Amphibian,0.3187,3206.1,2032.9,3316.7,2172.6
/srv/shared_leopard_toad/2025/Documents/06.10-13.10.2025/4Z/103MEDIA/DSCF0965.JPG,DSCF0965.JPG,4Z/103MEDIA,0,Other_Amphibian,0.3143,2634.8,2239.6,2787.7,2404.0
/srv/shared_leopard_toad/2025/Documents/06.10-13.10.2025/4Z/103MEDIA/DSCF0965.JPG,DSCF0965.JPG,4Z/103MEDIA,0,Other_Amphibian,0.2435,3202.6,2035.9,3310.1,2174.9
/srv/shared_leopard_toad/2025/Documents/06.10-13.10.2025/4Z/103MEDIA/DSCF0965.JPG,DSCF0965.JPG,4Z/103MEDIA,0,Other_Amphibian,0.2133,3198.7,2033.2,3324.0,2172.8
/srv/shared_leopard_toad/2025/Documents/06.10-13.10.2025/4Z/103MEDIA/DSCF0750.JPG,DSCF0750.JPG,4Z/103MEDIA,0,Other_Amphibian,0.2040,3208.8,2037.5,3320.0,2176.2
/srv/shared_leopard_toad/2025/Documents/06.10-13.10.2025/4Z/103MEDIA/DSCF0223.JPG,DSCF0223.JPG,4Z/103MEDIA,0,Other_Amphibian,0.2290,2691.3,2422.8,2821.3,2556.7
/srv/shared_leopard_toad/2025/Documents/06.10-13.10.2025/4Z/103MEDIA/DSCF0669.JPG,DSCF0669.JPG,4Z/103MEDIA,0,Other_Amphibian,0.2854,3204.7,2034.5,3333.9,2177.3
/srv/shared_leopard_toad/2025/Documents/06.10-13.10.2025/4Z/103MEDIA/DSCF0669.JPG,DSCF0669.JPG,4Z/103MEDIA,0,Other_Amphibian,0.2233,3205.4,2045.9,3321.1,2190.8
/srv/shared_leopard_toad/2025/Documents/06.10-13.10.2025/4Z/103MEDIA/DSCF0601.JPG,DSCF0601.JPG,4Z/103MEDIA,0,Other_Amphibian,0.3253,3200.8,2035.2,3331.0,2179.2
/srv/shared_leopard_toad/2025/Documents/06.10-13.10.2025/4Z/103MEDIA/DSCF0601.JPG,DSCF0601.JPG,4Z/103MEDIA,0,Other_Amphibian,0.3026,3214.6,2042.6,3331.0,2186.6
/srv/shared_leopard_toad/2025/Documents/06.10-13.10.2025/4Z/103MEDIA/DSCF0753.JPG,DSCF0753.JPG,4Z/103MEDIA,0,Other_Amphibian,0.2170,2687.4,2423.7,2821.5,2555.0
/srv/shared_leopard_toad/2025/Documents/06.10-13.10.2025/4Z/103MEDIA/DSCF0577.JPG,DSCF0577.JPG,4Z/103MEDIA,0,Other_Amphibian,0.3574,3203.7,2034.9,3328.9,2179.9
/srv/shared_leopard_toad/2025/Documents/06.10-13.10.2025/4Z/103MEDIA/DSCF0577.JPG,DSCF0577.JPG,4Z/103MEDIA,0,Other_Amphibian,0.3114,3217.3,2042.6,3330.8,2187.1
/srv/shared_leopard_toad/2025/Documents/06.10-13.10.2025/4Z/103MEDIA/DSCF0666.JPG,DSCF0666.JPG,4Z/103MEDIA,0,Other_Amphibian,0.3561,3201.4,2035.0,3331.9,2179.9
/srv/shared_leopard_toad/2025/Documents/06.10-13.10.2025/4Z/103MEDIA/DSCF0666.JPG,DSCF0666.JPG,4Z/103MEDIA,0,Other_Amphibian,0.3440,3215.6,2038.0,3332.6,2182.0
/srv/shared_leopard_toad/2025/Documents/06.10-13.10.2025/4Z/103MEDIA/DSCF0629.JPG,DSCF0629.JPG,4Z/103MEDIA,0,Other_Amphibian,0.3267,3199.4,2035.6,3329.2,2180.2
/srv/shared_leopard_toad/2025/Documents/06.10-13.10.2025/4Z/103MEDIA/DSCF0629.JPG,DSCF0629.JPG,4Z/103MEDIA,0,Other_Amphibian,0.3015,3214.7,2041.4,3328.3,2186.3
/srv/shared_leopard_toad/2025/Documents/06.10-13.10.2025/4Z/103MEDIA/DSCF0675.JPG,DSCF0675.JPG,4Z/103MEDIA,0,Other_Amphibian,0.2390,3208.8,2033.4,3321.0,2176.4
/srv/shared_leopard_toad/2025/Documents/06.10-13.10.2025/4Z/103MEDIA/DSCF0635.JPG,DSCF0635.JPG,4Z/103MEDIA,0,Other_Amphibian,0.3713,3200.2,2035.1,3327.9,2180.4
/srv/shared_leopard_toad/2025/Documents/06.10-13.10.2025/4Z/103MEDIA/DSCF0635.JPG,DSCF0635.JPG,4Z/103MEDIA,0,Other_Amphibian,0.3689,3214.6,2040.1,3329.6,2184.9
/srv/shared_leopard_toad/2025/Documents/06.10-13.10.2025/4Z/103MEDIA/DSCF0782.JPG,DSCF0782.JPG,4Z/103MEDIA,0,Other_Amphibian,0.2353,3208.2,2035.1,3321.4,2176.1
/srv/shared_leopard_toad/2025/Documents/06.10-13.10.2025/4Z/103MEDIA/DSCF0907.JPG,DSCF0907.JPG,4Z/103MEDIA,0,Other_Amphibian,0.2434,3209.3,2036.0,3322.0,2175.9
/srv/shared_leopard_toad/2025/Documents/06.10-13.10.2025/4Z/103MEDIA/DSCF0533.JPG,DSCF0533.JPG,4Z/103MEDIA,0,Other_Amphibian,0.3021,3200.8,2035.7,3329.8,2180.1
/srv/shared_leopard_toad/2025/Documents/06.10-13.10.2025/4Z/103MEDIA/DSCF0533.JPG,DSCF0533.JPG,4Z/103MEDIA,0,Other_Amphibian,0.2704,3214.5,2043.1,3330.5,2188.0
/srv/shared_leopard_toad/2025/Documents/06.10-13.10.2025/4Z/103MEDIA/DSCF0885.JPG,DSCF0885.JPG,4Z/103MEDIA,0,Other_Amphibian,0.3036,3209.4,2034.1,3321.3,2175.4
/srv/shared_leopard_toad/2025/Documents/06.10-13.10.2025/4Z/103MEDIA/DSCF0885.JPG,DSCF0885.JPG,4Z/103MEDIA,0,Other_Amphibian,0.2252,3205.2,2035.8,3314.9,2175.6
/srv/shared_leopard_toad/2025/Documents/06.10-13.10.2025/4Z/103MEDIA/DSCF0622.JPG,DSCF0622.JPG,4Z/103MEDIA,0,Other_Amphibian,0.3328,3199.3,2033.2,3328.6,2180.3
/srv/shared_leopard_toad/2025/Documents/06.10-13.10.2025/4Z/103MEDIA/DSCF0622.JPG,DSCF0622.JPG,4Z/103MEDIA,0,Other_Amphibian,0.3003,3229.3,2491.3,3380.9,2598.7
/srv/shared_leopard_toad/2025/Documents/06.10-13.10.2025/4Z/103MEDIA/DSCF0622.JPG,DSCF0622.JPG,4Z/103MEDIA,0,Other_Amphibian,0.2676,3216.2,2041.5,3330.9,2188.6
/srv/shared_leopard_toad/2025/Documents/06.10-13.10.2025/4Z/103MEDIA/DSCF0621.JPG,DSCF0621.JPG,4Z/103MEDIA,0,Other_Amphibian,0.3028,3199.9,2033.5,3327.2,2180.1
/srv/shared_leopard_toad/2025/Documents/06.10-13.10.2025/4Z/103MEDIA/DSCF0621.JPG,DSCF0621.JPG,4Z/103MEDIA,0,Other_Amphibian,0.2816,3215.2,2040.4,3328.8,2186.9
/srv/shared_leopard_toad/2025/Documents/06.10-13.10.2025/4Z/103MEDIA/DSCF0937.JPG,DSCF0937.JPG,4Z/103MEDIA,0,Other_Amphibian,0.2379,2632.1,2242.0,2790.9,2408.4
/srv/shared_leopard_toad/2025/Documents/06.10-13.10.2025/4Z/103MEDIA/DSCF0686.JPG,DSCF0686.JPG,4Z/103MEDIA,0,Other_Amphibian,0.2788,3207.9,2035.4,3321.0,2174.7
/srv/shared_leopard_toad/2025/Documents/06.10-13.10.2025/4Z/103MEDIA/DSCF0790.JPG,DSCF0790.JPG,4Z/103MEDIA,0,Other_Amphibian,0.3260,3208.2,2030.9,3320.2,2171.3
/srv/shared_leopard_toad/2025/Documents/06.10-13.10.2025/4Z/103MEDIA/DSCF0790.JPG,DSCF0790.JPG,4Z/103MEDIA,0,Other_Amphibian,0.3225,3208.1,2033.6,3321.7,2173.5
/srv/shared_leopard_toad/2025/Documents/06.10-13.10.2025/4Z/103MEDIA/DSCF0333.JPG,DSCF0333.JPG,4Z/103MEDIA,0,Other_Amphibian,0.4056,3474.5,1946.2,3686.1,2137.9
/srv/shared_leopard_toad/2025/Documents/06.10-13.10.2025/4Z/103MEDIA/DSCF0805.JPG,DSCF0805.JPG,4Z/103MEDIA,0,Other_Amphibian,0.2602,3208.5,2032.7,3318.9,2173.2
/srv/shared_leopard_toad/2025/Documents/06.10-13.10.2025/4Z/103MEDIA/DSCF0962.JPG,DSCF0962.JPG,4Z/103MEDIA,0,Other_Amphibian,0.3600,2631.8,2241.2,2786.7,2405.4
/srv/shared_leopard_toad/2025/Documents/06.10-13.10.2025/4Z/103MEDIA/DSCF0962.JPG,DSCF0962.JPG,4Z/103MEDIA,0,Other_Amphibian,0.2032,3210.1,2037.2,3320.7,2177.9
/srv/shared_leopard_toad/2025/Documents/06.10-13.10.2025/4Z/103MEDIA/DSCF0867.JPG,DSCF0867.JPG,4Z/103MEDIA,0,Other_Amphibian,0.2769,3208.3,2034.8,3320.6,2174.9
/srv/shared_leopard_toad/2025/Documents/06.10-13.10.2025/4Z/103MEDIA/DSCF0867.JPG,DSCF0867.JPG,4Z/103MEDIA,0,Other_Amphibian,0.2019,2692.1,2422.0,2820.0,2556.9
/srv/shared_leopard_toad/2025/Documents/06.10-13.10.2025/4Z/103MEDIA/DSCF0548.JPG,DSCF0548.JPG,4Z/103MEDIA,0,Other_Amphibian,0.3710,3200.9,2033.7,3329.1,2178.2
/srv/shared_leopard_toad/2025/Documents/06.10-13.10.2025/4Z/103MEDIA/DSCF0548.JPG,DSCF0548.JPG,4Z/103MEDIA,0,Other_Amphibian,0.3533,3216.1,2037.1,3329.5,2181.8
/srv/shared_leopard_toad/2025/Documents/06.10-13.10.2025/4Z/103MEDIA/DSCF0786.JPG,DSCF0786.JPG,4Z/103MEDIA,0,Other_Amphibian,0.2396,3207.7,2037.0,3323.0,2177.3
/srv/shared_leopard_toad/2025/Documents/06.10-13.10.2025/4Z/103MEDIA/DSCF0660.JPG,DSCF0660.JPG,4Z/103MEDIA,0,Other_Amphibian,0.3273,3200.8,2036.4,3329.7,2179.7
/srv/shared_leopard_toad/2025/Documents/06.10-13.10.2025/4Z/103MEDIA/DSCF0660.JPG,DSCF0660.JPG,4Z/103MEDIA,0,Other_Amphibian,0.2837,3214.8,2043.2,3329.9,2186.3
/srv/shared_leopard_toad/2025/Documents/06.10-13.10.2025/4Z/103MEDIA/DSCF0554.JPG,DSCF0554.JPG,4Z/103MEDIA,0,Other_Amphibian,0.3078,3200.9,2034.5,3330.0,2180.4
/srv/shared_leopard_toad/2025/Documents/06.10-13.10.2025/4Z/103MEDIA/DSCF0554.JPG,DSCF0554.JPG,4Z/103MEDIA,0,Other_Amphibian,0.2735,3214.9,2041.7,3330.0,2187.3
/srv/shared_leopard_toad/2025/Documents/06.10-13.10.2025/4Z/103MEDIA/DSCF0942.JPG,DSCF0942.JPG,4Z/103MEDIA,0,Other_Amphibian,0.2770,2634.8,2242.0,2789.2,2406.0
/srv/shared_leopard_toad/2025/Documents/06.10-13.10.2025/4Z/103MEDIA/DSCF0942.JPG,DSCF0942.JPG,4Z/103MEDIA,0,Other_Amphibian,0.2084,3208.8,2038.8,3320.8,2178.3
/srv/shared_leopard_toad/2025/Documents/06.10-13.10.2025/4Z/103MEDIA/DSCF0991.JPG,DSCF0991.JPG,4Z/103MEDIA,0,Other_Amphibian,0.2944,3208.4,2033.2,3323.1,2174.4
/srv/shared_leopard_toad/2025/Documents/06.10-13.10.2025/4Z/103MEDIA/DSCF0991.JPG,DSCF0991.JPG,4Z/103MEDIA,0,Other_Amphibian,0.2186,3202.6,2033.8,3313.8,2173.9
/srv/shared_leopard_toad/2025/Documents/06.10-13.10.2025/4Z/103MEDIA/DSCF0691.JPG,DSCF0691.JPG,4Z/103MEDIA,0,Other_Amphibian,0.3130,3206.7,2032.9,3318.8,2174.1
/srv/shared_leopard_toad/2025/Documents/06.10-13.10.2025/4Z/103MEDIA/DSCF0691.JPG,DSCF0691.JPG,4Z/103MEDIA,0,Other_Amphibian,0.2579,3207.4,2033.2,3315.7,2174.4
/srv/shared_leopard_toad/2025/Documents/06.10-13.10.2025/4Z/103MEDIA/DSCF0691.JPG,DSCF0691.JPG,4Z/103MEDIA,0,Other_Amphibian,0.2290,3200.6,2031.9,3325.6,2172.5
/srv/shared_leopard_toad/2025/Documents/06.10-13.10.2025/4Z/103MEDIA/DSCF0742.JPG,DSCF0742.JPG,4Z/103MEDIA,0,Other_Amphibian,0.2031,3210.7,2036.6,3321.9,2176.0
/srv/shared_leopard_toad/2025/Documents/06.10-13.10.2025/4Z/103MEDIA/DSCF0966.JPG,DSCF0966.JPG,4Z/103MEDIA,0,Other_Amphibian,0.2848,2631.3,2242.0,2788.4,2405.1
/srv/shared_leopard_toad/2025/Documents/06.10-13.10.2025/4Z/103MEDIA/DSCF0632.JPG,DSCF0632.JPG,4Z/103MEDIA,0,Other_Amphibian,0.3220,3201.7,2034.0,3329.8,2180.1
/srv/shared_leopard_toad/2025/Documents/06.10-13.10.2025/4Z/103MEDIA/DSCF0632.JPG,DSCF0632.JPG,4Z/103MEDIA,0,Other_Amphibian,0.2784,3214.6,2041.6,3330.5,2187.8
/srv/shared_leopard_toad/2025/Documents/06.10-13.10.2025/4Z/103MEDIA/DSCF0031.JPG,DSCF0031.JPG,4Z/103MEDIA,0,Other_Amphibian,0.2409,2689.3,2423.1,2821.1,2558.1
/srv/shared_leopard_toad/2025/Documents/06.10-13.10.2025/4Z/103MEDIA/DSCF0985.JPG,DSCF0985.JPG,4Z/103MEDIA,0,Other_Amphibian,0.2368,2689.8,2425.6,2817.0,2553.5
/srv/shared_leopard_toad/2025/Documents/06.10-13.10.2025/4Z/103MEDIA/DSCF0191.JPG,DSCF0191.JPG,4Z/103MEDIA,0,Other_Amphibian,0.2045,2689.9,2424.6,2821.9,2558.6
/srv/shared_leopard_toad/2025/Documents/06.10-13.10.2025/4Z/103MEDIA/DSCF0706.JPG,DSCF0706.JPG,4Z/103MEDIA,0,Other_Amphibian,0.2353,3209.5,2036.1,3321.2,2176.5
/srv/shared_leopard_toad/2025/Documents/06.10-13.10.2025/4Z/103MEDIA/DSCF0525.JPG,DSCF0525.JPG,4Z/103MEDIA,0,Other_Amphibian,0.2338,3222.3,2069.7,3391.5,2259.1
/srv/shared_leopard_toad/2025/Documents/06.10-13.10.2025/4Z/103MEDIA/DSCF0798.JPG,DSCF0798.JPG,4Z/103MEDIA,0,Other_Amphibian,0.2213,3210.4,2037.6,3324.8,2178.7
/srv/shared_leopard_toad/2025/Documents/06.10-13.10.2025/4Z/103MEDIA/DSCF0904.JPG,DSCF0904.JPG,4Z/103MEDIA,0,Other_Amphibian,0.2486,3207.3,2034.3,3321.0,2174.8
/srv/shared_leopard_toad/2025/Documents/06.10-13.10.2025/4Z/103MEDIA/DSCF0735.JPG,DSCF0735.JPG,4Z/103MEDIA,0,Other_Amphibian,0.2958,3206.8,2032.7,3321.5,2175.0
/srv/shared_leopard_toad/2025/Documents/06.10-13.10.2025/4Z/103MEDIA/DSCF0735.JPG,DSCF0735.JPG,4Z/103MEDIA,0,Other_Amphibian,0.2120,3202.8,2035.0,3313.7,2176.0
/srv/shared_leopard_toad/2025/Documents/06.10-13.10.2025/4Z/103MEDIA/DSCF0613.JPG,DSCF0613.JPG,4Z/103MEDIA,0,Other_Amphibian,0.3605,3203.5,2034.8,3329.8,2178.4
/srv/shared_leopard_toad/2025/Documents/06.10-13.10.2025/4Z/103MEDIA/DSCF0613.JPG,DSCF0613.JPG,4Z/103MEDIA,0,Other_Amphibian,0.2990,3213.8,2043.5,3326.8,2187.9
/srv/shared_leopard_toad/2025/Documents/06.10-13.10.2025/4Z/103MEDIA/DSCF0551.JPG,DSCF0551.JPG,4Z/103MEDIA,0,Other_Amphibian,0.4734,3199.8,2033.5,3328.4,2180.8
/srv/shared_leopard_toad/2025/Documents/06.10-13.10.2025/4Z/103MEDIA/DSCF0551.JPG,DSCF0551.JPG,4Z/103MEDIA,0,Other_Amphibian,0.4392,3214.4,2038.0,3328.0,2184.3
/srv/shared_leopard_toad/2025/Documents/06.10-13.10.2025/4Z/103MEDIA/DSCF0748.JPG,DSCF0748.JPG,4Z/103MEDIA,0,Other_Amphibian,0.2542,3208.8,2036.0,3325.8,2178.6
/srv/shared_leopard_toad/2025/Documents/06.10-13.10.2025/4Z/103MEDIA/DSCF0748.JPG,DSCF0748.JPG,4Z/103MEDIA,0,Other_Amphibian,0.2077,3200.0,2034.8,3312.6,2176.8
/srv/shared_leopard_toad/2025/Documents/06.10-13.10.2025/4Z/103MEDIA/DSCF0299.JPG,DSCF0299.JPG,4Z/103MEDIA,0,Other_Amphibian,0.3100,2696.8,2424.3,2823.2,2555.2
/srv/shared_leopard_toad/2025/Documents/06.10-13.10.2025/4Z/103MEDIA/DSCF0299.JPG,DSCF0299.JPG,4Z/103MEDIA,0,Other_Amphibian,0.2019,2686.8,2421.9,2814.8,2558.4
/srv/shared_leopard_toad/2025/Documents/06.10-13.10.2025/4Z/103MEDIA/DSCF0816.JPG,DSCF0816.JPG,4Z/103MEDIA,0,Other_Amphibian,0.2708,3205.3,2033.9,3318.2,2174.1
/srv/shared_leopard_toad/2025/Documents/06.10-13.10.2025/4Z/103MEDIA/DSCF0794.JPG,DSCF0794.JPG,4Z/103MEDIA,0,Other_Amphibian,0.2186,3208.6,2037.0,3322.3,2177.8
/srv/shared_leopard_toad/2025/Documents/06.10-13.10.2025/4Z/103MEDIA/DSCF0940.JPG,DSCF0940.JPG,4Z/103MEDIA,0,Other_Amphibian,0.2796,2635.5,2242.8,2787.4,2405.3
/srv/shared_leopard_toad/2025/Documents/06.10-13.10.2025/4Z/103MEDIA/DSCF0778.JPG,DSCF0778.JPG,4Z/103MEDIA,0,Other_Amphibian,0.3025,3206.7,2033.3,3320.6,2174.3
/srv/shared_leopard_toad/2025/Documents/06.10-13.10.2025/4Z/103MEDIA/DSCF0778.JPG,DSCF0778.JPG,4Z/103MEDIA,0,Other_Amphibian,0.2244,3200.5,2034.8,3311.2,2175.0
/srv/shared_leopard_toad/2025/Documents/06.10-13.10.2025/4Z/103MEDIA/DSCF0059.JPG,DSCF0059.JPG,4Z/103MEDIA,0,Other_Amphibian,0.2286,2694.3,2425.2,2822.7,2556.2
/srv/shared_leopard_toad/2025/Documents/06.10-13.10.2025/4Z/103MEDIA/DSCF0558.JPG,DSCF0558.JPG,4Z/103MEDIA,0,Other_Amphibian,0.3480,3199.8,2035.1,3327.8,2181.5
/srv/shared_leopard_toad/2025/Documents/06.10-13.10.2025/4Z/103MEDIA/DSCF0558.JPG,DSCF0558.JPG,4Z/103MEDIA,0,Other_Amphibian,0.3106,3216.9,2040.9,3330.5,2187.5
/srv/shared_leopard_toad/2025/Documents/06.10-13.10.2025/4Z/103MEDIA/DSCF0826.JPG,DSCF0826.JPG,4Z/103MEDIA,0,Other_Amphibian,0.2767,3208.3,2036.3,3321.9,2176.3
/srv/shared_leopard_toad/2025/Documents/06.10-13.10.2025/4Z/103MEDIA/DSCF0826.JPG,DSCF0826.JPG,4Z/103MEDIA,0,Other_Amphibian,0.2426,3202.5,2036.1,3313.4,2175.6
/srv/shared_leopard_toad/2025/Documents/06.10-13.10.2025/4Z/103MEDIA/DSCF0088.JPG,DSCF0088.JPG,4Z/103MEDIA,0,Other_Amphibian,0.2834,2693.4,2423.0,2820.8,2557.7
/srv/shared_leopard_toad/2025/Documents/06.10-13.10.2025/4Z/103MEDIA/DSCF0775.JPG,DSCF0775.JPG,4Z/103MEDIA,0,Other_Amphibian,0.2417,3206.4,2035.0,3318.9,2175.1
/srv/shared_leopard_toad/2025/Documents/06.10-13.10.2025/4Z/103MEDIA/DSCF0811.JPG,DSCF0811.JPG,4Z/103MEDIA,0,Other_Amphibian,0.2726,3206.8,2032.7,3320.5,2173.9
/srv/shared_leopard_toad/2025/Documents/06.10-13.10.2025/4Z/103MEDIA/DSCF0689.JPG,DSCF0689.JPG,4Z/103MEDIA,0,Other_Amphibian,0.2200,3207.6,2035.3,3319.0,2174.8
/srv/shared_leopard_toad/2025/Documents/06.10-13.10.2025/4Z/103MEDIA/DSCF0625.JPG,DSCF0625.JPG,4Z/103MEDIA,0,Other_Amphibian,0.3248,3200.8,2035.1,3331.5,2180.2
/srv/shared_leopard_toad/2025/Documents/06.10-13.10.2025/4Z/103MEDIA/DSCF0625.JPG,DSCF0625.JPG,4Z/103MEDIA,0,Other_Amphibian,0.2828,3214.7,2041.5,3332.0,2186.2
/srv/shared_leopard_toad/2025/Documents/06.10-13.10.2025/4Z/103MEDIA/DSCF0645.JPG,DSCF0645.JPG,4Z/103MEDIA,0,Other_Amphibian,0.3264,3200.6,2035.5,3330.2,2180.3
/srv/shared_leopard_toad/2025/Documents/06.10-13.10.2025/4Z/103MEDIA/DSCF0645.JPG,DSCF0645.JPG,4Z/103MEDIA,0,Other_Amphibian,0.2863,3214.9,2042.7,3329.7,2188.2
/srv/shared_leopard_toad/2025/Documents/06.10-13.10.2025/4Z/103MEDIA/DSCF0909.JPG,DSCF0909.JPG,4Z/103MEDIA,0,Other_Amphibian,0.2098,3228.9,1794.9,3356.6,1908.5
/srv/shared_leopard_toad/2025/Documents/06.10-13.10.2025/4Z/103MEDIA/DSCF0840.JPG,DSCF0840.JPG,4Z/103MEDIA,0,Other_Amphibian,0.3335,3206.2,2031.5,3321.4,2173.2
/srv/shared_leopard_toad/2025/Documents/06.10-13.10.2025/4Z/103MEDIA/DSCF0840.JPG,DSCF0840.JPG,4Z/103MEDIA,0,Other_Amphibian,0.2098,3198.7,2037.1,3309.4,2177.7
/srv/shared_leopard_toad/2025/Documents/06.10-13.10.2025/4Z/103MEDIA/DSCF0964.JPG,DSCF0964.JPG,4Z/103MEDIA,0,Other_Amphibian,0.2625,2635.1,2241.6,2789.0,2403.9
/srv/shared_leopard_toad/2025/Documents/06.10-13.10.2025/4Z/103MEDIA/DSCF0964.JPG,DSCF0964.JPG,4Z/103MEDIA,0,Other_Amphibian,0.2185,3208.2,2037.1,3321.8,2177.2
/srv/shared_leopard_toad/2025/Documents/06.10-13.10.2025/4Z/103MEDIA/DSCF0605.JPG,DSCF0605.JPG,4Z/103MEDIA,0,Other_Amphibian,0.3312,3203.1,2035.7,3327.8,2179.2
/srv/shared_leopard_toad/2025/Documents/06.10-13.10.2025/4Z/103MEDIA/DSCF0605.JPG,DSCF0605.JPG,4Z/103MEDIA,0,Other_Amphibian,0.2714,3214.5,2043.0,3324.4,2187.3
/srv/shared_leopard_toad/2025/Documents/06.10-13.10.2025/4Z/103MEDIA/DSCF0967.JPG,DSCF0967.JPG,4Z/103MEDIA,0,Other_Amphibian,0.2174,2635.4,2244.7,2792.2,2406.9
/srv/shared_leopard_toad/2025/Documents/06.10-13.10.2025/4Z/103MEDIA/DSCF0760.JPG,DSCF0760.JPG,4Z/103MEDIA,0,Other_Amphibian,0.2908,3205.9,2033.6,3318.1,2174.1
/srv/shared_leopard_toad/2025/Documents/06.10-13.10.2025/4Z/103MEDIA/DSCF0760.JPG,DSCF0760.JPG,4Z/103MEDIA,0,Other_Amphibian,0.2649,3208.6,2036.7,3322.8,2176.3
/srv/shared_leopard_toad/2025/Documents/06.10-13.10.2025/4Z/103MEDIA/DSCF0760.JPG,DSCF0760.JPG,4Z/103MEDIA,0,Other_Amphibian,0.2257,3197.5,2034.1,3327.4,2173.4
/srv/shared_leopard_toad/2025/Documents/06.10-13.10.2025/4Z/103MEDIA/DSCF0593.JPG,DSCF0593.JPG,4Z/103MEDIA,0,Other_Amphibian,0.2590,3199.8,2034.2,3326.5,2178.8
/srv/shared_leopard_toad/2025/Documents/06.10-13.10.2025/4Z/103MEDIA/DSCF0593.JPG,DSCF0593.JPG,4Z/103MEDIA,0,Other_Amphibian,0.2574,3211.3,2038.3,3324.0,2183.3
/srv/shared_leopard_toad/2025/Documents/06.10-13.10.2025/4Z/103MEDIA/DSCF0588.JPG,DSCF0588.JPG,4Z/103MEDIA,0,Other_Amphibian,0.3534,3198.9,2034.6,3330.4,2179.9
/srv/shared_leopard_toad/2025/Documents/06.10-13.10.2025/4Z/103MEDIA/DSCF0588.JPG,DSCF0588.JPG,4Z/103MEDIA,0,Other_Amphibian,0.3398,3214.2,2038.1,3331.4,2183.6
/srv/shared_leopard_toad/2025/Documents/06.10-13.10.2025/4Z/103MEDIA/DSCF0903.JPG,DSCF0903.JPG,4Z/103MEDIA,0,Other_Amphibian,0.2358,3208.4,2035.7,3321.1,2175.3
/srv/shared_leopard_toad/2025/Documents/06.10-13.10.2025/4Z/103MEDIA/DSCF0889.JPG,DSCF0889.JPG,4Z/103MEDIA,0,Other_Amphibian,0.2402,3208.2,2035.6,3317.7,2174.6
/srv/shared_leopard_toad/2025/Documents/06.10-13.10.2025/4Z/103MEDIA/DSCF0619.JPG,DSCF0619.JPG,4Z/103MEDIA,0,Other_Amphibian,0.3910,3201.8,2035.2,3328.9,2179.5
/srv/shared_leopard_toad/2025/Documents/06.10-13.10.2025/4Z/103MEDIA/DSCF0619.JPG,DSCF0619.JPG,4Z/103MEDIA,0,Other_Amphibian,0.3695,3217.2,2043.3,3331.9,2187.0
/srv/shared_leopard_toad/2025/Documents/06.10-13.10.2025/4Z/103MEDIA/DSCF0619.JPG,DSCF0619.JPG,4Z/103MEDIA,0,Other_Amphibian,0.2259,3215.2,2045.0,3330.4,2188.3
/srv/shared_leopard_toad/2025/Documents/06.10-13.10.2025/4Z/103MEDIA/DSCF0025.JPG,DSCF0025.JPG,4Z/103MEDIA,0,Other_Amphibian,0.2646,2690.2,2424.4,2822.0,2554.4
/srv/shared_leopard_toad/2025/Documents/06.10-13.10.2025/4Z/103MEDIA/DSCF0997.JPG,DSCF0997.JPG,4Z/103MEDIA,0,Other_Amphibian,0.3185,2631.1,2241.8,2790.5,2405.6
/srv/shared_leopard_toad/2025/Documents/06.10-13.10.2025/4Z/103MEDIA/DSCF0381.JPG,DSCF0381.JPG,4Z/103MEDIA,0,Other_Amphibian,0.2105,2692.8,2423.2,2821.0,2558.2
/srv/shared_leopard_toad/2025/Documents/06.10-13.10.2025/4Z/103MEDIA/DSCF0741.JPG,DSCF0741.JPG,4Z/103MEDIA,0,Other_Amphibian,0.3619,3205.1,2032.9,3318.2,2173.2
/srv/shared_leopard_toad/2025/Documents/06.10-13.10.2025/4Z/103MEDIA/DSCF0741.JPG,DSCF0741.JPG,4Z/103MEDIA,0,Other_Amphibian,0.3103,3209.3,2031.9,3318.2,2172.2
/srv/shared_leopard_toad/2025/Documents/06.10-13.10.2025/4Z/103MEDIA/DSCF0741.JPG,DSCF0741.JPG,4Z/103MEDIA,0,Other_Amphibian,0.2335,3199.9,2032.7,3323.6,2172.2
/srv/shared_leopard_toad/2025/Documents/06.10-13.10.2025/4Z/103MEDIA/DSCF0538.JPG,DSCF0538.JPG,4Z/103MEDIA,0,Other_Amphibian,0.4314,3198.2,2033.5,3327.7,2178.5
/srv/shared_leopard_toad/2025/Documents/06.10-13.10.2025/4Z/103MEDIA/DSCF0538.JPG,DSCF0538.JPG,4Z/103MEDIA,0,Other_Amphibian,0.3968,3215.7,2037.5,3330.1,2183.5
/srv/shared_leopard_toad/2025/Documents/06.10-13.10.2025/4Z/103MEDIA/DSCF0913.JPG,DSCF0913.JPG,4Z/103MEDIA,0,Other_Amphibian,0.2047,2688.9,2423.5,2819.8,2558.7
/srv/shared_leopard_toad/2025/Documents/06.10-13.10.2025/4Z/103MEDIA/DSCF0947.JPG,DSCF0947.JPG,4Z/103MEDIA,0,Other_Amphibian,0.3453,2634.2,2241.1,2788.5,2405.3
/srv/shared_leopard_toad/2025/Documents/06.10-13.10.2025/4Z/103MEDIA/DSCF0947.JPG,DSCF0947.JPG,4Z/103MEDIA,0,Other_Amphibian,0.2332,3207.3,2034.5,3321.6,2175.1
/srv/shared_leopard_toad/2025/Documents/06.10-13.10.2025/4Z/103MEDIA/DSCF0772.JPG,DSCF0772.JPG,4Z/103MEDIA,0,Other_Amphibian,0.2627,3207.5,2034.8,3317.3,2173.5
/srv/shared_leopard_toad/2025/Documents/06.10-13.10.2025/4Z/103MEDIA/DSCF0844.JPG,DSCF0844.JPG,4Z/103MEDIA,0,Other_Amphibian,0.2441,3206.0,2034.0,3319.2,2173.6
/srv/shared_leopard_toad/2025/Documents/06.10-13.10.2025/4Z/103MEDIA/DSCF0886.JPG,DSCF0886.JPG,4Z/103MEDIA,0,Other_Amphibian,0.2549,3211.0,2037.5,3326.0,2178.5
/srv/shared_leopard_toad/2025/Documents/06.10-13.10.2025/4Z/103MEDIA/DSCF0773.JPG,DSCF0773.JPG,4Z/103MEDIA,0,Other_Amphibian,0.2551,3208.1,2034.6,3319.7,2174.0
/srv/shared_leopard_toad/2025/Documents/06.10-13.10.2025/4Z/103MEDIA/DSCF0916.JPG,DSCF0916.JPG,4Z/103MEDIA,0,Other_Amphibian,0.2563,3208.8,2031.7,3320.4,2173.8
/srv/shared_leopard_toad/2025/Documents/06.10-13.10.2025/4Z/103MEDIA/DSCF0685.JPG,DSCF0685.JPG,4Z/103MEDIA,0,Other_Amphibian,0.2766,3206.1,2034.8,3320.8,2174.8
/srv/shared_leopard_toad/2025/Documents/06.10-13.10.2025/4Z/103MEDIA/DSCF0725.JPG,DSCF0725.JPG,4Z/103MEDIA,0,Other_Amphibian,0.3436,3205.9,2032.8,3318.5,2173.3
/srv/shared_leopard_toad/2025/Documents/06.10-13.10.2025/4Z/103MEDIA/DSCF0725.JPG,DSCF0725.JPG,4Z/103MEDIA,0,Other_Amphibian,0.2633,3205.9,2034.9,3314.6,2174.2
/srv/shared_leopard_toad/2025/Documents/06.10-13.10.2025/4Z/103MEDIA/DSCF0725.JPG,DSCF0725.JPG,4Z/103MEDIA,0,Other_Amphibian,0.2403,3201.6,2032.5,3325.8,2172.2
/srv/shared_leopard_toad/2025/Documents/06.10-13.10.2025/4Z/103MEDIA/DSCF0550.JPG,DSCF0550.JPG,4Z/103MEDIA,0,Other_Amphibian,0.3735,3200.9,2035.4,3331.1,2179.6
/srv/shared_leopard_toad/2025/Documents/06.10-13.10.2025/4Z/103MEDIA/DSCF0550.JPG,DSCF0550.JPG,4Z/103MEDIA,0,Other_Amphibian,0.3373,3216.9,2039.8,3332.0,2183.7
/srv/shared_leopard_toad/2025/Documents/06.10-13.10.2025/4Z/103MEDIA/DSCF0612.JPG,DSCF0612.JPG,4Z/103MEDIA,0,Other_Amphibian,0.3642,3198.1,2033.2,3328.7,2180.2
/srv/shared_leopard_toad/2025/Documents/06.10-13.10.2025/4Z/103MEDIA/DSCF0612.JPG,DSCF0612.JPG,4Z/103MEDIA,0,Other_Amphibian,0.3625,3213.9,2036.4,3329.7,2183.3
/srv/shared_leopard_toad/2025/Documents/06.10-13.10.2025/4Z/103MEDIA/DSCF0633.JPG,DSCF0633.JPG,4Z/103MEDIA,0,Other_Amphibian,0.2798,3204.4,2033.5,3333.1,2177.8
/srv/shared_leopard_toad/2025/Documents/06.10-13.10.2025/4Z/103MEDIA/DSCF0633.JPG,DSCF0633.JPG,4Z/103MEDIA,0,Other_Amphibian,0.2477,3208.9,2042.8,3325.8,2186.9
/srv/shared_leopard_toad/2025/Documents/06.10-13.10.2025/4Z/103MEDIA/DSCF0626.JPG,DSCF0626.JPG,4Z/103MEDIA,0,Other_Amphibian,0.3997,3201.7,2035.9,3329.8,2179.8
/srv/shared_leopard_toad/2025/Documents/06.10-13.10.2025/4Z/103MEDIA/DSCF0626.JPG,DSCF0626.JPG,4Z/103MEDIA,0,Other_Amphibian,0.3273,3217.3,2044.5,3331.4,2188.3
/srv/shared_leopard_toad/2025/Documents/06.10-13.10.2025/4Z/103MEDIA/DSCF0839.JPG,DSCF0839.JPG,4Z/103MEDIA,0,Other_Amphibian,0.3501,3205.8,2033.2,3318.2,2172.5
/srv/shared_leopard_toad/2025/Documents/06.10-13.10.2025/4Z/103MEDIA/DSCF0839.JPG,DSCF0839.JPG,4Z/103MEDIA,0,Other_Amphibian,0.2939,3207.7,2031.7,3316.6,2170.7
/srv/shared_leopard_toad/2025/Documents/06.10-13.10.2025/4Z/103MEDIA/DSCF0690.JPG,DSCF0690.JPG,4Z/103MEDIA,0,Other_Amphibian,0.2413,3207.2,2032.3,3318.6,2174.3
/srv/shared_leopard_toad/2025/Documents/06.10-13.10.2025/4Z/103MEDIA/DSCF0918.JPG,DSCF0918.JPG,4Z/103MEDIA,0,Other_Amphibian,0.2018,3210.2,2037.1,3321.4,2178.2
/srv/shared_leopard_toad/2025/Documents/06.10-13.10.2025/4Z/103MEDIA/DSCF0714.JPG,DSCF0714.JPG,4Z/103MEDIA,0,Other_Amphibian,0.2207,3208.2,2034.0,3322.9,2176.4
/srv/shared_leopard_toad/2025/Documents/06.10-13.10.2025/4Z/103MEDIA/DSCF0801.JPG,DSCF0801.JPG,4Z/103MEDIA,0,Other_Amphibian,0.3258,3206.4,2033.5,3321.1,2174.4
/srv/shared_leopard_toad/2025/Documents/06.10-13.10.2025/4Z/103MEDIA/DSCF0801.JPG,DSCF0801.JPG,4Z/103MEDIA,0,Other_Amphibian,0.2619,3205.8,2033.8,3315.9,2175.0
/srv/shared_leopard_toad/2025/Documents/06.10-13.10.2025/4Z/103MEDIA/DSCF0545.JPG,DSCF0545.JPG,4Z/103MEDIA,0,Other_Amphibian,0.3401,3203.6,2036.6,3330.5,2179.3
/srv/shared_leopard_toad/2025/Documents/06.10-13.10.2025/4Z/103MEDIA/DSCF0545.JPG,DSCF0545.JPG,4Z/103MEDIA,0,Other_Amphibian,0.2569,3217.6,2046.1,3332.1,2188.6
/srv/shared_leopard_toad/2025/Documents/06.10-13.10.2025/4Z/103MEDIA/DSCF0705.JPG,DSCF0705.JPG,4Z/103MEDIA,0,Other_Amphibian,0.3046,3208.8,2038.8,3321.4,2174.3
/srv/shared_leopard_toad/2025/Documents/06.10-13.10.2025/4Z/103MEDIA/DSCF0813.JPG,DSCF0813.JPG,4Z/103MEDIA,0,Other_Amphibian,0.2010,3210.3,2037.8,3323.1,2177.5
/srv/shared_leopard_toad/2025/Documents/06.10-13.10.2025/4Z/103MEDIA/DSCF0830.JPG,DSCF0830.JPG,4Z/103MEDIA,0,Other_Amphibian,0.2278,3207.1,2034.1,3317.9,2175.2
/srv/shared_leopard_toad/2025/Documents/06.10-13.10.2025/4Z/103MEDIA/DSCF0048.JPG,DSCF0048.JPG,4Z/103MEDIA,0,Other_Amphibian,0.2228,2694.2,2422.1,2820.7,2553.0
/srv/shared_leopard_toad/2025/Documents/06.10-13.10.2025/4Z/103MEDIA/DSCF0643.JPG,DSCF0643.JPG,4Z/103MEDIA,0,Other_Amphibian,0.3180,3200.6,2034.6,3329.1,2180.0
/srv/shared_leopard_toad/2025/Documents/06.10-13.10.2025/4Z/103MEDIA/DSCF0643.JPG,DSCF0643.JPG,4Z/103MEDIA,0,Other_Amphibian,0.2844,3216.4,2041.0,3330.5,2186.2
/srv/shared_leopard_toad/2025/Documents/06.10-13.10.2025/4Z/103MEDIA/DSCF0013.JPG,DSCF0013.JPG,4Z/103MEDIA,0,Other_Amphibian,0.2007,2692.6,2422.1,2819.4,2556.5
/srv/shared_leopard_toad/2025/Documents/06.10-13.10.2025/4Z/103MEDIA/DSCF0901.JPG,DSCF0901.JPG,4Z/103MEDIA,0,Other_Amphibian,0.2068,3210.0,2037.3,3321.7,2177.1
/srv/shared_leopard_toad/2025/Documents/06.10-13.10.2025/4Z/103MEDIA/DSCF0153.JPG,DSCF0153.JPG,4Z/103MEDIA,0,Other_Amphibian,0.2118,2693.8,2423.4,2822.6,2555.2
/srv/shared_leopard_toad/2025/Documents/06.10-13.10.2025/4Z/103MEDIA/DSCF0747.JPG,DSCF0747.JPG,4Z/103MEDIA,0,Other_Amphibian,0.3295,3206.3,2033.5,3320.3,2173.3
/srv/shared_leopard_toad/2025/Documents/06.10-13.10.2025/4Z/103MEDIA/DSCF0747.JPG,DSCF0747.JPG,4Z/103MEDIA,0,Other_Amphibian,0.2883,3208.0,2033.0,3319.0,2172.3
/srv/shared_leopard_toad/2025/Documents/06.10-13.10.2025/4Z/103MEDIA/DSCF0747.JPG,DSCF0747.JPG,4Z/103MEDIA,0,Other_Amphibian,0.2059,3199.4,2033.7,3327.2,2173.1
/srv/shared_leopard_toad/2025/Documents/06.10-13.10.2025/4Z/103MEDIA/DSCF0996.JPG,DSCF0996.JPG,4Z/103MEDIA,0,Other_Amphibian,0.2814,2633.4,2242.2,2791.4,2406.6
/srv/shared_leopard_toad/2025/Documents/06.10-13.10.2025/4Z/103MEDIA/DSCF0996.JPG,DSCF0996.JPG,4Z/103MEDIA,0,Other_Amphibian,0.2400,3208.0,2035.4,3321.1,2176.4
/srv/shared_leopard_toad/2025/Documents/06.10-13.10.2025/4Z/103MEDIA/DSCF0610.JPG,DSCF0610.JPG,4Z/103MEDIA,0,Other_Amphibian,0.3604,3198.8,2035.0,3329.5,2179.5
/srv/shared_leopard_toad/2025/Documents/06.10-13.10.2025/4Z/103MEDIA/DSCF0610.JPG,DSCF0610.JPG,4Z/103MEDIA,0,Other_Amphibian,0.3248,3215.5,2040.1,3330.9,2184.7
/srv/shared_leopard_toad/2025/Documents/06.10-13.10.2025/4Z/103MEDIA/DSCF0692.JPG,DSCF0692.JPG,4Z/103MEDIA,0,Other_Amphibian,0.3169,3208.2,2033.7,3321.5,2174.4
/srv/shared_leopard_toad/2025/Documents/06.10-13.10.2025/4Z/103MEDIA/DSCF0692.JPG,DSCF0692.JPG,4Z/103MEDIA,0,Other_Amphibian,0.2303,3202.8,2035.3,3313.8,2174.6
/srv/shared_leopard_toad/2025/Documents/06.10-13.10.2025/4Z/103MEDIA/DSCF0692.JPG,DSCF0692.JPG,4Z/103MEDIA,0,Other_Amphibian,0.2228,3201.0,2032.4,3329.1,2172.8
/srv/shared_leopard_toad/2025/Documents/06.10-13.10.2025/4Z/103MEDIA/DSCF0542.JPG,DSCF0542.JPG,4Z/103MEDIA,0,Other_Amphibian,0.3679,3201.4,2033.7,3327.0,2177.7
/srv/shared_leopard_toad/2025/Documents/06.10-13.10.2025/4Z/103MEDIA/DSCF0542.JPG,DSCF0542.JPG,4Z/103MEDIA,0,Other_Amphibian,0.3425,3216.9,2040.0,3327.2,2185.0
/srv/shared_leopard_toad/2025/Documents/06.10-13.10.2025/4Z/103MEDIA/DSCF0708.JPG,DSCF0708.JPG,4Z/103MEDIA,0,Other_Amphibian,0.2859,3207.2,2032.3,3318.6,2173.9
/srv/shared_leopard_toad/2025/Documents/06.10-13.10.2025/4Z/103MEDIA/DSCF0708.JPG,DSCF0708.JPG,4Z/103MEDIA,0,Other_Amphibian,0.2205,3207.5,2033.1,3315.3,2173.9
/srv/shared_leopard_toad/2025/Documents/06.10-13.10.2025/4Z/103MEDIA/DSCF0846.JPG,DSCF0846.JPG,4Z/103MEDIA,0,Other_Amphibian,0.2991,3207.9,2030.4,3316.9,2172.7
/srv/shared_leopard_toad/2025/Documents/06.10-13.10.2025/4Z/103MEDIA/DSCF0846.JPG,DSCF0846.JPG,4Z/103MEDIA,0,Other_Amphibian,0.2871,3206.2,2033.1,3319.5,2174.9
/srv/shared_leopard_toad/2025/Documents/06.10-13.10.2025/4Z/103MEDIA/DSCF0961.JPG,DSCF0961.JPG,4Z/103MEDIA,0,Other_Amphibian,0.2995,2636.4,2240.0,2789.7,2405.2
/srv/shared_leopard_toad/2025/Documents/06.10-13.10.2025/4Z/103MEDIA/DSCF0804.JPG,DSCF0804.JPG,4Z/103MEDIA,0,Other_Amphibian,0.2370,3209.3,2036.8,3323.4,2177.7
/srv/shared_leopard_toad/2025/Documents/06.10-13.10.2025/4Z/103MEDIA/DSCF0825.JPG,DSCF0825.JPG,4Z/103MEDIA,0,Other_Amphibian,0.3254,3207.4,2029.2,3318.4,2171.7
/srv/shared_leopard_toad/2025/Documents/06.10-13.10.2025/4Z/103MEDIA/DSCF0825.JPG,DSCF0825.JPG,4Z/103MEDIA,0,Other_Amphibian,0.2986,3207.1,2032.4,3321.9,2174.3
/srv/shared_leopard_toad/2025/Documents/06.10-13.10.2025/4Z/103MEDIA/DSCF0825.JPG,DSCF0825.JPG,4Z/103MEDIA,0,Other_Amphibian,0.2144,2692.4,2422.5,2823.0,2555.0
/srv/shared_leopard_toad/2025/Documents/06.10-13.10.2025/4Z/103MEDIA/DSCF0915.JPG,DSCF0915.JPG,4Z/103MEDIA,0,Other_Amphibian,0.2403,3207.4,2036.0,3321.7,2177.3
/srv/shared_leopard_toad/2025/Documents/06.10-13.10.2025/4Z/103MEDIA/DSCF0627.JPG,DSCF0627.JPG,4Z/103MEDIA,0,Other_Amphibian,0.3200,3203.4,2034.0,3330.8,2180.1
/srv/shared_leopard_toad/2025/Documents/06.10-13.10.2025/4Z/103MEDIA/DSCF0627.JPG,DSCF0627.JPG,4Z/103MEDIA,0,Other_Amphibian,0.2562,3214.6,2044.2,3328.8,2190.2
/srv/shared_leopard_toad/2025/Documents/06.10-13.10.2025/4Z/103MEDIA/DSCF0540.JPG,DSCF0540.JPG,4Z/103MEDIA,0,Other_Amphibian,0.2922,3201.9,2035.3,3330.8,2179.1
/srv/shared_leopard_toad/2025/Documents/06.10-13.10.2025/4Z/103MEDIA/DSCF0540.JPG,DSCF0540.JPG,4Z/103MEDIA,0,Other_Amphibian,0.2394,3212.1,2044.6,3326.3,2189.3
/srv/shared_leopard_toad/2025/Documents/06.10-13.10.2025/4Z/103MEDIA/DSCF0540.JPG,DSCF0540.JPG,4Z/103MEDIA,0,Other_Amphibian,0.2372,2692.8,2422.8,2822.6,2554.9
/srv/shared_leopard_toad/2025/Documents/06.10-13.10.2025/4Z/103MEDIA/DSCF0618.JPG,DSCF0618.JPG,4Z/103MEDIA,0,Other_Amphibian,0.2965,3202.7,2035.2,3329.6,2179.9
/srv/shared_leopard_toad/2025/Documents/06.10-13.10.2025/4Z/103MEDIA/DSCF0618.JPG,DSCF0618.JPG,4Z/103MEDIA,0,Other_Amphibian,0.2123,3216.3,2046.1,3330.5,2190.6
/srv/shared_leopard_toad/2025/Documents/06.10-13.10.2025/4Z/103MEDIA/DSCF0584.JPG,DSCF0584.JPG,4Z/103MEDIA,0,Other_Amphibian,0.2989,3200.4,2034.9,3328.8,2180.5
/srv/shared_leopard_toad/2025/Documents/06.10-13.10.2025/4Z/103MEDIA/DSCF0584.JPG,DSCF0584.JPG,4Z/103MEDIA,0,Other_Amphibian,0.2757,3214.9,2041.3,3328.9,2186.8
/srv/shared_leopard_toad/2025/Documents/06.10-13.10.2025/4Z/103MEDIA/DSCF0586.JPG,DSCF0586.JPG,4Z/103MEDIA,0,Other_Amphibian,0.4440,3214.9,2038.4,3330.9,2183.7
/srv/shared_leopard_toad/2025/Documents/06.10-13.10.2025/4Z/103MEDIA/DSCF0586.JPG,DSCF0586.JPG,4Z/103MEDIA,0,Other_Amphibian,0.3451,3207.5,2032.9,3330.5,2179.4
/srv/shared_leopard_toad/2025/Documents/06.10-13.10.2025/4Z/103MEDIA/DSCF0828.JPG,DSCF0828.JPG,4Z/103MEDIA,0,Other_Amphibian,0.2441,3207.6,2034.0,3323.1,2176.9
/srv/shared_leopard_toad/2025/Documents/06.10-13.10.2025/4Z/103MEDIA/DSCF0828.JPG,DSCF0828.JPG,4Z/103MEDIA,0,Other_Amphibian,0.2280,3203.3,2032.2,3315.4,2174.2
/srv/shared_leopard_toad/2025/Documents/06.10-13.10.2025/4Z/103MEDIA/DSCF0555.JPG,DSCF0555.JPG,4Z/103MEDIA,0,Other_Amphibian,0.3096,3202.0,2035.0,3330.3,2180.0
/srv/shared_leopard_toad/2025/Documents/06.10-13.10.2025/4Z/103MEDIA/DSCF0555.JPG,DSCF0555.JPG,4Z/103MEDIA,0,Other_Amphibian,0.2575,3214.6,2043.2,3330.2,2187.9
/srv/shared_leopard_toad/2025/Documents/06.10-13.10.2025/4Z/103MEDIA/DSCF0953.JPG,DSCF0953.JPG,4Z/103MEDIA,0,Other_Amphibian,0.2754,2632.1,2243.6,2790.2,2406.5
/srv/shared_leopard_toad/2025/Documents/06.10-13.10.2025/4Z/103MEDIA/DSCF0587.JPG,DSCF0587.JPG,4Z/103MEDIA,0,Other_Amphibian,0.2912,3202.1,2034.5,3333.3,2180.2
/srv/shared_leopard_toad/2025/Documents/06.10-13.10.2025/4Z/103MEDIA/DSCF0587.JPG,DSCF0587.JPG,4Z/103MEDIA,0,Other_Amphibian,0.2416,3216.8,2044.5,3336.3,2190.0
/srv/shared_leopard_toad/2025/Documents/06.10-13.10.2025/4Z/103MEDIA/DSCF0711.JPG,DSCF0711.JPG,4Z/103MEDIA,0,Other_Amphibian,0.2308,3209.5,2037.1,3323.3,2177.8
/srv/shared_leopard_toad/2025/Documents/06.10-13.10.2025/4Z/103MEDIA/DSCF0563.JPG,DSCF0563.JPG,4Z/103MEDIA,0,Other_Amphibian,0.3677,3200.3,2034.6,3328.7,2181.4
/srv/shared_leopard_toad/2025/Documents/06.10-13.10.2025/4Z/103MEDIA/DSCF0563.JPG,DSCF0563.JPG,4Z/103MEDIA,0,Other_Amphibian,0.3153,3216.2,2040.2,3331.1,2186.6
/srv/shared_leopard_toad/2025/Documents/06.10-13.10.2025/4Z/103MEDIA/DSCF0283.JPG,DSCF0283.JPG,4Z/103MEDIA,0,Other_Amphibian,0.2183,2695.0,2423.2,2820.9,2553.6
/srv/shared_leopard_toad/2025/Documents/06.10-13.10.2025/4Z/103MEDIA/DSCF0710.JPG,DSCF0710.JPG,4Z/103MEDIA,0,Other_Amphibian,0.2458,3211.2,2035.1,3320.4,2176.0
/srv/shared_leopard_toad/2025/Documents/06.10-13.10.2025/4Z/103MEDIA/DSCF0863.JPG,DSCF0863.JPG,4Z/103MEDIA,0,Other_Amphibian,0.2445,3208.4,2033.3,3320.6,2174.9
/srv/shared_leopard_toad/2025/Documents/06.10-13.10.2025/4Z/103MEDIA/DSCF0128.JPG,DSCF0128.JPG,4Z/103MEDIA,0,Other_Amphibian,0.2004,2697.4,2424.7,2823.8,2560.4
/srv/shared_leopard_toad/2025/Documents/06.10-13.10.2025/4Z/103MEDIA/DSCF0570.JPG,DSCF0570.JPG,4Z/103MEDIA,0,Other_Amphibian,0.3198,3202.3,2035.0,3329.3,2179.5
/srv/shared_leopard_toad/2025/Documents/06.10-13.10.2025/4Z/103MEDIA/DSCF0570.JPG,DSCF0570.JPG,4Z/103MEDIA,0,Other_Amphibian,0.2883,3216.5,2040.9,3328.2,2185.5
/srv/shared_leopard_toad/2025/Documents/06.10-13.10.2025/4Z/103MEDIA/DSCF0999.JPG,DSCF0999.JPG,4Z/103MEDIA,0,Other_Amphibian,0.3155,2635.4,2243.6,2791.4,2406.0
/srv/shared_leopard_toad/2025/Documents/06.10-13.10.2025/4Z/103MEDIA/DSCF0894.JPG,DSCF0894.JPG,4Z/103MEDIA,0,Other_Amphibian,0.2427,3207.8,2033.4,3320.9,2174.7
/srv/shared_leopard_toad/2025/Documents/06.10-13.10.2025/4Z/103MEDIA/DSCF0718.JPG,DSCF0718.JPG,4Z/103MEDIA,0,Other_Amphibian,0.2743,3206.0,2033.5,3322.2,2175.5
/srv/shared_leopard_toad/2025/Documents/06.10-13.10.2025/4Z/103MEDIA/DSCF0726.JPG,DSCF0726.JPG,4Z/103MEDIA,0,Other_Amphibian,0.2203,3207.0,2035.3,3319.9,2175.4
/srv/shared_leopard_toad/2025/Documents/06.10-13.10.2025/4Z/103MEDIA/DSCF0440.JPG,DSCF0440.JPG,4Z/103MEDIA,2,Western_Leopard_Toad,0.4641,3933.9,2712.4,4129.9,2860.5
/srv/shared_leopard_toad/2025/Documents/06.10-13.10.2025/4Z/103MEDIA/DSCF0703.JPG,DSCF0703.JPG,4Z/103MEDIA,0,Other_Amphibian,0.2406,3207.7,2036.1,3319.3,2175.4
/srv/shared_leopard_toad/2025/Documents/06.10-13.10.2025/4Z/103MEDIA/DSCF0779.JPG,DSCF0779.JPG,4Z/103MEDIA,0,Other_Amphibian,0.2457,3208.6,2034.8,3320.4,2174.3
/srv/shared_leopard_toad/2025/Documents/06.10-13.10.2025/4Z/103MEDIA/DSCF0881.JPG,DSCF0881.JPG,4Z/103MEDIA,0,Other_Amphibian,0.2131,3209.0,2036.0,3322.6,2175.9
/srv/shared_leopard_toad/2025/Documents/06.10-13.10.2025/4Z/103MEDIA/DSCF0571.JPG,DSCF0571.JPG,4Z/103MEDIA,0,Other_Amphibian,0.3893,3199.7,2033.6,3328.7,2180.2
/srv/shared_leopard_toad/2025/Documents/06.10-13.10.2025/4Z/103MEDIA/DSCF0571.JPG,DSCF0571.JPG,4Z/103MEDIA,0,Other_Amphibian,0.3569,3216.9,2040.0,3330.8,2186.1
/srv/shared_leopard_toad/2025/Documents/06.10-13.10.2025/4Z/103MEDIA/DSCF0958.JPG,DSCF0958.JPG,4Z/103MEDIA,0,Other_Amphibian,0.2108,3208.4,2036.3,3321.4,2176.3
/srv/shared_leopard_toad/2025/Documents/06.10-13.10.2025/4Z/103MEDIA/DSCF0929.JPG,DSCF0929.JPG,4Z/103MEDIA,0,Other_Amphibian,0.2376,2637.0,2242.6,2793.2,2406.7
/srv/shared_leopard_toad/2025/Documents/06.10-13.10.2025/4Z/103MEDIA/DSCF0639.JPG,DSCF0639.JPG,4Z/103MEDIA,0,Other_Amphibian,0.4732,3197.9,2032.3,3328.7,2180.7
/srv/shared_leopard_toad/2025/Documents/06.10-13.10.2025/4Z/103MEDIA/DSCF0639.JPG,DSCF0639.JPG,4Z/103MEDIA,0,Other_Amphibian,0.4614,3212.9,2035.2,3329.4,2183.3
/srv/shared_leopard_toad/2025/Documents/06.10-13.10.2025/4Z/103MEDIA/DSCF0972.JPG,DSCF0972.JPG,4Z/103MEDIA,0,Other_Amphibian,0.2066,2638.6,2242.8,2790.3,2405.3
/srv/shared_leopard_toad/2025/Documents/06.10-13.10.2025/4Z/103MEDIA/DSCF0043.JPG,DSCF0043.JPG,4Z/103MEDIA,0,Other_Amphibian,0.2087,2697.0,2423.2,2821.7,2558.0
/srv/shared_leopard_toad/2025/Documents/06.10-13.10.2025/4Z/103MEDIA/DSCF0603.JPG,DSCF0603.JPG,4Z/103MEDIA,0,Other_Amphibian,0.3556,3197.3,2034.0,3325.7,2179.1
/srv/shared_leopard_toad/2025/Documents/06.10-13.10.2025/4Z/103MEDIA/DSCF0603.JPG,DSCF0603.JPG,4Z/103MEDIA,0,Other_Amphibian,0.3443,3213.9,2036.0,3327.1,2180.9
/srv/shared_leopard_toad/2025/Documents/06.10-13.10.2025/4Z/103MEDIA/DSCF0603.JPG,DSCF0603.JPG,4Z/103MEDIA,0,Other_Amphibian,0.2308,3211.8,2039.7,3324.5,2183.8
/srv/shared_leopard_toad/2025/Documents/06.10-13.10.2025/4Z/103MEDIA/DSCF0492.JPG,DSCF0492.JPG,4Z/103MEDIA,0,Other_Amphibian,0.2034,2693.7,2423.8,2822.1,2554.0
/srv/shared_leopard_toad/2025/Documents/06.10-13.10.2025/4Z/103MEDIA/DSCF0530.JPG,DSCF0530.JPG,4Z/103MEDIA,0,Other_Amphibian,0.3905,3200.3,2035.5,3328.7,2180.0
/srv/shared_leopard_toad/2025/Documents/06.10-13.10.2025/4Z/103MEDIA/DSCF0530.JPG,DSCF0530.JPG,4Z/103MEDIA,0,Other_Amphibian,0.3679,3217.0,2041.3,3332.1,2185.8
/srv/shared_leopard_toad/2025/Documents/06.10-13.10.2025/4Z/103MEDIA/DSCF0654.JPG,DSCF0654.JPG,4Z/103MEDIA,0,Other_Amphibian,0.3406,3201.0,2033.5,3330.2,2179.1
/srv/shared_leopard_toad/2025/Documents/06.10-13.10.2025/4Z/103MEDIA/DSCF0654.JPG,DSCF0654.JPG,4Z/103MEDIA,0,Other_Amphibian,0.3296,3215.8,2037.0,3329.8,2182.3
/srv/shared_leopard_toad/2025/Documents/06.10-13.10.2025/4Z/103MEDIA/DSCF0887.JPG,DSCF0887.JPG,4Z/103MEDIA,0,Other_Amphibian,0.2770,3207.7,2033.4,3320.5,2174.2
/srv/shared_leopard_toad/2025/Documents/06.10-13.10.2025/4Z/103MEDIA/DSCF0971.JPG,DSCF0971.JPG,4Z/103MEDIA,0,Other_Amphibian,0.3778,2632.6,2241.0,2788.3,2405.3
/srv/shared_leopard_toad/2025/Documents/06.10-13.10.2025/4Z/103MEDIA/DSCF0971.JPG,DSCF0971.JPG,4Z/103MEDIA,0,Other_Amphibian,0.2797,3204.7,2034.1,3316.9,2174.5
/srv/shared_leopard_toad/2025/Documents/06.10-13.10.2025/4Z/103MEDIA/DSCF0971.JPG,DSCF0971.JPG,4Z/103MEDIA,0,Other_Amphibian,0.2781,3205.0,2032.5,3313.3,2172.7
/srv/shared_leopard_toad/2025/Documents/06.10-13.10.2025/4Z/103MEDIA/DSCF0954.JPG,DSCF0954.JPG,4Z/103MEDIA,0,Other_Amphibian,0.3012,2635.2,2241.7,2790.5,2405.6
/srv/shared_leopard_toad/2025/Documents/06.10-13.10.2025/4Z/103MEDIA/DSCF0954.JPG,DSCF0954.JPG,4Z/103MEDIA,0,Other_Amphibian,0.2743,3203.0,2032.8,3314.7,2174.6
/srv/shared_leopard_toad/2025/Documents/06.10-13.10.2025/4Z/103MEDIA/DSCF0954.JPG,DSCF0954.JPG,4Z/103MEDIA,0,Other_Amphibian,0.2654,3205.6,2033.6,3320.4,2175.4
/srv/shared_leopard_toad/2025/Documents/06.10-13.10.2025/4Z/103MEDIA/DSCF0799.JPG,DSCF0799.JPG,4Z/103MEDIA,0,Other_Amphibian,0.2132,3208.1,2034.0,3320.6,2176.0
/srv/shared_leopard_toad/2025/Documents/06.10-13.10.2025/4Z/103MEDIA/DSCF0093.JPG,DSCF0093.JPG,4Z/103MEDIA,0,Other_Amphibian,0.8039,3881.2,2238.9,4056.4,2446.0
/srv/shared_leopard_toad/2025/Documents/06.10-13.10.2025/4Z/103MEDIA/DSCF0682.JPG,DSCF0682.JPG,4Z/103MEDIA,0,Other_Amphibian,0.2121,3209.2,2036.0,3322.7,2177.4
/srv/shared_leopard_toad/2025/Documents/06.10-13.10.2025/4Z/103MEDIA/DSCF0535.JPG,DSCF0535.JPG,4Z/103MEDIA,0,Other_Amphibian,0.3817,3201.6,2035.6,3330.8,2179.9
/srv/shared_leopard_toad/2025/Documents/06.10-13.10.2025/4Z/103MEDIA/DSCF0535.JPG,DSCF0535.JPG,4Z/103MEDIA,0,Other_Amphibian,0.3188,3216.5,2046.4,3332.3,2190.7
/srv/shared_leopard_toad/2025/Documents/06.10-13.10.2025/4Z/103MEDIA/DSCF0787.JPG,DSCF0787.JPG,4Z/103MEDIA,0,Other_Amphibian,0.2796,3207.3,2032.3,3320.4,2175.1
/srv/shared_leopard_toad/2025/Documents/06.10-13.10.2025/4Z/103MEDIA/DSCF0756.JPG,DSCF0756.JPG,4Z/103MEDIA,0,Other_Amphibian,0.4008,3208.9,2028.9,3322.3,2172.1
/srv/shared_leopard_toad/2025/Documents/06.10-13.10.2025/4Z/103MEDIA/DSCF0756.JPG,DSCF0756.JPG,4Z/103MEDIA,0,Other_Amphibian,0.3603,3207.6,2031.3,3323.2,2174.0
/srv/shared_leopard_toad/2025/Documents/06.10-13.10.2025/4Z/103MEDIA/DSCF0756.JPG,DSCF0756.JPG,4Z/103MEDIA,0,Other_Amphibian,0.2013,3199.4,2032.8,3330.1,2174.0
/srv/shared_leopard_toad/2025/Documents/06.10-13.10.2025/4Z/103MEDIA/DSCF0614.JPG,DSCF0614.JPG,4Z/103MEDIA,0,Other_Amphibian,0.3152,3200.4,2034.5,3329.6,2180.0
/srv/shared_leopard_toad/2025/Documents/06.10-13.10.2025/4Z/103MEDIA/DSCF0614.JPG,DSCF0614.JPG,4Z/103MEDIA,0,Other_Amphibian,0.2839,3215.5,2040.2,3330.2,2185.8
/srv/shared_leopard_toad/2025/Documents/06.10-13.10.2025/4Z/103MEDIA/DSCF0597.JPG,DSCF0597.JPG,4Z/103MEDIA,0,Other_Amphibian,0.3504,3199.7,2034.8,3330.4,2179.9
/srv/shared_leopard_toad/2025/Documents/06.10-13.10.2025/4Z/103MEDIA/DSCF0597.JPG,DSCF0597.JPG,4Z/103MEDIA,0,Other_Amphibian,0.3266,3215.9,2038.7,3332.0,2183.3
/srv/shared_leopard_toad/2025/Documents/06.10-13.10.2025/4Z/103MEDIA/DSCF0715.JPG,DSCF0715.JPG,4Z/103MEDIA,0,Other_Amphibian,0.2856,3207.5,2033.9,3317.5,2174.3
/srv/shared_leopard_toad/2025/Documents/06.10-13.10.2025/4Z/103MEDIA/DSCF0715.JPG,DSCF0715.JPG,4Z/103MEDIA,0,Other_Amphibian,0.2161,3201.8,2032.6,3324.3,2172.6
/srv/shared_leopard_toad/2025/Documents/06.10-13.10.2025/4Z/103MEDIA/DSCF0715.JPG,DSCF0715.JPG,4Z/103MEDIA,0,Other_Amphibian,0.2005,3204.3,2037.1,3310.3,2176.8
/srv/shared_leopard_toad/2025/Documents/06.10-13.10.2025/4Z/103MEDIA/DSCF0441.JPG,DSCF0441.JPG,4Z/103MEDIA,0,Other_Amphibian,0.2338,2688.9,2423.0,2820.7,2556.4
/srv/shared_leopard_toad/2025/Documents/06.10-13.10.2025/4Z/103MEDIA/DSCF0976.JPG,DSCF0976.JPG,4Z/103MEDIA,0,Other_Amphibian,0.2419,2638.5,2242.5,2789.2,2404.7
/srv/shared_leopard_toad/2025/Documents/06.10-13.10.2025/4Z/103MEDIA/DSCF0814.JPG,DSCF0814.JPG,4Z/103MEDIA,0,Other_Amphibian,0.3302,3208.2,2030.1,3320.7,2172.7
/srv/shared_leopard_toad/2025/Documents/06.10-13.10.2025/4Z/103MEDIA/DSCF0814.JPG,DSCF0814.JPG,4Z/103MEDIA,0,Other_Amphibian,0.2652,3206.1,2030.3,3315.2,2171.9
/srv/shared_leopard_toad/2025/Documents/06.10-13.10.2025/4Z/103MEDIA/DSCF0737.JPG,DSCF0737.JPG,4Z/103MEDIA,0,Other_Amphibian,0.2356,4553.1,2197.3,4709.6,2377.6
/srv/shared_leopard_toad/2025/Documents/06.10-13.10.2025/4Z/103MEDIA/DSCF0737.JPG,DSCF0737.JPG,4Z/103MEDIA,0,Other_Amphibian,0.2008,3211.8,2036.2,3317.7,2177.5
/srv/shared_leopard_toad/2025/Documents/06.10-13.10.2025/4Z/103MEDIA/DSCF0684.JPG,DSCF0684.JPG,4Z/103MEDIA,0,Other_Amphibian,0.2464,3207.5,2035.7,3319.9,2176.1
/srv/shared_leopard_toad/2025/Documents/06.10-13.10.2025/4Z/103MEDIA/DSCF0546.JPG,DSCF0546.JPG,4Z/103MEDIA,0,Other_Amphibian,0.4017,3198.2,2034.5,3329.7,2179.7
/srv/shared_leopard_toad/2025/Documents/06.10-13.10.2025/4Z/103MEDIA/DSCF0546.JPG,DSCF0546.JPG,4Z/103MEDIA,0,Other_Amphibian,0.3658,3213.8,2041.6,3332.3,2186.1
/srv/shared_leopard_toad/2025/Documents/06.10-13.10.2025/4Z/103MEDIA/DSCF0743.JPG,DSCF0743.JPG,4Z/103MEDIA,0,Other_Amphibian,0.3870,3205.8,2030.3,3318.8,2174.0
/srv/shared_leopard_toad/2025/Documents/06.10-13.10.2025/4Z/103MEDIA/DSCF0743.JPG,DSCF0743.JPG,4Z/103MEDIA,0,Other_Amphibian,0.3493,3204.5,2032.3,3321.2,2175.4
/srv/shared_leopard_toad/2025/Documents/06.10-13.10.2025/4Z/103MEDIA/DSCF0743.JPG,DSCF0743.JPG,4Z/103MEDIA,0,Other_Amphibian,0.2081,3196.9,2032.5,3328.2,2174.6
/srv/shared_leopard_toad/2025/Documents/06.10-13.10.2025/4Z/103MEDIA/DSCF0694.JPG,DSCF0694.JPG,4Z/103MEDIA,0,Other_Amphibian,0.2848,3207.9,2035.1,3322.0,2176.0
/srv/shared_leopard_toad/2025/Documents/06.10-13.10.2025/4Z/103MEDIA/DSCF0694.JPG,DSCF0694.JPG,4Z/103MEDIA,0,Other_Amphibian,0.2440,3203.2,2033.5,3314.9,2174.0
/srv/shared_leopard_toad/2025/Documents/06.10-13.10.2025/4Z/103MEDIA/DSCF0969.JPG,DSCF0969.JPG,4Z/103MEDIA,0,Other_Amphibian,0.2950,2630.6,2242.6,2788.0,2407.5
/srv/shared_leopard_toad/2025/Documents/06.10-13.10.2025/4Z/103MEDIA/DSCF0969.JPG,DSCF0969.JPG,4Z/103MEDIA,0,Other_Amphibian,0.2342,3206.9,2033.9,3321.4,2175.8
/srv/shared_leopard_toad/2025/Documents/06.10-13.10.2025/4Z/103MEDIA/DSCF0032.JPG,DSCF0032.JPG,4Z/103MEDIA,0,Other_Amphibian,0.2290,2691.3,2424.2,2823.1,2556.6
/srv/shared_leopard_toad/2025/Documents/06.10-13.10.2025/4Z/103MEDIA/DSCF0598.JPG,DSCF0598.JPG,4Z/103MEDIA,0,Other_Amphibian,0.2789,3218.0,2042.2,3331.5,2187.6
/srv/shared_leopard_toad/2025/Documents/06.10-13.10.2025/4Z/103MEDIA/DSCF0598.JPG,DSCF0598.JPG,4Z/103MEDIA,0,Other_Amphibian,0.2677,3199.6,2034.2,3328.9,2179.8
/srv/shared_leopard_toad/2025/Documents/06.10-13.10.2025/4Z/103MEDIA/DSCF0905.JPG,DSCF0905.JPG,4Z/103MEDIA,0,Other_Amphibian,0.2773,3207.3,2034.0,3320.1,2173.0
/srv/shared_leopard_toad/2025/Documents/06.10-13.10.2025/4Z/103MEDIA/DSCF0932.JPG,DSCF0932.JPG,4Z/103MEDIA,0,Other_Amphibian,0.4136,2630.4,2240.3,2794.2,2404.7
/srv/shared_leopard_toad/2025/Documents/06.10-13.10.2025/4Z/103MEDIA/DSCF0928.JPG,DSCF0928.JPG,4Z/103MEDIA,0,Other_Amphibian,0.3708,2631.1,2241.0,2790.2,2406.3
/srv/shared_leopard_toad/2025/Documents/06.10-13.10.2025/4Z/103MEDIA/DSCF0928.JPG,DSCF0928.JPG,4Z/103MEDIA,0,Other_Amphibian,0.3227,3205.9,2029.2,3316.0,2171.2
/srv/shared_leopard_toad/2025/Documents/06.10-13.10.2025/4Z/103MEDIA/DSCF0928.JPG,DSCF0928.JPG,4Z/103MEDIA,0,Other_Amphibian,0.2789,3206.1,2032.6,3319.3,2173.9
/srv/shared_leopard_toad/2025/Documents/06.10-13.10.2025/4Z/103MEDIA/DSCF0960.JPG,DSCF0960.JPG,4Z/103MEDIA,0,Other_Amphibian,0.2661,2636.3,2240.2,2792.0,2404.5
/srv/shared_leopard_toad/2025/Documents/06.10-13.10.2025/4Z/103MEDIA/DSCF0960.JPG,DSCF0960.JPG,4Z/103MEDIA,0,Other_Amphibian,0.2567,3206.1,2032.7,3318.5,2174.2
/srv/shared_leopard_toad/2025/Documents/06.10-13.10.2025/4Z/103MEDIA/DSCF0960.JPG,DSCF0960.JPG,4Z/103MEDIA,0,Other_Amphibian,0.2040,3198.2,2034.8,3308.6,2175.5
/srv/shared_leopard_toad/2025/Documents/06.10-13.10.2025/4Z/103MEDIA/DSCF0021.JPG,DSCF0021.JPG,4Z/103MEDIA,0,Other_Amphibian,0.2276,2692.0,2424.4,2823.3,2556.9
/srv/shared_leopard_toad/2025/Documents/06.10-13.10.2025/4Z/103MEDIA/DSCF0334.JPG,DSCF0334.JPG,4Z/103MEDIA,0,Other_Amphibian,0.4798,3474.0,1946.5,3684.1,2137.7
/srv/shared_leopard_toad/2025/Documents/06.10-13.10.2025/4Z/103MEDIA/DSCF0815.JPG,DSCF0815.JPG,4Z/103MEDIA,0,Other_Amphibian,0.2294,3206.5,2034.0,3319.2,2175.5
/srv/shared_leopard_toad/2025/Documents/06.10-13.10.2025/4Z/103MEDIA/DSCF0696.JPG,DSCF0696.JPG,4Z/103MEDIA,0,Other_Amphibian,0.3009,3207.0,2035.3,3319.2,2175.1
/srv/shared_leopard_toad/2025/Documents/06.10-13.10.2025/4Z/103MEDIA/DSCF0696.JPG,DSCF0696.JPG,4Z/103MEDIA,0,Other_Amphibian,0.2838,3206.1,2033.6,3315.8,2173.7
/srv/shared_leopard_toad/2025/Documents/06.10-13.10.2025/4Z/103MEDIA/DSCF0696.JPG,DSCF0696.JPG,4Z/103MEDIA,0,Other_Amphibian,0.2374,3198.8,2033.3,3325.8,2173.2
/srv/shared_leopard_toad/2025/Documents/06.10-13.10.2025/4Z/103MEDIA/DSCF0946.JPG,DSCF0946.JPG,4Z/103MEDIA,0,Other_Amphibian,0.2909,2637.5,2242.2,2790.1,2404.3
/srv/shared_leopard_toad/2025/Documents/06.10-13.10.2025/4Z/103MEDIA/DSCF0569.JPG,DSCF0569.JPG,4Z/103MEDIA,0,Other_Amphibian,0.3470,3202.7,2036.6,3331.7,2179.6
/srv/shared_leopard_toad/2025/Documents/06.10-13.10.2025/4Z/103MEDIA/DSCF0569.JPG,DSCF0569.JPG,4Z/103MEDIA,0,Other_Amphibian,0.3075,3215.5,2041.6,3330.7,2184.5
/srv/shared_leopard_toad/2025/Documents/06.10-13.10.2025/4Z/103MEDIA/DSCF0974.JPG,DSCF0974.JPG,4Z/103MEDIA,0,Other_Amphibian,0.3268,2628.9,2240.7,2788.2,2405.5
/srv/shared_leopard_toad/2025/Documents/06.10-13.10.2025/4Z/103MEDIA/DSCF0831.JPG,DSCF0831.JPG,4Z/103MEDIA,0,Other_Amphibian,0.2235,3208.5,2037.1,3320.4,2176.6
/srv/shared_leopard_toad/2025/Documents/06.10-13.10.2025/4Z/103MEDIA/DSCF0977.JPG,DSCF0977.JPG,4Z/103MEDIA,0,Other_Amphibian,0.3212,3208.1,2031.9,3318.6,2172.5
/srv/shared_leopard_toad/2025/Documents/06.10-13.10.2025/4Z/103MEDIA/DSCF0977.JPG,DSCF0977.JPG,4Z/103MEDIA,0,Other_Amphibian,0.2525,3206.9,2031.8,3314.0,2171.9
/srv/shared_leopard_toad/2025/Documents/06.10-13.10.2025/4Z/103MEDIA/DSCF0977.JPG,DSCF0977.JPG,4Z/103MEDIA,0,Other_Amphibian,0.2294,2637.6,2242.6,2790.5,2406.1
/srv/shared_leopard_toad/2025/Documents/06.10-13.10.2025/4Z/103MEDIA/DSCF0806.JPG,DSCF0806.JPG,4Z/103MEDIA,0,Other_Amphibian,0.2104,3209.6,2036.6,3325.3,2178.0
/srv/shared_leopard_toad/2025/Documents/06.10-13.10.2025/4Z/103MEDIA/DSCF0552.JPG,DSCF0552.JPG,4Z/103MEDIA,0,Other_Amphibian,0.2857,3203.6,2034.7,3329.0,2179.0
/srv/shared_leopard_toad/2025/Documents/06.10-13.10.2025/4Z/103MEDIA/DSCF0552.JPG,DSCF0552.JPG,4Z/103MEDIA,0,Other_Amphibian,0.2136,3212.8,2043.6,3324.5,2188.3
/srv/shared_leopard_toad/2025/Documents/06.10-13.10.2025/4Z/103MEDIA/DSCF0575.JPG,DSCF0575.JPG,4Z/103MEDIA,0,Other_Amphibian,0.4026,3199.7,2035.1,3328.3,2180.4
/srv/shared_leopard_toad/2025/Documents/06.10-13.10.2025/4Z/103MEDIA/DSCF0575.JPG,DSCF0575.JPG,4Z/103MEDIA,0,Other_Amphibian,0.3836,3214.9,2040.5,3330.4,2185.3
/srv/shared_leopard_toad/2025/Documents/06.10-13.10.2025/4Z/103MEDIA/DSCF0818.JPG,DSCF0818.JPG,4Z/103MEDIA,0,Other_Amphibian,0.2864,3207.5,2032.4,3321.4,2175.0
/srv/shared_leopard_toad/2025/Documents/06.10-13.10.2025/4Z/103MEDIA/DSCF0818.JPG,DSCF0818.JPG,4Z/103MEDIA,0,Other_Amphibian,0.2028,3200.0,2036.0,3309.8,2177.3
/srv/shared_leopard_toad/2025/Documents/06.10-13.10.2025/4Z/103MEDIA/DSCF0583.JPG,DSCF0583.JPG,4Z/103MEDIA,0,Other_Amphibian,0.3247,3200.2,2034.5,3327.9,2179.4
/srv/shared_leopard_toad/2025/Documents/06.10-13.10.2025/4Z/103MEDIA/DSCF0583.JPG,DSCF0583.JPG,4Z/103MEDIA,0,Other_Amphibian,0.2738,3214.6,2042.2,3328.7,2187.0
/srv/shared_leopard_toad/2025/Documents/06.10-13.10.2025/4Z/103MEDIA/DSCF0952.JPG,DSCF0952.JPG,4Z/103MEDIA,0,Other_Amphibian,0.2358,3209.2,2034.4,3321.2,2175.4
/srv/shared_leopard_toad/2025/Documents/06.10-13.10.2025/4Z/103MEDIA/DSCF0382.JPG,DSCF0382.JPG,4Z/103MEDIA,0,Other_Amphibian,0.2349,2689.8,2423.2,2821.4,2557.8
/srv/shared_leopard_toad/2025/Documents/06.10-13.10.2025/4Z/103MEDIA/DSCF0162.JPG,DSCF0162.JPG,4Z/103MEDIA,0,Other_Amphibian,0.3035,2690.8,2423.6,2822.7,2555.7
/srv/shared_leopard_toad/2025/Documents/06.10-13.10.2025/4Z/103MEDIA/DSCF0162.JPG,DSCF0162.JPG,4Z/103MEDIA,0,Other_Amphibian,0.2432,2687.0,2421.3,2816.7,2559.6
/srv/shared_leopard_toad/2025/Documents/06.10-13.10.2025/4Z/103MEDIA/DSCF0797.JPG,DSCF0797.JPG,4Z/103MEDIA,0,Other_Amphibian,0.2770,3207.1,2032.1,3319.3,2173.7
/srv/shared_leopard_toad/2025/Documents/06.10-13.10.2025/4Z/103MEDIA/DSCF0797.JPG,DSCF0797.JPG,4Z/103MEDIA,0,Other_Amphibian,0.2108,3199.4,2035.5,3307.2,2176.4
/srv/shared_leopard_toad/2025/Documents/06.10-13.10.2025/4Z/103MEDIA/DSCF0797.JPG,DSCF0797.JPG,4Z/103MEDIA,0,Other_Amphibian,0.2017,3200.1,2031.5,3326.5,2171.9
/srv/shared_leopard_toad/2025/Documents/06.10-13.10.2025/4Z/103MEDIA/DSCF0665.JPG,DSCF0665.JPG,4Z/103MEDIA,0,Other_Amphibian,0.3406,3200.7,2034.6,3329.9,2180.6
/srv/shared_leopard_toad/2025/Documents/06.10-13.10.2025/4Z/103MEDIA/DSCF0665.JPG,DSCF0665.JPG,4Z/103MEDIA,0,Other_Amphibian,0.2969,3214.6,2041.9,3328.8,2188.7
/srv/shared_leopard_toad/2025/Documents/06.10-13.10.2025/4Z/103MEDIA/DSCF0630.JPG,DSCF0630.JPG,4Z/103MEDIA,0,Other_Amphibian,0.3147,3206.4,2034.8,3332.6,2180.3
/srv/shared_leopard_toad/2025/Documents/06.10-13.10.2025/4Z/103MEDIA/DSCF0630.JPG,DSCF0630.JPG,4Z/103MEDIA,0,Other_Amphibian,0.2344,3215.8,2046.0,3330.5,2191.2
/srv/shared_leopard_toad/2025/Documents/06.10-13.10.2025/4Z/103MEDIA/DSCF0776.JPG,DSCF0776.JPG,4Z/103MEDIA,0,Other_Amphibian,0.3145,3206.6,2033.3,3318.3,2174.5
/srv/shared_leopard_toad/2025/Documents/06.10-13.10.2025/4Z/103MEDIA/DSCF0776.JPG,DSCF0776.JPG,4Z/103MEDIA,0,Other_Amphibian,0.2644,3204.9,2032.0,3313.2,2173.7
/srv/shared_leopard_toad/2025/Documents/06.10-13.10.2025/4Z/103MEDIA/DSCF0957.JPG,DSCF0957.JPG,4Z/103MEDIA,0,Other_Amphibian,0.2645,2638.5,2241.5,2790.8,2404.5
/srv/shared_leopard_toad/2025/Documents/06.10-13.10.2025/4Z/103MEDIA/DSCF0957.JPG,DSCF0957.JPG,4Z/103MEDIA,0,Other_Amphibian,0.2110,3203.4,2032.1,3314.8,2174.0
/srv/shared_leopard_toad/2025/Documents/06.10-13.10.2025/4Z/103MEDIA/DSCF0557.JPG,DSCF0557.JPG,4Z/103MEDIA,0,Other_Amphibian,0.3497,3199.1,2033.6,3330.0,2180.1
/srv/shared_leopard_toad/2025/Documents/06.10-13.10.2025/4Z/103MEDIA/DSCF0557.JPG,DSCF0557.JPG,4Z/103MEDIA,0,Other_Amphibian,0.3492,3214.1,2035.9,3330.3,2182.0
/srv/shared_leopard_toad/2025/Documents/06.10-13.10.2025/4Z/103MEDIA/DSCF0496.JPG,DSCF0496.JPG,4Z/103MEDIA,0,Other_Amphibian,0.7807,3430.1,1538.6,3609.6,1761.0
/srv/shared_leopard_toad/2025/Documents/06.10-13.10.2025/4Z/103MEDIA/DSCF0035.JPG,DSCF0035.JPG,4Z/103MEDIA,0,Other_Amphibian,0.2141,2693.1,2421.9,2822.3,2556.2
/srv/shared_leopard_toad/2025/Documents/06.10-13.10.2025/4Z/103MEDIA/DSCF0995.JPG,DSCF0995.JPG,4Z/103MEDIA,0,Other_Amphibian,0.2459,3209.6,2034.5,3321.1,2175.8
/srv/shared_leopard_toad/2025/Documents/06.10-13.10.2025/4Z/103MEDIA/DSCF0995.JPG,DSCF0995.JPG,4Z/103MEDIA,0,Other_Amphibian,0.2438,2638.1,2243.6,2790.2,2406.0
/srv/shared_leopard_toad/2025/Documents/06.10-13.10.2025/4Z/103MEDIA/DSCF0004.JPG,DSCF0004.JPG,4Z/103MEDIA,0,Other_Amphibian,0.2915,2691.1,2426.0,2822.3,2557.2
/srv/shared_leopard_toad/2025/Documents/06.10-13.10.2025/4Z/103MEDIA/DSCF0004.JPG,DSCF0004.JPG,4Z/103MEDIA,0,Other_Amphibian,0.2029,2677.1,2424.1,2809.1,2557.3
/srv/shared_leopard_toad/2025/Documents/06.10-13.10.2025/4Z/103MEDIA/DSCF0897.JPG,DSCF0897.JPG,4Z/103MEDIA,0,Other_Amphibian,0.2849,3209.6,2035.1,3323.3,2176.3
/srv/shared_leopard_toad/2025/Documents/06.10-13.10.2025/4Z/103MEDIA/DSCF0897.JPG,DSCF0897.JPG,4Z/103MEDIA,0,Other_Amphibian,0.2692,3206.7,2033.0,3316.4,2173.8
/srv/shared_leopard_toad/2025/Documents/06.10-13.10.2025/4Z/103MEDIA/DSCF0628.JPG,DSCF0628.JPG,4Z/103MEDIA,0,Other_Amphibian,0.3734,3200.0,2034.5,3327.7,2178.9
/srv/shared_leopard_toad/2025/Documents/06.10-13.10.2025/4Z/103MEDIA/DSCF0628.JPG,DSCF0628.JPG,4Z/103MEDIA,0,Other_Amphibian,0.3611,3214.7,2039.1,3328.4,2184.0
/srv/shared_leopard_toad/2025/Documents/06.10-13.10.2025/4Z/103MEDIA/DSCF0793.JPG,DSCF0793.JPG,4Z/103MEDIA,0,Other_Amphibian,0.2372,3207.3,2034.3,3322.0,2175.3
/srv/shared_leopard_toad/2025/Documents/06.10-13.10.2025/4Z/103MEDIA/DSCF0879.JPG,DSCF0879.JPG,4Z/103MEDIA,0,Other_Amphibian,0.2529,3206.4,2034.4,3319.0,2174.4
/srv/shared_leopard_toad/2025/Documents/06.10-13.10.2025/4Z/103MEDIA/DSCF0646.JPG,DSCF0646.JPG,4Z/103MEDIA,0,Other_Amphibian,0.3310,3200.5,2036.5,3329.7,2181.1
/srv/shared_leopard_toad/2025/Documents/06.10-13.10.2025/4Z/103MEDIA/DSCF0646.JPG,DSCF0646.JPG,4Z/103MEDIA,0,Other_Amphibian,0.2908,3217.9,2046.1,3333.5,2190.2
/srv/shared_leopard_toad/2025/Documents/06.10-13.10.2025/4Z/103MEDIA/DSCF0859.JPG,DSCF0859.JPG,4Z/103MEDIA,0,Other_Amphibian,0.2863,3207.3,2034.8,3321.3,2174.7
/srv/shared_leopard_toad/2025/Documents/06.10-13.10.2025/4Z/103MEDIA/DSCF0859.JPG,DSCF0859.JPG,4Z/103MEDIA,0,Other_Amphibian,0.2195,3204.8,2034.9,3314.1,2174.1
/srv/shared_leopard_toad/2025/Documents/06.10-13.10.2025/4Z/103MEDIA/DSCF0547.JPG,DSCF0547.JPG,4Z/103MEDIA,0,Other_Amphibian,0.3645,3201.8,2035.1,3330.0,2178.5
/srv/shared_leopard_toad/2025/Documents/06.10-13.10.2025/4Z/103MEDIA/DSCF0547.JPG,DSCF0547.JPG,4Z/103MEDIA,0,Other_Amphibian,0.3539,3217.2,2041.4,3331.3,2184.2
/srv/shared_leopard_toad/2025/Documents/06.10-13.10.2025/4Z/103MEDIA/DSCF0919.JPG,DSCF0919.JPG,4Z/103MEDIA,0,Other_Amphibian,0.2559,3211.8,2036.9,3325.1,2178.8
/srv/shared_leopard_toad/2025/Documents/06.10-13.10.2025/4Z/103MEDIA/DSCF0002.JPG,DSCF0002.JPG,4Z/103MEDIA,0,Other_Amphibian,0.3038,2691.7,2424.7,2823.2,2557.0
/srv/shared_leopard_toad/2025/Documents/06.10-13.10.2025/4Z/103MEDIA/DSCF0845.JPG,DSCF0845.JPG,4Z/103MEDIA,0,Other_Amphibian,0.3281,3206.0,2032.5,3319.6,2172.3
/srv/shared_leopard_toad/2025/Documents/06.10-13.10.2025/4Z/103MEDIA/DSCF0845.JPG,DSCF0845.JPG,4Z/103MEDIA,0,Other_Amphibian,0.2295,3199.8,2035.7,3309.3,2174.5
/srv/shared_leopard_toad/2025/Documents/06.10-13.10.2025/4Z/103MEDIA/DSCF0751.JPG,DSCF0751.JPG,4Z/103MEDIA,0,Other_Amphibian,0.2263,3207.2,2034.9,3320.6,2176.4
/srv/shared_leopard_toad/2025/Documents/06.10-13.10.2025/4Z/103MEDIA/DSCF0578.JPG,DSCF0578.JPG,4Z/103MEDIA,0,Other_Amphibian,0.3606,3200.5,2034.1,3327.1,2180.1
/srv/shared_leopard_toad/2025/Documents/06.10-13.10.2025/4Z/103MEDIA/DSCF0578.JPG,DSCF0578.JPG,4Z/103MEDIA,0,Other_Amphibian,0.2901,3216.3,2042.4,3329.5,2188.5
/srv/shared_leopard_toad/2025/Documents/06.10-13.10.2025/4Z/103MEDIA/DSCF0847.JPG,DSCF0847.JPG,4Z/103MEDIA,0,Other_Amphibian,0.3634,3206.1,2031.8,3320.6,2173.2
/srv/shared_leopard_toad/2025/Documents/06.10-13.10.2025/4Z/103MEDIA/DSCF0847.JPG,DSCF0847.JPG,4Z/103MEDIA,0,Other_Amphibian,0.3165,3209.4,2030.9,3319.3,2172.1
/srv/shared_leopard_toad/2025/Documents/06.10-13.10.2025/4Z/103MEDIA/DSCF0803.JPG,DSCF0803.JPG,4Z/103MEDIA,0,Other_Amphibian,0.2281,3210.5,2037.0,3322.0,2177.0
/srv/shared_leopard_toad/2025/Documents/06.10-13.10.2025/4Z/103MEDIA/DSCF0819.JPG,DSCF0819.JPG,4Z/103MEDIA,0,Other_Amphibian,0.2010,3212.4,2038.7,3324.9,2178.3
/srv/shared_leopard_toad/2025/Documents/06.10-13.10.2025/4Z/103MEDIA/DSCF0680.JPG,DSCF0680.JPG,4Z/103MEDIA,0,Other_Amphibian,0.2532,3206.0,2032.9,3319.3,2174.2
/srv/shared_leopard_toad/2025/Documents/06.10-13.10.2025/4Z/103MEDIA/DSCF0037.JPG,DSCF0037.JPG,4Z/103MEDIA,0,Other_Amphibian,0.3001,2689.4,2423.4,2822.0,2555.1
/srv/shared_leopard_toad/2025/Documents/06.10-13.10.2025/4Z/103MEDIA/DSCF0037.JPG,DSCF0037.JPG,4Z/103MEDIA,0,Other_Amphibian,0.2247,2679.5,2421.6,2812.1,2557.0
/srv/shared_leopard_toad/2025/Documents/06.10-13.10.2025/4Z/103MEDIA/DSCF0641.JPG,DSCF0641.JPG,4Z/103MEDIA,0,Other_Amphibian,0.3284,3200.0,2034.4,3328.9,2179.7
/srv/shared_leopard_toad/2025/Documents/06.10-13.10.2025/4Z/103MEDIA/DSCF0641.JPG,DSCF0641.JPG,4Z/103MEDIA,0,Other_Amphibian,0.2672,3215.7,2044.6,3329.8,2190.3
/srv/shared_leopard_toad/2025/Documents/06.10-13.10.2025/4Z/103MEDIA/DSCF0624.JPG,DSCF0624.JPG,4Z/103MEDIA,0,Other_Amphibian,0.3875,3201.3,2034.3,3329.2,2179.0
/srv/shared_leopard_toad/2025/Documents/06.10-13.10.2025/4Z/103MEDIA/DSCF0624.JPG,DSCF0624.JPG,4Z/103MEDIA,0,Other_Amphibian,0.3418,3215.7,2038.9,3328.9,2183.9
/srv/shared_leopard_toad/2025/Documents/06.10-13.10.2025/4Z/103MEDIA/DSCF0561.JPG,DSCF0561.JPG,4Z/103MEDIA,0,Other_Amphibian,0.4093,3200.0,2032.3,3327.1,2179.4
/srv/shared_leopard_toad/2025/Documents/06.10-13.10.2025/4Z/103MEDIA/DSCF0561.JPG,DSCF0561.JPG,4Z/103MEDIA,0,Other_Amphibian,0.4065,3215.4,2034.3,3328.2,2181.7
/srv/shared_leopard_toad/2025/Documents/06.10-13.10.2025/4Z/103MEDIA/DSCF0616.JPG,DSCF0616.JPG,4Z/103MEDIA,0,Other_Amphibian,0.4155,3200.6,2034.1,3328.3,2179.7
/srv/shared_leopard_toad/2025/Documents/06.10-13.10.2025/4Z/103MEDIA/DSCF0616.JPG,DSCF0616.JPG,4Z/103MEDIA,0,Other_Amphibian,0.3673,3217.5,2041.9,3331.7,2187.2
/srv/shared_leopard_toad/2025/Documents/06.10-13.10.2025/4Z/103MEDIA/DSCF0829.JPG,DSCF0829.JPG,4Z/103MEDIA,0,Other_Amphibian,0.2152,3210.8,2038.2,3323.6,2178.2
/srv/shared_leopard_toad/2025/Documents/06.10-13.10.2025/4Z/103MEDIA/DSCF0609.JPG,DSCF0609.JPG,4Z/103MEDIA,0,Other_Amphibian,0.3170,3200.3,2035.4,3330.4,2179.8
/srv/shared_leopard_toad/2025/Documents/06.10-13.10.2025/4Z/103MEDIA/DSCF0609.JPG,DSCF0609.JPG,4Z/103MEDIA,0,Other_Amphibian,0.2802,3215.8,2040.9,3329.3,2185.6
/srv/shared_leopard_toad/2025/Documents/06.10-13.10.2025/4Z/103MEDIA/DSCF0882.JPG,DSCF0882.JPG,4Z/103MEDIA,0,Other_Amphibian,0.2269,3206.4,2036.2,3319.4,2175.2
/srv/shared_leopard_toad/2025/Documents/06.10-13.10.2025/4Z/103MEDIA/DSCF0809.JPG,DSCF0809.JPG,4Z/103MEDIA,0,Other_Amphibian,0.2148,3201.6,2035.5,3312.8,2175.8
/srv/shared_leopard_toad/2025/Documents/06.10-13.10.2025/4Z/103MEDIA/DSCF0809.JPG,DSCF0809.JPG,4Z/103MEDIA,0,Other_Amphibian,0.2079,3207.8,2036.0,3321.2,2176.3
/srv/shared_leopard_toad/2025/Documents/06.10-13.10.2025/4Z/103MEDIA/DSCF0975.JPG,DSCF0975.JPG,4Z/103MEDIA,0,Other_Amphibian,0.2548,1468.1,2216.3,1674.0,2444.3
/srv/shared_leopard_toad/2025/Documents/06.10-13.10.2025/4Z/103MEDIA/DSCF0975.JPG,DSCF0975.JPG,4Z/103MEDIA,0,Other_Amphibian,0.2234,2633.4,2243.1,2787.1,2406.5
/srv/shared_leopard_toad/2025/Documents/06.10-13.10.2025/4Z/103MEDIA/DSCF0796.JPG,DSCF0796.JPG,4Z/103MEDIA,0,Other_Amphibian,0.2534,3207.5,2033.7,3319.2,2175.1
/srv/shared_leopard_toad/2025/Documents/06.10-13.10.2025/4Z/103MEDIA/DSCF0495.JPG,DSCF0495.JPG,4Z/103MEDIA,0,Other_Amphibian,0.7545,3427.0,1541.0,3612.9,1760.5
/srv/shared_leopard_toad/2025/Documents/06.10-13.10.2025/4Z/103MEDIA/DSCF0495.JPG,DSCF0495.JPG,4Z/103MEDIA,0,Other_Amphibian,0.5905,3435.4,1542.8,3610.7,1763.6
/srv/shared_leopard_toad/2025/Documents/06.10-13.10.2025/4Z/103MEDIA/DSCF0590.JPG,DSCF0590.JPG,4Z/103MEDIA,0,Other_Amphibian,0.3300,3199.6,2034.6,3328.2,2179.3
/srv/shared_leopard_toad/2025/Documents/06.10-13.10.2025/4Z/103MEDIA/DSCF0590.JPG,DSCF0590.JPG,4Z/103MEDIA,0,Other_Amphibian,0.3174,3214.2,2038.3,3327.5,2182.8
/srv/shared_leopard_toad/2025/Documents/06.10-13.10.2025/4Z/103MEDIA/DSCF0934.JPG,DSCF0934.JPG,4Z/103MEDIA,0,Other_Amphibian,0.2538,3205.7,2033.9,3318.8,2175.3
/srv/shared_leopard_toad/2025/Documents/06.10-13.10.2025/4Z/103MEDIA/DSCF0934.JPG,DSCF0934.JPG,4Z/103MEDIA,0,Other_Amphibian,0.2262,3202.2,2032.5,3311.8,2173.0
/srv/shared_leopard_toad/2025/Documents/06.10-13.10.2025/4Z/103MEDIA/DSCF0934.JPG,DSCF0934.JPG,4Z/103MEDIA,0,Other_Amphibian,0.2115,2638.1,2242.2,2790.1,2408.0
/srv/shared_leopard_toad/2025/Documents/06.10-13.10.2025/4Z/103MEDIA/DSCF0175.JPG,DSCF0175.JPG,4Z/103MEDIA,0,Other_Amphibian,0.2597,2691.2,2424.5,2820.7,2555.4
/srv/shared_leopard_toad/2025/Documents/06.10-13.10.2025/4Z/103MEDIA/DSCF0951.JPG,DSCF0951.JPG,4Z/103MEDIA,0,Other_Amphibian,0.2859,2641.3,2241.8,2791.9,2406.6
/srv/shared_leopard_toad/2025/Documents/06.10-13.10.2025/4Z/103MEDIA/DSCF0573.JPG,DSCF0573.JPG,4Z/103MEDIA,0,Other_Amphibian,0.3244,3201.0,2033.3,3329.0,2179.9
/srv/shared_leopard_toad/2025/Documents/06.10-13.10.2025/4Z/103MEDIA/DSCF0573.JPG,DSCF0573.JPG,4Z/103MEDIA,0,Other_Amphibian,0.2679,3217.4,2041.7,3331.7,2188.5
/srv/shared_leopard_toad/2025/Documents/06.10-13.10.2025/4Z/103MEDIA/DSCF0332.JPG,DSCF0332.JPG,4Z/103MEDIA,0,Other_Amphibian,0.7209,3473.1,1944.2,3683.3,2137.1
/srv/shared_leopard_toad/2025/Documents/06.10-13.10.2025/4Z/103MEDIA/DSCF0920.JPG,DSCF0920.JPG,4Z/103MEDIA,0,Other_Amphibian,0.2526,3211.5,2037.2,3325.6,2178.1
/srv/shared_leopard_toad/2025/Documents/06.10-13.10.2025/4Z/103MEDIA/DSCF0968.JPG,DSCF0968.JPG,4Z/103MEDIA,0,Other_Amphibian,0.2353,3206.4,2034.9,3320.2,2176.4
/srv/shared_leopard_toad/2025/Documents/06.10-13.10.2025/4Z/103MEDIA/DSCF0968.JPG,DSCF0968.JPG,4Z/103MEDIA,0,Other_Amphibian,0.2145,2632.0,2241.6,2791.0,2408.3
/srv/shared_leopard_toad/2025/Documents/06.10-13.10.2025/4Z/103MEDIA/DSCF0070.JPG,DSCF0070.JPG,4Z/103MEDIA,0,Other_Amphibian,0.2753,2693.1,2421.9,2822.7,2558.4
/srv/shared_leopard_toad/2025/Documents/06.10-13.10.2025/4Z/103MEDIA/DSCF0070.JPG,DSCF0070.JPG,4Z/103MEDIA,0,Other_Amphibian,0.2002,2684.6,2419.3,2815.3,2560.7
/srv/shared_leopard_toad/2025/Documents/06.10-13.10.2025/4Z/103MEDIA/DSCF0948.JPG,DSCF0948.JPG,4Z/103MEDIA,0,Other_Amphibian,0.3717,2628.0,2241.8,2789.5,2406.6
/srv/shared_leopard_toad/2025/Documents/06.10-13.10.2025/4Z/103MEDIA/DSCF0948.JPG,DSCF0948.JPG,4Z/103MEDIA,0,Other_Amphibian,0.3157,3206.0,2031.3,3317.7,2171.8
/srv/shared_leopard_toad/2025/Documents/06.10-13.10.2025/4Z/103MEDIA/DSCF0948.JPG,DSCF0948.JPG,4Z/103MEDIA,0,Other_Amphibian,0.2659,3206.7,2035.7,3321.1,2175.7
/srv/shared_leopard_toad/2025/Documents/06.10-13.10.2025/4Z/103MEDIA/DSCF0973.JPG,DSCF0973.JPG,4Z/103MEDIA,0,Other_Amphibian,0.2642,2641.2,2242.1,2795.1,2407.7
/srv/shared_leopard_toad/2025/Documents/06.10-13.10.2025/4Z/103MEDIA/DSCF0973.JPG,DSCF0973.JPG,4Z/103MEDIA,0,Other_Amphibian,0.2554,3208.5,2034.3,3319.3,2174.7
/srv/shared_leopard_toad/2025/Documents/06.10-13.10.2025/4Z/103MEDIA/DSCF0599.JPG,DSCF0599.JPG,4Z/103MEDIA,0,Other_Amphibian,0.3238,3201.4,2035.8,3330.6,2180.5
/srv/shared_leopard_toad/2025/Documents/06.10-13.10.2025/4Z/103MEDIA/DSCF0599.JPG,DSCF0599.JPG,4Z/103MEDIA,0,Other_Amphibian,0.2775,3215.5,2042.9,3331.1,2187.2
/srv/shared_leopard_toad/2025/Documents/06.10-13.10.2025/4Z/103MEDIA/DSCF0600.JPG,DSCF0600.JPG,4Z/103MEDIA,0,Other_Amphibian,0.3996,3199.7,2035.5,3330.4,2180.1
/srv/shared_leopard_toad/2025/Documents/06.10-13.10.2025/4Z/103MEDIA/DSCF0600.JPG,DSCF0600.JPG,4Z/103MEDIA,0,Other_Amphibian,0.3597,3216.6,2040.8,3332.7,2185.3
/srv/shared_leopard_toad/2025/Documents/06.10-13.10.2025/4Z/103MEDIA/DSCF0984.JPG,DSCF0984.JPG,4Z/103MEDIA,0,Other_Amphibian,0.3232,3208.7,2032.8,3320.0,2173.9
/srv/shared_leopard_toad/2025/Documents/06.10-13.10.2025/4Z/103MEDIA/DSCF0984.JPG,DSCF0984.JPG,4Z/103MEDIA,0,Other_Amphibian,0.2454,3204.7,2034.5,3314.3,2174.4
/srv/shared_leopard_toad/2025/Documents/06.10-13.10.2025/4Z/103MEDIA/DSCF0984.JPG,DSCF0984.JPG,4Z/103MEDIA,0,Other_Amphibian,0.2118,2634.6,2242.6,2789.7,2405.9
/srv/shared_leopard_toad/2025/Documents/06.10-13.10.2025/4Z/103MEDIA/DSCF0529.JPG,DSCF0529.JPG,4Z/103MEDIA,0,Other_Amphibian,0.3082,3199.8,2035.5,3327.5,2179.4
/srv/shared_leopard_toad/2025/Documents/06.10-13.10.2025/4Z/103MEDIA/DSCF0529.JPG,DSCF0529.JPG,4Z/103MEDIA,0,Other_Amphibian,0.2659,3210.7,2043.2,3323.9,2187.3
/srv/shared_leopard_toad/2025/Documents/06.10-13.10.2025/4Z/103MEDIA/DSCF0010.JPG,DSCF0010.JPG,4Z/103MEDIA,0,Other_Amphibian,0.2078,2693.4,2424.4,2823.3,2559.5
/srv/shared_leopard_toad/2025/Documents/06.10-13.10.2025/4Z/103MEDIA/DSCF0835.JPG,DSCF0835.JPG,4Z/103MEDIA,0,Other_Amphibian,0.2937,3210.7,2035.5,3326.0,2176.7
/srv/shared_leopard_toad/2025/Documents/06.10-13.10.2025/4Z/103MEDIA/DSCF0835.JPG,DSCF0835.JPG,4Z/103MEDIA,0,Other_Amphibian,0.2100,3201.3,2037.4,3314.4,2177.3
/srv/shared_leopard_toad/2025/Documents/06.10-13.10.2025/4Z/103MEDIA/DSCF0078.JPG,DSCF0078.JPG,4Z/103MEDIA,0,Other_Amphibian,0.2201,2694.5,2422.8,2821.8,2554.6
/srv/shared_leopard_toad/2025/Documents/06.10-13.10.2025/4Z/103MEDIA/DSCF0244.JPG,DSCF0244.JPG,4Z/103MEDIA,0,Other_Amphibian,0.2595,2693.1,2423.7,2819.9,2555.6
/srv/shared_leopard_toad/2025/Documents/06.10-13.10.2025/4Z/103MEDIA/DSCF0094.JPG,DSCF0094.JPG,4Z/103MEDIA,0,Other_Amphibian,0.7778,3882.6,2240.3,4055.8,2447.2
/srv/shared_leopard_toad/2025/Documents/06.10-13.10.2025/4Z/103MEDIA/DSCF0383.JPG,DSCF0383.JPG,4Z/103MEDIA,0,Other_Amphibian,0.2108,2688.5,2423.9,2820.7,2557.5
/srv/shared_leopard_toad/2025/Documents/06.10-13.10.2025/4Z/103MEDIA/DSCF0935.JPG,DSCF0935.JPG,4Z/103MEDIA,0,Other_Amphibian,0.2696,2641.7,2242.0,2791.3,2405.3
/srv/shared_leopard_toad/2025/Documents/06.10-13.10.2025/4Z/103MEDIA/DSCF0935.JPG,DSCF0935.JPG,4Z/103MEDIA,0,Other_Amphibian,0.2002,3208.5,2035.7,3321.0,2177.6
/srv/shared_leopard_toad/2025/Documents/06.10-13.10.2025/4Z/103MEDIA/DSCF0631.JPG,DSCF0631.JPG,4Z/103MEDIA,0,Other_Amphibian,0.3352,3200.3,2035.8,3329.5,2180.6
/srv/shared_leopard_toad/2025/Documents/06.10-13.10.2025/4Z/103MEDIA/DSCF0631.JPG,DSCF0631.JPG,4Z/103MEDIA,0,Other_Amphibian,0.3235,3215.7,2043.3,3331.7,2187.8
/srv/shared_leopard_toad/2025/Documents/06.10-13.10.2025/4Z/103MEDIA/DSCF0926.JPG,DSCF0926.JPG,4Z/103MEDIA,0,Other_Amphibian,0.2542,2635.6,2242.4,2791.2,2406.1
/srv/shared_leopard_toad/2025/Documents/06.10-13.10.2025/4Z/103MEDIA/DSCF0926.JPG,DSCF0926.JPG,4Z/103MEDIA,0,Other_Amphibian,0.2438,3207.1,2035.1,3321.9,2176.0
/srv/shared_leopard_toad/2025/Documents/06.10-13.10.2025/4Z/103MEDIA/DSCF0658.JPG,DSCF0658.JPG,4Z/103MEDIA,0,Other_Amphibian,0.3834,3215.1,2036.9,3329.3,2181.9
/srv/shared_leopard_toad/2025/Documents/06.10-13.10.2025/4Z/103MEDIA/DSCF0658.JPG,DSCF0658.JPG,4Z/103MEDIA,0,Other_Amphibian,0.3682,3199.7,2034.4,3329.3,2179.7
/srv/shared_leopard_toad/2025/Documents/06.10-13.10.2025/4Z/103MEDIA/DSCF0606.JPG,DSCF0606.JPG,4Z/103MEDIA,0,Other_Amphibian,0.3990,3200.1,2033.4,3331.1,2178.8
/srv/shared_leopard_toad/2025/Documents/06.10-13.10.2025/4Z/103MEDIA/DSCF0606.JPG,DSCF0606.JPG,4Z/103MEDIA,0,Other_Amphibian,0.3454,3216.9,2038.5,3332.7,2183.8
/srv/shared_leopard_toad/2025/Documents/06.10-13.10.2025/4Z/103MEDIA/DSCF0746.JPG,DSCF0746.JPG,4Z/103MEDIA,0,Other_Amphibian,0.2027,3209.3,2034.9,3322.3,2177.6
/srv/shared_leopard_toad/2025/Documents/06.10-13.10.2025/4Z/103MEDIA/DSCF0591.JPG,DSCF0591.JPG,4Z/103MEDIA,0,Other_Amphibian,0.2868,3203.7,2035.6,3333.0,2179.7
/srv/shared_leopard_toad/2025/Documents/06.10-13.10.2025/4Z/103MEDIA/DSCF0591.JPG,DSCF0591.JPG,4Z/103MEDIA,0,Other_Amphibian,0.2154,3212.9,2048.5,3330.5,2192.7
/srv/shared_leopard_toad/2025/Documents/06.10-13.10.2025/4Z/103MEDIA/DSCF0101.JPG,DSCF0101.JPG,4Z/103MEDIA,0,Other_Amphibian,0.2262,2695.3,2421.6,2821.4,2555.4
/srv/shared_leopard_toad/2025/Documents/06.10-13.10.2025/4Z/103MEDIA/DSCF0728.JPG,DSCF0728.JPG,4Z/103MEDIA,0,Other_Amphibian,0.2393,3208.1,2035.5,3323.7,2177.3
/srv/shared_leopard_toad/2025/Documents/06.10-13.10.2025/4Z/103MEDIA/DSCF0664.JPG,DSCF0664.JPG,4Z/103MEDIA,0,Other_Amphibian,0.2926,3201.3,2034.8,3328.5,2180.2
/srv/shared_leopard_toad/2025/Documents/06.10-13.10.2025/4Z/103MEDIA/DSCF0664.JPG,DSCF0664.JPG,4Z/103MEDIA,0,Other_Amphibian,0.2771,3213.1,2039.7,3326.1,2185.2
/srv/shared_leopard_toad/2025/Documents/06.10-13.10.2025/4Z/103MEDIA/DSCF0105.JPG,DSCF0105.JPG,4Z/103MEDIA,0,Other_Amphibian,0.2214,2691.2,2425.1,2823.3,2557.3
/srv/shared_leopard_toad/2025/Documents/06.10-13.10.2025/4Z/103MEDIA/DSCF0865.JPG,DSCF0865.JPG,4Z/103MEDIA,0,Other_Amphibian,0.2515,3207.2,2034.8,3322.3,2177.1
/srv/shared_leopard_toad/2025/Documents/06.10-13.10.2025/4Z/103MEDIA/DSCF0808.JPG,DSCF0808.JPG,4Z/103MEDIA,0,Other_Amphibian,0.2659,3206.9,2033.4,3320.6,2173.3
/srv/shared_leopard_toad/2025/Documents/06.10-13.10.2025/4Z/103MEDIA/DSCF0987.JPG,DSCF0987.JPG,4Z/103MEDIA,0,Other_Amphibian,0.2799,2638.2,2242.2,2790.9,2406.0
/srv/shared_leopard_toad/2025/Documents/06.10-13.10.2025/4Z/103MEDIA/DSCF0800.JPG,DSCF0800.JPG,4Z/103MEDIA,0,Other_Amphibian,0.2364,3207.3,2036.7,3318.6,2174.0
/srv/shared_leopard_toad/2025/Documents/06.10-13.10.2025/4Z/103MEDIA/DSCF0832.JPG,DSCF0832.JPG,4Z/103MEDIA,0,Other_Amphibian,0.3361,3206.7,2032.3,3322.3,2174.3
/srv/shared_leopard_toad/2025/Documents/06.10-13.10.2025/4Z/103MEDIA/DSCF0832.JPG,DSCF0832.JPG,4Z/103MEDIA,0,Other_Amphibian,0.2536,3203.3,2034.6,3313.9,2175.2
/srv/shared_leopard_toad/2025/Documents/06.10-13.10.2025/4Z/103MEDIA/DSCF0331.JPG,DSCF0331.JPG,4Z/103MEDIA,0,Other_Amphibian,0.4272,3473.0,1947.1,3684.1,2137.7
/srv/shared_leopard_toad/2025/Documents/06.10-13.10.2025/4Z/103MEDIA/DSCF0990.JPG,DSCF0990.JPG,4Z/103MEDIA,0,Other_Amphibian,0.3565,2631.6,2241.2,2789.1,2405.0
/srv/shared_leopard_toad/2025/Documents/06.10-13.10.2025/4Z/103MEDIA/DSCF0990.JPG,DSCF0990.JPG,4Z/103MEDIA,0,Other_Amphibian,0.2008,3209.8,2036.1,3321.3,2176.5
/srv/shared_leopard_toad/2025/Documents/06.10-13.10.2025/4Z/103MEDIA/DSCF0789.JPG,DSCF0789.JPG,4Z/103MEDIA,0,Other_Amphibian,0.2593,3208.3,2034.7,3320.4,2174.5
/srv/shared_leopard_toad/2025/Documents/06.10-13.10.2025/4Z/103MEDIA/DSCF0789.JPG,DSCF0789.JPG,4Z/103MEDIA,0,Other_Amphibian,0.2226,3206.1,2035.9,3314.2,2175.2
/srv/shared_leopard_toad/2025/Documents/06.10-13.10.2025/4Z/103MEDIA/DSCF0941.JPG,DSCF0941.JPG,4Z/103MEDIA,0,Other_Amphibian,0.2604,3207.8,2034.1,3320.3,2174.2
/srv/shared_leopard_toad/2025/Documents/06.10-13.10.2025/4Z/103MEDIA/DSCF0941.JPG,DSCF0941.JPG,4Z/103MEDIA,0,Other_Amphibian,0.2005,2639.0,2242.6,2790.4,2406.6
/srv/shared_leopard_toad/2025/Documents/06.10-13.10.2025/4Z/103MEDIA/DSCF0602.JPG,DSCF0602.JPG,4Z/103MEDIA,0,Other_Amphibian,0.3282,3199.0,2034.6,3330.5,2179.3
/srv/shared_leopard_toad/2025/Documents/06.10-13.10.2025/4Z/103MEDIA/DSCF0602.JPG,DSCF0602.JPG,4Z/103MEDIA,0,Other_Amphibian,0.3156,3213.9,2038.6,3329.8,2183.3
/srv/shared_leopard_toad/2025/Documents/06.10-13.10.2025/4Z/103MEDIA/DSCF0109.JPG,DSCF0109.JPG,4Z/103MEDIA,0,Other_Amphibian,0.2569,2694.5,2424.1,2824.0,2559.9
/srv/shared_leopard_toad/2025/Documents/06.10-13.10.2025/4Z/103MEDIA/DSCF0910.JPG,DSCF0910.JPG,4Z/103MEDIA,0,Other_Amphibian,0.3076,3206.4,2034.3,3320.4,2174.1
/srv/shared_leopard_toad/2025/Documents/06.10-13.10.2025/4Z/103MEDIA/DSCF0910.JPG,DSCF0910.JPG,4Z/103MEDIA,0,Other_Amphibian,0.2279,3201.8,2036.2,3312.0,2175.3
/srv/shared_leopard_toad/2025/Documents/06.10-13.10.2025/4Z/103MEDIA/DSCF0497.JPG,DSCF0497.JPG,4Z/103MEDIA,0,Other_Amphibian,0.2111,3415.3,1680.7,3599.8,1883.5
/srv/shared_leopard_toad/2025/Documents/06.10-13.10.2025/4Z/103MEDIA/DSCF0611.JPG,DSCF0611.JPG,4Z/103MEDIA,0,Other_Amphibian,0.4033,3199.3,2035.1,3327.3,2179.9
/srv/shared_leopard_toad/2025/Documents/06.10-13.10.2025/4Z/103MEDIA/DSCF0611.JPG,DSCF0611.JPG,4Z/103MEDIA,0,Other_Amphibian,0.3888,3215.8,2041.5,3329.5,2185.6
/srv/shared_leopard_toad/2025/Documents/06.10-13.10.2025/4Z/103MEDIA/DSCF0855.JPG,DSCF0855.JPG,4Z/103MEDIA,0,Other_Amphibian,0.3219,3209.7,2035.9,3321.4,2174.0
/srv/shared_leopard_toad/2025/Documents/06.10-13.10.2025/4Z/103MEDIA/DSCF0855.JPG,DSCF0855.JPG,4Z/103MEDIA,0,Other_Amphibian,0.2177,3206.4,2038.7,3315.1,2176.1
/srv/shared_leopard_toad/2025/Documents/06.10-13.10.2025/4Z/103MEDIA/DSCF0024.JPG,DSCF0024.JPG,4Z/103MEDIA,0,Other_Amphibian,0.2702,2688.9,2424.7,2821.1,2563.2
/srv/shared_leopard_toad/2025/Documents/06.10-13.10.2025/4Z/103MEDIA/DSCF0024.JPG,DSCF0024.JPG,4Z/103MEDIA,0,Other_Amphibian,0.2414,2680.8,2421.6,2813.3,2569.8
/srv/shared_leopard_toad/2025/Documents/06.10-13.10.2025/4Z/103MEDIA/DSCF0939.JPG,DSCF0939.JPG,4Z/103MEDIA,0,Other_Amphibian,0.3510,2631.5,2241.3,2791.3,2405.9
/srv/shared_leopard_toad/2025/Documents/06.10-13.10.2025/4Z/103MEDIA/DSCF0939.JPG,DSCF0939.JPG,4Z/103MEDIA,0,Other_Amphibian,0.2611,3208.7,2032.0,3316.9,2173.1
/srv/shared_leopard_toad/2025/Documents/06.10-13.10.2025/4Z/103MEDIA/DSCF0493.JPG,DSCF0493.JPG,4Z/103MEDIA,0,Other_Amphibian,0.7757,3437.9,1547.8,3624.2,1765.5
/srv/shared_leopard_toad/2025/Documents/06.10-13.10.2025/4Z/103MEDIA/DSCF0617.JPG,DSCF0617.JPG,4Z/103MEDIA,0,Other_Amphibian,0.3763,3199.3,2033.8,3329.7,2179.7
/srv/shared_leopard_toad/2025/Documents/06.10-13.10.2025/4Z/103MEDIA/DSCF0617.JPG,DSCF0617.JPG,4Z/103MEDIA,0,Other_Amphibian,0.3761,3214.7,2037.1,3330.7,2182.7
/srv/shared_leopard_toad/2025/Documents/06.10-13.10.2025/4Z/103MEDIA/DSCF0671.JPG,DSCF0671.JPG,4Z/103MEDIA,0,Other_Amphibian,0.2568,3207.9,2035.6,3320.0,2175.3
/srv/shared_leopard_toad/2025/Documents/06.10-13.10.2025/4Z/103MEDIA/DSCF0595.JPG,DSCF0595.JPG,4Z/103MEDIA,0,Other_Amphibian,0.2966,3203.5,2036.6,3331.0,2179.7
/srv/shared_leopard_toad/2025/Documents/06.10-13.10.2025/4Z/103MEDIA/DSCF0595.JPG,DSCF0595.JPG,4Z/103MEDIA,0,Other_Amphibian,0.2376,3211.9,2045.8,3325.4,2190.1
/srv/shared_leopard_toad/2025/Documents/06.10-13.10.2025/4Z/103MEDIA/DSCF0701.JPG,DSCF0701.JPG,4Z/103MEDIA,0,Other_Amphibian,0.2393,3210.9,2034.8,3323.6,2176.9
/srv/shared_leopard_toad/2025/Documents/06.10-13.10.2025/4Z/103MEDIA/DSCF0893.JPG,DSCF0893.JPG,4Z/103MEDIA,0,Other_Amphibian,0.3304,3206.9,2033.3,3318.4,2173.9
/srv/shared_leopard_toad/2025/Documents/06.10-13.10.2025/4Z/103MEDIA/DSCF0893.JPG,DSCF0893.JPG,4Z/103MEDIA,0,Other_Amphibian,0.2560,3203.6,2032.9,3326.8,2172.6
/srv/shared_leopard_toad/2025/Documents/06.10-13.10.2025/4Z/103MEDIA/DSCF0893.JPG,DSCF0893.JPG,4Z/103MEDIA,0,Other_Amphibian,0.2544,3203.8,2036.6,3310.9,2176.5
/srv/shared_leopard_toad/2025/Documents/06.10-13.10.2025/4Z/103MEDIA/DSCF0860.JPG,DSCF0860.JPG,4Z/103MEDIA,0,Other_Amphibian,0.2390,3208.7,2036.2,3321.9,2177.2
/srv/shared_leopard_toad/2025/Documents/06.10-13.10.2025/4Z/103MEDIA/DSCF0604.JPG,DSCF0604.JPG,4Z/103MEDIA,0,Other_Amphibian,0.4113,3201.1,2035.4,3327.3,2179.0
/srv/shared_leopard_toad/2025/Documents/06.10-13.10.2025/4Z/103MEDIA/DSCF0604.JPG,DSCF0604.JPG,4Z/103MEDIA,0,Other_Amphibian,0.3890,3215.8,2039.0,3328.1,2182.0
/srv/shared_leopard_toad/2025/Documents/06.10-13.10.2025/4Z/103MEDIA/DSCF0677.JPG,DSCF0677.JPG,4Z/103MEDIA,0,Other_Amphibian,0.3158,3205.6,2031.2,3318.0,2173.1
/srv/shared_leopard_toad/2025/Documents/06.10-13.10.2025/4Z/103MEDIA/DSCF0884.JPG,DSCF0884.JPG,4Z/103MEDIA,0,Other_Amphibian,0.2340,3209.4,2033.7,3319.3,2174.7
/srv/shared_leopard_toad/2025/Documents/06.10-13.10.2025/4Z/103MEDIA/DSCF0638.JPG,DSCF0638.JPG,4Z/103MEDIA,0,Other_Amphibian,0.3636,3202.3,2035.3,3328.9,2180.3
/srv/shared_leopard_toad/2025/Documents/06.10-13.10.2025/4Z/103MEDIA/DSCF0638.JPG,DSCF0638.JPG,4Z/103MEDIA,0,Other_Amphibian,0.3012,3216.1,2042.8,3331.7,2187.8
/srv/shared_leopard_toad/2025/Documents/06.10-13.10.2025/4Z/103MEDIA/DSCF0836.JPG,DSCF0836.JPG,4Z/103MEDIA,0,Other_Amphibian,0.2926,3205.1,2034.1,3320.7,2173.5
/srv/shared_leopard_toad/2025/Documents/06.10-13.10.2025/4Z/103MEDIA/DSCF0744.JPG,DSCF0744.JPG,4Z/103MEDIA,0,Other_Amphibian,0.2157,3208.3,2036.1,3321.0,2177.4
/srv/shared_leopard_toad/2025/Documents/06.10-13.10.2025/4Z/103MEDIA/DSCF0950.JPG,DSCF0950.JPG,4Z/103MEDIA,0,Other_Amphibian,0.2889,3205.5,2032.3,3318.9,2174.0
/srv/shared_leopard_toad/2025/Documents/06.10-13.10.2025/4Z/103MEDIA/DSCF0950.JPG,DSCF0950.JPG,4Z/103MEDIA,0,Other_Amphibian,0.2251,2634.4,2241.7,2792.2,2407.5
/srv/shared_leopard_toad/2025/Documents/06.10-13.10.2025/4Z/103MEDIA/DSCF0950.JPG,DSCF0950.JPG,4Z/103MEDIA,0,Other_Amphibian,0.2109,3199.6,2034.6,3308.6,2174.9
/srv/shared_leopard_toad/2025/Documents/06.10-13.10.2025/4Z/103MEDIA/DSCF0702.JPG,DSCF0702.JPG,4Z/103MEDIA,0,Other_Amphibian,0.2409,3208.1,2036.5,3323.1,2177.7
/srv/shared_leopard_toad/2025/Documents/06.10-13.10.2025/4Z/103MEDIA/DSCF0579.JPG,DSCF0579.JPG,4Z/103MEDIA,0,Other_Amphibian,0.3262,3200.4,2035.3,3329.8,2180.6
/srv/shared_leopard_toad/2025/Documents/06.10-13.10.2025/4Z/103MEDIA/DSCF0579.JPG,DSCF0579.JPG,4Z/103MEDIA,0,Other_Amphibian,0.3129,3212.3,2040.6,3328.8,2185.4
/srv/shared_leopard_toad/2025/Documents/06.10-13.10.2025/4Z/103MEDIA/DSCF0579.JPG,DSCF0579.JPG,4Z/103MEDIA,0,Other_Amphibian,0.2419,2690.6,2422.9,2821.8,2555.1
/srv/shared_leopard_toad/2025/Documents/06.10-13.10.2025/4Z/103MEDIA/DSCF0642.JPG,DSCF0642.JPG,4Z/103MEDIA,0,Other_Amphibian,0.3280,3200.9,2035.4,3330.0,2179.9
/srv/shared_leopard_toad/2025/Documents/06.10-13.10.2025/4Z/103MEDIA/DSCF0642.JPG,DSCF0642.JPG,4Z/103MEDIA,0,Other_Amphibian,0.2914,3215.0,2044.1,3331.1,2188.5
/srv/shared_leopard_toad/2025/Documents/06.10-13.10.2025/4Z/103MEDIA/DSCF0762.JPG,DSCF0762.JPG,4Z/103MEDIA,0,Other_Amphibian,0.2004,3209.8,2037.6,3322.5,2177.8
/srv/shared_leopard_toad/2025/Documents/06.10-13.10.2025/4Z/103MEDIA/DSCF0992.JPG,DSCF0992.JPG,4Z/103MEDIA,0,Other_Amphibian,0.2977,3205.0,2033.9,3318.1,2173.9
/srv/shared_leopard_toad/2025/Documents/06.10-13.10.2025/4Z/103MEDIA/DSCF0992.JPG,DSCF0992.JPG,4Z/103MEDIA,0,Other_Amphibian,0.2307,3201.4,2035.2,3310.4,2174.3
/srv/shared_leopard_toad/2025/Documents/06.10-13.10.2025/4Z/103MEDIA/DSCF0992.JPG,DSCF0992.JPG,4Z/103MEDIA,0,Other_Amphibian,0.2124,2635.6,2242.6,2790.4,2406.6
/srv/shared_leopard_toad/2025/Documents/06.10-13.10.2025/4Z/103MEDIA/DSCF0707.JPG,DSCF0707.JPG,4Z/103MEDIA,0,Other_Amphibian,0.2170,3208.9,2034.6,3321.6,2176.2
/srv/shared_leopard_toad/2025/Documents/06.10-13.10.2025/4Z/107MEDIA/DSCF0135.JPG,DSCF0135.JPG,4Z/107MEDIA,0,Other_Amphibian,0.5406,3218.2,1953.1,3349.0,2097.4
/srv/shared_leopard_toad/2025/Documents/06.10-13.10.2025/4Z/107MEDIA/DSCF0135.JPG,DSCF0135.JPG,4Z/107MEDIA,0,Other_Amphibian,0.4400,3226.2,1953.1,3352.5,2097.1
/srv/shared_leopard_toad/2025/Documents/06.10-13.10.2025/4Z/107MEDIA/DSCF0135.JPG,DSCF0135.JPG,4Z/107MEDIA,2,Western_Leopard_Toad,0.2001,3654.5,1649.7,3929.7,1918.4
/srv/shared_leopard_toad/2025/Documents/06.10-13.10.2025/4Z/107MEDIA/DSCF0404.JPG,DSCF0404.JPG,4Z/107MEDIA,0,Other_Amphibian,0.6262,3216.0,1953.2,3350.6,2096.2
/srv/shared_leopard_toad/2025/Documents/06.10-13.10.2025/4Z/107MEDIA/DSCF0404.JPG,DSCF0404.JPG,4Z/107MEDIA,0,Other_Amphibian,0.5591,3220.9,1953.1,3351.0,2095.8
/srv/shared_leopard_toad/2025/Documents/06.10-13.10.2025/4Z/107MEDIA/DSCF0993.JPG,DSCF0993.JPG,4Z/107MEDIA,0,Other_Amphibian,0.4976,3216.5,1950.6,3348.1,2094.8
/srv/shared_leopard_toad/2025/Documents/06.10-13.10.2025/4Z/107MEDIA/DSCF0993.JPG,DSCF0993.JPG,4Z/107MEDIA,0,Other_Amphibian,0.4278,3224.2,1950.5,3352.8,2094.6
/srv/shared_leopard_toad/2025/Documents/06.10-13.10.2025/4Z/107MEDIA/DSCF0537.JPG,DSCF0537.JPG,4Z/107MEDIA,0,Other_Amphibian,0.5490,3214.3,1954.3,3347.3,2098.0
/srv/shared_leopard_toad/2025/Documents/06.10-13.10.2025/4Z/107MEDIA/DSCF0537.JPG,DSCF0537.JPG,4Z/107MEDIA,0,Other_Amphibian,0.4618,3223.4,1953.6,3352.1,2096.9
/srv/shared_leopard_toad/2025/Documents/06.10-13.10.2025/4Z/107MEDIA/DSCF0537.JPG,DSCF0537.JPG,4Z/107MEDIA,2,Western_Leopard_Toad,0.3713,3652.5,1648.5,3934.5,1918.4
/srv/shared_leopard_toad/2025/Documents/06.10-13.10.2025/4Z/107MEDIA/DSCF0358.JPG,DSCF0358.JPG,4Z/107MEDIA,0,Other_Amphibian,0.5636,3216.8,1952.5,3350.6,2096.4
/srv/shared_leopard_toad/2025/Documents/06.10-13.10.2025/4Z/107MEDIA/DSCF0358.JPG,DSCF0358.JPG,4Z/107MEDIA,0,Other_Amphibian,0.4712,3223.7,1952.5,3353.0,2096.0
/srv/shared_leopard_toad/2025/Documents/06.10-13.10.2025/4Z/107MEDIA/DSCF0012.JPG,DSCF0012.JPG,4Z/107MEDIA,0,Other_Amphibian,0.4234,3223.7,1953.3,3353.2,2100.0
/srv/shared_leopard_toad/2025/Documents/06.10-13.10.2025/4Z/107MEDIA/DSCF0012.JPG,DSCF0012.JPG,4Z/107MEDIA,0,Other_Amphibian,0.3863,3223.3,1953.6,3353.1,2100.3
/srv/shared_leopard_toad/2025/Documents/06.10-13.10.2025/4Z/107MEDIA/DSCF0488.JPG,DSCF0488.JPG,4Z/107MEDIA,0,Other_Amphibian,0.6185,3213.9,1954.1,3349.0,2098.4
/srv/shared_leopard_toad/2025/Documents/06.10-13.10.2025/4Z/107MEDIA/DSCF0488.JPG,DSCF0488.JPG,4Z/107MEDIA,0,Other_Amphibian,0.5257,3220.9,1953.9,3349.9,2097.8
/srv/shared_leopard_toad/2025/Documents/06.10-13.10.2025/4Z/107MEDIA/DSCF0541.JPG,DSCF0541.JPG,4Z/107MEDIA,0,Other_Amphibian,0.5995,3215.1,1951.3,3349.1,2097.3
/srv/shared_leopard_toad/2025/Documents/06.10-13.10.2025/4Z/107MEDIA/DSCF0541.JPG,DSCF0541.JPG,4Z/107MEDIA,0,Other_Amphibian,0.4934,3224.1,1950.8,3352.9,2095.9
/srv/shared_leopard_toad/2025/Documents/06.10-13.10.2025/4Z/107MEDIA/DSCF0541.JPG,DSCF0541.JPG,4Z/107MEDIA,2,Western_Leopard_Toad,0.4479,3653.8,1649.2,3934.8,1917.2
/srv/shared_leopard_toad/2025/Documents/06.10-13.10.2025/4Z/107MEDIA/DSCF0519.JPG,DSCF0519.JPG,4Z/107MEDIA,0,Other_Amphibian,0.5387,3215.3,1952.6,3350.3,2096.9
/srv/shared_leopard_toad/2025/Documents/06.10-13.10.2025/4Z/107MEDIA/DSCF0519.JPG,DSCF0519.JPG,4Z/107MEDIA,0,Other_Amphibian,0.4630,3223.0,1951.9,3353.7,2095.8
/srv/shared_leopard_toad/2025/Documents/06.10-13.10.2025/4Z/107MEDIA/DSCF0519.JPG,DSCF0519.JPG,4Z/107MEDIA,2,Western_Leopard_Toad,0.2333,3654.8,1648.8,3929.6,1918.4
/srv/shared_leopard_toad/2025/Documents/06.10-13.10.2025/4Z/107MEDIA/DSCF0589.JPG,DSCF0589.JPG,4Z/107MEDIA,0,Other_Amphibian,0.6307,3215.3,1953.3,3352.8,2097.3
/srv/shared_leopard_toad/2025/Documents/06.10-13.10.2025/4Z/107MEDIA/DSCF0589.JPG,DSCF0589.JPG,4Z/107MEDIA,0,Other_Amphibian,0.5217,3220.2,1953.9,3352.2,2097.2
/srv/shared_leopard_toad/2025/Documents/06.10-13.10.2025/4Z/107MEDIA/DSCF0589.JPG,DSCF0589.JPG,4Z/107MEDIA,2,Western_Leopard_Toad,0.3503,3650.3,1649.1,3938.1,1918.3
/srv/shared_leopard_toad/2025/Documents/06.10-13.10.2025/4Z/107MEDIA/DSCF0466.JPG,DSCF0466.JPG,4Z/107MEDIA,0,Other_Amphibian,0.6023,3215.0,1952.6,3350.8,2097.9
/srv/shared_leopard_toad/2025/Documents/06.10-13.10.2025/4Z/107MEDIA/DSCF0466.JPG,DSCF0466.JPG,4Z/107MEDIA,0,Other_Amphibian,0.5330,3221.4,1952.4,3353.5,2096.9
/srv/shared_leopard_toad/2025/Documents/06.10-13.10.2025/4Z/107MEDIA/DSCF0443.JPG,DSCF0443.JPG,4Z/107MEDIA,0,Other_Amphibian,0.5368,3217.4,1952.7,3348.0,2097.0
/srv/shared_leopard_toad/2025/Documents/06.10-13.10.2025/4Z/107MEDIA/DSCF0443.JPG,DSCF0443.JPG,4Z/107MEDIA,0,Other_Amphibian,0.4757,3223.6,1952.3,3350.5,2096.2
/srv/shared_leopard_toad/2025/Documents/06.10-13.10.2025/4Z/107MEDIA/DSCF0911.JPG,DSCF0911.JPG,4Z/107MEDIA,0,Other_Amphibian,0.5645,3215.9,1951.3,3349.8,2097.9
/srv/shared_leopard_toad/2025/Documents/06.10-13.10.2025/4Z/107MEDIA/DSCF0911.JPG,DSCF0911.JPG,4Z/107MEDIA,0,Other_Amphibian,0.4820,3222.4,1951.4,3350.1,2097.3
/srv/shared_leopard_toad/2025/Documents/06.10-13.10.2025/4Z/107MEDIA/DSCF0215.JPG,DSCF0215.JPG,4Z/107MEDIA,0,Other_Amphibian,0.5679,3217.1,1953.5,3350.0,2095.7
/srv/shared_leopard_toad/2025/Documents/06.10-13.10.2025/4Z/107MEDIA/DSCF0215.JPG,DSCF0215.JPG,4Z/107MEDIA,0,Other_Amphibian,0.5019,3221.9,1953.6,3351.6,2095.4
/srv/shared_leopard_toad/2025/Documents/06.10-13.10.2025/4Z/107MEDIA/DSCF0173.JPG,DSCF0173.JPG,4Z/107MEDIA,0,Other_Amphibian,0.5639,3216.0,1953.1,3348.0,2098.7
/srv/shared_leopard_toad/2025/Documents/06.10-13.10.2025/4Z/107MEDIA/DSCF0173.JPG,DSCF0173.JPG,4Z/107MEDIA,0,Other_Amphibian,0.4718,3223.9,1953.4,3350.8,2098.5
/srv/shared_leopard_toad/2025/Documents/06.10-13.10.2025/4Z/107MEDIA/DSCF0173.JPG,DSCF0173.JPG,4Z/107MEDIA,2,Western_Leopard_Toad,0.2168,3655.3,1648.7,3929.1,1917.6
/srv/shared_leopard_toad/2025/Documents/06.10-13.10.2025/4Z/107MEDIA/DSCF0279.JPG,DSCF0279.JPG,4Z/107MEDIA,0,Other_Amphibian,0.5774,3215.6,1952.9,3348.9,2097.0
/srv/shared_leopard_toad/2025/Documents/06.10-13.10.2025/4Z/107MEDIA/DSCF0279.JPG,DSCF0279.JPG,4Z/107MEDIA,0,Other_Amphibian,0.4996,3222.4,1952.5,3350.7,2096.2
/srv/shared_leopard_toad/2025/Documents/06.10-13.10.2025/4Z/107MEDIA/DSCF0464.JPG,DSCF0464.JPG,4Z/107MEDIA,0,Other_Amphibian,0.5966,3215.6,1951.8,3351.3,2095.4
/srv/shared_leopard_toad/2025/Documents/06.10-13.10.2025/4Z/107MEDIA/DSCF0464.JPG,DSCF0464.JPG,4Z/107MEDIA,0,Other_Amphibian,0.5193,3222.6,1951.6,3354.9,2094.3
/srv/shared_leopard_toad/2025/Documents/06.10-13.10.2025/4Z/107MEDIA/DSCF0464.JPG,DSCF0464.JPG,4Z/107MEDIA,2,Western_Leopard_Toad,0.2331,3653.4,1647.6,3932.1,1916.9
/srv/shared_leopard_toad/2025/Documents/06.10-13.10.2025/4Z/107MEDIA/DSCF0455.JPG,DSCF0455.JPG,4Z/107MEDIA,0,Other_Amphibian,0.6056,3214.9,1952.2,3348.1,2098.3
/srv/shared_leopard_toad/2025/Documents/06.10-13.10.2025/4Z/107MEDIA/DSCF0455.JPG,DSCF0455.JPG,4Z/107MEDIA,0,Other_Amphibian,0.5287,3222.3,1951.4,3350.2,2096.9
/srv/shared_leopard_toad/2025/Documents/06.10-13.10.2025/4Z/107MEDIA/DSCF0455.JPG,DSCF0455.JPG,4Z/107MEDIA,2,Western_Leopard_Toad,0.2039,3656.9,1648.3,3932.1,1918.9
/srv/shared_leopard_toad/2025/Documents/06.10-13.10.2025/4Z/107MEDIA/DSCF0001.JPG,DSCF0001.JPG,4Z/107MEDIA,2,Western_Leopard_Toad,0.7898,3640.7,1658.0,3930.5,1924.4
/srv/shared_leopard_toad/2025/Documents/06.10-13.10.2025/4Z/107MEDIA/DSCF0001.JPG,DSCF0001.JPG,4Z/107MEDIA,2,Western_Leopard_Toad,0.5045,5038.8,961.6,5343.5,1329.9
/srv/shared_leopard_toad/2025/Documents/06.10-13.10.2025/4Z/107MEDIA/DSCF0001.JPG,DSCF0001.JPG,4Z/107MEDIA,0,Other_Amphibian,0.4284,3216.7,1956.4,3351.6,2113.1
/srv/shared_leopard_toad/2025/Documents/06.10-13.10.2025/4Z/107MEDIA/DSCF0001.JPG,DSCF0001.JPG,4Z/107MEDIA,0,Other_Amphibian,0.4066,3214.5,1956.7,3353.5,2112.7
/srv/shared_leopard_toad/2025/Documents/06.10-13.10.2025/4Z/107MEDIA/DSCF0407.JPG,DSCF0407.JPG,4Z/107MEDIA,0,Other_Amphibian,0.5701,3216.3,1952.9,3348.7,2098.1
/srv/shared_leopard_toad/2025/Documents/06.10-13.10.2025/4Z/107MEDIA/DSCF0407.JPG,DSCF0407.JPG,4Z/107MEDIA,0,Other_Amphibian,0.4759,3221.6,1952.6,3349.2,2097.7
/srv/shared_leopard_toad/2025/Documents/06.10-13.10.2025/4Z/107MEDIA/DSCF0416.JPG,DSCF0416.JPG,4Z/107MEDIA,0,Other_Amphibian,0.6350,3215.4,1953.5,3350.7,2097.8
/srv/shared_leopard_toad/2025/Documents/06.10-13.10.2025/4Z/107MEDIA/DSCF0416.JPG,DSCF0416.JPG,4Z/107MEDIA,0,Other_Amphibian,0.5602,3221.4,1953.6,3350.5,2097.4
/srv/shared_leopard_toad/2025/Documents/06.10-13.10.2025/4Z/107MEDIA/DSCF0922.JPG,DSCF0922.JPG,4Z/107MEDIA,0,Other_Amphibian,0.4904,3218.3,1950.6,3348.7,2096.5
/srv/shared_leopard_toad/2025/Documents/06.10-13.10.2025/4Z/107MEDIA/DSCF0922.JPG,DSCF0922.JPG,4Z/107MEDIA,0,Other_Amphibian,0.4276,3224.2,1950.6,3350.3,2096.4
/srv/shared_leopard_toad/2025/Documents/06.10-13.10.2025/4Z/107MEDIA/DSCF0678.JPG,DSCF0678.JPG,4Z/107MEDIA,0,Other_Amphibian,0.5845,3215.5,1952.4,3351.8,2097.8
/srv/shared_leopard_toad/2025/Documents/06.10-13.10.2025/4Z/107MEDIA/DSCF0678.JPG,DSCF0678.JPG,4Z/107MEDIA,0,Other_Amphibian,0.5039,3220.8,1952.4,3351.0,2097.4
/srv/shared_leopard_toad/2025/Documents/06.10-13.10.2025/4Z/107MEDIA/DSCF0651.JPG,DSCF0651.JPG,4Z/107MEDIA,0,Other_Amphibian,0.5338,3217.3,1953.2,3350.3,2097.3
/srv/shared_leopard_toad/2025/Documents/06.10-13.10.2025/4Z/107MEDIA/DSCF0651.JPG,DSCF0651.JPG,4Z/107MEDIA,0,Other_Amphibian,0.4451,3224.5,1953.0,3353.3,2096.9
/srv/shared_leopard_toad/2025/Documents/06.10-13.10.2025/4Z/107MEDIA/DSCF0514.JPG,DSCF0514.JPG,4Z/107MEDIA,0,Other_Amphibian,0.6196,3214.5,1951.8,3351.1,2096.8
/srv/shared_leopard_toad/2025/Documents/06.10-13.10.2025/4Z/107MEDIA/DSCF0514.JPG,DSCF0514.JPG,4Z/107MEDIA,0,Other_Amphibian,0.5593,3220.8,1951.7,3352.8,2095.4
/srv/shared_leopard_toad/2025/Documents/06.10-13.10.2025/4Z/107MEDIA/DSCF0514.JPG,DSCF0514.JPG,4Z/107MEDIA,2,Western_Leopard_Toad,0.2128,3655.1,1648.4,3931.3,1918.2
/srv/shared_leopard_toad/2025/Documents/06.10-13.10.2025/4Z/107MEDIA/DSCF0767.JPG,DSCF0767.JPG,4Z/107MEDIA,0,Other_Amphibian,0.5143,3219.3,1952.6,3351.5,2096.4
/srv/shared_leopard_toad/2025/Documents/06.10-13.10.2025/4Z/107MEDIA/DSCF0767.JPG,DSCF0767.JPG,4Z/107MEDIA,0,Other_Amphibian,0.4501,3224.2,1952.4,3353.7,2096.2
/srv/shared_leopard_toad/2025/Documents/06.10-13.10.2025/4Z/107MEDIA/DSCF0774.JPG,DSCF0774.JPG,4Z/107MEDIA,0,Other_Amphibian,0.5541,3215.5,1952.3,3348.8,2097.6
/srv/shared_leopard_toad/2025/Documents/06.10-13.10.2025/4Z/107MEDIA/DSCF0774.JPG,DSCF0774.JPG,4Z/107MEDIA,0,Other_Amphibian,0.4754,3223.3,1951.9,3351.6,2096.5
/srv/shared_leopard_toad/2025/Documents/06.10-13.10.2025/4Z/107MEDIA/DSCF0298.JPG,DSCF0298.JPG,4Z/107MEDIA,0,Other_Amphibian,0.6309,3215.2,1954.1,3349.7,2095.3
/srv/shared_leopard_toad/2025/Documents/06.10-13.10.2025/4Z/107MEDIA/DSCF0298.JPG,DSCF0298.JPG,4Z/107MEDIA,0,Other_Amphibian,0.5482,3222.3,1953.9,3351.4,2094.6
/srv/shared_leopard_toad/2025/Documents/06.10-13.10.2025/4Z/107MEDIA/DSCF0784.JPG,DSCF0784.JPG,4Z/107MEDIA,0,Other_Amphibian,0.5998,3216.2,1950.6,3349.6,2095.0
/srv/shared_leopard_toad/2025/Documents/06.10-13.10.2025/4Z/107MEDIA/DSCF0784.JPG,DSCF0784.JPG,4Z/107MEDIA,0,Other_Amphibian,0.5312,3222.1,1951.1,3350.9,2094.3
/srv/shared_leopard_toad/2025/Documents/06.10-13.10.2025/4Z/107MEDIA/DSCF0933.JPG,DSCF0933.JPG,4Z/107MEDIA,0,Other_Amphibian,0.5320,3218.5,1952.3,3349.2,2094.3
/srv/shared_leopard_toad/2025/Documents/06.10-13.10.2025/4Z/107MEDIA/DSCF0933.JPG,DSCF0933.JPG,4Z/107MEDIA,0,Other_Amphibian,0.4618,3226.0,1952.0,3352.9,2094.5
/srv/shared_leopard_toad/2025/Documents/06.10-13.10.2025/4Z/107MEDIA/DSCF0417.JPG,DSCF0417.JPG,4Z/107MEDIA,0,Other_Amphibian,0.5869,3215.1,1950.0,3350.3,2096.3
/srv/shared_leopard_toad/2025/Documents/06.10-13.10.2025/4Z/107MEDIA/DSCF0417.JPG,DSCF0417.JPG,4Z/107MEDIA,0,Other_Amphibian,0.5353,3222.8,1949.5,3354.2,2094.8
/srv/shared_leopard_toad/2025/Documents/06.10-13.10.2025/4Z/107MEDIA/DSCF0141.JPG,DSCF0141.JPG,4Z/107MEDIA,0,Other_Amphibian,0.5535,3217.1,1953.1,3349.1,2095.9
/srv/shared_leopard_toad/2025/Documents/06.10-13.10.2025/4Z/107MEDIA/DSCF0141.JPG,DSCF0141.JPG,4Z/107MEDIA,0,Other_Amphibian,0.4459,3224.4,1953.0,3352.9,2095.2
/srv/shared_leopard_toad/2025/Documents/06.10-13.10.2025/4Z/107MEDIA/DSCF0141.JPG,DSCF0141.JPG,4Z/107MEDIA,2,Western_Leopard_Toad,0.2474,3656.1,1649.6,3930.3,1917.8
/srv/shared_leopard_toad/2025/Documents/06.10-13.10.2025/4Z/107MEDIA/DSCF0543.JPG,DSCF0543.JPG,4Z/107MEDIA,0,Other_Amphibian,0.5863,3216.0,1953.3,3351.7,2096.5
/srv/shared_leopard_toad/2025/Documents/06.10-13.10.2025/4Z/107MEDIA/DSCF0543.JPG,DSCF0543.JPG,4Z/107MEDIA,0,Other_Amphibian,0.5201,3223.3,1952.8,3354.6,2095.6
/srv/shared_leopard_toad/2025/Documents/06.10-13.10.2025/4Z/107MEDIA/DSCF0543.JPG,DSCF0543.JPG,4Z/107MEDIA,2,Western_Leopard_Toad,0.2165,3656.1,1648.4,3932.3,1916.3
/srv/shared_leopard_toad/2025/Documents/06.10-13.10.2025/4Z/107MEDIA/DSCF0325.JPG,DSCF0325.JPG,4Z/107MEDIA,0,Other_Amphibian,0.5804,3215.1,1953.3,3350.8,2095.8
/srv/shared_leopard_toad/2025/Documents/06.10-13.10.2025/4Z/107MEDIA/DSCF0325.JPG,DSCF0325.JPG,4Z/107MEDIA,0,Other_Amphibian,0.5045,3221.9,1953.3,3353.9,2095.1
/srv/shared_leopard_toad/2025/Documents/06.10-13.10.2025/4Z/107MEDIA/DSCF0650.JPG,DSCF0650.JPG,4Z/107MEDIA,0,Other_Amphibian,0.5279,3216.7,1951.3,3349.6,2097.9
/srv/shared_leopard_toad/2025/Documents/06.10-13.10.2025/4Z/107MEDIA/DSCF0650.JPG,DSCF0650.JPG,4Z/107MEDIA,0,Other_Amphibian,0.4475,3224.5,1951.7,3351.8,2097.9
/srv/shared_leopard_toad/2025/Documents/06.10-13.10.2025/4Z/107MEDIA/DSCF0107.JPG,DSCF0107.JPG,4Z/107MEDIA,0,Other_Amphibian,0.6313,3216.8,1954.6,3351.1,2097.0
/srv/shared_leopard_toad/2025/Documents/06.10-13.10.2025/4Z/107MEDIA/DSCF0107.JPG,DSCF0107.JPG,4Z/107MEDIA,0,Other_Amphibian,0.5181,3222.5,1954.4,3350.9,2096.8
/srv/shared_leopard_toad/2025/Documents/06.10-13.10.2025/4Z/107MEDIA/DSCF0562.JPG,DSCF0562.JPG,4Z/107MEDIA,0,Other_Amphibian,0.5750,3216.9,1951.5,3353.5,2100.3
/srv/shared_leopard_toad/2025/Documents/06.10-13.10.2025/4Z/107MEDIA/DSCF0562.JPG,DSCF0562.JPG,4Z/107MEDIA,0,Other_Amphibian,0.5016,3223.0,1951.4,3357.0,2099.0
/srv/shared_leopard_toad/2025/Documents/06.10-13.10.2025/4Z/107MEDIA/DSCF0562.JPG,DSCF0562.JPG,4Z/107MEDIA,2,Western_Leopard_Toad,0.3569,3653.7,1648.4,3936.6,1916.3
/srv/shared_leopard_toad/2025/Documents/06.10-13.10.2025/4Z/107MEDIA/DSCF0446.JPG,DSCF0446.JPG,4Z/107MEDIA,0,Other_Amphibian,0.6046,3214.6,1952.6,3352.2,2100.0
/srv/shared_leopard_toad/2025/Documents/06.10-13.10.2025/4Z/107MEDIA/DSCF0446.JPG,DSCF0446.JPG,4Z/107MEDIA,0,Other_Amphibian,0.5324,3222.0,1952.5,3354.2,2098.6
/srv/shared_leopard_toad/2025/Documents/06.10-13.10.2025/4Z/107MEDIA/DSCF0446.JPG,DSCF0446.JPG,4Z/107MEDIA,2,Western_Leopard_Toad,0.2403,3652.4,1647.9,3932.8,1918.6
/srv/shared_leopard_toad/2025/Documents/06.10-13.10.2025/4Z/107MEDIA/DSCF0512.JPG,DSCF0512.JPG,4Z/107MEDIA,0,Other_Amphibian,0.5739,3215.1,1953.6,3350.3,2097.3
/srv/shared_leopard_toad/2025/Documents/06.10-13.10.2025/4Z/107MEDIA/DSCF0512.JPG,DSCF0512.JPG,4Z/107MEDIA,0,Other_Amphibian,0.4974,3223.0,1952.9,3354.5,2096.0
/srv/shared_leopard_toad/2025/Documents/06.10-13.10.2025/4Z/107MEDIA/DSCF0282.JPG,DSCF0282.JPG,4Z/107MEDIA,0,Other_Amphibian,0.5724,3215.1,1952.9,3348.5,2096.8
/srv/shared_leopard_toad/2025/Documents/06.10-13.10.2025/4Z/107MEDIA/DSCF0282.JPG,DSCF0282.JPG,4Z/107MEDIA,0,Other_Amphibian,0.4844,3223.0,1952.9,3351.2,2096.4
/srv/shared_leopard_toad/2025/Documents/06.10-13.10.2025/4Z/107MEDIA/DSCF0430.JPG,DSCF0430.JPG,4Z/107MEDIA,0,Other_Amphibian,0.5908,3215.7,1951.9,3349.5,2098.5
/srv/shared_leopard_toad/2025/Documents/06.10-13.10.2025/4Z/107MEDIA/DSCF0430.JPG,DSCF0430.JPG,4Z/107MEDIA,0,Other_Amphibian,0.5088,3224.2,1951.4,3353.8,2097.4
/srv/shared_leopard_toad/2025/Documents/06.10-13.10.2025/4Z/107MEDIA/DSCF0765.JPG,DSCF0765.JPG,4Z/107MEDIA,0,Other_Amphibian,0.5375,3219.3,1952.4,3348.6,2094.6
/srv/shared_leopard_toad/2025/Documents/06.10-13.10.2025/4Z/107MEDIA/DSCF0765.JPG,DSCF0765.JPG,4Z/107MEDIA,0,Other_Amphibian,0.4459,3225.6,1952.8,3350.1,2095.9
/srv/shared_leopard_toad/2025/Documents/06.10-13.10.2025/4Z/107MEDIA/DSCF0594.JPG,DSCF0594.JPG,4Z/107MEDIA,0,Other_Amphibian,0.5937,3215.4,1951.7,3351.2,2097.2
/srv/shared_leopard_toad/2025/Documents/06.10-13.10.2025/4Z/107MEDIA/DSCF0594.JPG,DSCF0594.JPG,4Z/107MEDIA,0,Other_Amphibian,0.5127,3222.4,1951.6,3354.8,2095.8
/srv/shared_leopard_toad/2025/Documents/06.10-13.10.2025/4Z/107MEDIA/DSCF0594.JPG,DSCF0594.JPG,4Z/107MEDIA,2,Western_Leopard_Toad,0.3105,3654.3,1647.7,3933.7,1917.4
/srv/shared_leopard_toad/2025/Documents/06.10-13.10.2025/4Z/107MEDIA/DSCF0956.JPG,DSCF0956.JPG,4Z/107MEDIA,0,Other_Amphibian,0.5733,3216.7,1952.0,3349.0,2093.9
/srv/shared_leopard_toad/2025/Documents/06.10-13.10.2025/4Z/107MEDIA/DSCF0956.JPG,DSCF0956.JPG,4Z/107MEDIA,0,Other_Amphibian,0.3321,3227.3,1956.3,3352.3,2098.5
/srv/shared_leopard_toad/2025/Documents/06.10-13.10.2025/4Z/107MEDIA/DSCF0221.JPG,DSCF0221.JPG,4Z/107MEDIA,0,Other_Amphibian,0.5935,3216.0,1953.1,3351.7,2097.4
/srv/shared_leopard_toad/2025/Documents/06.10-13.10.2025/4Z/107MEDIA/DSCF0221.JPG,DSCF0221.JPG,4Z/107MEDIA,0,Other_Amphibian,0.5019,3221.3,1953.0,3352.4,2097.0
/srv/shared_leopard_toad/2025/Documents/06.10-13.10.2025/4Z/107MEDIA/DSCF0442.JPG,DSCF0442.JPG,4Z/107MEDIA,0,Other_Amphibian,0.5151,3217.4,1950.7,3351.4,2097.7
/srv/shared_leopard_toad/2025/Documents/06.10-13.10.2025/4Z/107MEDIA/DSCF0442.JPG,DSCF0442.JPG,4Z/107MEDIA,0,Other_Amphibian,0.4015,3223.0,1951.9,3353.3,2100.1
/srv/shared_leopard_toad/2025/Documents/06.10-13.10.2025/4Z/107MEDIA/DSCF0667.JPG,DSCF0667.JPG,4Z/107MEDIA,0,Other_Amphibian,0.6228,3215.4,1953.1,3351.5,2095.6
/srv/shared_leopard_toad/2025/Documents/06.10-13.10.2025/4Z/107MEDIA/DSCF0667.JPG,DSCF0667.JPG,4Z/107MEDIA,0,Other_Amphibian,0.5565,3221.1,1953.2,3352.8,2094.8
/srv/shared_leopard_toad/2025/Documents/06.10-13.10.2025/4Z/107MEDIA/DSCF0812.JPG,DSCF0812.JPG,4Z/107MEDIA,0,Other_Amphibian,0.5816,3215.5,1952.8,3349.5,2097.8
/srv/shared_leopard_toad/2025/Documents/06.10-13.10.2025/4Z/107MEDIA/DSCF0812.JPG,DSCF0812.JPG,4Z/107MEDIA,0,Other_Amphibian,0.4936,3223.0,1952.7,3351.2,2097.1
/srv/shared_leopard_toad/2025/Documents/06.10-13.10.2025/4Z/107MEDIA/DSCF0311.JPG,DSCF0311.JPG,4Z/107MEDIA,0,Other_Amphibian,0.5990,3215.7,1952.3,3349.4,2097.0
/srv/shared_leopard_toad/2025/Documents/06.10-13.10.2025/4Z/107MEDIA/DSCF0311.JPG,DSCF0311.JPG,4Z/107MEDIA,0,Other_Amphibian,0.5037,3224.4,1952.0,3352.5,2096.0
/srv/shared_leopard_toad/2025/Documents/06.10-13.10.2025/4Z/107MEDIA/DSCF0362.JPG,DSCF0362.JPG,4Z/107MEDIA,0,Other_Amphibian,0.5114,3216.1,1952.8,3349.3,2099.2
/srv/shared_leopard_toad/2025/Documents/06.10-13.10.2025/4Z/107MEDIA/DSCF0362.JPG,DSCF0362.JPG,4Z/107MEDIA,0,Other_Amphibian,0.4035,3222.8,1953.3,3351.1,2099.5
/srv/shared_leopard_toad/2025/Documents/06.10-13.10.2025/4Z/107MEDIA/DSCF0362.JPG,DSCF0362.JPG,4Z/107MEDIA,2,Western_Leopard_Toad,0.2375,3655.6,1648.0,3930.1,1917.0
/srv/shared_leopard_toad/2025/Documents/06.10-13.10.2025/4Z/107MEDIA/DSCF0565.JPG,DSCF0565.JPG,4Z/107MEDIA,0,Other_Amphibian,0.6139,3214.5,1952.5,3351.9,2097.7
/srv/shared_leopard_toad/2025/Documents/06.10-13.10.2025/4Z/107MEDIA/DSCF0565.JPG,DSCF0565.JPG,4Z/107MEDIA,0,Other_Amphibian,0.5233,3221.0,1952.4,3352.9,2096.5
/srv/shared_leopard_toad/2025/Documents/06.10-13.10.2025/4Z/107MEDIA/DSCF0565.JPG,DSCF0565.JPG,4Z/107MEDIA,2,Western_Leopard_Toad,0.2544,3652.8,1649.6,3935.5,1916.4
/srv/shared_leopard_toad/2025/Documents/06.10-13.10.2025/4Z/107MEDIA/DSCF0868.JPG,DSCF0868.JPG,4Z/107MEDIA,0,Other_Amphibian,0.5659,3217.3,1952.1,3350.2,2094.0
/srv/shared_leopard_toad/2025/Documents/06.10-13.10.2025/4Z/107MEDIA/DSCF0868.JPG,DSCF0868.JPG,4Z/107MEDIA,0,Other_Amphibian,0.4803,3224.5,1951.9,3352.5,2093.6
/srv/shared_leopard_toad/2025/Documents/06.10-13.10.2025/4Z/107MEDIA/DSCF0668.JPG,DSCF0668.JPG,4Z/107MEDIA,0,Other_Amphibian,0.5881,3217.0,1954.5,3349.7,2095.4
/srv/shared_leopard_toad/2025/Documents/06.10-13.10.2025/4Z/107MEDIA/DSCF0668.JPG,DSCF0668.JPG,4Z/107MEDIA,0,Other_Amphibian,0.5129,3222.1,1954.4,3349.5,2095.0
/srv/shared_leopard_toad/2025/Documents/06.10-13.10.2025/4Z/107MEDIA/DSCF0187.JPG,DSCF0187.JPG,4Z/107MEDIA,0,Other_Amphibian,0.6011,3218.8,1953.1,3350.8,2094.9
/srv/shared_leopard_toad/2025/Documents/06.10-13.10.2025/4Z/107MEDIA/DSCF0187.JPG,DSCF0187.JPG,4Z/107MEDIA,0,Other_Amphibian,0.5291,3224.5,1953.0,3353.2,2095.1
/srv/shared_leopard_toad/2025/Documents/06.10-13.10.2025/4Z/107MEDIA/DSCF0061.JPG,DSCF0061.JPG,4Z/107MEDIA,0,Other_Amphibian,0.4923,3220.0,1953.8,3353.8,2096.6
/srv/shared_leopard_toad/2025/Documents/06.10-13.10.2025/4Z/107MEDIA/DSCF0061.JPG,DSCF0061.JPG,4Z/107MEDIA,0,Other_Amphibian,0.4226,3221.3,1954.4,3353.3,2096.4
/srv/shared_leopard_toad/2025/Documents/06.10-13.10.2025/4Z/107MEDIA/DSCF0980.JPG,DSCF0980.JPG,4Z/107MEDIA,0,Other_Amphibian,0.5546,3215.2,1950.7,3349.1,2096.1
/srv/shared_leopard_toad/2025/Documents/06.10-13.10.2025/4Z/107MEDIA/DSCF0980.JPG,DSCF0980.JPG,4Z/107MEDIA,0,Other_Amphibian,0.4648,3221.4,1950.8,3350.1,2095.9
/srv/shared_leopard_toad/2025/Documents/06.10-13.10.2025/4Z/107MEDIA/DSCF0679.JPG,DSCF0679.JPG,4Z/107MEDIA,0,Other_Amphibian,0.5923,3215.0,1952.5,3348.6,2097.5
/srv/shared_leopard_toad/2025/Documents/06.10-13.10.2025/4Z/107MEDIA/DSCF0679.JPG,DSCF0679.JPG,4Z/107MEDIA,0,Other_Amphibian,0.5001,3224.7,1952.3,3353.2,2096.4
/srv/shared_leopard_toad/2025/Documents/06.10-13.10.2025/4Z/107MEDIA/DSCF0679.JPG,DSCF0679.JPG,4Z/107MEDIA,2,Western_Leopard_Toad,0.2970,3651.9,1647.8,3934.9,1918.9
/srv/shared_leopard_toad/2025/Documents/06.10-13.10.2025/4Z/107MEDIA/DSCF0752.JPG,DSCF0752.JPG,4Z/107MEDIA,0,Other_Amphibian,0.5641,3217.2,1953.6,3348.2,2095.3
/srv/shared_leopard_toad/2025/Documents/06.10-13.10.2025/4Z/107MEDIA/DSCF0752.JPG,DSCF0752.JPG,4Z/107MEDIA,0,Other_Amphibian,0.4637,3224.5,1953.2,3349.9,2095.6
/srv/shared_leopard_toad/2025/Documents/06.10-13.10.2025/4Z/107MEDIA/DSCF0193.JPG,DSCF0193.JPG,4Z/107MEDIA,0,Other_Amphibian,0.5856,3218.1,1952.3,3349.4,2095.5
/srv/shared_leopard_toad/2025/Documents/06.10-13.10.2025/4Z/107MEDIA/DSCF0193.JPG,DSCF0193.JPG,4Z/107MEDIA,0,Other_Amphibian,0.5231,3223.5,1952.1,3350.2,2095.8
/srv/shared_leopard_toad/2025/Documents/06.10-13.10.2025/4Z/107MEDIA/DSCF0640.JPG,DSCF0640.JPG,4Z/107MEDIA,0,Other_Amphibian,0.5569,3217.3,1951.3,3351.1,2096.7
/srv/shared_leopard_toad/2025/Documents/06.10-13.10.2025/4Z/107MEDIA/DSCF0640.JPG,DSCF0640.JPG,4Z/107MEDIA,0,Other_Amphibian,0.5141,3224.0,1951.1,3353.9,2096.3
/srv/shared_leopard_toad/2025/Documents/06.10-13.10.2025/4Z/107MEDIA/DSCF0623.JPG,DSCF0623.JPG,4Z/107MEDIA,0,Other_Amphibian,0.6328,3214.0,1952.7,3352.3,2097.9
/srv/shared_leopard_toad/2025/Documents/06.10-13.10.2025/4Z/107MEDIA/DSCF0623.JPG,DSCF0623.JPG,4Z/107MEDIA,0,Other_Amphibian,0.5549,3218.9,1952.7,3352.0,2097.4
/srv/shared_leopard_toad/2025/Documents/06.10-13.10.2025/4Z/107MEDIA/DSCF0734.JPG,DSCF0734.JPG,4Z/107MEDIA,0,Other_Amphibian,0.5236,3217.8,1951.8,3349.9,2096.4
/srv/shared_leopard_toad/2025/Documents/06.10-13.10.2025/4Z/107MEDIA/DSCF0734.JPG,DSCF0734.JPG,4Z/107MEDIA,0,Other_Amphibian,0.4558,3225.2,1951.7,3353.3,2096.4
/srv/shared_leopard_toad/2025/Documents/06.10-13.10.2025/4Z/107MEDIA/DSCF0518.JPG,DSCF0518.JPG,4Z/107MEDIA,0,Other_Amphibian,0.6374,3214.5,1953.3,3351.1,2095.0
/srv/shared_leopard_toad/2025/Documents/06.10-13.10.2025/4Z/107MEDIA/DSCF0518.JPG,DSCF0518.JPG,4Z/107MEDIA,0,Other_Amphibian,0.5823,3219.8,1952.8,3351.6,2093.8
/srv/shared_leopard_toad/2025/Documents/06.10-13.10.2025/4Z/107MEDIA/DSCF0777.JPG,DSCF0777.JPG,4Z/107MEDIA,0,Other_Amphibian,0.5896,3216.2,1954.3,3349.2,2096.4
/srv/shared_leopard_toad/2025/Documents/06.10-13.10.2025/4Z/107MEDIA/DSCF0777.JPG,DSCF0777.JPG,4Z/107MEDIA,0,Other_Amphibian,0.5077,3223.1,1954.3,3350.3,2096.0
/srv/shared_leopard_toad/2025/Documents/06.10-13.10.2025/4Z/107MEDIA/DSCF0167.JPG,DSCF0167.JPG,4Z/107MEDIA,0,Other_Amphibian,0.5646,3215.4,1954.8,3347.4,2096.9
/srv/shared_leopard_toad/2025/Documents/06.10-13.10.2025/4Z/107MEDIA/DSCF0167.JPG,DSCF0167.JPG,4Z/107MEDIA,0,Other_Amphibian,0.4883,3222.3,1954.1,3348.5,2096.7
/srv/shared_leopard_toad/2025/Documents/06.10-13.10.2025/4Z/107MEDIA/DSCF0273.JPG,DSCF0273.JPG,4Z/107MEDIA,0,Other_Amphibian,0.5727,3216.2,1952.2,3348.4,2095.8
/srv/shared_leopard_toad/2025/Documents/06.10-13.10.2025/4Z/107MEDIA/DSCF0273.JPG,DSCF0273.JPG,4Z/107MEDIA,0,Other_Amphibian,0.4971,3224.5,1951.4,3352.5,2095.5
/srv/shared_leopard_toad/2025/Documents/06.10-13.10.2025/4Z/107MEDIA/DSCF0038.JPG,DSCF0038.JPG,4Z/107MEDIA,0,Other_Amphibian,0.5894,3216.8,1954.4,3350.8,2096.9
/srv/shared_leopard_toad/2025/Documents/06.10-13.10.2025/4Z/107MEDIA/DSCF0038.JPG,DSCF0038.JPG,4Z/107MEDIA,0,Other_Amphibian,0.4882,3222.3,1954.6,3350.1,2096.8
/srv/shared_leopard_toad/2025/Documents/06.10-13.10.2025/4Z/107MEDIA/DSCF0891.JPG,DSCF0891.JPG,4Z/107MEDIA,0,Other_Amphibian,0.5924,3217.2,1951.7,3352.8,2095.2
/srv/shared_leopard_toad/2025/Documents/06.10-13.10.2025/4Z/107MEDIA/DSCF0891.JPG,DSCF0891.JPG,4Z/107MEDIA,0,Other_Amphibian,0.5516,3221.8,1952.3,3353.0,2094.9
/srv/shared_leopard_toad/2025/Documents/06.10-13.10.2025/4Z/107MEDIA/DSCF0636.JPG,DSCF0636.JPG,4Z/107MEDIA,0,Other_Amphibian,0.5947,3216.6,1953.1,3350.3,2095.2
/srv/shared_leopard_toad/2025/Documents/06.10-13.10.2025/4Z/107MEDIA/DSCF0636.JPG,DSCF0636.JPG,4Z/107MEDIA,0,Other_Amphibian,0.4979,3224.0,1953.2,3353.3,2095.3
/srv/shared_leopard_toad/2025/Documents/06.10-13.10.2025/4Z/107MEDIA/DSCF0089.JPG,DSCF0089.JPG,4Z/107MEDIA,0,Other_Amphibian,0.5414,3220.1,1953.8,3353.1,2097.7
/srv/shared_leopard_toad/2025/Documents/06.10-13.10.2025/4Z/107MEDIA/DSCF0089.JPG,DSCF0089.JPG,4Z/107MEDIA,0,Other_Amphibian,0.4703,3222.2,1954.6,3351.7,2097.9
/srv/shared_leopard_toad/2025/Documents/06.10-13.10.2025/4Z/107MEDIA/DSCF0827.JPG,DSCF0827.JPG,4Z/107MEDIA,0,Other_Amphibian,0.6205,3217.0,1952.3,3350.5,2095.3
/srv/shared_leopard_toad/2025/Documents/06.10-13.10.2025/4Z/107MEDIA/DSCF0827.JPG,DSCF0827.JPG,4Z/107MEDIA,0,Other_Amphibian,0.5468,3223.4,1952.7,3353.0,2095.3
/srv/shared_leopard_toad/2025/Documents/06.10-13.10.2025/4Z/107MEDIA/DSCF0560.JPG,DSCF0560.JPG,4Z/107MEDIA,0,Other_Amphibian,0.5732,3216.0,1952.9,3351.0,2098.8
/srv/shared_leopard_toad/2025/Documents/06.10-13.10.2025/4Z/107MEDIA/DSCF0560.JPG,DSCF0560.JPG,4Z/107MEDIA,0,Other_Amphibian,0.4988,3224.0,1953.1,3353.2,2098.3
/srv/shared_leopard_toad/2025/Documents/06.10-13.10.2025/4Z/107MEDIA/DSCF0802.JPG,DSCF0802.JPG,4Z/107MEDIA,0,Other_Amphibian,0.5488,3217.7,1954.2,3349.6,2095.2
/srv/shared_leopard_toad/2025/Documents/06.10-13.10.2025/4Z/107MEDIA/DSCF0802.JPG,DSCF0802.JPG,4Z/107MEDIA,0,Other_Amphibian,0.4708,3224.4,1953.9,3352.4,2095.6
/srv/shared_leopard_toad/2025/Documents/06.10-13.10.2025/4Z/107MEDIA/DSCF0720.JPG,DSCF0720.JPG,4Z/107MEDIA,0,Other_Amphibian,0.6039,3215.7,1950.8,3350.9,2096.5
/srv/shared_leopard_toad/2025/Documents/06.10-13.10.2025/4Z/107MEDIA/DSCF0720.JPG,DSCF0720.JPG,4Z/107MEDIA,0,Other_Amphibian,0.5355,3223.8,1951.0,3355.1,2095.8
/srv/shared_leopard_toad/2025/Documents/06.10-13.10.2025/4Z/107MEDIA/DSCF0339.JPG,DSCF0339.JPG,4Z/107MEDIA,0,Other_Amphibian,0.5817,3202.3,1951.1,3354.3,2105.0
/srv/shared_leopard_toad/2025/Documents/06.10-13.10.2025/4Z/107MEDIA/DSCF0339.JPG,DSCF0339.JPG,4Z/107MEDIA,0,Other_Amphibian,0.4578,3206.0,1950.9,3353.8,2111.4
/srv/shared_leopard_toad/2025/Documents/06.10-13.10.2025/4Z/107MEDIA/DSCF0339.JPG,DSCF0339.JPG,4Z/107MEDIA,2,Western_Leopard_Toad,0.2130,3653.6,1649.8,3931.4,1918.2
/srv/shared_leopard_toad/2025/Documents/06.10-13.10.2025/4Z/107MEDIA/DSCF0164.JPG,DSCF0164.JPG,4Z/107MEDIA,0,Other_Amphibian,0.6410,3215.2,1951.7,3351.1,2095.6
/srv/shared_leopard_toad/2025/Documents/06.10-13.10.2025/4Z/107MEDIA/DSCF0164.JPG,DSCF0164.JPG,4Z/107MEDIA,0,Other_Amphibian,0.5905,3221.2,1951.4,3351.8,2094.9
/srv/shared_leopard_toad/2025/Documents/06.10-13.10.2025/4Z/107MEDIA/DSCF0983.JPG,DSCF0983.JPG,4Z/107MEDIA,0,Other_Amphibian,0.6035,3216.4,1949.2,3349.9,2096.4
/srv/shared_leopard_toad/2025/Documents/06.10-13.10.2025/4Z/107MEDIA/DSCF0983.JPG,DSCF0983.JPG,4Z/107MEDIA,0,Other_Amphibian,0.5378,3223.8,1949.1,3353.4,2095.5
/srv/shared_leopard_toad/2025/Documents/06.10-13.10.2025/4Z/107MEDIA/DSCF0336.JPG,DSCF0336.JPG,4Z/107MEDIA,0,Other_Amphibian,0.5454,3216.3,1953.8,3348.2,2096.1
/srv/shared_leopard_toad/2025/Documents/06.10-13.10.2025/4Z/107MEDIA/DSCF0336.JPG,DSCF0336.JPG,4Z/107MEDIA,0,Other_Amphibian,0.4625,3224.2,1953.5,3351.6,2095.4
/srv/shared_leopard_toad/2025/Documents/06.10-13.10.2025/4Z/107MEDIA/DSCF0461.JPG,DSCF0461.JPG,4Z/107MEDIA,0,Other_Amphibian,0.5747,3215.5,1952.9,3347.2,2096.9
/srv/shared_leopard_toad/2025/Documents/06.10-13.10.2025/4Z/107MEDIA/DSCF0461.JPG,DSCF0461.JPG,4Z/107MEDIA,0,Other_Amphibian,0.4876,3223.1,1952.3,3349.4,2095.7
/srv/shared_leopard_toad/2025/Documents/06.10-13.10.2025/4Z/107MEDIA/DSCF0458.JPG,DSCF0458.JPG,4Z/107MEDIA,0,Other_Amphibian,0.5804,3215.0,1951.0,3348.3,2097.9
/srv/shared_leopard_toad/2025/Documents/06.10-13.10.2025/4Z/107MEDIA/DSCF0458.JPG,DSCF0458.JPG,4Z/107MEDIA,0,Other_Amphibian,0.5312,3223.4,1949.9,3354.0,2095.7
/srv/shared_leopard_toad/2025/Documents/06.10-13.10.2025/4Z/107MEDIA/DSCF0344.JPG,DSCF0344.JPG,4Z/107MEDIA,0,Other_Amphibian,0.5899,3215.9,1954.3,3351.1,2097.2
/srv/shared_leopard_toad/2025/Documents/06.10-13.10.2025/4Z/107MEDIA/DSCF0344.JPG,DSCF0344.JPG,4Z/107MEDIA,0,Other_Amphibian,0.4786,3222.7,1954.7,3351.8,2097.4
/srv/shared_leopard_toad/2025/Documents/06.10-13.10.2025/4Z/107MEDIA/DSCF0194.JPG,DSCF0194.JPG,4Z/107MEDIA,0,Other_Amphibian,0.5703,3216.3,1955.7,3349.4,2096.1
/srv/shared_leopard_toad/2025/Documents/06.10-13.10.2025/4Z/107MEDIA/DSCF0194.JPG,DSCF0194.JPG,4Z/107MEDIA,0,Other_Amphibian,0.4331,3224.4,1955.9,3350.2,2096.1
/srv/shared_leopard_toad/2025/Documents/06.10-13.10.2025/4Z/107MEDIA/DSCF0194.JPG,DSCF0194.JPG,4Z/107MEDIA,2,Western_Leopard_Toad,0.2635,3655.7,1650.3,3931.7,1918.2
/srv/shared_leopard_toad/2025/Documents/06.10-13.10.2025/4Z/107MEDIA/DSCF0712.JPG,DSCF0712.JPG,4Z/107MEDIA,0,Other_Amphibian,0.5797,3215.2,1953.2,3349.5,2099.7
/srv/shared_leopard_toad/2025/Documents/06.10-13.10.2025/4Z/107MEDIA/DSCF0712.JPG,DSCF0712.JPG,4Z/107MEDIA,0,Other_Amphibian,0.4721,3224.0,1953.0,3352.2,2099.0
/srv/shared_leopard_toad/2025/Documents/06.10-13.10.2025/4Z/107MEDIA/DSCF0712.JPG,DSCF0712.JPG,4Z/107MEDIA,2,Western_Leopard_Toad,0.2588,3655.8,1648.4,3932.0,1917.7
/srv/shared_leopard_toad/2025/Documents/06.10-13.10.2025/4Z/107MEDIA/DSCF0501.JPG,DSCF0501.JPG,4Z/107MEDIA,0,Other_Amphibian,0.5520,3215.1,1950.4,3347.8,2099.2
/srv/shared_leopard_toad/2025/Documents/06.10-13.10.2025/4Z/107MEDIA/DSCF0501.JPG,DSCF0501.JPG,4Z/107MEDIA,0,Other_Amphibian,0.4795,3224.4,1949.8,3353.1,2097.8
/srv/shared_leopard_toad/2025/Documents/06.10-13.10.2025/4Z/107MEDIA/DSCF0233.JPG,DSCF0233.JPG,4Z/107MEDIA,0,Other_Amphibian,0.5231,3218.6,1952.4,3352.3,2096.3
/srv/shared_leopard_toad/2025/Documents/06.10-13.10.2025/4Z/107MEDIA/DSCF0233.JPG,DSCF0233.JPG,4Z/107MEDIA,0,Other_Amphibian,0.4549,3223.0,1952.9,3352.9,2097.1
/srv/shared_leopard_toad/2025/Documents/06.10-13.10.2025/4Z/107MEDIA/DSCF0489.JPG,DSCF0489.JPG,4Z/107MEDIA,0,Other_Amphibian,0.5802,3217.1,1953.1,3347.4,2097.9
/srv/shared_leopard_toad/2025/Documents/06.10-13.10.2025/4Z/107MEDIA/DSCF0489.JPG,DSCF0489.JPG,4Z/107MEDIA,0,Other_Amphibian,0.4879,3224.6,1952.6,3350.7,2097.0
/srv/shared_leopard_toad/2025/Documents/06.10-13.10.2025/4Z/107MEDIA/DSCF0553.JPG,DSCF0553.JPG,4Z/107MEDIA,0,Other_Amphibian,0.5991,3215.7,1954.2,3348.5,2099.5
/srv/shared_leopard_toad/2025/Documents/06.10-13.10.2025/4Z/107MEDIA/DSCF0553.JPG,DSCF0553.JPG,4Z/107MEDIA,0,Other_Amphibian,0.4900,3225.2,1954.1,3352.6,2099.2
/srv/shared_leopard_toad/2025/Documents/06.10-13.10.2025/4Z/107MEDIA/DSCF0553.JPG,DSCF0553.JPG,4Z/107MEDIA,2,Western_Leopard_Toad,0.3005,3653.2,1648.4,3932.1,1916.3
/srv/shared_leopard_toad/2025/Documents/06.10-13.10.2025/4Z/107MEDIA/DSCF0077.JPG,DSCF0077.JPG,4Z/107MEDIA,0,Other_Amphibian,0.5913,3217.0,1954.3,3350.4,2094.8
/srv/shared_leopard_toad/2025/Documents/06.10-13.10.2025/4Z/107MEDIA/DSCF0077.JPG,DSCF0077.JPG,4Z/107MEDIA,0,Other_Amphibian,0.5257,3221.4,1954.2,3351.0,2094.7
/srv/shared_leopard_toad/2025/Documents/06.10-13.10.2025/4Z/107MEDIA/DSCF0077.JPG,DSCF0077.JPG,4Z/107MEDIA,2,Western_Leopard_Toad,0.2140,3656.9,1650.8,3932.6,1918.8
/srv/shared_leopard_toad/2025/Documents/06.10-13.10.2025/4Z/107MEDIA/DSCF0350.JPG,DSCF0350.JPG,4Z/107MEDIA,0,Other_Amphibian,0.5957,3214.4,1953.3,3349.2,2096.8
/srv/shared_leopard_toad/2025/Documents/06.10-13.10.2025/4Z/107MEDIA/DSCF0350.JPG,DSCF0350.JPG,4Z/107MEDIA,0,Other_Amphibian,0.5143,3221.7,1952.9,3351.7,2095.7
/srv/shared_leopard_toad/2025/Documents/06.10-13.10.2025/4Z/107MEDIA/DSCF0350.JPG,DSCF0350.JPG,4Z/107MEDIA,2,Western_Leopard_Toad,0.2059,3652.7,1648.0,3930.4,1917.6
/srv/shared_leopard_toad/2025/Documents/06.10-13.10.2025/4Z/107MEDIA/DSCF0390.JPG,DSCF0390.JPG,4Z/107MEDIA,0,Other_Amphibian,0.6244,3213.7,1951.9,3350.8,2097.3
/srv/shared_leopard_toad/2025/Documents/06.10-13.10.2025/4Z/107MEDIA/DSCF0390.JPG,DSCF0390.JPG,4Z/107MEDIA,0,Other_Amphibian,0.5748,3220.3,1951.2,3353.8,2095.8
/srv/shared_leopard_toad/2025/Documents/06.10-13.10.2025/4Z/107MEDIA/DSCF0390.JPG,DSCF0390.JPG,4Z/107MEDIA,2,Western_Leopard_Toad,0.2006,3654.6,1648.9,3933.4,1918.8
/srv/shared_leopard_toad/2025/Documents/06.10-13.10.2025/4Z/107MEDIA/DSCF0185.JPG,DSCF0185.JPG,4Z/107MEDIA,0,Other_Amphibian,0.5669,3218.0,1954.1,3353.2,2096.8
/srv/shared_leopard_toad/2025/Documents/06.10-13.10.2025/4Z/107MEDIA/DSCF0185.JPG,DSCF0185.JPG,4Z/107MEDIA,0,Other_Amphibian,0.4831,3220.5,1955.0,3351.4,2096.9
/srv/shared_leopard_toad/2025/Documents/06.10-13.10.2025/4Z/107MEDIA/DSCF0539.JPG,DSCF0539.JPG,4Z/107MEDIA,0,Other_Amphibian,0.5796,3216.0,1952.9,3350.8,2097.0
/srv/shared_leopard_toad/2025/Documents/06.10-13.10.2025/4Z/107MEDIA/DSCF0539.JPG,DSCF0539.JPG,4Z/107MEDIA,0,Other_Amphibian,0.4633,3223.9,1953.0,3352.9,2096.3
/srv/shared_leopard_toad/2025/Documents/06.10-13.10.2025/4Z/107MEDIA/DSCF0539.JPG,DSCF0539.JPG,4Z/107MEDIA,2,Western_Leopard_Toad,0.3885,3652.3,1649.9,3935.1,1915.8
/srv/shared_leopard_toad/2025/Documents/06.10-13.10.2025/4Z/107MEDIA/DSCF0051.JPG,DSCF0051.JPG,4Z/107MEDIA,0,Other_Amphibian,0.5704,3217.8,1953.7,3349.8,2097.1
/srv/shared_leopard_toad/2025/Documents/06.10-13.10.2025/4Z/107MEDIA/DSCF0051.JPG,DSCF0051.JPG,4Z/107MEDIA,0,Other_Amphibian,0.4925,3223.7,1953.4,3352.4,2097.1
/srv/shared_leopard_toad/2025/Documents/06.10-13.10.2025/4Z/107MEDIA/DSCF0286.JPG,DSCF0286.JPG,4Z/107MEDIA,0,Other_Amphibian,0.5855,3215.2,1953.8,3349.0,2097.3
/srv/shared_leopard_toad/2025/Documents/06.10-13.10.2025/4Z/107MEDIA/DSCF0286.JPG,DSCF0286.JPG,4Z/107MEDIA,0,Other_Amphibian,0.4946,3223.3,1953.1,3351.8,2096.4
/srv/shared_leopard_toad/2025/Documents/06.10-13.10.2025/4Z/107MEDIA/DSCF0292.JPG,DSCF0292.JPG,4Z/107MEDIA,0,Other_Amphibian,0.5462,3216.2,1952.7,3350.3,2097.9
/srv/shared_leopard_toad/2025/Documents/06.10-13.10.2025/4Z/107MEDIA/DSCF0292.JPG,DSCF0292.JPG,4Z/107MEDIA,0,Other_Amphibian,0.4555,3223.1,1952.8,3350.7,2097.5
/srv/shared_leopard_toad/2025/Documents/06.10-13.10.2025/4Z/107MEDIA/DSCF0429.JPG,DSCF0429.JPG,4Z/107MEDIA,0,Other_Amphibian,0.6059,3217.6,1951.5,3352.8,2096.8
/srv/shared_leopard_toad/2025/Documents/06.10-13.10.2025/4Z/107MEDIA/DSCF0429.JPG,DSCF0429.JPG,4Z/107MEDIA,0,Other_Amphibian,0.5304,3222.7,1951.6,3354.5,2095.9
/srv/shared_leopard_toad/2025/Documents/06.10-13.10.2025/4Z/107MEDIA/DSCF0431.JPG,DSCF0431.JPG,4Z/107MEDIA,0,Other_Amphibian,0.5350,3215.4,1952.7,3350.9,2097.1
/srv/shared_leopard_toad/2025/Documents/06.10-13.10.2025/4Z/107MEDIA/DSCF0431.JPG,DSCF0431.JPG,4Z/107MEDIA,0,Other_Amphibian,0.4635,3218.5,1952.8,3351.3,2096.4
/srv/shared_leopard_toad/2025/Documents/06.10-13.10.2025/4Z/107MEDIA/DSCF0431.JPG,DSCF0431.JPG,4Z/107MEDIA,2,Western_Leopard_Toad,0.2668,3652.6,1646.2,3931.1,1917.9
/srv/shared_leopard_toad/2025/Documents/06.10-13.10.2025/4Z/107MEDIA/DSCF0834.JPG,DSCF0834.JPG,4Z/107MEDIA,0,Other_Amphibian,0.5344,3218.9,1951.2,3353.5,2095.8
/srv/shared_leopard_toad/2025/Documents/06.10-13.10.2025/4Z/107MEDIA/DSCF0834.JPG,DSCF0834.JPG,4Z/107MEDIA,0,Other_Amphibian,0.4920,3221.1,1951.5,3353.5,2095.5
/srv/shared_leopard_toad/2025/Documents/06.10-13.10.2025/4Z/107MEDIA/DSCF0822.JPG,DSCF0822.JPG,4Z/107MEDIA,0,Other_Amphibian,0.5258,3217.6,1953.4,3349.2,2093.6
/srv/shared_leopard_toad/2025/Documents/06.10-13.10.2025/4Z/107MEDIA/DSCF0822.JPG,DSCF0822.JPG,4Z/107MEDIA,0,Other_Amphibian,0.4613,3223.3,1952.9,3352.6,2093.5
/srv/shared_leopard_toad/2025/Documents/06.10-13.10.2025/4Z/107MEDIA/DSCF0792.JPG,DSCF0792.JPG,4Z/107MEDIA,0,Other_Amphibian,0.5750,3216.2,1952.3,3349.7,2099.1
/srv/shared_leopard_toad/2025/Documents/06.10-13.10.2025/4Z/107MEDIA/DSCF0792.JPG,DSCF0792.JPG,4Z/107MEDIA,0,Other_Amphibian,0.4979,3225.8,1951.4,3354.9,2097.8
/srv/shared_leopard_toad/2025/Documents/06.10-13.10.2025/4Z/107MEDIA/DSCF0807.JPG,DSCF0807.JPG,4Z/107MEDIA,0,Other_Amphibian,0.4962,3217.9,1952.3,3348.9,2097.3
/srv/shared_leopard_toad/2025/Documents/06.10-13.10.2025/4Z/107MEDIA/DSCF0807.JPG,DSCF0807.JPG,4Z/107MEDIA,0,Other_Amphibian,0.4191,3223.0,1951.9,3352.6,2097.2
/srv/shared_leopard_toad/2025/Documents/06.10-13.10.2025/4Z/107MEDIA/DSCF0807.JPG,DSCF0807.JPG,4Z/107MEDIA,2,Western_Leopard_Toad,0.2478,3652.7,1646.9,3930.0,1916.7
/srv/shared_leopard_toad/2025/Documents/06.10-13.10.2025/4Z/107MEDIA/DSCF0341.JPG,DSCF0341.JPG,4Z/107MEDIA,0,Other_Amphibian,0.5723,3216.9,1953.3,3350.0,2096.5
/srv/shared_leopard_toad/2025/Documents/06.10-13.10.2025/4Z/107MEDIA/DSCF0341.JPG,DSCF0341.JPG,4Z/107MEDIA,0,Other_Amphibian,0.4270,3224.2,1954.2,3350.4,2096.7
/srv/shared_leopard_toad/2025/Documents/06.10-13.10.2025/4Z/107MEDIA/DSCF0341.JPG,DSCF0341.JPG,4Z/107MEDIA,2,Western_Leopard_Toad,0.2164,3653.9,1647.7,3931.2,1917.6
/srv/shared_leopard_toad/2025/Documents/06.10-13.10.2025/4Z/107MEDIA/DSCF0304.JPG,DSCF0304.JPG,4Z/107MEDIA,0,Other_Amphibian,0.5053,3220.3,1952.0,3348.5,2095.6
/srv/shared_leopard_toad/2025/Documents/06.10-13.10.2025/4Z/107MEDIA/DSCF0304.JPG,DSCF0304.JPG,4Z/107MEDIA,0,Other_Amphibian,0.4365,3225.4,1952.3,3351.5,2096.0
/srv/shared_leopard_toad/2025/Documents/06.10-13.10.2025/4Z/107MEDIA/DSCF0507.JPG,DSCF0507.JPG,4Z/107MEDIA,0,Other_Amphibian,0.6198,3214.4,1952.9,3352.4,2097.6
/srv/shared_leopard_toad/2025/Documents/06.10-13.10.2025/4Z/107MEDIA/DSCF0507.JPG,DSCF0507.JPG,4Z/107MEDIA,0,Other_Amphibian,0.5562,3220.7,1952.8,3354.2,2096.9
/srv/shared_leopard_toad/2025/Documents/06.10-13.10.2025/4Z/107MEDIA/DSCF0681.JPG,DSCF0681.JPG,4Z/107MEDIA,0,Other_Amphibian,0.5850,3216.8,1951.5,3350.8,2097.7
/srv/shared_leopard_toad/2025/Documents/06.10-13.10.2025/4Z/107MEDIA/DSCF0681.JPG,DSCF0681.JPG,4Z/107MEDIA,0,Other_Amphibian,0.5201,3223.2,1951.3,3352.5,2096.8
/srv/shared_leopard_toad/2025/Documents/06.10-13.10.2025/4Z/107MEDIA/DSCF0592.JPG,DSCF0592.JPG,4Z/107MEDIA,0,Other_Amphibian,0.5829,3215.8,1952.7,3353.5,2096.7
/srv/shared_leopard_toad/2025/Documents/06.10-13.10.2025/4Z/107MEDIA/DSCF0592.JPG,DSCF0592.JPG,4Z/107MEDIA,0,Other_Amphibian,0.4929,3220.6,1952.8,3353.6,2096.0
/srv/shared_leopard_toad/2025/Documents/06.10-13.10.2025/4Z/107MEDIA/DSCF0592.JPG,DSCF0592.JPG,4Z/107MEDIA,0,Other_Amphibian,0.3386,3651.6,1648.5,3935.4,1917.6
/srv/shared_leopard_toad/2025/Documents/06.10-13.10.2025/4Z/107MEDIA/DSCF0574.JPG,DSCF0574.JPG,4Z/107MEDIA,0,Other_Amphibian,0.5641,3214.6,1952.5,3350.2,2095.4
/srv/shared_leopard_toad/2025/Documents/06.10-13.10.2025/4Z/107MEDIA/DSCF0574.JPG,DSCF0574.JPG,4Z/107MEDIA,0,Other_Amphibian,0.4834,3222.6,1952.3,3353.0,2094.7
/srv/shared_leopard_toad/2025/Documents/06.10-13.10.2025/4Z/107MEDIA/DSCF0795.JPG,DSCF0795.JPG,4Z/107MEDIA,0,Other_Amphibian,0.5384,3218.6,1951.0,3349.7,2097.3
/srv/shared_leopard_toad/2025/Documents/06.10-13.10.2025/4Z/107MEDIA/DSCF0795.JPG,DSCF0795.JPG,4Z/107MEDIA,0,Other_Amphibian,0.4601,3224.6,1951.3,3351.0,2097.1
/srv/shared_leopard_toad/2025/Documents/06.10-13.10.2025/4Z/107MEDIA/DSCF0266.JPG,DSCF0266.JPG,4Z/107MEDIA,0,Other_Amphibian,0.5904,3216.8,1953.7,3350.4,2094.5
/srv/shared_leopard_toad/2025/Documents/06.10-13.10.2025/4Z/107MEDIA/DSCF0266.JPG,DSCF0266.JPG,4Z/107MEDIA,0,Other_Amphibian,0.4779,3222.8,1954.1,3350.2,2094.7
/srv/shared_leopard_toad/2025/Documents/06.10-13.10.2025/4Z/107MEDIA/DSCF0003.JPG,DSCF0003.JPG,4Z/107MEDIA,0,Other_Amphibian,0.6176,3210.4,1947.3,3343.5,2110.7
/srv/shared_leopard_toad/2025/Documents/06.10-13.10.2025/4Z/107MEDIA/DSCF0003.JPG,DSCF0003.JPG,4Z/107MEDIA,2,Western_Leopard_Toad,0.6100,3647.6,1653.5,3925.8,1924.3
/srv/shared_leopard_toad/2025/Documents/06.10-13.10.2025/4Z/107MEDIA/DSCF0003.JPG,DSCF0003.JPG,4Z/107MEDIA,0,Other_Amphibian,0.5386,3211.1,1948.7,3343.0,2112.0
/srv/shared_leopard_toad/2025/Documents/06.10-13.10.2025/4Z/107MEDIA/DSCF0207.JPG,DSCF0207.JPG,4Z/107MEDIA,0,Other_Amphibian,0.5780,3215.8,1952.8,3349.4,2096.5
/srv/shared_leopard_toad/2025/Documents/06.10-13.10.2025/4Z/107MEDIA/DSCF0207.JPG,DSCF0207.JPG,4Z/107MEDIA,0,Other_Amphibian,0.5037,3221.8,1952.6,3350.9,2096.3
/srv/shared_leopard_toad/2025/Documents/06.10-13.10.2025/4Z/107MEDIA/DSCF0393.JPG,DSCF0393.JPG,4Z/107MEDIA,0,Other_Amphibian,0.6348,3214.5,1952.8,3352.0,2096.3
/srv/shared_leopard_toad/2025/Documents/06.10-13.10.2025/4Z/107MEDIA/DSCF0393.JPG,DSCF0393.JPG,4Z/107MEDIA,0,Other_Amphibian,0.5594,3219.3,1952.3,3351.9,2095.5
/srv/shared_leopard_toad/2025/Documents/06.10-13.10.2025/4Z/107MEDIA/DSCF0780.JPG,DSCF0780.JPG,4Z/107MEDIA,0,Other_Amphibian,0.5582,3214.9,1952.2,3346.1,2097.2
/srv/shared_leopard_toad/2025/Documents/06.10-13.10.2025/4Z/107MEDIA/DSCF0780.JPG,DSCF0780.JPG,4Z/107MEDIA,0,Other_Amphibian,0.4752,3222.0,1951.8,3347.7,2096.2
/srv/shared_leopard_toad/2025/Documents/06.10-13.10.2025/4Z/107MEDIA/DSCF0986.JPG,DSCF0986.JPG,4Z/107MEDIA,0,Other_Amphibian,0.5477,3216.0,1950.4,3351.6,2098.2
/srv/shared_leopard_toad/2025/Documents/06.10-13.10.2025/4Z/107MEDIA/DSCF0986.JPG,DSCF0986.JPG,4Z/107MEDIA,0,Other_Amphibian,0.4703,3223.9,1950.6,3354.7,2097.8
/srv/shared_leopard_toad/2025/Documents/06.10-13.10.2025/4Z/107MEDIA/DSCF0981.JPG,DSCF0981.JPG,4Z/107MEDIA,0,Other_Amphibian,0.5648,3215.4,1951.3,3350.0,2097.2
/srv/shared_leopard_toad/2025/Documents/06.10-13.10.2025/4Z/107MEDIA/DSCF0981.JPG,DSCF0981.JPG,4Z/107MEDIA,0,Other_Amphibian,0.4895,3224.5,1951.5,3356.2,2097.0
/srv/shared_leopard_toad/2025/Documents/06.10-13.10.2025/4Z/107MEDIA/DSCF0403.JPG,DSCF0403.JPG,4Z/107MEDIA,0,Other_Amphibian,0.6206,3215.1,1953.5,3350.3,2097.3
/srv/shared_leopard_toad/2025/Documents/06.10-13.10.2025/4Z/107MEDIA/DSCF0403.JPG,DSCF0403.JPG,4Z/107MEDIA,0,Other_Amphibian,0.5508,3222.9,1952.8,3353.6,2096.1
/srv/shared_leopard_toad/2025/Documents/06.10-13.10.2025/4Z/107MEDIA/DSCF0369.JPG,DSCF0369.JPG,4Z/107MEDIA,0,Other_Amphibian,0.5680,3216.4,1953.8,3349.8,2096.4
/srv/shared_leopard_toad/2025/Documents/06.10-13.10.2025/4Z/107MEDIA/DSCF0369.JPG,DSCF0369.JPG,4Z/107MEDIA,0,Other_Amphibian,0.5040,3222.1,1953.6,3350.7,2096.4
/srv/shared_leopard_toad/2025/Documents/06.10-13.10.2025/4Z/107MEDIA/DSCF0895.JPG,DSCF0895.JPG,4Z/107MEDIA,0,Other_Amphibian,0.5590,3215.4,1953.3,3346.7,2096.2
/srv/shared_leopard_toad/2025/Documents/06.10-13.10.2025/4Z/107MEDIA/DSCF0895.JPG,DSCF0895.JPG,4Z/107MEDIA,0,Other_Amphibian,0.4576,3224.2,1952.9,3351.8,2095.4
/srv/shared_leopard_toad/2025/Documents/06.10-13.10.2025/4Z/107MEDIA/DSCF0490.JPG,DSCF0490.JPG,4Z/107MEDIA,0,Other_Amphibian,0.5775,3214.8,1953.0,3347.8,2097.7
/srv/shared_leopard_toad/2025/Documents/06.10-13.10.2025/4Z/107MEDIA/DSCF0490.JPG,DSCF0490.JPG,4Z/107MEDIA,0,Other_Amphibian,0.4887,3220.6,1952.0,3349.3,2096.2
/srv/shared_leopard_toad/2025/Documents/06.10-13.10.2025/4Z/107MEDIA/DSCF0422.JPG,DSCF0422.JPG,4Z/107MEDIA,0,Other_Amphibian,0.5872,3216.0,1953.2,3349.8,2095.5
/srv/shared_leopard_toad/2025/Documents/06.10-13.10.2025/4Z/107MEDIA/DSCF0422.JPG,DSCF0422.JPG,4Z/107MEDIA,0,Other_Amphibian,0.4627,3223.4,1953.6,3350.3,2095.4
/srv/shared_leopard_toad/2025/Documents/06.10-13.10.2025/4Z/107MEDIA/DSCF0422.JPG,DSCF0422.JPG,4Z/107MEDIA,2,Western_Leopard_Toad,0.3173,3653.1,1648.5,3932.9,1918.4
/srv/shared_leopard_toad/2025/Documents/06.10-13.10.2025/4Z/107MEDIA/DSCF0549.JPG,DSCF0549.JPG,4Z/107MEDIA,0,Other_Amphibian,0.5817,3215.0,1954.3,3349.5,2097.9
/srv/shared_leopard_toad/2025/Documents/06.10-13.10.2025/4Z/107MEDIA/DSCF0549.JPG,DSCF0549.JPG,4Z/107MEDIA,0,Other_Amphibian,0.5193,3223.6,1952.8,3354.5,2096.2
/srv/shared_leopard_toad/2025/Documents/06.10-13.10.2025/4Z/107MEDIA/DSCF0549.JPG,DSCF0549.JPG,4Z/107MEDIA,2,Western_Leopard_Toad,0.2513,3654.4,1648.2,3933.6,1916.1
/srv/shared_leopard_toad/2025/Documents/06.10-13.10.2025/4Z/107MEDIA/DSCF0817.JPG,DSCF0817.JPG,4Z/107MEDIA,0,Other_Amphibian,0.4320,3223.3,1951.9,3349.2,2094.6
/srv/shared_leopard_toad/2025/Documents/06.10-13.10.2025/4Z/107MEDIA/DSCF0817.JPG,DSCF0817.JPG,4Z/107MEDIA,0,Other_Amphibian,0.3443,3226.8,1953.4,3348.2,2097.4
/srv/shared_leopard_toad/2025/Documents/06.10-13.10.2025/4Z/107MEDIA/DSCF0649.JPG,DSCF0649.JPG,4Z/107MEDIA,0,Other_Amphibian,0.5358,3216.8,1952.1,3349.1,2096.6
/srv/shared_leopard_toad/2025/Documents/06.10-13.10.2025/4Z/107MEDIA/DSCF0649.JPG,DSCF0649.JPG,4Z/107MEDIA,0,Other_Amphibian,0.4335,3224.0,1952.2,3351.4,2096.2
/srv/shared_leopard_toad/2025/Documents/06.10-13.10.2025/4Z/107MEDIA/DSCF0912.JPG,DSCF0912.JPG,4Z/107MEDIA,0,Other_Amphibian,0.5701,3216.1,1952.9,3347.7,2094.5
/srv/shared_leopard_toad/2025/Documents/06.10-13.10.2025/4Z/107MEDIA/DSCF0912.JPG,DSCF0912.JPG,4Z/107MEDIA,0,Other_Amphibian,0.4432,3225.3,1952.7,3351.1,2094.8
/srv/shared_leopard_toad/2025/Documents/06.10-13.10.2025/4Z/107MEDIA/DSCF0899.JPG,DSCF0899.JPG,4Z/107MEDIA,0,Other_Amphibian,0.5825,3215.8,1952.3,3348.7,2095.9
/srv/shared_leopard_toad/2025/Documents/06.10-13.10.2025/4Z/107MEDIA/DSCF0899.JPG,DSCF0899.JPG,4Z/107MEDIA,0,Other_Amphibian,0.4930,3223.9,1951.9,3350.9,2095.7
/srv/shared_leopard_toad/2025/Documents/06.10-13.10.2025/4Z/107MEDIA/DSCF0353.JPG,DSCF0353.JPG,4Z/107MEDIA,0,Other_Amphibian,0.6064,3216.5,1953.9,3352.1,2097.3
/srv/shared_leopard_toad/2025/Documents/06.10-13.10.2025/4Z/107MEDIA/DSCF0353.JPG,DSCF0353.JPG,4Z/107MEDIA,0,Other_Amphibian,0.5267,3221.7,1954.2,3354.4,2097.3
/srv/shared_leopard_toad/2025/Documents/06.10-13.10.2025/4Z/107MEDIA/DSCF0394.JPG,DSCF0394.JPG,4Z/107MEDIA,0,Other_Amphibian,0.6092,3213.5,1950.5,3350.2,2095.8
/srv/shared_leopard_toad/2025/Documents/06.10-13.10.2025/4Z/107MEDIA/DSCF0394.JPG,DSCF0394.JPG,4Z/107MEDIA,0,Other_Amphibian,0.5665,3220.3,1949.7,3354.6,2094.0
/srv/shared_leopard_toad/2025/Documents/06.10-13.10.2025/4Z/107MEDIA/DSCF0759.JPG,DSCF0759.JPG,4Z/107MEDIA,0,Other_Amphibian,0.5410,3216.7,1952.2,3348.6,2094.6
/srv/shared_leopard_toad/2025/Documents/06.10-13.10.2025/4Z/107MEDIA/DSCF0759.JPG,DSCF0759.JPG,4Z/107MEDIA,0,Other_Amphibian,0.4462,3223.9,1952.5,3352.4,2094.9
/srv/shared_leopard_toad/2025/Documents/06.10-13.10.2025/4Z/107MEDIA/DSCF0476.JPG,DSCF0476.JPG,4Z/107MEDIA,0,Other_Amphibian,0.6182,3216.5,1954.1,3350.5,2096.7
/srv/shared_leopard_toad/2025/Documents/06.10-13.10.2025/4Z/107MEDIA/DSCF0476.JPG,DSCF0476.JPG,4Z/107MEDIA,0,Other_Amphibian,0.5455,3222.7,1953.5,3352.0,2095.9
/srv/shared_leopard_toad/2025/Documents/06.10-13.10.2025/4Z/107MEDIA/DSCF0476.JPG,DSCF0476.JPG,4Z/107MEDIA,0,Other_Amphibian,0.2174,4115.3,2555.9,4288.5,2742.7
/srv/shared_leopard_toad/2025/Documents/06.10-13.10.2025/4Z/107MEDIA/DSCF0713.JPG,DSCF0713.JPG,4Z/107MEDIA,0,Other_Amphibian,0.6123,3215.7,1953.4,3350.0,2096.5
/srv/shared_leopard_toad/2025/Documents/06.10-13.10.2025/4Z/107MEDIA/DSCF0713.JPG,DSCF0713.JPG,4Z/107MEDIA,0,Other_Amphibian,0.5305,3222.3,1952.9,3350.9,2095.7
/srv/shared_leopard_toad/2025/Documents/06.10-13.10.2025/4Z/107MEDIA/DSCF0699.JPG,DSCF0699.JPG,4Z/107MEDIA,0,Other_Amphibian,0.5695,3216.5,1951.9,3349.3,2094.7
/srv/shared_leopard_toad/2025/Documents/06.10-13.10.2025/4Z/107MEDIA/DSCF0699.JPG,DSCF0699.JPG,4Z/107MEDIA,0,Other_Amphibian,0.4856,3224.0,1952.0,3353.6,2094.2
/srv/shared_leopard_toad/2025/Documents/06.10-13.10.2025/4Z/107MEDIA/DSCF0146.JPG,DSCF0146.JPG,4Z/107MEDIA,0,Other_Amphibian,0.5380,3219.6,1952.2,3351.5,2097.8
/srv/shared_leopard_toad/2025/Documents/06.10-13.10.2025/4Z/107MEDIA/DSCF0146.JPG,DSCF0146.JPG,4Z/107MEDIA,0,Other_Amphibian,0.4631,3223.5,1953.0,3353.0,2098.2
/srv/shared_leopard_toad/2025/Documents/06.10-13.10.2025/4Z/107MEDIA/DSCF0566.JPG,DSCF0566.JPG,4Z/107MEDIA,0,Other_Amphibian,0.6185,3214.9,1953.1,3352.1,2096.7
/srv/shared_leopard_toad/2025/Documents/06.10-13.10.2025/4Z/107MEDIA/DSCF0566.JPG,DSCF0566.JPG,4Z/107MEDIA,0,Other_Amphibian,0.5331,3220.4,1953.4,3352.3,2095.9
/srv/shared_leopard_toad/2025/Documents/06.10-13.10.2025/4Z/107MEDIA/DSCF0566.JPG,DSCF0566.JPG,4Z/107MEDIA,2,Western_Leopard_Toad,0.2041,3651.9,1648.3,3934.5,1918.2
/srv/shared_leopard_toad/2025/Documents/06.10-13.10.2025/4Z/107MEDIA/DSCF0559.JPG,DSCF0559.JPG,4Z/107MEDIA,0,Other_Amphibian,0.5394,3218.5,1950.7,3350.7,2095.1
/srv/shared_leopard_toad/2025/Documents/06.10-13.10.2025/4Z/107MEDIA/DSCF0559.JPG,DSCF0559.JPG,4Z/107MEDIA,0,Other_Amphibian,0.4342,3227.0,1950.5,3354.3,2094.9
/srv/shared_leopard_toad/2025/Documents/06.10-13.10.2025/4Z/107MEDIA/DSCF0559.JPG,DSCF0559.JPG,4Z/107MEDIA,2,Western_Leopard_Toad,0.3902,3652.9,1648.9,3934.2,1916.3
/srv/shared_leopard_toad/2025/Documents/06.10-13.10.2025/4Z/107MEDIA/DSCF0445.JPG,DSCF0445.JPG,4Z/107MEDIA,0,Other_Amphibian,0.5515,3218.4,1951.5,3354.4,2097.2
/srv/shared_leopard_toad/2025/Documents/06.10-13.10.2025/4Z/107MEDIA/DSCF0445.JPG,DSCF0445.JPG,4Z/107MEDIA,0,Other_Amphibian,0.4959,3219.4,1951.7,3354.5,2097.2
/srv/shared_leopard_toad/2025/Documents/06.10-13.10.2025/4Z/107MEDIA/DSCF0368.JPG,DSCF0368.JPG,4Z/107MEDIA,0,Other_Amphibian,0.5870,3214.8,1952.5,3349.3,2096.8
/srv/shared_leopard_toad/2025/Documents/06.10-13.10.2025/4Z/107MEDIA/DSCF0368.JPG,DSCF0368.JPG,4Z/107MEDIA,0,Other_Amphibian,0.4836,3221.4,1952.5,3349.4,2096.7
/srv/shared_leopard_toad/2025/Documents/06.10-13.10.2025/4Z/107MEDIA/DSCF0656.JPG,DSCF0656.JPG,4Z/107MEDIA,0,Other_Amphibian,0.5674,3217.0,1951.1,3352.3,2096.1
/srv/shared_leopard_toad/2025/Documents/06.10-13.10.2025/4Z/107MEDIA/DSCF0656.JPG,DSCF0656.JPG,4Z/107MEDIA,0,Other_Amphibian,0.4991,3222.3,1951.4,3354.9,2095.8
/srv/shared_leopard_toad/2025/Documents/06.10-13.10.2025/4Z/107MEDIA/DSCF0994.JPG,DSCF0994.JPG,4Z/107MEDIA,0,Other_Amphibian,0.5482,3217.4,1951.6,3346.8,2092.7
/srv/shared_leopard_toad/2025/Documents/06.10-13.10.2025/4Z/107MEDIA/DSCF0994.JPG,DSCF0994.JPG,4Z/107MEDIA,0,Other_Amphibian,0.4446,3226.5,1951.5,3351.8,2092.5
/srv/shared_leopard_toad/2025/Documents/06.10-13.10.2025/4Z/107MEDIA/DSCF0366.JPG,DSCF0366.JPG,4Z/107MEDIA,0,Other_Amphibian,0.6259,3215.8,1949.8,3351.6,2097.2
/srv/shared_leopard_toad/2025/Documents/06.10-13.10.2025/4Z/107MEDIA/DSCF0366.JPG,DSCF0366.JPG,4Z/107MEDIA,0,Other_Amphibian,0.5786,3221.9,1949.9,3353.2,2096.3
/srv/shared_leopard_toad/2025/Documents/06.10-13.10.2025/4Z/107MEDIA/DSCF0439.JPG,DSCF0439.JPG,4Z/107MEDIA,0,Other_Amphibian,0.5744,3215.4,1952.7,3349.7,2097.3
/srv/shared_leopard_toad/2025/Documents/06.10-13.10.2025/4Z/107MEDIA/DSCF0439.JPG,DSCF0439.JPG,4Z/107MEDIA,0,Other_Amphibian,0.5107,3222.2,1952.3,3352.1,2096.9
/srv/shared_leopard_toad/2025/Documents/06.10-13.10.2025/4Z/107MEDIA/DSCF0755.JPG,DSCF0755.JPG,4Z/107MEDIA,0,Other_Amphibian,0.6300,3215.2,1953.4,3349.9,2095.2
/srv/shared_leopard_toad/2025/Documents/06.10-13.10.2025/4Z/107MEDIA/DSCF0755.JPG,DSCF0755.JPG,4Z/107MEDIA,0,Other_Amphibian,0.5555,3222.7,1953.2,3352.2,2094.9
/srv/shared_leopard_toad/2025/Documents/06.10-13.10.2025/4Z/107MEDIA/DSCF0067.JPG,DSCF0067.JPG,4Z/107MEDIA,0,Other_Amphibian,0.5050,3217.8,1954.1,3349.4,2095.9
/srv/shared_leopard_toad/2025/Documents/06.10-13.10.2025/4Z/107MEDIA/DSCF0067.JPG,DSCF0067.JPG,4Z/107MEDIA,0,Other_Amphibian,0.4103,3225.9,1954.0,3353.8,2095.7
/srv/shared_leopard_toad/2025/Documents/06.10-13.10.2025/4Z/107MEDIA/DSCF0251.JPG,DSCF0251.JPG,4Z/107MEDIA,0,Other_Amphibian,0.5704,3217.0,1955.4,3351.0,2096.6
/srv/shared_leopard_toad/2025/Documents/06.10-13.10.2025/4Z/107MEDIA/DSCF0251.JPG,DSCF0251.JPG,4Z/107MEDIA,0,Other_Amphibian,0.4617,3223.9,1956.1,3352.4,2097.1
/srv/shared_leopard_toad/2025/Documents/06.10-13.10.2025/4Z/107MEDIA/DSCF0372.JPG,DSCF0372.JPG,4Z/107MEDIA,0,Other_Amphibian,0.5854,3217.4,1953.6,3351.2,2094.6
/srv/shared_leopard_toad/2025/Documents/06.10-13.10.2025/4Z/107MEDIA/DSCF0372.JPG,DSCF0372.JPG,4Z/107MEDIA,0,Other_Amphibian,0.5274,3222.3,1953.7,3352.2,2094.9
/srv/shared_leopard_toad/2025/Documents/06.10-13.10.2025/4Z/107MEDIA/DSCF0250.JPG,DSCF0250.JPG,4Z/107MEDIA,0,Other_Amphibian,0.5076,3219.5,1952.9,3348.8,2095.3
/srv/shared_leopard_toad/2025/Documents/06.10-13.10.2025/4Z/107MEDIA/DSCF0250.JPG,DSCF0250.JPG,4Z/107MEDIA,0,Other_Amphibian,0.4141,3224.8,1953.2,3348.4,2095.9
/srv/shared_leopard_toad/2025/Documents/06.10-13.10.2025/4Z/107MEDIA/DSCF0250.JPG,DSCF0250.JPG,4Z/107MEDIA,2,Western_Leopard_Toad,0.2888,3653.7,1648.8,3929.5,1918.5
/srv/shared_leopard_toad/2025/Documents/06.10-13.10.2025/4Z/107MEDIA/DSCF0342.JPG,DSCF0342.JPG,4Z/107MEDIA,0,Other_Amphibian,0.6198,3215.0,1952.7,3350.3,2095.7
/srv/shared_leopard_toad/2025/Documents/06.10-13.10.2025/4Z/107MEDIA/DSCF0342.JPG,DSCF0342.JPG,4Z/107MEDIA,0,Other_Amphibian,0.5248,3221.2,1952.8,3350.3,2095.5
/srv/shared_leopard_toad/2025/Documents/06.10-13.10.2025/4Z/107MEDIA/DSCF0979.JPG,DSCF0979.JPG,4Z/107MEDIA,0,Other_Amphibian,0.5330,3215.1,1951.7,3348.2,2097.1
/srv/shared_leopard_toad/2025/Documents/06.10-13.10.2025/4Z/107MEDIA/DSCF0979.JPG,DSCF0979.JPG,4Z/107MEDIA,0,Other_Amphibian,0.4390,3222.9,1951.5,3350.9,2096.9
/srv/shared_leopard_toad/2025/Documents/06.10-13.10.2025/4Z/107MEDIA/DSCF0305.JPG,DSCF0305.JPG,4Z/107MEDIA,0,Other_Amphibian,0.5995,3215.2,1953.3,3350.1,2097.3
/srv/shared_leopard_toad/2025/Documents/06.10-13.10.2025/4Z/107MEDIA/DSCF0305.JPG,DSCF0305.JPG,4Z/107MEDIA,0,Other_Amphibian,0.5273,3220.8,1952.5,3350.9,2096.3
/srv/shared_leopard_toad/2025/Documents/06.10-13.10.2025/4Z/107MEDIA/DSCF0880.JPG,DSCF0880.JPG,4Z/107MEDIA,0,Other_Amphibian,0.5272,3219.0,1955.2,3346.7,2094.1
/srv/shared_leopard_toad/2025/Documents/06.10-13.10.2025/4Z/107MEDIA/DSCF0880.JPG,DSCF0880.JPG,4Z/107MEDIA,0,Other_Amphibian,0.4122,3227.1,1954.7,3349.7,2094.4
/srv/shared_leopard_toad/2025/Documents/06.10-13.10.2025/4Z/107MEDIA/DSCF0938.JPG,DSCF0938.JPG,4Z/107MEDIA,0,Other_Amphibian,0.5662,3215.7,1951.8,3347.8,2096.1
/srv/shared_leopard_toad/2025/Documents/06.10-13.10.2025/4Z/107MEDIA/DSCF0938.JPG,DSCF0938.JPG,4Z/107MEDIA,0,Other_Amphibian,0.4775,3225.4,1951.3,3353.2,2095.3
/srv/shared_leopard_toad/2025/Documents/06.10-13.10.2025/4Z/107MEDIA/DSCF0033.JPG,DSCF0033.JPG,4Z/107MEDIA,0,Other_Amphibian,0.5724,3216.5,1952.3,3351.2,2098.5
/srv/shared_leopard_toad/2025/Documents/06.10-13.10.2025/4Z/107MEDIA/DSCF0033.JPG,DSCF0033.JPG,4Z/107MEDIA,0,Other_Amphibian,0.5036,3221.3,1952.3,3350.6,2098.0
/srv/shared_leopard_toad/2025/Documents/06.10-13.10.2025/4Z/107MEDIA/DSCF0487.JPG,DSCF0487.JPG,4Z/107MEDIA,0,Other_Amphibian,0.5981,3217.5,1953.8,3351.8,2097.2
/srv/shared_leopard_toad/2025/Documents/06.10-13.10.2025/4Z/107MEDIA/DSCF0487.JPG,DSCF0487.JPG,4Z/107MEDIA,0,Other_Amphibian,0.4935,3225.3,1954.1,3355.3,2097.1
/srv/shared_leopard_toad/2025/Documents/06.10-13.10.2025/4Z/107MEDIA/DSCF0709.JPG,DSCF0709.JPG,4Z/107MEDIA,0,Other_Amphibian,0.4674,3218.7,1951.6,3351.3,2097.9
/srv/shared_leopard_toad/2025/Documents/06.10-13.10.2025/4Z/107MEDIA/DSCF0709.JPG,DSCF0709.JPG,4Z/107MEDIA,0,Other_Amphibian,0.4239,3219.4,1951.8,3351.3,2098.2
/srv/shared_leopard_toad/2025/Documents/06.10-13.10.2025/4Z/107MEDIA/DSCF0168.JPG,DSCF0168.JPG,4Z/107MEDIA,0,Other_Amphibian,0.5420,3218.4,1954.0,3350.9,2096.3
/srv/shared_leopard_toad/2025/Documents/06.10-13.10.2025/4Z/107MEDIA/DSCF0168.JPG,DSCF0168.JPG,4Z/107MEDIA,0,Other_Amphibian,0.4354,3224.3,1954.2,3351.2,2096.9
/srv/shared_leopard_toad/2025/Documents/06.10-13.10.2025/4Z/107MEDIA/DSCF0670.JPG,DSCF0670.JPG,4Z/107MEDIA,0,Other_Amphibian,0.5627,3215.0,1953.5,3347.5,2099.0
/srv/shared_leopard_toad/2025/Documents/06.10-13.10.2025/4Z/107MEDIA/DSCF0670.JPG,DSCF0670.JPG,4Z/107MEDIA,0,Other_Amphibian,0.4479,3224.7,1953.4,3351.5,2098.4
/srv/shared_leopard_toad/2025/Documents/06.10-13.10.2025/4Z/107MEDIA/DSCF0670.JPG,DSCF0670.JPG,4Z/107MEDIA,2,Western_Leopard_Toad,0.2574,3654.5,1649.5,3931.5,1918.0
/srv/shared_leopard_toad/2025/Documents/06.10-13.10.2025/4Z/107MEDIA/DSCF0870.JPG,DSCF0870.JPG,4Z/107MEDIA,0,Other_Amphibian,0.5209,3217.6,1951.3,3350.1,2094.4
/srv/shared_leopard_toad/2025/Documents/06.10-13.10.2025/4Z/107MEDIA/DSCF0870.JPG,DSCF0870.JPG,4Z/107MEDIA,0,Other_Amphibian,0.4564,3224.7,1951.3,3354.3,2093.8
/srv/shared_leopard_toad/2025/Documents/06.10-13.10.2025/4Z/107MEDIA/DSCF0676.JPG,DSCF0676.JPG,4Z/107MEDIA,0,Other_Amphibian,0.6067,3215.5,1952.6,3352.2,2096.7
/srv/shared_leopard_toad/2025/Documents/06.10-13.10.2025/4Z/107MEDIA/DSCF0676.JPG,DSCF0676.JPG,4Z/107MEDIA,0,Other_Amphibian,0.5225,3221.4,1952.9,3353.9,2096.2
/srv/shared_leopard_toad/2025/Documents/06.10-13.10.2025/4Z/107MEDIA/DSCF0531.JPG,DSCF0531.JPG,4Z/107MEDIA,0,Other_Amphibian,0.5933,3216.2,1952.2,3352.5,2100.5
/srv/shared_leopard_toad/2025/Documents/06.10-13.10.2025/4Z/107MEDIA/DSCF0531.JPG,DSCF0531.JPG,4Z/107MEDIA,0,Other_Amphibian,0.5255,3221.1,1952.1,3353.4,2100.1
/srv/shared_leopard_toad/2025/Documents/06.10-13.10.2025/4Z/107MEDIA/DSCF0411.JPG,DSCF0411.JPG,4Z/107MEDIA,0,Other_Amphibian,0.5940,3216.0,1951.5,3353.1,2100.7
/srv/shared_leopard_toad/2025/Documents/06.10-13.10.2025/4Z/107MEDIA/DSCF0411.JPG,DSCF0411.JPG,4Z/107MEDIA,0,Other_Amphibian,0.5193,3221.6,1951.9,3354.1,2099.6
/srv/shared_leopard_toad/2025/Documents/06.10-13.10.2025/4Z/107MEDIA/DSCF0411.JPG,DSCF0411.JPG,4Z/107MEDIA,2,Western_Leopard_Toad,0.2460,3652.6,1647.3,3930.3,1918.2
/srv/shared_leopard_toad/2025/Documents/06.10-13.10.2025/4Z/107MEDIA/DSCF0700.JPG,DSCF0700.JPG,4Z/107MEDIA,0,Other_Amphibian,0.4810,3220.1,1952.0,3352.0,2095.5
/srv/shared_leopard_toad/2025/Documents/06.10-13.10.2025/4Z/107MEDIA/DSCF0700.JPG,DSCF0700.JPG,4Z/107MEDIA,0,Other_Amphibian,0.4120,3223.5,1952.3,3354.2,2096.4
/srv/shared_leopard_toad/2025/Documents/06.10-13.10.2025/4Z/107MEDIA/DSCF0230.JPG,DSCF0230.JPG,4Z/107MEDIA,0,Other_Amphibian,0.5547,3215.8,1953.2,3348.1,2095.5
/srv/shared_leopard_toad/2025/Documents/06.10-13.10.2025/4Z/107MEDIA/DSCF0230.JPG,DSCF0230.JPG,4Z/107MEDIA,0,Other_Amphibian,0.4737,3222.7,1953.1,3351.7,2095.6
/srv/shared_leopard_toad/2025/Documents/06.10-13.10.2025/4Z/107MEDIA/DSCF0230.JPG,DSCF0230.JPG,4Z/107MEDIA,2,Western_Leopard_Toad,0.3836,3653.7,1648.5,3930.7,1917.2
/srv/shared_leopard_toad/2025/Documents/06.10-13.10.2025/4Z/107MEDIA/DSCF0007.JPG,DSCF0007.JPG,4Z/107MEDIA,0,Other_Amphibian,0.4681,3221.4,1954.1,3351.0,2097.0
/srv/shared_leopard_toad/2025/Documents/06.10-13.10.2025/4Z/107MEDIA/DSCF0007.JPG,DSCF0007.JPG,4Z/107MEDIA,0,Other_Amphibian,0.4145,3224.1,1954.5,3353.9,2097.0
/srv/shared_leopard_toad/2025/Documents/06.10-13.10.2025/4Z/107MEDIA/DSCF0007.JPG,DSCF0007.JPG,4Z/107MEDIA,2,Western_Leopard_Toad,0.2045,3650.7,1650.7,3932.5,1919.4
/srv/shared_leopard_toad/2025/Documents/06.10-13.10.2025/4Z/107MEDIA/DSCF0139.JPG,DSCF0139.JPG,4Z/107MEDIA,0,Other_Amphibian,0.5608,3218.2,1953.7,3349.9,2097.4
/srv/shared_leopard_toad/2025/Documents/06.10-13.10.2025/4Z/107MEDIA/DSCF0139.JPG,DSCF0139.JPG,4Z/107MEDIA,0,Other_Amphibian,0.4570,3222.8,1954.4,3350.1,2097.6
/srv/shared_leopard_toad/2025/Documents/06.10-13.10.2025/4Z/107MEDIA/DSCF0139.JPG,DSCF0139.JPG,4Z/107MEDIA,2,Western_Leopard_Toad,0.2432,3655.6,1649.1,3931.3,1918.7
/srv/shared_leopard_toad/2025/Documents/06.10-13.10.2025/4Z/107MEDIA/DSCF0256.JPG,DSCF0256.JPG,4Z/107MEDIA,0,Other_Amphibian,0.5945,3215.2,1952.5,3347.7,2096.4
/srv/shared_leopard_toad/2025/Documents/06.10-13.10.2025/4Z/107MEDIA/DSCF0256.JPG,DSCF0256.JPG,4Z/107MEDIA,0,Other_Amphibian,0.4734,3224.4,1952.3,3351.3,2095.6
/srv/shared_leopard_toad/2025/Documents/06.10-13.10.2025/4Z/107MEDIA/DSCF0256.JPG,DSCF0256.JPG,4Z/107MEDIA,2,Western_Leopard_Toad,0.2512,3655.0,1648.5,3929.9,1917.2
/srv/shared_leopard_toad/2025/Documents/06.10-13.10.2025/4Z/107MEDIA/DSCF0923.JPG,DSCF0923.JPG,4Z/107MEDIA,0,Other_Amphibian,0.5579,3217.4,1951.3,3350.3,2093.7
/srv/shared_leopard_toad/2025/Documents/06.10-13.10.2025/4Z/107MEDIA/DSCF0923.JPG,DSCF0923.JPG,4Z/107MEDIA,0,Other_Amphibian,0.4769,3225.2,1951.5,3354.2,2093.8
/srv/shared_leopard_toad/2025/Documents/06.10-13.10.2025/4Z/107MEDIA/DSCF0936.JPG,DSCF0936.JPG,4Z/107MEDIA,0,Other_Amphibian,0.5716,3215.3,1951.5,3349.1,2097.5
/srv/shared_leopard_toad/2025/Documents/06.10-13.10.2025/4Z/107MEDIA/DSCF0936.JPG,DSCF0936.JPG,4Z/107MEDIA,0,Other_Amphibian,0.4772,3221.9,1951.2,3350.1,2097.0
/srv/shared_leopard_toad/2025/Documents/06.10-13.10.2025/4Z/107MEDIA/DSCF0324.JPG,DSCF0324.JPG,4Z/107MEDIA,0,Other_Amphibian,0.5373,3218.3,1953.6,3349.4,2095.5
/srv/shared_leopard_toad/2025/Documents/06.10-13.10.2025/4Z/107MEDIA/DSCF0324.JPG,DSCF0324.JPG,4Z/107MEDIA,0,Other_Amphibian,0.4235,3227.3,1953.1,3354.2,2095.2
/srv/shared_leopard_toad/2025/Documents/06.10-13.10.2025/4Z/107MEDIA/DSCF0524.JPG,DSCF0524.JPG,4Z/107MEDIA,0,Other_Amphibian,0.5575,3215.3,1952.4,3350.5,2099.3
/srv/shared_leopard_toad/2025/Documents/06.10-13.10.2025/4Z/107MEDIA/DSCF0524.JPG,DSCF0524.JPG,4Z/107MEDIA,0,Other_Amphibian,0.4825,3221.9,1952.2,3352.3,2098.4
/srv/shared_leopard_toad/2025/Documents/06.10-13.10.2025/4Z/107MEDIA/DSCF0524.JPG,DSCF0524.JPG,4Z/107MEDIA,2,Western_Leopard_Toad,0.2778,3654.8,1649.4,3932.1,1918.1
/srv/shared_leopard_toad/2025/Documents/06.10-13.10.2025/4Z/107MEDIA/DSCF0866.JPG,DSCF0866.JPG,4Z/107MEDIA,0,Other_Amphibian,0.5776,3217.9,1951.9,3349.7,2094.1
/srv/shared_leopard_toad/2025/Documents/06.10-13.10.2025/4Z/107MEDIA/DSCF0866.JPG,DSCF0866.JPG,4Z/107MEDIA,0,Other_Amphibian,0.5135,3225.4,1951.8,3354.3,2093.8
/srv/shared_leopard_toad/2025/Documents/06.10-13.10.2025/4Z/107MEDIA/DSCF0044.JPG,DSCF0044.JPG,4Z/107MEDIA,0,Other_Amphibian,0.5879,3217.9,1950.8,3353.8,2096.5
/srv/shared_leopard_toad/2025/Documents/06.10-13.10.2025/4Z/107MEDIA/DSCF0044.JPG,DSCF0044.JPG,4Z/107MEDIA,0,Other_Amphibian,0.5110,3223.0,1951.1,3354.8,2095.6
/srv/shared_leopard_toad/2025/Documents/06.10-13.10.2025/4Z/107MEDIA/DSCF0730.JPG,DSCF0730.JPG,4Z/107MEDIA,0,Other_Amphibian,0.6332,3216.7,1952.6,3352.3,2092.7
/srv/shared_leopard_toad/2025/Documents/06.10-13.10.2025/4Z/107MEDIA/DSCF0730.JPG,DSCF0730.JPG,4Z/107MEDIA,0,Other_Amphibian,0.5763,3222.2,1953.5,3354.1,2092.9
/srv/shared_leopard_toad/2025/Documents/06.10-13.10.2025/4Z/107MEDIA/DSCF0486.JPG,DSCF0486.JPG,4Z/107MEDIA,0,Other_Amphibian,0.6476,3214.5,1952.3,3350.4,2098.2
/srv/shared_leopard_toad/2025/Documents/06.10-13.10.2025/4Z/107MEDIA/DSCF0486.JPG,DSCF0486.JPG,4Z/107MEDIA,0,Other_Amphibian,0.5836,3221.7,1952.4,3351.5,2097.4
/srv/shared_leopard_toad/2025/Documents/06.10-13.10.2025/4Z/107MEDIA/DSCF0026.JPG,DSCF0026.JPG,4Z/107MEDIA,0,Other_Amphibian,0.5649,3215.8,1952.8,3349.0,2098.7
/srv/shared_leopard_toad/2025/Documents/06.10-13.10.2025/4Z/107MEDIA/DSCF0026.JPG,DSCF0026.JPG,4Z/107MEDIA,0,Other_Amphibian,0.5004,3222.7,1951.9,3352.1,2097.3
/srv/shared_leopard_toad/2025/Documents/06.10-13.10.2025/4Z/107MEDIA/DSCF0526.JPG,DSCF0526.JPG,4Z/107MEDIA,0,Other_Amphibian,0.5823,3218.5,1951.5,3350.6,2097.3
/srv/shared_leopard_toad/2025/Documents/06.10-13.10.2025/4Z/107MEDIA/DSCF0526.JPG,DSCF0526.JPG,4Z/107MEDIA,0,Other_Amphibian,0.5177,3221.4,1950.9,3349.6,2096.6
/srv/shared_leopard_toad/2025/Documents/06.10-13.10.2025/4Z/107MEDIA/DSCF0380.JPG,DSCF0380.JPG,4Z/107MEDIA,0,Other_Amphibian,0.5874,3216.9,1953.2,3348.2,2097.6
/srv/shared_leopard_toad/2025/Documents/06.10-13.10.2025/4Z/107MEDIA/DSCF0380.JPG,DSCF0380.JPG,4Z/107MEDIA,0,Other_Amphibian,0.5082,3223.2,1952.8,3350.2,2096.8
/srv/shared_leopard_toad/2025/Documents/06.10-13.10.2025/4Z/107MEDIA/DSCF0568.JPG,DSCF0568.JPG,4Z/107MEDIA,0,Other_Amphibian,0.5343,3216.2,1948.4,3349.9,2096.2
/srv/shared_leopard_toad/2025/Documents/06.10-13.10.2025/4Z/107MEDIA/DSCF0568.JPG,DSCF0568.JPG,4Z/107MEDIA,0,Other_Amphibian,0.4901,3222.8,1948.0,3353.3,2094.9
/srv/shared_leopard_toad/2025/Documents/06.10-13.10.2025/4Z/107MEDIA/DSCF0982.JPG,DSCF0982.JPG,4Z/107MEDIA,0,Other_Amphibian,0.5465,3218.4,1952.4,3349.2,2096.3
/srv/shared_leopard_toad/2025/Documents/06.10-13.10.2025/4Z/107MEDIA/DSCF0982.JPG,DSCF0982.JPG,4Z/107MEDIA,0,Other_Amphibian,0.4429,3226.6,1952.5,3352.5,2097.2
/srv/shared_leopard_toad/2025/Documents/06.10-13.10.2025/4Z/107MEDIA/DSCF0854.JPG,DSCF0854.JPG,4Z/107MEDIA,0,Other_Amphibian,0.4793,3219.3,1948.8,3352.5,2094.5
/srv/shared_leopard_toad/2025/Documents/06.10-13.10.2025/4Z/107MEDIA/DSCF0854.JPG,DSCF0854.JPG,4Z/107MEDIA,0,Other_Amphibian,0.4526,3224.3,1949.3,3355.6,2094.3
/srv/shared_leopard_toad/2025/Documents/06.10-13.10.2025/4Z/107MEDIA/DSCF0409.JPG,DSCF0409.JPG,4Z/107MEDIA,0,Other_Amphibian,0.6342,3215.4,1952.4,3351.2,2097.6
/srv/shared_leopard_toad/2025/Documents/06.10-13.10.2025/4Z/107MEDIA/DSCF0409.JPG,DSCF0409.JPG,4Z/107MEDIA,0,Other_Amphibian,0.5759,3220.6,1952.1,3352.2,2096.3
/srv/shared_leopard_toad/2025/Documents/06.10-13.10.2025/4Z/107MEDIA/DSCF0851.JPG,DSCF0851.JPG,4Z/107MEDIA,0,Other_Amphibian,0.4404,3218.1,1951.2,3350.9,2097.9
/srv/shared_leopard_toad/2025/Documents/06.10-13.10.2025/4Z/107MEDIA/DSCF0851.JPG,DSCF0851.JPG,4Z/107MEDIA,0,Other_Amphibian,0.3877,3221.8,1951.7,3353.7,2097.7
/srv/shared_leopard_toad/2025/Documents/06.10-13.10.2025/4Z/107MEDIA/DSCF0343.JPG,DSCF0343.JPG,4Z/107MEDIA,0,Other_Amphibian,0.5758,3216.8,1953.4,3350.8,2096.1
/srv/shared_leopard_toad/2025/Documents/06.10-13.10.2025/4Z/107MEDIA/DSCF0343.JPG,DSCF0343.JPG,4Z/107MEDIA,0,Other_Amphibian,0.4851,3222.3,1953.7,3350.6,2096.1
/srv/shared_leopard_toad/2025/Documents/06.10-13.10.2025/4Z/107MEDIA/DSCF0906.JPG,DSCF0906.JPG,4Z/107MEDIA,0,Other_Amphibian,0.5366,3217.3,1952.5,3347.6,2091.5
/srv/shared_leopard_toad/2025/Documents/06.10-13.10.2025/4Z/107MEDIA/DSCF0906.JPG,DSCF0906.JPG,4Z/107MEDIA,0,Other_Amphibian,0.4659,3224.2,1952.7,3351.2,2091.4
/srv/shared_leopard_toad/2025/Documents/06.10-13.10.2025/4Z/107MEDIA/DSCF0402.JPG,DSCF0402.JPG,4Z/107MEDIA,0,Other_Amphibian,0.6087,3214.7,1954.0,3348.8,2095.4
/srv/shared_leopard_toad/2025/Documents/06.10-13.10.2025/4Z/107MEDIA/DSCF0402.JPG,DSCF0402.JPG,4Z/107MEDIA,0,Other_Amphibian,0.5514,3221.9,1953.2,3350.2,2095.0
/srv/shared_leopard_toad/2025/Documents/06.10-13.10.2025/4Z/107MEDIA/DSCF0572.JPG,DSCF0572.JPG,4Z/107MEDIA,0,Other_Amphibian,0.6299,3214.3,1952.4,3350.0,2096.1
/srv/shared_leopard_toad/2025/Documents/06.10-13.10.2025/4Z/107MEDIA/DSCF0572.JPG,DSCF0572.JPG,4Z/107MEDIA,0,Other_Amphibian,0.5379,3220.6,1952.3,3349.6,2095.1
/srv/shared_leopard_toad/2025/Documents/06.10-13.10.2025/4Z/107MEDIA/DSCF0572.JPG,DSCF0572.JPG,4Z/107MEDIA,2,Western_Leopard_Toad,0.2277,3654.6,1650.8,3932.4,1918.1
/srv/shared_leopard_toad/2025/Documents/06.10-13.10.2025/4Z/107MEDIA/DSCF0301.JPG,DSCF0301.JPG,4Z/107MEDIA,0,Other_Amphibian,0.5684,3216.2,1951.0,3351.8,2097.0
/srv/shared_leopard_toad/2025/Documents/06.10-13.10.2025/4Z/107MEDIA/DSCF0301.JPG,DSCF0301.JPG,4Z/107MEDIA,0,Other_Amphibian,0.4860,3222.8,1951.1,3354.8,2096.1
/srv/shared_leopard_toad/2025/Documents/06.10-13.10.2025/4Z/107MEDIA/DSCF0301.JPG,DSCF0301.JPG,4Z/107MEDIA,2,Western_Leopard_Toad,0.2528,3655.5,1648.4,3931.7,1918.7
/srv/shared_leopard_toad/2025/Documents/06.10-13.10.2025/4Z/107MEDIA/DSCF0544.JPG,DSCF0544.JPG,4Z/107MEDIA,0,Other_Amphibian,0.6256,3215.7,1954.7,3349.6,2096.0
/srv/shared_leopard_toad/2025/Documents/06.10-13.10.2025/4Z/107MEDIA/DSCF0544.JPG,DSCF0544.JPG,4Z/107MEDIA,0,Other_Amphibian,0.5430,3223.8,1954.1,3352.0,2095.4
/srv/shared_leopard_toad/2025/Documents/06.10-13.10.2025/4Z/107MEDIA/DSCF0769.JPG,DSCF0769.JPG,4Z/107MEDIA,0,Other_Amphibian,0.5809,3216.1,1952.7,3348.1,2096.9
/srv/shared_leopard_toad/2025/Documents/06.10-13.10.2025/4Z/107MEDIA/DSCF0769.JPG,DSCF0769.JPG,4Z/107MEDIA,0,Other_Amphibian,0.4900,3223.9,1952.5,3352.1,2096.5
/srv/shared_leopard_toad/2025/Documents/06.10-13.10.2025/4Z/107MEDIA/DSCF0596.JPG,DSCF0596.JPG,4Z/107MEDIA,0,Other_Amphibian,0.6135,3215.5,1952.8,3349.6,2096.5
/srv/shared_leopard_toad/2025/Documents/06.10-13.10.2025/4Z/107MEDIA/DSCF0596.JPG,DSCF0596.JPG,4Z/107MEDIA,0,Other_Amphibian,0.5263,3224.2,1952.8,3353.0,2095.6
/srv/shared_leopard_toad/2025/Documents/06.10-13.10.2025/4Z/107MEDIA/DSCF0596.JPG,DSCF0596.JPG,4Z/107MEDIA,2,Western_Leopard_Toad,0.4132,3652.3,1648.6,3934.7,1917.9
/srv/shared_leopard_toad/2025/Documents/06.10-13.10.2025/4Z/107MEDIA/DSCF0924.JPG,DSCF0924.JPG,4Z/107MEDIA,0,Other_Amphibian,0.5636,3216.5,1952.4,3350.0,2096.3
/srv/shared_leopard_toad/2025/Documents/06.10-13.10.2025/4Z/107MEDIA/DSCF0924.JPG,DSCF0924.JPG,4Z/107MEDIA,0,Other_Amphibian,0.4537,3222.8,1952.2,3351.1,2095.6
/srv/shared_leopard_toad/2025/Documents/06.10-13.10.2025/4Z/107MEDIA/DSCF0924.JPG,DSCF0924.JPG,4Z/107MEDIA,2,Western_Leopard_Toad,0.2921,3651.2,1646.4,3934.1,1918.5
/srv/shared_leopard_toad/2025/Documents/06.10-13.10.2025/4Z/107MEDIA/DSCF0184.JPG,DSCF0184.JPG,4Z/107MEDIA,0,Other_Amphibian,0.5814,3215.3,1952.0,3348.5,2096.9
/srv/shared_leopard_toad/2025/Documents/06.10-13.10.2025/4Z/107MEDIA/DSCF0184.JPG,DSCF0184.JPG,4Z/107MEDIA,0,Other_Amphibian,0.4899,3222.7,1951.7,3350.1,2096.0
/srv/shared_leopard_toad/2025/Documents/06.10-13.10.2025/4Z/107MEDIA/DSCF0237.JPG,DSCF0237.JPG,4Z/107MEDIA,0,Other_Amphibian,0.5554,3215.0,1952.5,3347.7,2097.3
/srv/shared_leopard_toad/2025/Documents/06.10-13.10.2025/4Z/107MEDIA/DSCF0237.JPG,DSCF0237.JPG,4Z/107MEDIA,0,Other_Amphibian,0.4578,3222.9,1952.2,3350.9,2096.9
/srv/shared_leopard_toad/2025/Documents/06.10-13.10.2025/4Z/107MEDIA/DSCF0373.JPG,DSCF0373.JPG,4Z/107MEDIA,0,Other_Amphibian,0.5615,3216.4,1949.2,3351.2,2098.3
/srv/shared_leopard_toad/2025/Documents/06.10-13.10.2025/4Z/107MEDIA/DSCF0373.JPG,DSCF0373.JPG,4Z/107MEDIA,0,Other_Amphibian,0.4757,3224.0,1950.2,3353.6,2098.3
/srv/shared_leopard_toad/2025/Documents/06.10-13.10.2025/4Z/107MEDIA/DSCF0871.JPG,DSCF0871.JPG,4Z/107MEDIA,0,Other_Amphibian,0.5974,3216.3,1951.2,3350.5,2096.2
/srv/shared_leopard_toad/2025/Documents/06.10-13.10.2025/4Z/107MEDIA/DSCF0871.JPG,DSCF0871.JPG,4Z/107MEDIA,0,Other_Amphibian,0.4793,3223.1,1951.7,3350.8,2096.5
/srv/shared_leopard_toad/2025/Documents/06.10-13.10.2025/4Z/107MEDIA/DSCF0118.JPG,DSCF0118.JPG,4Z/107MEDIA,0,Other_Amphibian,0.5644,3216.2,1952.8,3348.8,2096.8
/srv/shared_leopard_toad/2025/Documents/06.10-13.10.2025/4Z/107MEDIA/DSCF0118.JPG,DSCF0118.JPG,4Z/107MEDIA,0,Other_Amphibian,0.5128,3223.9,1952.1,3351.4,2096.4
/srv/shared_leopard_toad/2025/Documents/06.10-13.10.2025/4Z/107MEDIA/DSCF0944.JPG,DSCF0944.JPG,4Z/107MEDIA,0,Other_Amphibian,0.5868,3216.9,1953.5,3347.7,2094.5
/srv/shared_leopard_toad/2025/Documents/06.10-13.10.2025/4Z/107MEDIA/DSCF0944.JPG,DSCF0944.JPG,4Z/107MEDIA,0,Other_Amphibian,0.4823,3225.2,1953.0,3351.2,2093.7
/srv/shared_leopard_toad/2025/Documents/06.10-13.10.2025/4Z/107MEDIA/DSCF0580.JPG,DSCF0580.JPG,4Z/107MEDIA,0,Other_Amphibian,0.5684,3213.8,1953.1,3346.6,2098.9
/srv/shared_leopard_toad/2025/Documents/06.10-13.10.2025/4Z/107MEDIA/DSCF0580.JPG,DSCF0580.JPG,4Z/107MEDIA,0,Other_Amphibian,0.4592,3224.1,1952.3,3350.6,2097.6
/srv/shared_leopard_toad/2025/Documents/06.10-13.10.2025/4Z/107MEDIA/DSCF0580.JPG,DSCF0580.JPG,4Z/107MEDIA,2,Western_Leopard_Toad,0.3349,3651.0,1649.8,3933.5,1916.0
/srv/shared_leopard_toad/2025/Documents/06.10-13.10.2025/4Z/107MEDIA/DSCF0060.JPG,DSCF0060.JPG,4Z/107MEDIA,0,Other_Amphibian,0.6133,3216.0,1952.9,3351.8,2098.5
/srv/shared_leopard_toad/2025/Documents/06.10-13.10.2025/4Z/107MEDIA/DSCF0060.JPG,DSCF0060.JPG,4Z/107MEDIA,0,Other_Amphibian,0.5078,3221.5,1953.3,3352.2,2098.4
/srv/shared_leopard_toad/2025/Documents/06.10-13.10.2025/4Z/107MEDIA/DSCF0736.JPG,DSCF0736.JPG,4Z/107MEDIA,0,Other_Amphibian,0.5908,3216.0,1950.7,3352.3,2096.2
/srv/shared_leopard_toad/2025/Documents/06.10-13.10.2025/4Z/107MEDIA/DSCF0736.JPG,DSCF0736.JPG,4Z/107MEDIA,0,Other_Amphibian,0.5289,3222.6,1951.0,3354.7,2095.5
/srv/shared_leopard_toad/2025/Documents/06.10-13.10.2025/4Z/107MEDIA/DSCF0943.JPG,DSCF0943.JPG,4Z/107MEDIA,0,Other_Amphibian,0.5584,3217.3,1951.6,3351.6,2095.1
/srv/shared_leopard_toad/2025/Documents/06.10-13.10.2025/4Z/107MEDIA/DSCF0943.JPG,DSCF0943.JPG,4Z/107MEDIA,0,Other_Amphibian,0.4690,3221.8,1951.7,3350.2,2095.4
/srv/shared_leopard_toad/2025/Documents/06.10-13.10.2025/4Z/107MEDIA/DSCF0873.JPG,DSCF0873.JPG,4Z/107MEDIA,0,Other_Amphibian,0.6043,3216.8,1953.3,3351.2,2090.9
/srv/shared_leopard_toad/2025/Documents/06.10-13.10.2025/4Z/107MEDIA/DSCF0873.JPG,DSCF0873.JPG,4Z/107MEDIA,0,Other_Amphibian,0.5300,3223.3,1953.7,3354.5,2091.9
/srv/shared_leopard_toad/2025/Documents/06.10-13.10.2025/4Z/107MEDIA/DSCF0917.JPG,DSCF0917.JPG,4Z/107MEDIA,0,Other_Amphibian,0.5770,3216.1,1951.4,3350.0,2095.4
/srv/shared_leopard_toad/2025/Documents/06.10-13.10.2025/4Z/107MEDIA/DSCF0917.JPG,DSCF0917.JPG,4Z/107MEDIA,0,Other_Amphibian,0.4889,3224.0,1952.0,3353.7,2095.3
/srv/shared_leopard_toad/2025/Documents/06.10-13.10.2025/4Z/107MEDIA/DSCF0505.JPG,DSCF0505.JPG,4Z/107MEDIA,0,Other_Amphibian,0.5825,3216.5,1951.3,3354.5,2099.4
/srv/shared_leopard_toad/2025/Documents/06.10-13.10.2025/4Z/107MEDIA/DSCF0505.JPG,DSCF0505.JPG,4Z/107MEDIA,0,Other_Amphibian,0.5206,3220.4,1951.9,3354.0,2099.0
/srv/shared_leopard_toad/2025/Documents/06.10-13.10.2025/4Z/107MEDIA/DSCF0672.JPG,DSCF0672.JPG,4Z/107MEDIA,0,Other_Amphibian,0.5516,3217.4,1952.5,3349.5,2093.4
/srv/shared_leopard_toad/2025/Documents/06.10-13.10.2025/4Z/107MEDIA/DSCF0672.JPG,DSCF0672.JPG,4Z/107MEDIA,0,Other_Amphibian,0.4342,3225.5,1953.1,3352.6,2094.6
/srv/shared_leopard_toad/2025/Documents/06.10-13.10.2025/4Z/107MEDIA/DSCF0662.JPG,DSCF0662.JPG,4Z/107MEDIA,0,Other_Amphibian,0.5358,3216.9,1951.4,3352.1,2097.5
/srv/shared_leopard_toad/2025/Documents/06.10-13.10.2025/4Z/107MEDIA/DSCF0662.JPG,DSCF0662.JPG,4Z/107MEDIA,0,Other_Amphibian,0.4647,3222.5,1952.1,3353.0,2097.5
/srv/shared_leopard_toad/2025/Documents/06.10-13.10.2025/4Z/107MEDIA/DSCF0143.JPG,DSCF0143.JPG,4Z/107MEDIA,0,Other_Amphibian,0.5820,3216.8,1953.5,3351.5,2097.0
/srv/shared_leopard_toad/2025/Documents/06.10-13.10.2025/4Z/107MEDIA/DSCF0143.JPG,DSCF0143.JPG,4Z/107MEDIA,0,Other_Amphibian,0.4804,3224.3,1953.9,3355.0,2096.5
/srv/shared_leopard_toad/2025/Documents/06.10-13.10.2025/4Z/107MEDIA/DSCF0998.JPG,DSCF0998.JPG,4Z/107MEDIA,0,Other_Amphibian,0.5334,3218.4,1951.8,3352.4,2096.0
/srv/shared_leopard_toad/2025/Documents/06.10-13.10.2025/4Z/107MEDIA/DSCF0998.JPG,DSCF0998.JPG,4Z/107MEDIA,0,Other_Amphibian,0.4561,3224.8,1951.7,3355.4,2096.4
/srv/shared_leopard_toad/2025/Documents/06.10-13.10.2025/4Z/107MEDIA/DSCF0308.JPG,DSCF0308.JPG,4Z/107MEDIA,0,Other_Amphibian,0.5844,3217.1,1952.6,3351.7,2095.9
/srv/shared_leopard_toad/2025/Documents/06.10-13.10.2025/4Z/107MEDIA/DSCF0308.JPG,DSCF0308.JPG,4Z/107MEDIA,0,Other_Amphibian,0.4889,3224.5,1952.6,3355.3,2094.9
/srv/shared_leopard_toad/2025/Documents/06.10-13.10.2025/4Z/107MEDIA/DSCF0308.JPG,DSCF0308.JPG,4Z/107MEDIA,2,Western_Leopard_Toad,0.2912,3654.8,1648.2,3930.3,1918.6
/srv/shared_leopard_toad/2025/Documents/06.10-13.10.2025/4Z/107MEDIA/DSCF0433.JPG,DSCF0433.JPG,4Z/107MEDIA,0,Other_Amphibian,0.6150,3216.4,1953.2,3350.4,2097.1
/srv/shared_leopard_toad/2025/Documents/06.10-13.10.2025/4Z/107MEDIA/DSCF0433.JPG,DSCF0433.JPG,4Z/107MEDIA,0,Other_Amphibian,0.5113,3223.2,1953.4,3352.1,2096.7
/srv/shared_leopard_toad/2025/Documents/06.10-13.10.2025/4Z/107MEDIA/DSCF0312.JPG,DSCF0312.JPG,4Z/107MEDIA,0,Other_Amphibian,0.5913,3215.7,1950.9,3351.3,2096.2
/srv/shared_leopard_toad/2025/Documents/06.10-13.10.2025/4Z/107MEDIA/DSCF0312.JPG,DSCF0312.JPG,4Z/107MEDIA,0,Other_Amphibian,0.5366,3222.4,1950.7,3352.8,2095.2
/srv/shared_leopard_toad/2025/Documents/06.10-13.10.2025/4Z/107MEDIA/DSCF0385.JPG,DSCF0385.JPG,4Z/107MEDIA,0,Other_Amphibian,0.5338,3218.5,1952.8,3350.1,2095.9
/srv/shared_leopard_toad/2025/Documents/06.10-13.10.2025/4Z/107MEDIA/DSCF0385.JPG,DSCF0385.JPG,4Z/107MEDIA,0,Other_Amphibian,0.4366,3227.3,1953.1,3354.1,2096.6
/srv/shared_leopard_toad/2025/Documents/06.10-13.10.2025/4Z/107MEDIA/DSCF0534.JPG,DSCF0534.JPG,4Z/107MEDIA,0,Other_Amphibian,0.5679,3214.5,1953.0,3348.7,2099.3
/srv/shared_leopard_toad/2025/Documents/06.10-13.10.2025/4Z/107MEDIA/DSCF0534.JPG,DSCF0534.JPG,4Z/107MEDIA,0,Other_Amphibian,0.4734,3222.4,1952.5,3350.8,2098.2
/srv/shared_leopard_toad/2025/Documents/06.10-13.10.2025/4Z/107MEDIA/DSCF0041.JPG,DSCF0041.JPG,4Z/107MEDIA,0,Other_Amphibian,0.5835,3215.7,1954.6,3347.6,2097.6
/srv/shared_leopard_toad/2025/Documents/06.10-13.10.2025/4Z/107MEDIA/DSCF0041.JPG,DSCF0041.JPG,4Z/107MEDIA,0,Other_Amphibian,0.4739,3223.9,1953.8,3350.9,2096.3
/srv/shared_leopard_toad/2025/Documents/06.10-13.10.2025/4Z/107MEDIA/DSCF0041.JPG,DSCF0041.JPG,4Z/107MEDIA,2,Western_Leopard_Toad,0.4239,3652.9,1648.3,3933.1,1917.4
/srv/shared_leopard_toad/2025/Documents/06.10-13.10.2025/4Z/107MEDIA/DSCF0509.JPG,DSCF0509.JPG,4Z/107MEDIA,0,Other_Amphibian,0.6176,3215.9,1952.1,3351.8,2097.9
/srv/shared_leopard_toad/2025/Documents/06.10-13.10.2025/4Z/107MEDIA/DSCF0509.JPG,DSCF0509.JPG,4Z/107MEDIA,0,Other_Amphibian,0.5470,3220.9,1952.0,3352.8,2097.3
/srv/shared_leopard_toad/2025/Documents/06.10-13.10.2025/4Z/107MEDIA/DSCF0157.JPG,DSCF0157.JPG,4Z/107MEDIA,0,Other_Amphibian,0.5259,3217.8,1954.6,3349.5,2100.3
/srv/shared_leopard_toad/2025/Documents/06.10-13.10.2025/4Z/107MEDIA/DSCF0157.JPG,DSCF0157.JPG,4Z/107MEDIA,0,Other_Amphibian,0.4298,3224.5,1955.1,3350.8,2100.6
/srv/shared_leopard_toad/2025/Documents/06.10-13.10.2025/4Z/107MEDIA/DSCF0732.JPG,DSCF0732.JPG,4Z/107MEDIA,0,Other_Amphibian,0.5225,3219.5,1952.3,3350.0,2093.9
/srv/shared_leopard_toad/2025/Documents/06.10-13.10.2025/4Z/107MEDIA/DSCF0732.JPG,DSCF0732.JPG,4Z/107MEDIA,0,Other_Amphibian,0.4547,3225.9,1952.3,3353.0,2094.9
/srv/shared_leopard_toad/2025/Documents/06.10-13.10.2025/4Z/107MEDIA/DSCF0781.JPG,DSCF0781.JPG,4Z/107MEDIA,0,Other_Amphibian,0.6002,3216.2,1952.2,3351.3,2097.1
/srv/shared_leopard_toad/2025/Documents/06.10-13.10.2025/4Z/107MEDIA/DSCF0781.JPG,DSCF0781.JPG,4Z/107MEDIA,0,Other_Amphibian,0.5376,3221.3,1952.7,3351.7,2096.6
/srv/shared_leopard_toad/2025/Documents/06.10-13.10.2025/4Z/107MEDIA/DSCF0634.JPG,DSCF0634.JPG,4Z/107MEDIA,0,Other_Amphibian,0.5136,3217.4,1951.4,3350.2,2094.7
/srv/shared_leopard_toad/2025/Documents/06.10-13.10.2025/4Z/107MEDIA/DSCF0634.JPG,DSCF0634.JPG,4Z/107MEDIA,0,Other_Amphibian,0.4379,3222.7,1951.7,3352.6,2094.8
/srv/shared_leopard_toad/2025/Documents/06.10-13.10.2025/4Z/107MEDIA/DSCF0896.JPG,DSCF0896.JPG,4Z/107MEDIA,0,Other_Amphibian,0.5629,3216.3,1950.8,3350.4,2096.1
/srv/shared_leopard_toad/2025/Documents/06.10-13.10.2025/4Z/107MEDIA/DSCF0896.JPG,DSCF0896.JPG,4Z/107MEDIA,0,Other_Amphibian,0.4872,3224.0,1950.8,3354.2,2096.1
/srv/shared_leopard_toad/2025/Documents/06.10-13.10.2025/4Z/107MEDIA/DSCF0925.JPG,DSCF0925.JPG,4Z/107MEDIA,0,Other_Amphibian,0.5560,3215.0,1952.3,3346.6,2094.2
/srv/shared_leopard_toad/2025/Documents/06.10-13.10.2025/4Z/107MEDIA/DSCF0925.JPG,DSCF0925.JPG,4Z/107MEDIA,0,Other_Amphibian,0.4862,3224.7,1951.1,3352.3,2092.7
/srv/shared_leopard_toad/2025/Documents/06.10-13.10.2025/4Z/107MEDIA/DSCF0419.JPG,DSCF0419.JPG,4Z/107MEDIA,0,Other_Amphibian,0.5929,3215.5,1953.1,3351.8,2097.9
/srv/shared_leopard_toad/2025/Documents/06.10-13.10.2025/4Z/107MEDIA/DSCF0419.JPG,DSCF0419.JPG,4Z/107MEDIA,0,Other_Amphibian,0.5094,3222.4,1953.4,3354.4,2097.3
/srv/shared_leopard_toad/2025/Documents/06.10-13.10.2025/4Z/107MEDIA/DSCF0528.JPG,DSCF0528.JPG,4Z/107MEDIA,0,Other_Amphibian,0.5444,3217.0,1951.9,3352.4,2097.3
/srv/shared_leopard_toad/2025/Documents/06.10-13.10.2025/4Z/107MEDIA/DSCF0528.JPG,DSCF0528.JPG,4Z/107MEDIA,0,Other_Amphibian,0.4581,3223.3,1952.3,3353.9,2096.9
/srv/shared_leopard_toad/2025/Documents/06.10-13.10.2025/4Z/107MEDIA/DSCF0008.JPG,DSCF0008.JPG,4Z/107MEDIA,0,Other_Amphibian,0.5864,3215.8,1953.4,3350.4,2097.8
/srv/shared_leopard_toad/2025/Documents/06.10-13.10.2025/4Z/107MEDIA/DSCF0008.JPG,DSCF0008.JPG,4Z/107MEDIA,0,Other_Amphibian,0.5084,3220.9,1953.2,3350.0,2097.8
/srv/shared_leopard_toad/2025/Documents/06.10-13.10.2025/4Z/107MEDIA/DSCF0564.JPG,DSCF0564.JPG,4Z/107MEDIA,0,Other_Amphibian,0.6083,3214.3,1952.4,3348.1,2099.4
/srv/shared_leopard_toad/2025/Documents/06.10-13.10.2025/4Z/107MEDIA/DSCF0564.JPG,DSCF0564.JPG,4Z/107MEDIA,0,Other_Amphibian,0.5381,3223.0,1951.5,3351.7,2097.5
/srv/shared_leopard_toad/2025/Documents/06.10-13.10.2025/4Z/107MEDIA/DSCF0564.JPG,DSCF0564.JPG,4Z/107MEDIA,2,Western_Leopard_Toad,0.2561,3654.0,1649.0,3933.3,1915.7
/srv/shared_leopard_toad/2025/Documents/06.10-13.10.2025/4Z/107MEDIA/DSCF0303.JPG,DSCF0303.JPG,4Z/107MEDIA,0,Other_Amphibian,0.5212,3217.2,1952.6,3347.9,2097.3
/srv/shared_leopard_toad/2025/Documents/06.10-13.10.2025/4Z/107MEDIA/DSCF0303.JPG,DSCF0303.JPG,4Z/107MEDIA,0,Other_Amphibian,0.4224,3223.6,1952.7,3349.9,2097.0
/srv/shared_leopard_toad/2025/Documents/06.10-13.10.2025/4Z/107MEDIA/DSCF0155.JPG,DSCF0155.JPG,4Z/107MEDIA,0,Other_Amphibian,0.5352,3217.7,1951.5,3350.5,2096.5
/srv/shared_leopard_toad/2025/Documents/06.10-13.10.2025/4Z/107MEDIA/DSCF0155.JPG,DSCF0155.JPG,4Z/107MEDIA,0,Other_Amphibian,0.4655,3224.9,1951.7,3355.6,2096.3
/srv/shared_leopard_toad/2025/Documents/06.10-13.10.2025/4Z/107MEDIA/DSCF0644.JPG,DSCF0644.JPG,4Z/107MEDIA,0,Other_Amphibian,0.6202,3216.6,1951.9,3355.7,2097.0
/srv/shared_leopard_toad/2025/Documents/06.10-13.10.2025/4Z/107MEDIA/DSCF0644.JPG,DSCF0644.JPG,4Z/107MEDIA,0,Other_Amphibian,0.5505,3218.4,1951.7,3354.3,2096.4
/srv/shared_leopard_toad/2025/Documents/06.10-13.10.2025/4Z/107MEDIA/DSCF0220.JPG,DSCF0220.JPG,4Z/107MEDIA,0,Other_Amphibian,0.5915,3216.0,1953.7,3349.4,2096.1
/srv/shared_leopard_toad/2025/Documents/06.10-13.10.2025/4Z/107MEDIA/DSCF0220.JPG,DSCF0220.JPG,4Z/107MEDIA,0,Other_Amphibian,0.4881,3223.0,1953.2,3351.9,2095.0
/srv/shared_leopard_toad/2025/Documents/06.10-13.10.2025/4Z/107MEDIA/DSCF0515.JPG,DSCF0515.JPG,4Z/107MEDIA,0,Other_Amphibian,0.6060,3215.8,1955.5,3350.0,2097.3
/srv/shared_leopard_toad/2025/Documents/06.10-13.10.2025/4Z/107MEDIA/DSCF0515.JPG,DSCF0515.JPG,4Z/107MEDIA,0,Other_Amphibian,0.4914,3224.3,1955.4,3351.9,2096.7
/srv/shared_leopard_toad/2025/Documents/06.10-13.10.2025/4Z/107MEDIA/DSCF0515.JPG,DSCF0515.JPG,4Z/107MEDIA,2,Western_Leopard_Toad,0.2873,3654.9,1649.0,3932.1,1918.2
/srv/shared_leopard_toad/2025/Documents/06.10-13.10.2025/4Z/107MEDIA/DSCF0837.JPG,DSCF0837.JPG,4Z/107MEDIA,0,Other_Amphibian,0.6127,3216.0,1952.3,3349.6,2096.0
/srv/shared_leopard_toad/2025/Documents/06.10-13.10.2025/4Z/107MEDIA/DSCF0837.JPG,DSCF0837.JPG,4Z/107MEDIA,0,Other_Amphibian,0.5120,3223.4,1952.7,3351.1,2096.1
/srv/shared_leopard_toad/2025/Documents/06.10-13.10.2025/4Z/107MEDIA/DSCF0125.JPG,DSCF0125.JPG,4Z/107MEDIA,0,Other_Amphibian,0.6119,3216.1,1954.7,3349.7,2096.6
/srv/shared_leopard_toad/2025/Documents/06.10-13.10.2025/4Z/107MEDIA/DSCF0125.JPG,DSCF0125.JPG,4Z/107MEDIA,0,Other_Amphibian,0.4992,3223.0,1954.4,3352.2,2095.7
/srv/shared_leopard_toad/2025/Documents/06.10-13.10.2025/4Z/107MEDIA/DSCF0125.JPG,DSCF0125.JPG,4Z/107MEDIA,2,Western_Leopard_Toad,0.3633,3654.6,1649.3,3930.7,1917.1
/srv/shared_leopard_toad/2025/Documents/06.10-13.10.2025/4Z/107MEDIA/DSCF0853.JPG,DSCF0853.JPG,4Z/107MEDIA,0,Other_Amphibian,0.5481,3216.4,1952.1,3349.4,2095.7
/srv/shared_leopard_toad/2025/Documents/06.10-13.10.2025/4Z/107MEDIA/DSCF0853.JPG,DSCF0853.JPG,4Z/107MEDIA,0,Other_Amphibian,0.4807,3223.0,1951.8,3351.5,2095.1
/srv/shared_leopard_toad/2025/Documents/06.10-13.10.2025/4Z/107MEDIA/DSCF0661.JPG,DSCF0661.JPG,4Z/107MEDIA,0,Other_Amphibian,0.6036,3216.8,1952.6,3352.3,2096.5
/srv/shared_leopard_toad/2025/Documents/06.10-13.10.2025/4Z/107MEDIA/DSCF0661.JPG,DSCF0661.JPG,4Z/107MEDIA,0,Other_Amphibian,0.5333,3221.4,1952.7,3351.9,2095.6
/srv/shared_leopard_toad/2025/Documents/06.10-13.10.2025/4Z/107MEDIA/DSCF0858.JPG,DSCF0858.JPG,4Z/107MEDIA,0,Other_Amphibian,0.5782,3216.2,1952.1,3349.2,2096.2
/srv/shared_leopard_toad/2025/Documents/06.10-13.10.2025/4Z/107MEDIA/DSCF0858.JPG,DSCF0858.JPG,4Z/107MEDIA,0,Other_Amphibian,0.4859,3224.7,1951.8,3351.9,2095.5
/srv/shared_leopard_toad/2025/Documents/06.10-13.10.2025/4Z/107MEDIA/DSCF0722.JPG,DSCF0722.JPG,4Z/107MEDIA,0,Other_Amphibian,0.6004,3218.1,1950.3,3353.6,2096.3
/srv/shared_leopard_toad/2025/Documents/06.10-13.10.2025/4Z/107MEDIA/DSCF0722.JPG,DSCF0722.JPG,4Z/107MEDIA,0,Other_Amphibian,0.5540,3222.5,1950.6,3354.4,2095.6
/srv/shared_leopard_toad/2025/Documents/06.10-13.10.2025/4Z/107MEDIA/DSCF0988.JPG,DSCF0988.JPG,4Z/107MEDIA,0,Other_Amphibian,0.5506,3217.0,1951.0,3348.8,2097.4
/srv/shared_leopard_toad/2025/Documents/06.10-13.10.2025/4Z/107MEDIA/DSCF0988.JPG,DSCF0988.JPG,4Z/107MEDIA,0,Other_Amphibian,0.4546,3224.5,1950.2,3351.8,2097.0
/srv/shared_leopard_toad/2025/Documents/06.10-13.10.2025/4Z/107MEDIA/DSCF0006.JPG,DSCF0006.JPG,4Z/107MEDIA,0,Other_Amphibian,0.5954,3218.6,1956.1,3353.4,2098.2
/srv/shared_leopard_toad/2025/Documents/06.10-13.10.2025/4Z/107MEDIA/DSCF0006.JPG,DSCF0006.JPG,4Z/107MEDIA,0,Other_Amphibian,0.5140,3222.9,1955.9,3354.1,2097.9
/srv/shared_leopard_toad/2025/Documents/06.10-13.10.2025/4Z/107MEDIA/DSCF0959.JPG,DSCF0959.JPG,4Z/107MEDIA,0,Other_Amphibian,0.4893,3217.5,1950.7,3347.6,2093.5
/srv/shared_leopard_toad/2025/Documents/06.10-13.10.2025/4Z/107MEDIA/DSCF0959.JPG,DSCF0959.JPG,4Z/107MEDIA,0,Other_Amphibian,0.3981,3225.4,1950.3,3353.1,2093.7
/srv/shared_leopard_toad/2025/Documents/06.10-13.10.2025/4Z/107MEDIA/DSCF0508.JPG,DSCF0508.JPG,4Z/107MEDIA,0,Other_Amphibian,0.5724,3215.3,1953.3,3349.3,2098.0
/srv/shared_leopard_toad/2025/Documents/06.10-13.10.2025/4Z/107MEDIA/DSCF0508.JPG,DSCF0508.JPG,4Z/107MEDIA,0,Other_Amphibian,0.4963,3224.8,1952.1,3354.4,2096.2
/srv/shared_leopard_toad/2025/Documents/06.10-13.10.2025/4Z/107MEDIA/DSCF0508.JPG,DSCF0508.JPG,4Z/107MEDIA,2,Western_Leopard_Toad,0.2107,3654.5,1649.9,3934.6,1918.0
/srv/shared_leopard_toad/2025/Documents/06.10-13.10.2025/4Z/107MEDIA/DSCF0608.JPG,DSCF0608.JPG,4Z/107MEDIA,0,Other_Amphibian,0.5541,3215.7,1953.8,3349.5,2093.7
/srv/shared_leopard_toad/2025/Documents/06.10-13.10.2025/4Z/107MEDIA/DSCF0608.JPG,DSCF0608.JPG,4Z/107MEDIA,0,Other_Amphibian,0.4739,3224.1,1953.5,3354.5,2093.4
/srv/shared_leopard_toad/2025/Documents/06.10-13.10.2025/4Z/107MEDIA/DSCF0451.JPG,DSCF0451.JPG,4Z/107MEDIA,0,Other_Amphibian,0.5806,3213.4,1952.2,3349.3,2097.8
/srv/shared_leopard_toad/2025/Documents/06.10-13.10.2025/4Z/107MEDIA/DSCF0451.JPG,DSCF0451.JPG,4Z/107MEDIA,0,Other_Amphibian,0.5346,3221.5,1951.5,3353.8,2096.3
/srv/shared_leopard_toad/2025/Documents/06.10-13.10.2025/4Z/107MEDIA/DSCF0532.JPG,DSCF0532.JPG,4Z/107MEDIA,0,Other_Amphibian,0.5844,3215.9,1952.5,3348.6,2096.7
/srv/shared_leopard_toad/2025/Documents/06.10-13.10.2025/4Z/107MEDIA/DSCF0532.JPG,DSCF0532.JPG,4Z/107MEDIA,0,Other_Amphibian,0.5022,3225.4,1951.6,3353.2,2095.4
/srv/shared_leopard_toad/2025/Documents/06.10-13.10.2025/4Z/107MEDIA/DSCF0532.JPG,DSCF0532.JPG,4Z/107MEDIA,2,Western_Leopard_Toad,0.2132,3654.4,1650.0,3934.7,1919.4
/srv/shared_leopard_toad/2025/Documents/06.10-13.10.2025/4Z/107MEDIA/DSCF0290.JPG,DSCF0290.JPG,4Z/107MEDIA,0,Other_Amphibian,0.4843,3221.4,1952.2,3351.5,2097.4
/srv/shared_leopard_toad/2025/Documents/06.10-13.10.2025/4Z/107MEDIA/DSCF0290.JPG,DSCF0290.JPG,4Z/107MEDIA,0,Other_Amphibian,0.3904,3225.6,1953.8,3352.8,2098.5
/srv/shared_leopard_toad/2025/Documents/06.10-13.10.2025/4Z/107MEDIA/DSCF0556.JPG,DSCF0556.JPG,4Z/107MEDIA,0,Other_Amphibian,0.5869,3215.4,1953.9,3349.5,2097.9
/srv/shared_leopard_toad/2025/Documents/06.10-13.10.2025/4Z/107MEDIA/DSCF0556.JPG,DSCF0556.JPG,4Z/107MEDIA,0,Other_Amphibian,0.4871,3223.8,1953.5,3352.6,2096.8
/srv/shared_leopard_toad/2025/Documents/06.10-13.10.2025/4Z/107MEDIA/DSCF0556.JPG,DSCF0556.JPG,4Z/107MEDIA,2,Western_Leopard_Toad,0.2895,3652.4,1649.4,3932.2,1915.9
/srv/shared_leopard_toad/2025/Documents/06.10-13.10.2025/4Z/107MEDIA/DSCF0862.JPG,DSCF0862.JPG,4Z/107MEDIA,0,Other_Amphibian,0.5348,3218.1,1950.3,3350.5,2096.1
/srv/shared_leopard_toad/2025/Documents/06.10-13.10.2025/4Z/107MEDIA/DSCF0862.JPG,DSCF0862.JPG,4Z/107MEDIA,0,Other_Amphibian,0.4335,3225.0,1951.2,3352.6,2096.6
/srv/shared_leopard_toad/2025/Documents/06.10-13.10.2025/4Z/107MEDIA/DSCF0862.JPG,DSCF0862.JPG,4Z/107MEDIA,2,Western_Leopard_Toad,0.2229,3652.7,1647.4,3932.0,1918.0
/srv/shared_leopard_toad/2025/Documents/06.10-13.10.2025/4Z/107MEDIA/DSCF0057.JPG,DSCF0057.JPG,4Z/107MEDIA,0,Other_Amphibian,0.5315,3219.1,1952.4,3351.8,2096.3
/srv/shared_leopard_toad/2025/Documents/06.10-13.10.2025/4Z/107MEDIA/DSCF0057.JPG,DSCF0057.JPG,4Z/107MEDIA,0,Other_Amphibian,0.4578,3225.1,1952.6,3353.0,2096.7
/srv/shared_leopard_toad/2025/Documents/06.10-13.10.2025/4Z/107MEDIA/DSCF0758.JPG,DSCF0758.JPG,4Z/107MEDIA,0,Other_Amphibian,0.5785,3218.1,1951.9,3349.7,2092.9
/srv/shared_leopard_toad/2025/Documents/06.10-13.10.2025/4Z/107MEDIA/DSCF0758.JPG,DSCF0758.JPG,4Z/107MEDIA,0,Other_Amphibian,0.5077,3224.3,1952.4,3351.3,2093.9
/srv/shared_leopard_toad/2025/Documents/06.10-13.10.2025/4Z/107MEDIA/DSCF0652.JPG,DSCF0652.JPG,4Z/107MEDIA,0,Other_Amphibian,0.5249,3217.9,1953.2,3350.2,2096.9
/srv/shared_leopard_toad/2025/Documents/06.10-13.10.2025/4Z/107MEDIA/DSCF0652.JPG,DSCF0652.JPG,4Z/107MEDIA,0,Other_Amphibian,0.4296,3227.1,1953.1,3356.1,2097.3
/srv/shared_leopard_toad/2025/Documents/06.10-13.10.2025/4Z/107MEDIA/DSCF0165.JPG,DSCF0165.JPG,4Z/107MEDIA,0,Other_Amphibian,0.6220,3214.5,1953.8,3352.7,2098.3
/srv/shared_leopard_toad/2025/Documents/06.10-13.10.2025/4Z/107MEDIA/DSCF0165.JPG,DSCF0165.JPG,4Z/107MEDIA,0,Other_Amphibian,0.5528,3219.7,1953.9,3352.4,2098.2
/srv/shared_leopard_toad/2025/Documents/06.10-13.10.2025/4Z/107MEDIA/DSCF0615.JPG,DSCF0615.JPG,4Z/107MEDIA,0,Other_Amphibian,0.5209,3218.1,1952.6,3353.7,2098.3
/srv/shared_leopard_toad/2025/Documents/06.10-13.10.2025/4Z/107MEDIA/DSCF0615.JPG,DSCF0615.JPG,4Z/107MEDIA,0,Other_Amphibian,0.4693,3222.8,1953.1,3355.3,2098.2
/srv/shared_leopard_toad/2025/Documents/06.10-13.10.2025/4Z/107MEDIA/DSCF0258.JPG,DSCF0258.JPG,4Z/107MEDIA,0,Other_Amphibian,0.5686,3218.0,1951.8,3352.5,2097.7
/srv/shared_leopard_toad/2025/Documents/06.10-13.10.2025/4Z/107MEDIA/DSCF0258.JPG,DSCF0258.JPG,4Z/107MEDIA,0,Other_Amphibian,0.4775,3223.9,1952.3,3353.9,2097.6
/srv/shared_leopard_toad/2025/Documents/06.10-13.10.2025/4Z/107MEDIA/DSCF0346.JPG,DSCF0346.JPG,4Z/107MEDIA,0,Other_Amphibian,0.5891,3217.9,1954.1,3351.0,2096.0
/srv/shared_leopard_toad/2025/Documents/06.10-13.10.2025/4Z/107MEDIA/DSCF0346.JPG,DSCF0346.JPG,4Z/107MEDIA,0,Other_Amphibian,0.5082,3225.5,1953.7,3354.4,2096.1
/srv/shared_leopard_toad/2025/Documents/06.10-13.10.2025/4Z/107MEDIA/DSCF0723.JPG,DSCF0723.JPG,4Z/107MEDIA,0,Other_Amphibian,0.5081,3217.6,1950.9,3347.4,2094.9
/srv/shared_leopard_toad/2025/Documents/06.10-13.10.2025/4Z/107MEDIA/DSCF0723.JPG,DSCF0723.JPG,4Z/107MEDIA,0,Other_Amphibian,0.4521,3223.3,1950.7,3350.1,2095.0
/srv/shared_leopard_toad/2025/Documents/06.10-13.10.2025/4Z/107MEDIA/DSCF0878.JPG,DSCF0878.JPG,4Z/107MEDIA,0,Other_Amphibian,0.5289,3217.5,1951.4,3347.9,2095.1
/srv/shared_leopard_toad/2025/Documents/06.10-13.10.2025/4Z/107MEDIA/DSCF0878.JPG,DSCF0878.JPG,4Z/107MEDIA,0,Other_Amphibian,0.4250,3226.7,1950.8,3352.8,2094.2
/srv/shared_leopard_toad/2025/Documents/06.10-13.10.2025/4Z/107MEDIA/DSCF0432.JPG,DSCF0432.JPG,4Z/107MEDIA,0,Other_Amphibian,0.6063,3215.9,1952.1,3352.1,2097.8
/srv/shared_leopard_toad/2025/Documents/06.10-13.10.2025/4Z/107MEDIA/DSCF0432.JPG,DSCF0432.JPG,4Z/107MEDIA,0,Other_Amphibian,0.5420,3222.0,1952.5,3353.3,2096.9
/srv/shared_leopard_toad/2025/Documents/06.10-13.10.2025/4Z/107MEDIA/DSCF0174.JPG,DSCF0174.JPG,4Z/107MEDIA,0,Other_Amphibian,0.5392,3218.1,1948.1,3351.1,2098.2
/srv/shared_leopard_toad/2025/Documents/06.10-13.10.2025/4Z/107MEDIA/DSCF0174.JPG,DSCF0174.JPG,4Z/107MEDIA,0,Other_Amphibian,0.4885,3222.8,1948.5,3352.6,2097.4
/srv/shared_leopard_toad/2025/Documents/06.10-13.10.2025/4Z/107MEDIA/DSCF0864.JPG,DSCF0864.JPG,4Z/107MEDIA,0,Other_Amphibian,0.5444,3217.5,1951.2,3354.0,2094.9
/srv/shared_leopard_toad/2025/Documents/06.10-13.10.2025/4Z/107MEDIA/DSCF0864.JPG,DSCF0864.JPG,4Z/107MEDIA,0,Other_Amphibian,0.4684,3223.7,1952.1,3356.5,2095.3
/srv/shared_leopard_toad/2025/Documents/06.10-13.10.2025/4Z/107MEDIA/DSCF0697.JPG,DSCF0697.JPG,4Z/107MEDIA,0,Other_Amphibian,0.5494,3214.5,1951.7,3349.3,2096.6
/srv/shared_leopard_toad/2025/Documents/06.10-13.10.2025/4Z/107MEDIA/DSCF0697.JPG,DSCF0697.JPG,4Z/107MEDIA,0,Other_Amphibian,0.4527,3223.4,1951.7,3354.0,2096.2
/srv/shared_leopard_toad/2025/Documents/06.10-13.10.2025/4Z/107MEDIA/DSCF0697.JPG,DSCF0697.JPG,4Z/107MEDIA,2,Western_Leopard_Toad,0.2308,3651.1,1647.8,3933.4,1918.2
/srv/shared_leopard_toad/2025/Documents/06.10-13.10.2025/4Z/107MEDIA/DSCF0761.JPG,DSCF0761.JPG,4Z/107MEDIA,0,Other_Amphibian,0.5567,3217.9,1952.8,3349.3,2093.2
/srv/shared_leopard_toad/2025/Documents/06.10-13.10.2025/4Z/107MEDIA/DSCF0761.JPG,DSCF0761.JPG,4Z/107MEDIA,0,Other_Amphibian,0.4628,3225.6,1952.9,3352.1,2093.8
/srv/shared_leopard_toad/2025/Documents/06.10-13.10.2025/4Z/107MEDIA/DSCF0248.JPG,DSCF0248.JPG,4Z/107MEDIA,0,Other_Amphibian,0.5802,3216.1,1950.2,3352.4,2096.9
/srv/shared_leopard_toad/2025/Documents/06.10-13.10.2025/4Z/107MEDIA/DSCF0248.JPG,DSCF0248.JPG,4Z/107MEDIA,0,Other_Amphibian,0.5272,3222.9,1950.2,3355.6,2096.0
/srv/shared_leopard_toad/2025/Documents/06.10-13.10.2025/4Z/107MEDIA/DSCF0117.JPG,DSCF0117.JPG,4Z/107MEDIA,0,Other_Amphibian,0.6262,3216.7,1952.6,3349.1,2094.5
/srv/shared_leopard_toad/2025/Documents/06.10-13.10.2025/4Z/107MEDIA/DSCF0117.JPG,DSCF0117.JPG,4Z/107MEDIA,0,Other_Amphibian,0.5600,3223.1,1952.2,3351.4,2093.4
/srv/shared_leopard_toad/2025/Documents/06.10-13.10.2025/4Z/107MEDIA/DSCF0833.JPG,DSCF0833.JPG,4Z/107MEDIA,0,Other_Amphibian,0.5611,3216.1,1953.2,3349.0,2095.2
/srv/shared_leopard_toad/2025/Documents/06.10-13.10.2025/4Z/107MEDIA/DSCF0833.JPG,DSCF0833.JPG,4Z/107MEDIA,0,Other_Amphibian,0.4651,3222.8,1952.9,3349.9,2094.9
/srv/shared_leopard_toad/2025/Documents/06.10-13.10.2025/4Z/107MEDIA/DSCF0945.JPG,DSCF0945.JPG,4Z/107MEDIA,0,Other_Amphibian,0.5217,3218.8,1950.5,3348.5,2097.6
/srv/shared_leopard_toad/2025/Documents/06.10-13.10.2025/4Z/107MEDIA/DSCF0945.JPG,DSCF0945.JPG,4Z/107MEDIA,0,Other_Amphibian,0.4614,3226.0,1950.1,3351.0,2097.2
/srv/shared_leopard_toad/2025/Documents/06.10-13.10.2025/4Z/107MEDIA/DSCF0063.JPG,DSCF0063.JPG,4Z/107MEDIA,0,Other_Amphibian,0.5371,3218.7,1953.1,3348.7,2094.5
/srv/shared_leopard_toad/2025/Documents/06.10-13.10.2025/4Z/107MEDIA/DSCF0063.JPG,DSCF0063.JPG,4Z/107MEDIA,0,Other_Amphibian,0.4610,3224.9,1952.7,3351.4,2094.7
/srv/shared_leopard_toad/2025/Documents/06.10-13.10.2025/4Z/107MEDIA/DSCF0412.JPG,DSCF0412.JPG,4Z/107MEDIA,0,Other_Amphibian,0.5988,3216.1,1952.1,3349.0,2097.0
/srv/shared_leopard_toad/2025/Documents/06.10-13.10.2025/4Z/107MEDIA/DSCF0412.JPG,DSCF0412.JPG,4Z/107MEDIA,0,Other_Amphibian,0.5291,3224.5,1951.3,3353.3,2095.4
/srv/shared_leopard_toad/2025/Documents/06.10-13.10.2025/4Z/107MEDIA/DSCF0152.JPG,DSCF0152.JPG,4Z/107MEDIA,0,Other_Amphibian,0.5155,3216.7,1953.0,3348.1,2099.0
/srv/shared_leopard_toad/2025/Documents/06.10-13.10.2025/4Z/107MEDIA/DSCF0152.JPG,DSCF0152.JPG,4Z/107MEDIA,0,Other_Amphibian,0.4101,3225.6,1954.7,3352.3,2100.5
/srv/shared_leopard_toad/2025/Documents/06.10-13.10.2025/4Z/107MEDIA/DSCF0152.JPG,DSCF0152.JPG,4Z/107MEDIA,2,Western_Leopard_Toad,0.3786,3654.3,1648.3,3931.8,1917.5
/srv/shared_leopard_toad/2025/Documents/06.10-13.10.2025/4Z/107MEDIA/DSCF0405.JPG,DSCF0405.JPG,4Z/107MEDIA,0,Other_Amphibian,0.5943,3216.5,1953.5,3348.4,2096.8
/srv/shared_leopard_toad/2025/Documents/06.10-13.10.2025/4Z/107MEDIA/DSCF0405.JPG,DSCF0405.JPG,4Z/107MEDIA,0,Other_Amphibian,0.5025,3223.3,1953.0,3350.4,2096.2
/srv/shared_leopard_toad/2025/Documents/06.10-13.10.2025/4Z/107MEDIA/DSCF0989.JPG,DSCF0989.JPG,4Z/107MEDIA,0,Other_Amphibian,0.5468,3217.9,1950.2,3350.7,2094.3
/srv/shared_leopard_toad/2025/Documents/06.10-13.10.2025/4Z/107MEDIA/DSCF0989.JPG,DSCF0989.JPG,4Z/107MEDIA,0,Other_Amphibian,0.4771,3225.7,1950.2,3355.0,2094.4
/srv/shared_leopard_toad/2025/Documents/06.10-13.10.2025/4Z/107MEDIA/DSCF0036.JPG,DSCF0036.JPG,4Z/107MEDIA,0,Other_Amphibian,0.5280,3218.1,1952.4,3351.1,2097.2
/srv/shared_leopard_toad/2025/Documents/06.10-13.10.2025/4Z/107MEDIA/DSCF0036.JPG,DSCF0036.JPG,4Z/107MEDIA,0,Other_Amphibian,0.4471,3223.5,1952.6,3352.4,2097.1
/srv/shared_leopard_toad/2025/Documents/06.10-13.10.2025/4Z/107MEDIA/DSCF0052.JPG,DSCF0052.JPG,4Z/107MEDIA,0,Other_Amphibian,0.5473,3217.1,1953.5,3351.1,2099.3
/srv/shared_leopard_toad/2025/Documents/06.10-13.10.2025/4Z/107MEDIA/DSCF0052.JPG,DSCF0052.JPG,4Z/107MEDIA,0,Other_Amphibian,0.4397,3224.5,1953.9,3352.4,2099.4
/srv/shared_leopard_toad/2025/Documents/06.10-13.10.2025/4Z/107MEDIA/DSCF0653.JPG,DSCF0653.JPG,4Z/107MEDIA,0,Other_Amphibian,0.5692,3216.4,1952.2,3351.0,2097.3
/srv/shared_leopard_toad/2025/Documents/06.10-13.10.2025/4Z/107MEDIA/DSCF0653.JPG,DSCF0653.JPG,4Z/107MEDIA,0,Other_Amphibian,0.5011,3224.9,1952.5,3355.2,2097.0
/srv/shared_leopard_toad/2025/Documents/06.10-13.10.2025/4Z/107MEDIA/DSCF0754.JPG,DSCF0754.JPG,4Z/107MEDIA,0,Other_Amphibian,0.6293,3215.1,1951.3,3350.1,2097.7
/srv/shared_leopard_toad/2025/Documents/06.10-13.10.2025/4Z/107MEDIA/DSCF0754.JPG,DSCF0754.JPG,4Z/107MEDIA,0,Other_Amphibian,0.5213,3222.9,1951.3,3351.7,2097.4
/srv/shared_leopard_toad/2025/Documents/06.10-13.10.2025/4Z/107MEDIA/DSCF0838.JPG,DSCF0838.JPG,4Z/107MEDIA,0,Other_Amphibian,0.4882,3218.6,1951.4,3348.3,2095.0
/srv/shared_leopard_toad/2025/Documents/06.10-13.10.2025/4Z/107MEDIA/DSCF0838.JPG,DSCF0838.JPG,4Z/107MEDIA,0,Other_Amphibian,0.4135,3225.1,1951.7,3351.3,2095.6
/srv/shared_leopard_toad/2025/Documents/06.10-13.10.2025/4Z/107MEDIA/DSCF0189.JPG,DSCF0189.JPG,4Z/107MEDIA,0,Other_Amphibian,0.5649,3215.5,1951.8,3347.1,2096.4
/srv/shared_leopard_toad/2025/Documents/06.10-13.10.2025/4Z/107MEDIA/DSCF0189.JPG,DSCF0189.JPG,4Z/107MEDIA,0,Other_Amphibian,0.4572,3224.5,1951.1,3351.0,2095.7
/srv/shared_leopard_toad/2025/Documents/06.10-13.10.2025/4Z/107MEDIA/DSCF0171.JPG,DSCF0171.JPG,4Z/107MEDIA,0,Other_Amphibian,0.5780,3214.5,1952.4,3347.3,2098.2
/srv/shared_leopard_toad/2025/Documents/06.10-13.10.2025/4Z/107MEDIA/DSCF0171.JPG,DSCF0171.JPG,4Z/107MEDIA,0,Other_Amphibian,0.4677,3223.3,1951.9,3350.5,2097.2
/srv/shared_leopard_toad/2025/Documents/06.10-13.10.2025/4Z/107MEDIA/DSCF0171.JPG,DSCF0171.JPG,4Z/107MEDIA,2,Western_Leopard_Toad,0.3335,3655.9,1647.8,3932.5,1917.7
/srv/shared_leopard_toad/2025/Documents/06.10-13.10.2025/4Z/107MEDIA/DSCF0040.JPG,DSCF0040.JPG,4Z/107MEDIA,0,Other_Amphibian,0.6139,3215.8,1951.5,3352.7,2096.7
/srv/shared_leopard_toad/2025/Documents/06.10-13.10.2025/4Z/107MEDIA/DSCF0040.JPG,DSCF0040.JPG,4Z/107MEDIA,0,Other_Amphibian,0.5339,3219.6,1951.1,3352.2,2095.6
/srv/shared_leopard_toad/2025/Documents/06.10-13.10.2025/4Z/107MEDIA/DSCF0729.JPG,DSCF0729.JPG,4Z/107MEDIA,0,Other_Amphibian,0.5608,3216.9,1950.9,3351.9,2097.7
/srv/shared_leopard_toad/2025/Documents/06.10-13.10.2025/4Z/107MEDIA/DSCF0729.JPG,DSCF0729.JPG,4Z/107MEDIA,0,Other_Amphibian,0.4900,3222.9,1951.1,3353.3,2097.2
/srv/shared_leopard_toad/2025/Documents/06.10-13.10.2025/4Z/107MEDIA/DSCF0315.JPG,DSCF0315.JPG,4Z/107MEDIA,0,Other_Amphibian,0.6129,3215.1,1954.0,3349.8,2096.2
/srv/shared_leopard_toad/2025/Documents/06.10-13.10.2025/4Z/107MEDIA/DSCF0315.JPG,DSCF0315.JPG,4Z/107MEDIA,0,Other_Amphibian,0.4984,3221.6,1954.5,3350.3,2096.4
/srv/shared_leopard_toad/2025/Documents/06.10-13.10.2025/4Z/107MEDIA/DSCF0288.JPG,DSCF0288.JPG,4Z/107MEDIA,0,Other_Amphibian,0.6104,3214.8,1952.9,3350.5,2095.8
/srv/shared_leopard_toad/2025/Documents/06.10-13.10.2025/4Z/107MEDIA/DSCF0288.JPG,DSCF0288.JPG,4Z/107MEDIA,0,Other_Amphibian,0.5234,3221.9,1953.0,3352.7,2095.7
/srv/shared_leopard_toad/2025/Documents/06.10-13.10.2025/4Z/107MEDIA/DSCF0423.JPG,DSCF0423.JPG,4Z/107MEDIA,0,Other_Amphibian,0.5681,3215.3,1952.8,3351.1,2097.4
/srv/shared_leopard_toad/2025/Documents/06.10-13.10.2025/4Z/107MEDIA/DSCF0423.JPG,DSCF0423.JPG,4Z/107MEDIA,0,Other_Amphibian,0.5076,3221.6,1952.3,3354.4,2096.5
/srv/shared_leopard_toad/2025/Documents/06.10-13.10.2025/4Z/107MEDIA/DSCF0045.JPG,DSCF0045.JPG,4Z/107MEDIA,0,Other_Amphibian,0.6047,3216.4,1953.2,3350.5,2098.0
/srv/shared_leopard_toad/2025/Documents/06.10-13.10.2025/4Z/107MEDIA/DSCF0045.JPG,DSCF0045.JPG,4Z/107MEDIA,0,Other_Amphibian,0.5442,3220.3,1953.5,3349.2,2098.3
/srv/shared_leopard_toad/2025/Documents/06.10-13.10.2025/4Z/107MEDIA/DSCF0264.JPG,DSCF0264.JPG,4Z/107MEDIA,0,Other_Amphibian,0.5439,3215.9,1950.6,3350.2,2096.9
/srv/shared_leopard_toad/2025/Documents/06.10-13.10.2025/4Z/107MEDIA/DSCF0264.JPG,DSCF0264.JPG,4Z/107MEDIA,0,Other_Amphibian,0.4638,3223.6,1951.2,3355.0,2096.8
/srv/shared_leopard_toad/2025/Documents/06.10-13.10.2025/4Z/107MEDIA/DSCF0848.JPG,DSCF0848.JPG,4Z/107MEDIA,0,Other_Amphibian,0.5311,3216.1,1951.9,3349.0,2096.3
/srv/shared_leopard_toad/2025/Documents/06.10-13.10.2025/4Z/107MEDIA/DSCF0848.JPG,DSCF0848.JPG,4Z/107MEDIA,0,Other_Amphibian,0.4698,3222.3,1951.4,3351.9,2095.2
/srv/shared_leopard_toad/2025/Documents/06.10-13.10.2025/4Z/107MEDIA/DSCF0848.JPG,DSCF0848.JPG,4Z/107MEDIA,2,Western_Leopard_Toad,0.2021,3651.9,1647.1,3931.0,1917.8
/srv/shared_leopard_toad/2025/Documents/06.10-13.10.2025/4Z/107MEDIA/DSCF0145.JPG,DSCF0145.JPG,4Z/107MEDIA,0,Other_Amphibian,0.5854,3216.2,1953.9,3348.5,2096.9
/srv/shared_leopard_toad/2025/Documents/06.10-13.10.2025/4Z/107MEDIA/DSCF0145.JPG,DSCF0145.JPG,4Z/107MEDIA,0,Other_Amphibian,0.4901,3225.2,1953.8,3351.4,2096.8
/srv/shared_leopard_toad/2025/Documents/06.10-13.10.2025/4Z/107MEDIA/DSCF0284.JPG,DSCF0284.JPG,4Z/107MEDIA,0,Other_Amphibian,0.5395,3217.6,1954.2,3347.9,2095.9
/srv/shared_leopard_toad/2025/Documents/06.10-13.10.2025/4Z/107MEDIA/DSCF0284.JPG,DSCF0284.JPG,4Z/107MEDIA,0,Other_Amphibian,0.4456,3225.2,1953.7,3351.6,2095.6
/srv/shared_leopard_toad/2025/Documents/06.10-13.10.2025/4Z/107MEDIA/DSCF0504.JPG,DSCF0504.JPG,4Z/107MEDIA,0,Other_Amphibian,0.5875,3216.6,1953.3,3352.2,2097.6
/srv/shared_leopard_toad/2025/Documents/06.10-13.10.2025/4Z/107MEDIA/DSCF0504.JPG,DSCF0504.JPG,4Z/107MEDIA,0,Other_Amphibian,0.5152,3222.5,1953.4,3354.1,2097.1
/srv/shared_leopard_toad/2025/Documents/06.10-13.10.2025/4Z/107MEDIA/DSCF0637.JPG,DSCF0637.JPG,4Z/107MEDIA,0,Other_Amphibian,0.5393,3217.4,1952.8,3350.9,2097.6
/srv/shared_leopard_toad/2025/Documents/06.10-13.10.2025/4Z/107MEDIA/DSCF0637.JPG,DSCF0637.JPG,4Z/107MEDIA,0,Other_Amphibian,0.4515,3224.5,1952.7,3353.5,2096.8
/srv/shared_leopard_toad/2025/Documents/06.10-13.10.2025/4Z/107MEDIA/DSCF0637.JPG,DSCF0637.JPG,4Z/107MEDIA,2,Western_Leopard_Toad,0.2591,3652.2,1647.7,3931.9,1918.1
/srv/shared_leopard_toad/2025/Documents/06.10-13.10.2025/4Z/107MEDIA/DSCF0271.JPG,DSCF0271.JPG,4Z/107MEDIA,0,Other_Amphibian,0.5318,3219.7,1951.9,3348.6,2095.7
/srv/shared_leopard_toad/2025/Documents/06.10-13.10.2025/4Z/107MEDIA/DSCF0271.JPG,DSCF0271.JPG,4Z/107MEDIA,0,Other_Amphibian,0.4508,3224.7,1951.9,3349.8,2095.9
/srv/shared_leopard_toad/2025/Documents/06.10-13.10.2025/4Z/107MEDIA/DSCF0861.JPG,DSCF0861.JPG,4Z/107MEDIA,0,Other_Amphibian,0.5627,3215.9,1954.1,3349.4,2095.4
/srv/shared_leopard_toad/2025/Documents/06.10-13.10.2025/4Z/107MEDIA/DSCF0861.JPG,DSCF0861.JPG,4Z/107MEDIA,0,Other_Amphibian,0.4767,3224.3,1954.0,3353.4,2095.5
/srv/shared_leopard_toad/2025/Documents/06.10-13.10.2025/4Z/107MEDIA/DSCF0648.JPG,DSCF0648.JPG,4Z/107MEDIA,0,Other_Amphibian,0.6083,3215.2,1951.5,3351.8,2096.3
/srv/shared_leopard_toad/2025/Documents/06.10-13.10.2025/4Z/107MEDIA/DSCF0648.JPG,DSCF0648.JPG,4Z/107MEDIA,0,Other_Amphibian,0.5206,3223.3,1952.1,3354.1,2096.8
/srv/shared_leopard_toad/2025/Documents/06.10-13.10.2025/4Z/107MEDIA/DSCF0659.JPG,DSCF0659.JPG,4Z/107MEDIA,0,Other_Amphibian,0.5691,3216.9,1951.6,3352.2,2098.6
/srv/shared_leopard_toad/2025/Documents/06.10-13.10.2025/4Z/107MEDIA/DSCF0659.JPG,DSCF0659.JPG,4Z/107MEDIA,0,Other_Amphibian,0.4763,3223.2,1951.6,3353.2,2098.0
/srv/shared_leopard_toad/2025/Documents/06.10-13.10.2025/4Z/107MEDIA/DSCF0096.JPG,DSCF0096.JPG,4Z/107MEDIA,0,Other_Amphibian,0.5666,3217.4,1950.9,3352.6,2095.6
/srv/shared_leopard_toad/2025/Documents/06.10-13.10.2025/4Z/107MEDIA/DSCF0096.JPG,DSCF0096.JPG,4Z/107MEDIA,0,Other_Amphibian,0.5118,3221.7,1951.1,3354.9,2095.2
/srv/shared_leopard_toad/2025/Documents/06.10-13.10.2025/4Z/107MEDIA/DSCF0295.JPG,DSCF0295.JPG,4Z/107MEDIA,0,Other_Amphibian,0.5977,3216.1,1952.8,3351.4,2097.0
/srv/shared_leopard_toad/2025/Documents/06.10-13.10.2025/4Z/107MEDIA/DSCF0295.JPG,DSCF0295.JPG,4Z/107MEDIA,0,Other_Amphibian,0.5223,3222.8,1952.7,3353.4,2096.2
/srv/shared_leopard_toad/2025/Documents/06.10-13.10.2025/4Z/107MEDIA/DSCF0053.JPG,DSCF0053.JPG,4Z/107MEDIA,0,Other_Amphibian,0.5675,3217.0,1953.0,3351.4,2098.6
/srv/shared_leopard_toad/2025/Documents/06.10-13.10.2025/4Z/107MEDIA/DSCF0053.JPG,DSCF0053.JPG,4Z/107MEDIA,0,Other_Amphibian,0.4825,3222.4,1953.1,3352.9,2098.3
/srv/shared_leopard_toad/2025/Documents/06.10-13.10.2025/4Z/107MEDIA/DSCF0740.JPG,DSCF0740.JPG,4Z/107MEDIA,0,Other_Amphibian,0.5287,3217.2,1951.0,3348.0,2093.5
/srv/shared_leopard_toad/2025/Documents/06.10-13.10.2025/4Z/107MEDIA/DSCF0740.JPG,DSCF0740.JPG,4Z/107MEDIA,0,Other_Amphibian,0.4551,3223.5,1951.1,3351.5,2093.5
/srv/shared_leopard_toad/2025/Documents/06.10-13.10.2025/4Z/107MEDIA/DSCF0384.JPG,DSCF0384.JPG,4Z/107MEDIA,0,Other_Amphibian,0.6174,3215.5,1952.2,3350.1,2096.5
/srv/shared_leopard_toad/2025/Documents/06.10-13.10.2025/4Z/107MEDIA/DSCF0384.JPG,DSCF0384.JPG,4Z/107MEDIA,0,Other_Amphibian,0.5251,3220.4,1952.2,3349.1,2095.8
/srv/shared_leopard_toad/2025/Documents/06.10-13.10.2025/4Z/107MEDIA/DSCF0955.JPG,DSCF0955.JPG,4Z/107MEDIA,0,Other_Amphibian,0.5427,3215.4,1952.6,3347.9,2095.0
/srv/shared_leopard_toad/2025/Documents/06.10-13.10.2025/4Z/107MEDIA/DSCF0955.JPG,DSCF0955.JPG,4Z/107MEDIA,0,Other_Amphibian,0.3384,3225.0,1954.3,3350.7,2097.4
/srv/shared_leopard_toad/2025/Documents/06.10-13.10.2025/4Z/107MEDIA/DSCF0955.JPG,DSCF0955.JPG,4Z/107MEDIA,2,Western_Leopard_Toad,0.2259,3654.6,1649.7,3930.7,1918.3
/srv/shared_leopard_toad/2025/Documents/06.10-13.10.2025/4Z/107MEDIA/DSCF0149.JPG,DSCF0149.JPG,4Z/107MEDIA,0,Other_Amphibian,0.6346,3213.3,1953.2,3347.9,2098.6
/srv/shared_leopard_toad/2025/Documents/06.10-13.10.2025/4Z/107MEDIA/DSCF0149.JPG,DSCF0149.JPG,4Z/107MEDIA,0,Other_Amphibian,0.5229,3221.1,1952.8,3348.1,2098.0
/srv/shared_leopard_toad/2025/Documents/06.10-13.10.2025/4Z/107MEDIA/DSCF0149.JPG,DSCF0149.JPG,4Z/107MEDIA,2,Western_Leopard_Toad,0.2214,3654.7,1649.8,3931.4,1919.4
/srv/shared_leopard_toad/2025/Documents/06.10-13.10.2025/4Z/107MEDIA/DSCF0502.JPG,DSCF0502.JPG,4Z/107MEDIA,0,Other_Amphibian,0.6022,3214.8,1951.5,3350.0,2097.8
/srv/shared_leopard_toad/2025/Documents/06.10-13.10.2025/4Z/107MEDIA/DSCF0502.JPG,DSCF0502.JPG,4Z/107MEDIA,0,Other_Amphibian,0.5541,3222.0,1950.9,3352.7,2096.4
/srv/shared_leopard_toad/2025/Documents/06.10-13.10.2025/4Z/107MEDIA/DSCF0231.JPG,DSCF0231.JPG,4Z/107MEDIA,0,Other_Amphibian,0.6022,3214.8,1953.1,3351.1,2097.4
/srv/shared_leopard_toad/2025/Documents/06.10-13.10.2025/4Z/107MEDIA/DSCF0231.JPG,DSCF0231.JPG,4Z/107MEDIA,0,Other_Amphibian,0.5116,3219.7,1953.2,3350.1,2097.2
/srv/shared_leopard_toad/2025/Documents/06.10-13.10.2025/4Z/107MEDIA/DSCF0930.JPG,DSCF0930.JPG,4Z/107MEDIA,0,Other_Amphibian,0.5335,3218.1,1952.2,3346.2,2094.7
/srv/shared_leopard_toad/2025/Documents/06.10-13.10.2025/4Z/107MEDIA/DSCF0930.JPG,DSCF0930.JPG,4Z/107MEDIA,0,Other_Amphibian,0.4092,3227.1,1951.4,3349.8,2094.7
/srv/shared_leopard_toad/2025/Documents/06.10-13.10.2025/4Z/107MEDIA/DSCF0930.JPG,DSCF0930.JPG,4Z/107MEDIA,2,Western_Leopard_Toad,0.2463,3653.8,1648.9,3932.6,1917.6
/srv/shared_leopard_toad/2025/Documents/06.10-13.10.2025/4Z/107MEDIA/DSCF0320.JPG,DSCF0320.JPG,4Z/107MEDIA,0,Other_Amphibian,0.5973,3215.4,1954.0,3347.5,2096.0
/srv/shared_leopard_toad/2025/Documents/06.10-13.10.2025/4Z/107MEDIA/DSCF0320.JPG,DSCF0320.JPG,4Z/107MEDIA,0,Other_Amphibian,0.4975,3222.3,1953.4,3348.2,2095.4
/srv/shared_leopard_toad/2025/Documents/06.10-13.10.2025/4Z/107MEDIA/DSCF0731.JPG,DSCF0731.JPG,4Z/107MEDIA,0,Other_Amphibian,0.5476,3219.2,1951.7,3349.1,2094.8
/srv/shared_leopard_toad/2025/Documents/06.10-13.10.2025/4Z/107MEDIA/DSCF0731.JPG,DSCF0731.JPG,4Z/107MEDIA,0,Other_Amphibian,0.4636,3225.5,1951.9,3350.1,2095.0
/srv/shared_leopard_toad/2025/Documents/06.10-13.10.2025/4Z/107MEDIA/DSCF0479.JPG,DSCF0479.JPG,4Z/107MEDIA,0,Other_Amphibian,0.5693,3215.7,1953.0,3348.9,2097.5
/srv/shared_leopard_toad/2025/Documents/06.10-13.10.2025/4Z/107MEDIA/DSCF0479.JPG,DSCF0479.JPG,4Z/107MEDIA,0,Other_Amphibian,0.4936,3222.4,1952.6,3350.2,2096.5
/srv/shared_leopard_toad/2025/Documents/06.10-13.10.2025/4Z/107MEDIA/DSCF0247.JPG,DSCF0247.JPG,4Z/107MEDIA,0,Other_Amphibian,0.5699,3218.1,1953.6,3350.8,2098.8
/srv/shared_leopard_toad/2025/Documents/06.10-13.10.2025/4Z/107MEDIA/DSCF0247.JPG,DSCF0247.JPG,4Z/107MEDIA,0,Other_Amphibian,0.4278,3224.7,1954.1,3350.5,2098.8
/srv/shared_leopard_toad/2025/Documents/06.10-13.10.2025/4Z/107MEDIA/DSCF0247.JPG,DSCF0247.JPG,4Z/107MEDIA,2,Western_Leopard_Toad,0.2454,3656.4,1648.4,3931.0,1917.7
/srv/shared_leopard_toad/2025/Documents/06.10-13.10.2025/4Z/107MEDIA/DSCF0898.JPG,DSCF0898.JPG,4Z/107MEDIA,0,Other_Amphibian,0.5875,3216.0,1952.0,3350.8,2096.0
/srv/shared_leopard_toad/2025/Documents/06.10-13.10.2025/4Z/107MEDIA/DSCF0898.JPG,DSCF0898.JPG,4Z/107MEDIA,0,Other_Amphibian,0.5175,3222.2,1952.1,3353.0,2095.3
/srv/shared_leopard_toad/2025/Documents/06.10-13.10.2025/4Z/107MEDIA/DSCF0307.JPG,DSCF0307.JPG,4Z/107MEDIA,0,Other_Amphibian,0.5717,3217.3,1953.0,3349.8,2096.7
/srv/shared_leopard_toad/2025/Documents/06.10-13.10.2025/4Z/107MEDIA/DSCF0307.JPG,DSCF0307.JPG,4Z/107MEDIA,0,Other_Amphibian,0.4874,3225.4,1952.5,3352.8,2095.8
/srv/shared_leopard_toad/2025/Documents/06.10-13.10.2025/4Z/107MEDIA/DSCF0268.JPG,DSCF0268.JPG,4Z/107MEDIA,0,Other_Amphibian,0.5715,3215.9,1952.6,3351.6,2099.3
/srv/shared_leopard_toad/2025/Documents/06.10-13.10.2025/4Z/107MEDIA/DSCF0268.JPG,DSCF0268.JPG,4Z/107MEDIA,0,Other_Amphibian,0.5080,3222.0,1952.7,3354.7,2098.5
/srv/shared_leopard_toad/2025/Documents/06.10-13.10.2025/4Z/107MEDIA/DSCF0582.JPG,DSCF0582.JPG,4Z/107MEDIA,0,Other_Amphibian,0.6126,3215.3,1952.6,3352.6,2095.7
/srv/shared_leopard_toad/2025/Documents/06.10-13.10.2025/4Z/107MEDIA/DSCF0582.JPG,DSCF0582.JPG,4Z/107MEDIA,0,Other_Amphibian,0.5423,3221.9,1952.7,3354.9,2095.2
/srv/shared_leopard_toad/2025/Documents/06.10-13.10.2025/4Z/107MEDIA/DSCF0716.JPG,DSCF0716.JPG,4Z/107MEDIA,0,Other_Amphibian,0.5851,3215.6,1949.8,3349.5,2098.4
/srv/shared_leopard_toad/2025/Documents/06.10-13.10.2025/4Z/107MEDIA/DSCF0716.JPG,DSCF0716.JPG,4Z/107MEDIA,0,Other_Amphibian,0.5229,3222.7,1949.6,3352.0,2096.8
/srv/shared_leopard_toad/2025/Documents/06.10-13.10.2025/4Z/107MEDIA/DSCF0716.JPG,DSCF0716.JPG,4Z/107MEDIA,2,Western_Leopard_Toad,0.2188,3655.0,1648.5,3932.2,1917.7
/srv/shared_leopard_toad/2025/Documents/06.10-13.10.2025/4Z/107MEDIA/DSCF0963.JPG,DSCF0963.JPG,4Z/107MEDIA,0,Other_Amphibian,0.5094,3215.3,1951.5,3347.7,2095.2
/srv/shared_leopard_toad/2025/Documents/06.10-13.10.2025/4Z/107MEDIA/DSCF0963.JPG,DSCF0963.JPG,4Z/107MEDIA,0,Other_Amphibian,0.4356,3224.0,1951.4,3353.0,2095.4
/srv/shared_leopard_toad/2025/Documents/06.10-13.10.2025/4Z/107MEDIA/DSCF0663.JPG,DSCF0663.JPG,4Z/107MEDIA,0,Other_Amphibian,0.5518,3215.7,1952.6,3348.4,2095.6
/srv/shared_leopard_toad/2025/Documents/06.10-13.10.2025/4Z/107MEDIA/DSCF0663.JPG,DSCF0663.JPG,4Z/107MEDIA,0,Other_Amphibian,0.4607,3222.8,1952.2,3352.3,2095.0
/srv/shared_leopard_toad/2025/Documents/06.10-13.10.2025/4Z/107MEDIA/DSCF0931.JPG,DSCF0931.JPG,4Z/107MEDIA,0,Other_Amphibian,0.5885,3215.3,1951.9,3348.8,2096.5
/srv/shared_leopard_toad/2025/Documents/06.10-13.10.2025/4Z/107MEDIA/DSCF0931.JPG,DSCF0931.JPG,4Z/107MEDIA,0,Other_Amphibian,0.5100,3222.8,1951.6,3352.3,2095.6
/srv/shared_leopard_toad/2025/Documents/06.10-13.10.2025/4Z/107MEDIA/DSCF0106.JPG,DSCF0106.JPG,4Z/107MEDIA,0,Other_Amphibian,0.5953,3217.1,1953.3,3350.1,2096.1
/srv/shared_leopard_toad/2025/Documents/06.10-13.10.2025/4Z/107MEDIA/DSCF0106.JPG,DSCF0106.JPG,4Z/107MEDIA,0,Other_Amphibian,0.5427,3223.4,1952.6,3352.4,2095.3
/srv/shared_leopard_toad/2025/Documents/06.10-13.10.2025/4Z/107MEDIA/DSCF0246.JPG,DSCF0246.JPG,4Z/107MEDIA,0,Other_Amphibian,0.6399,3216.5,1955.1,3350.9,2094.9
/srv/shared_leopard_toad/2025/Documents/06.10-13.10.2025/4Z/107MEDIA/DSCF0246.JPG,DSCF0246.JPG,4Z/107MEDIA,0,Other_Amphibian,0.5464,3222.4,1955.5,3351.0,2095.3
/srv/shared_leopard_toad/2025/Documents/06.10-13.10.2025/4Z/107MEDIA/DSCF0978.JPG,DSCF0978.JPG,4Z/107MEDIA,0,Other_Amphibian,0.5541,3216.9,1950.9,3349.1,2094.1
/srv/shared_leopard_toad/2025/Documents/06.10-13.10.2025/4Z/107MEDIA/DSCF0978.JPG,DSCF0978.JPG,4Z/107MEDIA,0,Other_Amphibian,0.4755,3222.8,1951.1,3350.4,2094.1
/srv/shared_leopard_toad/2025/Documents/06.10-13.10.2025/4Z/107MEDIA/DSCF0378.JPG,DSCF0378.JPG,4Z/107MEDIA,0,Other_Amphibian,0.6070,3215.5,1952.5,3351.9,2096.1
/srv/shared_leopard_toad/2025/Documents/06.10-13.10.2025/4Z/107MEDIA/DSCF0378.JPG,DSCF0378.JPG,4Z/107MEDIA,0,Other_Amphibian,0.5119,3221.2,1952.3,3352.0,2095.0
/srv/shared_leopard_toad/2025/Documents/06.10-13.10.2025/4Z/107MEDIA/DSCF0704.JPG,DSCF0704.JPG,4Z/107MEDIA,0,Other_Amphibian,0.5274,3219.4,1951.5,3348.3,2092.7
/srv/shared_leopard_toad/2025/Documents/06.10-13.10.2025/4Z/107MEDIA/DSCF0704.JPG,DSCF0704.JPG,4Z/107MEDIA,0,Other_Amphibian,0.4646,3224.1,1951.7,3350.3,2092.9
/srv/shared_leopard_toad/2025/Documents/06.10-13.10.2025/4Z/107MEDIA/DSCF0148.JPG,DSCF0148.JPG,4Z/107MEDIA,0,Other_Amphibian,0.5651,3217.5,1953.4,3347.3,2094.9
/srv/shared_leopard_toad/2025/Documents/06.10-13.10.2025/4Z/107MEDIA/DSCF0148.JPG,DSCF0148.JPG,4Z/107MEDIA,0,Other_Amphibian,0.4566,3225.0,1952.7,3349.8,2094.3
/srv/shared_leopard_toad/2025/Documents/06.10-13.10.2025/4Z/107MEDIA/DSCF0842.JPG,DSCF0842.JPG,4Z/107MEDIA,0,Other_Amphibian,0.5718,3215.3,1951.5,3349.4,2098.2
/srv/shared_leopard_toad/2025/Documents/06.10-13.10.2025/4Z/107MEDIA/DSCF0842.JPG,DSCF0842.JPG,4Z/107MEDIA,0,Other_Amphibian,0.4971,3223.6,1951.2,3352.3,2097.5
/srv/shared_leopard_toad/2025/Documents/06.10-13.10.2025/4Z/107MEDIA/DSCF0178.JPG,DSCF0178.JPG,4Z/107MEDIA,0,Other_Amphibian,0.5690,3215.7,1953.3,3351.5,2096.5
/srv/shared_leopard_toad/2025/Documents/06.10-13.10.2025/4Z/107MEDIA/DSCF0178.JPG,DSCF0178.JPG,4Z/107MEDIA,0,Other_Amphibian,0.4754,3222.5,1953.6,3353.0,2095.8
/srv/shared_leopard_toad/2025/Documents/06.10-13.10.2025/4Z/107MEDIA/DSCF0738.JPG,DSCF0738.JPG,4Z/107MEDIA,0,Other_Amphibian,0.5700,3215.4,1952.3,3349.7,2097.1
/srv/shared_leopard_toad/2025/Documents/06.10-13.10.2025/4Z/107MEDIA/DSCF0738.JPG,DSCF0738.JPG,4Z/107MEDIA,0,Other_Amphibian,0.4669,3223.3,1952.4,3351.7,2096.8
/srv/shared_leopard_toad/2025/Documents/06.10-13.10.2025/4Z/107MEDIA/DSCF0738.JPG,DSCF0738.JPG,4Z/107MEDIA,2,Western_Leopard_Toad,0.2579,3652.7,1648.2,3931.1,1917.2
/srv/shared_leopard_toad/2025/Documents/06.10-13.10.2025/4Z/107MEDIA/DSCF0739.JPG,DSCF0739.JPG,4Z/107MEDIA,0,Other_Amphibian,0.5585,3216.1,1954.0,3349.8,2096.7
/srv/shared_leopard_toad/2025/Documents/06.10-13.10.2025/4Z/107MEDIA/DSCF0739.JPG,DSCF0739.JPG,4Z/107MEDIA,0,Other_Amphibian,0.4740,3222.2,1953.9,3351.4,2096.5
/srv/shared_leopard_toad/2025/Documents/06.10-13.10.2025/4Z/107MEDIA/DSCF0875.JPG,DSCF0875.JPG,4Z/107MEDIA,0,Other_Amphibian,0.4120,3221.3,1950.2,3350.5,2094.1
/srv/shared_leopard_toad/2025/Documents/06.10-13.10.2025/4Z/107MEDIA/DSCF0875.JPG,DSCF0875.JPG,4Z/107MEDIA,0,Other_Amphibian,0.3612,3224.1,1951.5,3351.3,2095.4
/srv/shared_leopard_toad/2025/Documents/06.10-13.10.2025/4Z/107MEDIA/DSCF0576.JPG,DSCF0576.JPG,4Z/107MEDIA,0,Other_Amphibian,0.5807,3215.4,1954.3,3352.3,2097.6
/srv/shared_leopard_toad/2025/Documents/06.10-13.10.2025/4Z/107MEDIA/DSCF0576.JPG,DSCF0576.JPG,4Z/107MEDIA,0,Other_Amphibian,0.4592,3223.0,1954.9,3353.2,2098.0
/srv/shared_leopard_toad/2025/Documents/06.10-13.10.2025/4Z/107MEDIA/DSCF0576.JPG,DSCF0576.JPG,4Z/107MEDIA,2,Western_Leopard_Toad,0.2213,3651.0,1649.2,3933.3,1916.7
/srv/shared_leopard_toad/2025/Documents/06.10-13.10.2025/4Z/107MEDIA/DSCF0856.JPG,DSCF0856.JPG,4Z/107MEDIA,0,Other_Amphibian,0.5813,3216.2,1951.9,3347.7,2097.5
/srv/shared_leopard_toad/2025/Documents/06.10-13.10.2025/4Z/107MEDIA/DSCF0856.JPG,DSCF0856.JPG,4Z/107MEDIA,0,Other_Amphibian,0.5129,3223.4,1951.4,3350.4,2095.9
/srv/shared_leopard_toad/2025/Documents/06.10-13.10.2025/4Z/107MEDIA/DSCF0607.JPG,DSCF0607.JPG,4Z/107MEDIA,0,Other_Amphibian,0.5928,3215.9,1954.8,3349.0,2096.9
/srv/shared_leopard_toad/2025/Documents/06.10-13.10.2025/4Z/107MEDIA/DSCF0607.JPG,DSCF0607.JPG,4Z/107MEDIA,0,Other_Amphibian,0.4724,3223.4,1954.7,3350.9,2096.1
/srv/shared_leopard_toad/2025/Documents/06.10-13.10.2025/4Z/107MEDIA/DSCF0607.JPG,DSCF0607.JPG,4Z/107MEDIA,2,Western_Leopard_Toad,0.2306,3652.1,1650.4,3935.1,1918.4
/srv/shared_leopard_toad/2025/Documents/06.10-13.10.2025/4Z/107MEDIA/DSCF0097.JPG,DSCF0097.JPG,4Z/107MEDIA,0,Other_Amphibian,0.6135,3215.3,1954.9,3348.9,2099.5
/srv/shared_leopard_toad/2025/Documents/06.10-13.10.2025/4Z/107MEDIA/DSCF0097.JPG,DSCF0097.JPG,4Z/107MEDIA,0,Other_Amphibian,0.4989,3222.4,1954.6,3350.9,2098.9
/srv/shared_leopard_toad/2025/Documents/06.10-13.10.2025/4Z/107MEDIA/DSCF0252.JPG,DSCF0252.JPG,4Z/107MEDIA,0,Other_Amphibian,0.5711,3214.3,1952.8,3349.4,2097.3
/srv/shared_leopard_toad/2025/Documents/06.10-13.10.2025/4Z/107MEDIA/DSCF0252.JPG,DSCF0252.JPG,4Z/107MEDIA,0,Other_Amphibian,0.4631,3220.9,1952.8,3350.9,2096.7
/srv/shared_leopard_toad/2025/Documents/06.10-13.10.2025/4Z/107MEDIA/DSCF0472.JPG,DSCF0472.JPG,4Z/107MEDIA,0,Other_Amphibian,0.6118,3213.7,1954.4,3348.7,2098.4
/srv/shared_leopard_toad/2025/Documents/06.10-13.10.2025/4Z/107MEDIA/DSCF0472.JPG,DSCF0472.JPG,4Z/107MEDIA,0,Other_Amphibian,0.5349,3222.3,1953.6,3351.7,2097.1
/srv/shared_leopard_toad/2025/Documents/06.10-13.10.2025/4Z/107MEDIA/DSCF0472.JPG,DSCF0472.JPG,4Z/107MEDIA,2,Western_Leopard_Toad,0.2331,3653.0,1648.5,3932.6,1917.9
/srv/shared_leopard_toad/2025/Documents/06.10-13.10.2025/4Z/107MEDIA/DSCF0396.JPG,DSCF0396.JPG,4Z/107MEDIA,0,Other_Amphibian,0.5400,3217.5,1950.4,3352.7,2096.7
/srv/shared_leopard_toad/2025/Documents/06.10-13.10.2025/4Z/107MEDIA/DSCF0396.JPG,DSCF0396.JPG,4Z/107MEDIA,0,Other_Amphibian,0.4757,3222.6,1950.6,3354.8,2095.9
/srv/shared_leopard_toad/2025/Documents/06.10-13.10.2025/4Z/107MEDIA/DSCF0788.JPG,DSCF0788.JPG,4Z/107MEDIA,0,Other_Amphibian,0.5673,3216.9,1950.7,3348.0,2094.0
/srv/shared_leopard_toad/2025/Documents/06.10-13.10.2025/4Z/107MEDIA/DSCF0788.JPG,DSCF0788.JPG,4Z/107MEDIA,0,Other_Amphibian,0.5115,3223.3,1950.4,3350.1,2093.6
/srv/shared_leopard_toad/2025/Documents/06.10-13.10.2025/4Z/107MEDIA/DSCF0721.JPG,DSCF0721.JPG,4Z/107MEDIA,0,Other_Amphibian,0.5227,3218.0,1950.1,3353.2,2097.3
/srv/shared_leopard_toad/2025/Documents/06.10-13.10.2025/4Z/107MEDIA/DSCF0721.JPG,DSCF0721.JPG,4Z/107MEDIA,0,Other_Amphibian,0.4769,3222.4,1950.4,3354.7,2097.0
/srv/shared_leopard_toad/2025/Documents/06.10-13.10.2025/4Z/107MEDIA/DSCF0721.JPG,DSCF0721.JPG,4Z/107MEDIA,2,Western_Leopard_Toad,0.2276,3653.1,1647.4,3931.0,1919.0
/srv/shared_leopard_toad/2025/Documents/06.10-13.10.2025/4Z/107MEDIA/DSCF0927.JPG,DSCF0927.JPG,4Z/107MEDIA,0,Other_Amphibian,0.6078,3216.3,1952.9,3351.1,2095.6
/srv/shared_leopard_toad/2025/Documents/06.10-13.10.2025/4Z/107MEDIA/DSCF0927.JPG,DSCF0927.JPG,4Z/107MEDIA,0,Other_Amphibian,0.5279,3222.7,1953.2,3352.6,2095.6
/srv/shared_leopard_toad/2025/Documents/06.10-13.10.2025/4Z/107MEDIA/DSCF0536.JPG,DSCF0536.JPG,4Z/107MEDIA,0,Other_Amphibian,0.5367,3217.0,1952.9,3350.4,2096.6
/srv/shared_leopard_toad/2025/Documents/06.10-13.10.2025/4Z/107MEDIA/DSCF0536.JPG,DSCF0536.JPG,4Z/107MEDIA,0,Other_Amphibian,0.4825,3222.5,1952.5,3354.2,2095.8
/srv/shared_leopard_toad/2025/Documents/06.10-13.10.2025/4Z/107MEDIA/DSCF0448.JPG,DSCF0448.JPG,4Z/107MEDIA,0,Other_Amphibian,0.5471,3215.5,1952.2,3351.6,2099.3
/srv/shared_leopard_toad/2025/Documents/06.10-13.10.2025/4Z/107MEDIA/DSCF0448.JPG,DSCF0448.JPG,4Z/107MEDIA,0,Other_Amphibian,0.4588,3221.2,1952.6,3352.1,2099.3
/srv/shared_leopard_toad/2025/Documents/06.10-13.10.2025/4Z/107MEDIA/DSCF0683.JPG,DSCF0683.JPG,4Z/107MEDIA,0,Other_Amphibian,0.5913,3216.2,1952.4,3349.1,2095.8
/srv/shared_leopard_toad/2025/Documents/06.10-13.10.2025/4Z/107MEDIA/DSCF0683.JPG,DSCF0683.JPG,4Z/107MEDIA,0,Other_Amphibian,0.5395,3221.3,1952.1,3350.6,2095.3
/srv/shared_leopard_toad/2025/Documents/06.10-13.10.2025/4Z/107MEDIA/DSCF0449.JPG,DSCF0449.JPG,4Z/107MEDIA,0,Other_Amphibian,0.5802,3216.8,1953.5,3351.2,2096.7
/srv/shared_leopard_toad/2025/Documents/06.10-13.10.2025/4Z/107MEDIA/DSCF0449.JPG,DSCF0449.JPG,4Z/107MEDIA,0,Other_Amphibian,0.4767,3224.1,1953.8,3352.5,2096.9
/srv/shared_leopard_toad/2025/Documents/06.10-13.10.2025/4Z/107MEDIA/DSCF0888.JPG,DSCF0888.JPG,4Z/107MEDIA,0,Other_Amphibian,0.5891,3215.0,1950.7,3349.5,2095.3
/srv/shared_leopard_toad/2025/Documents/06.10-13.10.2025/4Z/107MEDIA/DSCF0888.JPG,DSCF0888.JPG,4Z/107MEDIA,0,Other_Amphibian,0.4960,3221.0,1950.8,3351.2,2095.0
/srv/shared_leopard_toad/2025/Documents/06.10-13.10.2025/4Z/107MEDIA/DSCF0287.JPG,DSCF0287.JPG,4Z/107MEDIA,0,Other_Amphibian,0.6120,3216.6,1951.9,3348.6,2094.6
/srv/shared_leopard_toad/2025/Documents/06.10-13.10.2025/4Z/107MEDIA/DSCF0287.JPG,DSCF0287.JPG,4Z/107MEDIA,0,Other_Amphibian,0.5468,3223.0,1951.4,3350.9,2093.3
/srv/shared_leopard_toad/2025/Documents/06.10-13.10.2025/4Z/107MEDIA/DSCF0494.JPG,DSCF0494.JPG,4Z/107MEDIA,0,Other_Amphibian,0.6356,3214.1,1952.3,3351.6,2099.1
/srv/shared_leopard_toad/2025/Documents/06.10-13.10.2025/4Z/107MEDIA/DSCF0494.JPG,DSCF0494.JPG,4Z/107MEDIA,0,Other_Amphibian,0.5431,3220.6,1952.2,3352.4,2097.8
/srv/shared_leopard_toad/2025/Documents/06.10-13.10.2025/4Z/107MEDIA/DSCF0908.JPG,DSCF0908.JPG,4Z/107MEDIA,0,Other_Amphibian,0.5862,3217.8,1951.3,3351.3,2097.2
/srv/shared_leopard_toad/2025/Documents/06.10-13.10.2025/4Z/107MEDIA/DSCF0908.JPG,DSCF0908.JPG,4Z/107MEDIA,0,Other_Amphibian,0.4804,3221.7,1951.8,3350.2,2098.0
/srv/shared_leopard_toad/2025/Documents/06.10-13.10.2025/4Z/107MEDIA/DSCF0386.JPG,DSCF0386.JPG,4Z/107MEDIA,0,Other_Amphibian,0.5653,3216.7,1953.2,3351.3,2098.6
/srv/shared_leopard_toad/2025/Documents/06.10-13.10.2025/4Z/107MEDIA/DSCF0386.JPG,DSCF0386.JPG,4Z/107MEDIA,0,Other_Amphibian,0.5061,3222.8,1953.2,3353.8,2098.3
/srv/shared_leopard_toad/2025/Documents/06.10-13.10.2025/4Z/107MEDIA/DSCF0072.JPG,DSCF0072.JPG,4Z/107MEDIA,0,Other_Amphibian,0.5609,3216.9,1952.8,3350.3,2096.8
/srv/shared_leopard_toad/2025/Documents/06.10-13.10.2025/4Z/107MEDIA/DSCF0072.JPG,DSCF0072.JPG,4Z/107MEDIA,0,Other_Amphibian,0.4443,3224.3,1953.4,3350.7,2097.3
/srv/shared_leopard_toad/2025/Documents/06.10-13.10.2025/4Z/107MEDIA/DSCF0134.JPG,DSCF0134.JPG,4Z/107MEDIA,0,Other_Amphibian,0.6204,3215.6,1952.8,3353.6,2095.7
/srv/shared_leopard_toad/2025/Documents/06.10-13.10.2025/4Z/107MEDIA/DSCF0134.JPG,DSCF0134.JPG,4Z/107MEDIA,0,Other_Amphibian,0.5509,3219.3,1952.7,3352.8,2095.3
/srv/shared_leopard_toad/2025/Documents/06.10-13.10.2025/4Z/107MEDIA/DSCF0023.JPG,DSCF0023.JPG,4Z/107MEDIA,0,Other_Amphibian,0.5875,3217.7,1954.0,3353.3,2096.5
/srv/shared_leopard_toad/2025/Documents/06.10-13.10.2025/4Z/107MEDIA/DSCF0023.JPG,DSCF0023.JPG,4Z/107MEDIA,0,Other_Amphibian,0.5124,3221.4,1954.3,3353.3,2096.2
/srv/shared_leopard_toad/2025/Documents/06.10-13.10.2025/4Z/107MEDIA/DSCF0399.JPG,DSCF0399.JPG,4Z/107MEDIA,0,Other_Amphibian,0.5925,3216.5,1952.6,3351.8,2095.7
/srv/shared_leopard_toad/2025/Documents/06.10-13.10.2025/4Z/107MEDIA/DSCF0399.JPG,DSCF0399.JPG,4Z/107MEDIA,0,Other_Amphibian,0.5307,3222.7,1952.8,3354.2,2095.6
/srv/shared_leopard_toad/2025/Documents/06.10-13.10.2025/4Z/107MEDIA/DSCF0158.JPG,DSCF0158.JPG,4Z/107MEDIA,0,Other_Amphibian,0.5927,3216.1,1953.4,3351.5,2094.9
/srv/shared_leopard_toad/2025/Documents/06.10-13.10.2025/4Z/107MEDIA/DSCF0158.JPG,DSCF0158.JPG,4Z/107MEDIA,0,Other_Amphibian,0.5491,3222.5,1953.3,3354.5,2095.0
/srv/shared_leopard_toad/2025/Documents/06.10-13.10.2025/4Z/107MEDIA/DSCF0474.JPG,DSCF0474.JPG,4Z/107MEDIA,0,Other_Amphibian,0.6150,3214.6,1952.3,3349.6,2099.2
/srv/shared_leopard_toad/2025/Documents/06.10-13.10.2025/4Z/107MEDIA/DSCF0474.JPG,DSCF0474.JPG,4Z/107MEDIA,0,Other_Amphibian,0.5521,3221.5,1951.8,3351.3,2097.8
/srv/shared_leopard_toad/2025/Documents/06.10-13.10.2025/4Z/107MEDIA/DSCF0567.JPG,DSCF0567.JPG,4Z/107MEDIA,0,Other_Amphibian,0.6335,3216.0,1952.8,3353.8,2096.6
/srv/shared_leopard_toad/2025/Documents/06.10-13.10.2025/4Z/107MEDIA/DSCF0567.JPG,DSCF0567.JPG,4Z/107MEDIA,0,Other_Amphibian,0.5618,3221.3,1953.1,3353.5,2096.6
/srv/shared_leopard_toad/2025/Documents/06.10-13.10.2025/4Z/107MEDIA/DSCF0872.JPG,DSCF0872.JPG,4Z/107MEDIA,0,Other_Amphibian,0.4583,3222.6,1949.7,3352.4,2097.0
/srv/shared_leopard_toad/2025/Documents/06.10-13.10.2025/4Z/107MEDIA/DSCF0872.JPG,DSCF0872.JPG,4Z/107MEDIA,0,Other_Amphibian,0.3973,3225.6,1950.2,3352.5,2097.9
/srv/shared_leopard_toad/2025/Documents/06.10-13.10.2025/4Z/107MEDIA/DSCF0499.JPG,DSCF0499.JPG,4Z/107MEDIA,0,Other_Amphibian,0.5271,3216.7,1951.4,3347.8,2099.2
/srv/shared_leopard_toad/2025/Documents/06.10-13.10.2025/4Z/107MEDIA/DSCF0499.JPG,DSCF0499.JPG,4Z/107MEDIA,0,Other_Amphibian,0.4389,3225.1,1951.2,3352.8,2098.2
/srv/shared_leopard_toad/2025/Documents/06.10-13.10.2025/4Z/107MEDIA/DSCF0499.JPG,DSCF0499.JPG,4Z/107MEDIA,2,Western_Leopard_Toad,0.3465,3653.4,1646.7,3932.7,1918.1
/srv/shared_leopard_toad/2025/Documents/06.10-13.10.2025/4Z/107MEDIA/DSCF0892.JPG,DSCF0892.JPG,4Z/107MEDIA,0,Other_Amphibian,0.5647,3216.7,1952.6,3351.9,2095.8
/srv/shared_leopard_toad/2025/Documents/06.10-13.10.2025/4Z/107MEDIA/DSCF0892.JPG,DSCF0892.JPG,4Z/107MEDIA,0,Other_Amphibian,0.4741,3224.2,1952.9,3354.1,2095.8
/srv/shared_leopard_toad/2025/Documents/06.10-13.10.2025/4Z/107MEDIA/DSCF0900.JPG,DSCF0900.JPG,4Z/107MEDIA,0,Other_Amphibian,0.5624,3217.6,1951.9,3349.3,2096.1
/srv/shared_leopard_toad/2025/Documents/06.10-13.10.2025/4Z/107MEDIA/DSCF0900.JPG,DSCF0900.JPG,4Z/107MEDIA,0,Other_Amphibian,0.4628,3224.1,1951.6,3351.1,2095.6
/srv/shared_leopard_toad/2025/Documents/06.10-13.10.2025/4Z/107MEDIA/DSCF0768.JPG,DSCF0768.JPG,4Z/107MEDIA,0,Other_Amphibian,0.5767,3215.8,1951.4,3349.4,2096.6
/srv/shared_leopard_toad/2025/Documents/06.10-13.10.2025/4Z/107MEDIA/DSCF0768.JPG,DSCF0768.JPG,4Z/107MEDIA,0,Other_Amphibian,0.4758,3222.9,1951.2,3351.0,2096.7
/srv/shared_leopard_toad/2025/Documents/06.10-13.10.2025/4Z/107MEDIA/DSCF0335.JPG,DSCF0335.JPG,4Z/107MEDIA,0,Other_Amphibian,0.4824,3217.6,1951.4,3349.8,2095.7
/srv/shared_leopard_toad/2025/Documents/06.10-13.10.2025/4Z/107MEDIA/DSCF0335.JPG,DSCF0335.JPG,4Z/107MEDIA,0,Other_Amphibian,0.3969,3223.4,1952.8,3353.4,2096.5
/srv/shared_leopard_toad/2025/Documents/06.10-13.10.2025/4Z/107MEDIA/DSCF0335.JPG,DSCF0335.JPG,4Z/107MEDIA,2,Western_Leopard_Toad,0.2435,3654.0,1647.0,3929.7,1917.7
/srv/shared_leopard_toad/2025/Documents/06.10-13.10.2025/4Z/107MEDIA/DSCF0877.JPG,DSCF0877.JPG,4Z/107MEDIA,0,Other_Amphibian,0.5576,3214.6,1952.2,3346.7,2096.0
/srv/shared_leopard_toad/2025/Documents/06.10-13.10.2025/4Z/107MEDIA/DSCF0877.JPG,DSCF0877.JPG,4Z/107MEDIA,0,Other_Amphibian,0.4604,3224.5,1951.9,3350.8,2095.3
/srv/shared_leopard_toad/2025/Documents/06.10-13.10.2025/4Z/107MEDIA/DSCF0877.JPG,DSCF0877.JPG,4Z/107MEDIA,2,Western_Leopard_Toad,0.3342,3654.8,1647.2,3932.4,1917.1
/srv/shared_leopard_toad/2025/Documents/06.10-13.10.2025/4Z/107MEDIA/DSCF0523.JPG,DSCF0523.JPG,4Z/107MEDIA,0,Other_Amphibian,0.6290,3215.9,1952.9,3351.4,2097.6
/srv/shared_leopard_toad/2025/Documents/06.10-13.10.2025/4Z/107MEDIA/DSCF0523.JPG,DSCF0523.JPG,4Z/107MEDIA,0,Other_Amphibian,0.5394,3222.6,1952.8,3354.2,2096.1
/srv/shared_leopard_toad/2025/Documents/06.10-13.10.2025/4Z/107MEDIA/DSCF0523.JPG,DSCF0523.JPG,4Z/107MEDIA,2,Western_Leopard_Toad,0.2938,3654.6,1649.3,3933.5,1918.5
/srv/shared_leopard_toad/2025/Documents/06.10-13.10.2025/4Z/107MEDIA/DSCF0890.JPG,DSCF0890.JPG,4Z/107MEDIA,0,Other_Amphibian,0.4940,3220.5,1951.0,3350.4,2094.2
/srv/shared_leopard_toad/2025/Documents/06.10-13.10.2025/4Z/107MEDIA/DSCF0890.JPG,DSCF0890.JPG,4Z/107MEDIA,0,Other_Amphibian,0.4376,3225.9,1951.3,3352.6,2094.7
/srv/shared_leopard_toad/2025/Documents/06.10-13.10.2025/4Z/107MEDIA/DSCF0262.JPG,DSCF0262.JPG,4Z/107MEDIA,0,Other_Amphibian,0.6049,3216.5,1951.7,3351.4,2094.8
/srv/shared_leopard_toad/2025/Documents/06.10-13.10.2025/4Z/107MEDIA/DSCF0262.JPG,DSCF0262.JPG,4Z/107MEDIA,0,Other_Amphibian,0.5715,3221.2,1951.5,3352.7,2094.1
/srv/shared_leopard_toad/2025/Documents/06.10-13.10.2025/4Z/107MEDIA/DSCF0655.JPG,DSCF0655.JPG,4Z/107MEDIA,0,Other_Amphibian,0.5497,3216.8,1952.0,3349.9,2096.6
/srv/shared_leopard_toad/2025/Documents/06.10-13.10.2025/4Z/107MEDIA/DSCF0655.JPG,DSCF0655.JPG,4Z/107MEDIA,0,Other_Amphibian,0.4375,3224.2,1952.2,3352.3,2096.5
/srv/shared_leopard_toad/2025/Documents/06.10-13.10.2025/4Z/107MEDIA/DSCF0965.JPG,DSCF0965.JPG,4Z/107MEDIA,0,Other_Amphibian,0.5451,3216.9,1952.0,3349.3,2095.9
/srv/shared_leopard_toad/2025/Documents/06.10-13.10.2025/4Z/107MEDIA/DSCF0965.JPG,DSCF0965.JPG,4Z/107MEDIA,0,Other_Amphibian,0.4437,3224.8,1951.2,3352.7,2095.5
/srv/shared_leopard_toad/2025/Documents/06.10-13.10.2025/4Z/107MEDIA/DSCF0965.JPG,DSCF0965.JPG,4Z/107MEDIA,2,Western_Leopard_Toad,0.2798,3653.0,1647.6,3929.8,1917.4
/srv/shared_leopard_toad/2025/Documents/06.10-13.10.2025/4Z/107MEDIA/DSCF0750.JPG,DSCF0750.JPG,4Z/107MEDIA,0,Other_Amphibian,0.5078,3217.2,1950.4,3349.4,2098.0
/srv/shared_leopard_toad/2025/Documents/06.10-13.10.2025/4Z/107MEDIA/DSCF0750.JPG,DSCF0750.JPG,4Z/107MEDIA,0,Other_Amphibian,0.4389,3223.5,1950.5,3351.0,2097.7
/srv/shared_leopard_toad/2025/Documents/06.10-13.10.2025/4Z/107MEDIA/DSCF0223.JPG,DSCF0223.JPG,4Z/107MEDIA,0,Other_Amphibian,0.5799,3215.3,1952.4,3350.1,2097.9
/srv/shared_leopard_toad/2025/Documents/06.10-13.10.2025/4Z/107MEDIA/DSCF0223.JPG,DSCF0223.JPG,4Z/107MEDIA,0,Other_Amphibian,0.4880,3222.2,1952.5,3354.5,2097.4
/srv/shared_leopard_toad/2025/Documents/06.10-13.10.2025/4Z/107MEDIA/DSCF0669.JPG,DSCF0669.JPG,4Z/107MEDIA,0,Other_Amphibian,0.5919,3214.9,1951.8,3349.6,2095.0
/srv/shared_leopard_toad/2025/Documents/06.10-13.10.2025/4Z/107MEDIA/DSCF0669.JPG,DSCF0669.JPG,4Z/107MEDIA,0,Other_Amphibian,0.5209,3222.2,1951.7,3352.7,2094.2
/srv/shared_leopard_toad/2025/Documents/06.10-13.10.2025/4Z/107MEDIA/DSCF0745.JPG,DSCF0745.JPG,4Z/107MEDIA,0,Other_Amphibian,0.5862,3216.3,1952.1,3350.4,2097.1
/srv/shared_leopard_toad/2025/Documents/06.10-13.10.2025/4Z/107MEDIA/DSCF0745.JPG,DSCF0745.JPG,4Z/107MEDIA,0,Other_Amphibian,0.4828,3223.9,1952.2,3351.7,2096.7
/srv/shared_leopard_toad/2025/Documents/06.10-13.10.2025/4Z/107MEDIA/DSCF0127.JPG,DSCF0127.JPG,4Z/107MEDIA,0,Other_Amphibian,0.6394,3213.5,1951.7,3350.4,2098.3
/srv/shared_leopard_toad/2025/Documents/06.10-13.10.2025/4Z/107MEDIA/DSCF0127.JPG,DSCF0127.JPG,4Z/107MEDIA,0,Other_Amphibian,0.5537,3217.9,1951.7,3348.3,2097.7
/srv/shared_leopard_toad/2025/Documents/06.10-13.10.2025/4Z/107MEDIA/DSCF0601.JPG,DSCF0601.JPG,4Z/107MEDIA,0,Other_Amphibian,0.6145,3214.5,1952.0,3350.7,2096.9
/srv/shared_leopard_toad/2025/Documents/06.10-13.10.2025/4Z/107MEDIA/DSCF0601.JPG,DSCF0601.JPG,4Z/107MEDIA,0,Other_Amphibian,0.5438,3221.8,1951.7,3353.7,2095.6
/srv/shared_leopard_toad/2025/Documents/06.10-13.10.2025/4Z/107MEDIA/DSCF0601.JPG,DSCF0601.JPG,4Z/107MEDIA,2,Western_Leopard_Toad,0.2014,3654.7,1649.7,3934.0,1916.2
/srv/shared_leopard_toad/2025/Documents/06.10-13.10.2025/4Z/107MEDIA/DSCF0753.JPG,DSCF0753.JPG,4Z/107MEDIA,0,Other_Amphibian,0.6142,3215.5,1951.5,3349.9,2095.5
/srv/shared_leopard_toad/2025/Documents/06.10-13.10.2025/4Z/107MEDIA/DSCF0753.JPG,DSCF0753.JPG,4Z/107MEDIA,0,Other_Amphibian,0.5287,3222.5,1951.5,3351.5,2095.5
/srv/shared_leopard_toad/2025/Documents/06.10-13.10.2025/4Z/107MEDIA/DSCF0095.JPG,DSCF0095.JPG,4Z/107MEDIA,0,Other_Amphibian,0.6145,3216.4,1953.8,3352.3,2098.5
/srv/shared_leopard_toad/2025/Documents/06.10-13.10.2025/4Z/107MEDIA/DSCF0095.JPG,DSCF0095.JPG,4Z/107MEDIA,0,Other_Amphibian,0.5251,3221.3,1953.9,3351.2,2098.4
/srv/shared_leopard_toad/2025/Documents/06.10-13.10.2025/4Z/107MEDIA/DSCF0363.JPG,DSCF0363.JPG,4Z/107MEDIA,0,Other_Amphibian,0.5500,3214.9,1951.6,3348.6,2098.0
/srv/shared_leopard_toad/2025/Documents/06.10-13.10.2025/4Z/107MEDIA/DSCF0363.JPG,DSCF0363.JPG,4Z/107MEDIA,0,Other_Amphibian,0.4643,3223.2,1951.0,3352.9,2096.4
/srv/shared_leopard_toad/2025/Documents/06.10-13.10.2025/4Z/107MEDIA/DSCF0363.JPG,DSCF0363.JPG,4Z/107MEDIA,2,Western_Leopard_Toad,0.2927,3654.3,1648.1,3932.5,1917.0
/srv/shared_leopard_toad/2025/Documents/06.10-13.10.2025/4Z/107MEDIA/DSCF0823.JPG,DSCF0823.JPG,4Z/107MEDIA,0,Other_Amphibian,0.4788,3219.9,1950.7,3349.1,2094.0
/srv/shared_leopard_toad/2025/Documents/06.10-13.10.2025/4Z/107MEDIA/DSCF0823.JPG,DSCF0823.JPG,4Z/107MEDIA,0,Other_Amphibian,0.4060,3226.6,1950.5,3352.5,2094.3
/srv/shared_leopard_toad/2025/Documents/06.10-13.10.2025/4Z/107MEDIA/DSCF0154.JPG,DSCF0154.JPG,4Z/107MEDIA,0,Other_Amphibian,0.5785,3216.2,1953.9,3350.3,2096.7
/srv/shared_leopard_toad/2025/Documents/06.10-13.10.2025/4Z/107MEDIA/DSCF0154.JPG,DSCF0154.JPG,4Z/107MEDIA,0,Other_Amphibian,0.5062,3222.2,1953.8,3352.2,2096.3
/srv/shared_leopard_toad/2025/Documents/06.10-13.10.2025/4Z/107MEDIA/DSCF0376.JPG,DSCF0376.JPG,4Z/107MEDIA,0,Other_Amphibian,0.6085,3215.0,1951.0,3354.4,2095.8
/srv/shared_leopard_toad/2025/Documents/06.10-13.10.2025/4Z/107MEDIA/DSCF0376.JPG,DSCF0376.JPG,4Z/107MEDIA,0,Other_Amphibian,0.5146,3221.4,1952.4,3353.0,2097.0
/srv/shared_leopard_toad/2025/Documents/06.10-13.10.2025/4Z/107MEDIA/DSCF0186.JPG,DSCF0186.JPG,4Z/107MEDIA,0,Other_Amphibian,0.6311,3215.9,1952.5,3351.1,2097.3
/srv/shared_leopard_toad/2025/Documents/06.10-13.10.2025/4Z/107MEDIA/DSCF0186.JPG,DSCF0186.JPG,4Z/107MEDIA,0,Other_Amphibian,0.5577,3221.8,1952.6,3351.3,2096.8
/srv/shared_leopard_toad/2025/Documents/06.10-13.10.2025/4Z/107MEDIA/DSCF0196.JPG,DSCF0196.JPG,4Z/107MEDIA,0,Other_Amphibian,0.6161,3216.0,1953.4,3350.8,2096.8
/srv/shared_leopard_toad/2025/Documents/06.10-13.10.2025/4Z/107MEDIA/DSCF0196.JPG,DSCF0196.JPG,4Z/107MEDIA,0,Other_Amphibian,0.5144,3221.1,1953.3,3348.8,2096.8
/srv/shared_leopard_toad/2025/Documents/06.10-13.10.2025/4Z/107MEDIA/DSCF0577.JPG,DSCF0577.JPG,4Z/107MEDIA,0,Other_Amphibian,0.5474,3217.0,1953.6,3349.4,2095.9
/srv/shared_leopard_toad/2025/Documents/06.10-13.10.2025/4Z/107MEDIA/DSCF0577.JPG,DSCF0577.JPG,4Z/107MEDIA,0,Other_Amphibian,0.4276,3225.1,1954.1,3351.6,2096.7
/srv/shared_leopard_toad/2025/Documents/06.10-13.10.2025/4Z/107MEDIA/DSCF0478.JPG,DSCF0478.JPG,4Z/107MEDIA,0,Other_Amphibian,0.6533,4098.4,2525.0,4274.6,2733.0
/srv/shared_leopard_toad/2025/Documents/06.10-13.10.2025/4Z/107MEDIA/DSCF0478.JPG,DSCF0478.JPG,4Z/107MEDIA,0,Other_Amphibian,0.5397,3216.6,1951.3,3348.3,2095.0
/srv/shared_leopard_toad/2025/Documents/06.10-13.10.2025/4Z/107MEDIA/DSCF0478.JPG,DSCF0478.JPG,4Z/107MEDIA,0,Other_Amphibian,0.5177,3222.5,1950.6,3351.2,2094.6
/srv/shared_leopard_toad/2025/Documents/06.10-13.10.2025/4Z/107MEDIA/DSCF0123.JPG,DSCF0123.JPG,4Z/107MEDIA,0,Other_Amphibian,0.5537,3218.8,1953.3,3349.5,2096.7
/srv/shared_leopard_toad/2025/Documents/06.10-13.10.2025/4Z/107MEDIA/DSCF0123.JPG,DSCF0123.JPG,4Z/107MEDIA,0,Other_Amphibian,0.4582,3226.1,1953.3,3352.6,2097.0
/srv/shared_leopard_toad/2025/Documents/06.10-13.10.2025/4Z/107MEDIA/DSCF0666.JPG,DSCF0666.JPG,4Z/107MEDIA,0,Other_Amphibian,0.5670,3217.1,1952.6,3352.5,2095.3
/srv/shared_leopard_toad/2025/Documents/06.10-13.10.2025/4Z/107MEDIA/DSCF0666.JPG,DSCF0666.JPG,4Z/107MEDIA,0,Other_Amphibian,0.5083,3221.3,1953.0,3353.6,2095.0
/srv/shared_leopard_toad/2025/Documents/06.10-13.10.2025/4Z/107MEDIA/DSCF0280.JPG,DSCF0280.JPG,4Z/107MEDIA,2,Western_Leopard_Toad,0.3491,3651.5,1649.6,3926.9,1919.9
/srv/shared_leopard_toad/2025/Documents/06.10-13.10.2025/4Z/107MEDIA/DSCF0280.JPG,DSCF0280.JPG,4Z/107MEDIA,0,Other_Amphibian,0.2100,3226.5,1908.7,3371.8,2102.9
/srv/shared_leopard_toad/2025/Documents/06.10-13.10.2025/4Z/107MEDIA/DSCF0629.JPG,DSCF0629.JPG,4Z/107MEDIA,0,Other_Amphibian,0.5709,3215.6,1952.5,3349.3,2098.5
/srv/shared_leopard_toad/2025/Documents/06.10-13.10.2025/4Z/107MEDIA/DSCF0629.JPG,DSCF0629.JPG,4Z/107MEDIA,0,Other_Amphibian,0.5000,3223.0,1952.8,3352.0,2098.2
/srv/shared_leopard_toad/2025/Documents/06.10-13.10.2025/4Z/107MEDIA/DSCF0675.JPG,DSCF0675.JPG,4Z/107MEDIA,0,Other_Amphibian,0.5199,3218.2,1953.1,3350.3,2096.2
/srv/shared_leopard_toad/2025/Documents/06.10-13.10.2025/4Z/107MEDIA/DSCF0675.JPG,DSCF0675.JPG,4Z/107MEDIA,0,Other_Amphibian,0.4261,3223.5,1953.3,3352.0,2095.9
/srv/shared_leopard_toad/2025/Documents/06.10-13.10.2025/4Z/107MEDIA/DSCF0675.JPG,DSCF0675.JPG,4Z/107MEDIA,2,Western_Leopard_Toad,0.2114,3652.8,1646.9,3932.7,1918.5
/srv/shared_leopard_toad/2025/Documents/06.10-13.10.2025/4Z/107MEDIA/DSCF0049.JPG,DSCF0049.JPG,4Z/107MEDIA,0,Other_Amphibian,0.5874,3218.0,1954.4,3351.0,2099.5
/srv/shared_leopard_toad/2025/Documents/06.10-13.10.2025/4Z/107MEDIA/DSCF0049.JPG,DSCF0049.JPG,4Z/107MEDIA,0,Other_Amphibian,0.4839,3223.1,1954.9,3351.7,2099.2
/srv/shared_leopard_toad/2025/Documents/06.10-13.10.2025/4Z/107MEDIA/DSCF0208.JPG,DSCF0208.JPG,4Z/107MEDIA,0,Other_Amphibian,0.5723,3216.2,1953.1,3349.7,2096.1
/srv/shared_leopard_toad/2025/Documents/06.10-13.10.2025/4Z/107MEDIA/DSCF0208.JPG,DSCF0208.JPG,4Z/107MEDIA,0,Other_Amphibian,0.4801,3222.1,1952.9,3350.8,2095.6
/srv/shared_leopard_toad/2025/Documents/06.10-13.10.2025/4Z/107MEDIA/DSCF0635.JPG,DSCF0635.JPG,4Z/107MEDIA,0,Other_Amphibian,0.5556,3216.6,1952.1,3351.2,2099.6
/srv/shared_leopard_toad/2025/Documents/06.10-13.10.2025/4Z/107MEDIA/DSCF0635.JPG,DSCF0635.JPG,4Z/107MEDIA,0,Other_Amphibian,0.4690,3221.6,1952.4,3350.9,2099.9
/srv/shared_leopard_toad/2025/Documents/06.10-13.10.2025/4Z/107MEDIA/DSCF0065.JPG,DSCF0065.JPG,4Z/107MEDIA,0,Other_Amphibian,0.5739,3216.7,1951.5,3350.5,2098.8
/srv/shared_leopard_toad/2025/Documents/06.10-13.10.2025/4Z/107MEDIA/DSCF0065.JPG,DSCF0065.JPG,4Z/107MEDIA,0,Other_Amphibian,0.4973,3221.5,1951.5,3351.1,2098.4
/srv/shared_leopard_toad/2025/Documents/06.10-13.10.2025/4Z/107MEDIA/DSCF0414.JPG,DSCF0414.JPG,4Z/107MEDIA,0,Other_Amphibian,0.5321,3219.2,1952.9,3350.4,2098.1
/srv/shared_leopard_toad/2025/Documents/06.10-13.10.2025/4Z/107MEDIA/DSCF0414.JPG,DSCF0414.JPG,4Z/107MEDIA,0,Other_Amphibian,0.4590,3223.5,1953.3,3351.8,2097.6
/srv/shared_leopard_toad/2025/Documents/06.10-13.10.2025/4Z/107MEDIA/DSCF0414.JPG,DSCF0414.JPG,4Z/107MEDIA,2,Western_Leopard_Toad,0.2168,3655.7,1648.7,3927.8,1917.8
/srv/shared_leopard_toad/2025/Documents/06.10-13.10.2025/4Z/107MEDIA/DSCF0820.JPG,DSCF0820.JPG,4Z/107MEDIA,0,Other_Amphibian,0.5566,3218.1,1951.0,3350.9,2095.8
/srv/shared_leopard_toad/2025/Documents/06.10-13.10.2025/4Z/107MEDIA/DSCF0820.JPG,DSCF0820.JPG,4Z/107MEDIA,0,Other_Amphibian,0.4768,3225.8,1951.4,3353.7,2095.6
/srv/shared_leopard_toad/2025/Documents/06.10-13.10.2025/4Z/107MEDIA/DSCF0782.JPG,DSCF0782.JPG,4Z/107MEDIA,0,Other_Amphibian,0.6083,3213.7,1951.9,3348.2,2095.9
/srv/shared_leopard_toad/2025/Documents/06.10-13.10.2025/4Z/107MEDIA/DSCF0782.JPG,DSCF0782.JPG,4Z/107MEDIA,0,Other_Amphibian,0.5436,3220.6,1951.8,3350.5,2095.1
/srv/shared_leopard_toad/2025/Documents/06.10-13.10.2025/4Z/107MEDIA/DSCF0074.JPG,DSCF0074.JPG,4Z/107MEDIA,0,Other_Amphibian,0.5834,3214.9,1953.1,3351.4,2097.7
/srv/shared_leopard_toad/2025/Documents/06.10-13.10.2025/4Z/107MEDIA/DSCF0074.JPG,DSCF0074.JPG,4Z/107MEDIA,0,Other_Amphibian,0.4739,3220.7,1953.6,3351.1,2097.7
/srv/shared_leopard_toad/2025/Documents/06.10-13.10.2025/4Z/107MEDIA/DSCF0110.JPG,DSCF0110.JPG,4Z/107MEDIA,0,Other_Amphibian,0.5531,3214.7,1954.5,3347.8,2095.6
/srv/shared_leopard_toad/2025/Documents/06.10-13.10.2025/4Z/107MEDIA/DSCF0110.JPG,DSCF0110.JPG,4Z/107MEDIA,0,Other_Amphibian,0.4162,3223.5,1954.8,3349.7,2095.6
/srv/shared_leopard_toad/2025/Documents/06.10-13.10.2025/4Z/107MEDIA/DSCF0110.JPG,DSCF0110.JPG,4Z/107MEDIA,2,Western_Leopard_Toad,0.2637,3653.9,1649.3,3931.6,1918.2
/srv/shared_leopard_toad/2025/Documents/06.10-13.10.2025/4Z/107MEDIA/DSCF0421.JPG,DSCF0421.JPG,4Z/107MEDIA,0,Other_Amphibian,0.5990,3216.0,1950.7,3349.0,2097.9
/srv/shared_leopard_toad/2025/Documents/06.10-13.10.2025/4Z/107MEDIA/DSCF0421.JPG,DSCF0421.JPG,4Z/107MEDIA,0,Other_Amphibian,0.5343,3222.5,1950.2,3350.7,2096.8
/srv/shared_leopard_toad/2025/Documents/06.10-13.10.2025/4Z/107MEDIA/DSCF0907.JPG,DSCF0907.JPG,4Z/107MEDIA,0,Other_Amphibian,0.4666,3219.8,1950.0,3349.6,2096.9
/srv/shared_leopard_toad/2025/Documents/06.10-13.10.2025/4Z/107MEDIA/DSCF0907.JPG,DSCF0907.JPG,4Z/107MEDIA,0,Other_Amphibian,0.4023,3224.7,1949.9,3351.4,2097.7
/srv/shared_leopard_toad/2025/Documents/06.10-13.10.2025/4Z/107MEDIA/DSCF0533.JPG,DSCF0533.JPG,4Z/107MEDIA,0,Other_Amphibian,0.5934,3216.2,1951.5,3352.1,2095.5
/srv/shared_leopard_toad/2025/Documents/06.10-13.10.2025/4Z/107MEDIA/DSCF0533.JPG,DSCF0533.JPG,4Z/107MEDIA,0,Other_Amphibian,0.5140,3223.2,1951.6,3354.4,2095.1
/srv/shared_leopard_toad/2025/Documents/06.10-13.10.2025/4Z/107MEDIA/DSCF0533.JPG,DSCF0533.JPG,4Z/107MEDIA,2,Western_Leopard_Toad,0.2348,3653.6,1648.8,3930.1,1918.5
/srv/shared_leopard_toad/2025/Documents/06.10-13.10.2025/4Z/107MEDIA/DSCF0511.JPG,DSCF0511.JPG,4Z/107MEDIA,0,Other_Amphibian,0.5882,3215.5,1951.7,3349.3,2098.6
/srv/shared_leopard_toad/2025/Documents/06.10-13.10.2025/4Z/107MEDIA/DSCF0511.JPG,DSCF0511.JPG,4Z/107MEDIA,0,Other_Amphibian,0.4981,3224.8,1951.9,3353.3,2098.2
/srv/shared_leopard_toad/2025/Documents/06.10-13.10.2025/4Z/107MEDIA/DSCF0511.JPG,DSCF0511.JPG,4Z/107MEDIA,2,Western_Leopard_Toad,0.2048,3655.4,1649.4,3931.4,1918.0
/srv/shared_leopard_toad/2025/Documents/06.10-13.10.2025/4Z/107MEDIA/DSCF0503.JPG,DSCF0503.JPG,4Z/107MEDIA,0,Other_Amphibian,0.5526,3213.9,1952.1,3348.2,2097.2
/srv/shared_leopard_toad/2025/Documents/06.10-13.10.2025/4Z/107MEDIA/DSCF0503.JPG,DSCF0503.JPG,4Z/107MEDIA,0,Other_Amphibian,0.4818,3220.3,1951.5,3350.7,2095.6
/srv/shared_leopard_toad/2025/Documents/06.10-13.10.2025/4Z/107MEDIA/DSCF0885.JPG,DSCF0885.JPG,4Z/107MEDIA,0,Other_Amphibian,0.5857,3214.9,1952.7,3347.0,2096.8
/srv/shared_leopard_toad/2025/Documents/06.10-13.10.2025/4Z/107MEDIA/DSCF0885.JPG,DSCF0885.JPG,4Z/107MEDIA,0,Other_Amphibian,0.4912,3223.4,1952.1,3349.8,2095.6
/srv/shared_leopard_toad/2025/Documents/06.10-13.10.2025/4Z/107MEDIA/DSCF0622.JPG,DSCF0622.JPG,4Z/107MEDIA,0,Other_Amphibian,0.5446,3216.6,1952.0,3349.0,2096.3
/srv/shared_leopard_toad/2025/Documents/06.10-13.10.2025/4Z/107MEDIA/DSCF0622.JPG,DSCF0622.JPG,4Z/107MEDIA,0,Other_Amphibian,0.4545,3224.9,1951.2,3353.5,2094.9
/srv/shared_leopard_toad/2025/Documents/06.10-13.10.2025/4Z/107MEDIA/DSCF0622.JPG,DSCF0622.JPG,4Z/107MEDIA,2,Western_Leopard_Toad,0.4011,3650.4,1647.3,3934.0,1917.9
/srv/shared_leopard_toad/2025/Documents/06.10-13.10.2025/4Z/107MEDIA/DSCF0418.JPG,DSCF0418.JPG,4Z/107MEDIA,0,Other_Amphibian,0.6057,3215.4,1953.1,3347.9,2095.9
/srv/shared_leopard_toad/2025/Documents/06.10-13.10.2025/4Z/107MEDIA/DSCF0418.JPG,DSCF0418.JPG,4Z/107MEDIA,0,Other_Amphibian,0.5278,3223.3,1952.3,3350.3,2095.1
/srv/shared_leopard_toad/2025/Documents/06.10-13.10.2025/4Z/107MEDIA/DSCF0211.JPG,DSCF0211.JPG,4Z/107MEDIA,0,Other_Amphibian,0.5754,3215.8,1953.9,3349.2,2096.6
/srv/shared_leopard_toad/2025/Documents/06.10-13.10.2025/4Z/107MEDIA/DSCF0211.JPG,DSCF0211.JPG,4Z/107MEDIA,0,Other_Amphibian,0.4867,3222.9,1953.6,3351.8,2095.8
/srv/shared_leopard_toad/2025/Documents/06.10-13.10.2025/4Z/107MEDIA/DSCF0211.JPG,DSCF0211.JPG,4Z/107MEDIA,2,Western_Leopard_Toad,0.2680,3656.5,1649.6,3932.2,1918.9
/srv/shared_leopard_toad/2025/Documents/06.10-13.10.2025/4Z/107MEDIA/DSCF0621.JPG,DSCF0621.JPG,4Z/107MEDIA,0,Other_Amphibian,0.5829,3214.5,1951.7,3347.5,2097.7
/srv/shared_leopard_toad/2025/Documents/06.10-13.10.2025/4Z/107MEDIA/DSCF0621.JPG,DSCF0621.JPG,4Z/107MEDIA,0,Other_Amphibian,0.4950,3223.7,1950.9,3350.7,2096.2
/srv/shared_leopard_toad/2025/Documents/06.10-13.10.2025/4Z/107MEDIA/DSCF0030.JPG,DSCF0030.JPG,4Z/107MEDIA,0,Other_Amphibian,0.5956,3216.8,1955.8,3350.3,2094.1
/srv/shared_leopard_toad/2025/Documents/06.10-13.10.2025/4Z/107MEDIA/DSCF0030.JPG,DSCF0030.JPG,4Z/107MEDIA,0,Other_Amphibian,0.4836,3223.3,1956.0,3351.9,2094.9
/srv/shared_leopard_toad/2025/Documents/06.10-13.10.2025/4Z/107MEDIA/DSCF0483.JPG,DSCF0483.JPG,4Z/107MEDIA,0,Other_Amphibian,0.5815,3215.3,1951.5,3350.2,2098.7
/srv/shared_leopard_toad/2025/Documents/06.10-13.10.2025/4Z/107MEDIA/DSCF0483.JPG,DSCF0483.JPG,4Z/107MEDIA,0,Other_Amphibian,0.5166,3220.6,1951.2,3351.4,2097.4
/srv/shared_leopard_toad/2025/Documents/06.10-13.10.2025/4Z/107MEDIA/DSCF0121.JPG,DSCF0121.JPG,4Z/107MEDIA,0,Other_Amphibian,0.4738,3217.2,1951.4,3350.8,2097.0
/srv/shared_leopard_toad/2025/Documents/06.10-13.10.2025/4Z/107MEDIA/DSCF0121.JPG,DSCF0121.JPG,4Z/107MEDIA,0,Other_Amphibian,0.3959,3222.0,1952.4,3352.2,2098.1
/srv/shared_leopard_toad/2025/Documents/06.10-13.10.2025/4Z/107MEDIA/DSCF0937.JPG,DSCF0937.JPG,4Z/107MEDIA,0,Other_Amphibian,0.4625,3217.5,1951.0,3347.8,2093.8
/srv/shared_leopard_toad/2025/Documents/06.10-13.10.2025/4Z/107MEDIA/DSCF0937.JPG,DSCF0937.JPG,4Z/107MEDIA,0,Other_Amphibian,0.4060,3224.7,1950.5,3353.3,2093.4
/srv/shared_leopard_toad/2025/Documents/06.10-13.10.2025/4Z/107MEDIA/DSCF0686.JPG,DSCF0686.JPG,4Z/107MEDIA,0,Other_Amphibian,0.5469,3215.6,1950.9,3348.8,2099.8
/srv/shared_leopard_toad/2025/Documents/06.10-13.10.2025/4Z/107MEDIA/DSCF0686.JPG,DSCF0686.JPG,4Z/107MEDIA,0,Other_Amphibian,0.4573,3222.1,1950.7,3350.3,2098.7
/srv/shared_leopard_toad/2025/Documents/06.10-13.10.2025/4Z/107MEDIA/DSCF0790.JPG,DSCF0790.JPG,4Z/107MEDIA,0,Other_Amphibian,0.4806,3218.4,1951.9,3349.8,2095.9
/srv/shared_leopard_toad/2025/Documents/06.10-13.10.2025/4Z/107MEDIA/DSCF0790.JPG,DSCF0790.JPG,4Z/107MEDIA,0,Other_Amphibian,0.4082,3223.8,1952.3,3351.1,2096.9
/srv/shared_leopard_toad/2025/Documents/06.10-13.10.2025/4Z/107MEDIA/DSCF0333.JPG,DSCF0333.JPG,4Z/107MEDIA,0,Other_Amphibian,0.5463,3214.8,1952.9,3347.8,2097.5
/srv/shared_leopard_toad/2025/Documents/06.10-13.10.2025/4Z/107MEDIA/DSCF0333.JPG,DSCF0333.JPG,4Z/107MEDIA,0,Other_Amphibian,0.4499,3224.8,1952.5,3353.0,2097.2
/srv/shared_leopard_toad/2025/Documents/06.10-13.10.2025/4Z/107MEDIA/DSCF0333.JPG,DSCF0333.JPG,4Z/107MEDIA,2,Western_Leopard_Toad,0.2558,3654.2,1648.0,3930.8,1917.7
/srv/shared_leopard_toad/2025/Documents/06.10-13.10.2025/4Z/107MEDIA/DSCF0482.JPG,DSCF0482.JPG,4Z/107MEDIA,0,Other_Amphibian,0.6042,3216.9,1951.6,3351.1,2095.8
/srv/shared_leopard_toad/2025/Documents/06.10-13.10.2025/4Z/107MEDIA/DSCF0482.JPG,DSCF0482.JPG,4Z/107MEDIA,0,Other_Amphibian,0.5521,3223.1,1951.4,3353.3,2095.1
/srv/shared_leopard_toad/2025/Documents/06.10-13.10.2025/4Z/107MEDIA/DSCF0805.JPG,DSCF0805.JPG,4Z/107MEDIA,0,Other_Amphibian,0.4982,3217.0,1952.5,3351.6,2097.2
/srv/shared_leopard_toad/2025/Documents/06.10-13.10.2025/4Z/107MEDIA/DSCF0805.JPG,DSCF0805.JPG,4Z/107MEDIA,0,Other_Amphibian,0.4234,3222.9,1952.8,3354.3,2097.6
/srv/shared_leopard_toad/2025/Documents/06.10-13.10.2025/4Z/107MEDIA/DSCF0113.JPG,DSCF0113.JPG,4Z/107MEDIA,0,Other_Amphibian,0.6199,3215.5,1954.6,3350.9,2097.0
/srv/shared_leopard_toad/2025/Documents/06.10-13.10.2025/4Z/107MEDIA/DSCF0113.JPG,DSCF0113.JPG,4Z/107MEDIA,0,Other_Amphibian,0.5216,3221.8,1954.6,3350.7,2097.0
/srv/shared_leopard_toad/2025/Documents/06.10-13.10.2025/4Z/107MEDIA/DSCF0387.JPG,DSCF0387.JPG,4Z/107MEDIA,0,Other_Amphibian,0.5169,3217.9,1951.1,3349.8,2096.2
/srv/shared_leopard_toad/2025/Documents/06.10-13.10.2025/4Z/107MEDIA/DSCF0387.JPG,DSCF0387.JPG,4Z/107MEDIA,0,Other_Amphibian,0.4493,3225.3,1951.1,3354.8,2095.8
/srv/shared_leopard_toad/2025/Documents/06.10-13.10.2025/4Z/107MEDIA/DSCF0387.JPG,DSCF0387.JPG,4Z/107MEDIA,2,Western_Leopard_Toad,0.2157,3653.4,1647.2,3928.6,1918.0
/srv/shared_leopard_toad/2025/Documents/06.10-13.10.2025/4Z/107MEDIA/DSCF0962.JPG,DSCF0962.JPG,4Z/107MEDIA,0,Other_Amphibian,0.5536,3215.9,1951.3,3349.3,2094.4
/srv/shared_leopard_toad/2025/Documents/06.10-13.10.2025/4Z/107MEDIA/DSCF0962.JPG,DSCF0962.JPG,4Z/107MEDIA,0,Other_Amphibian,0.4742,3224.9,1951.5,3354.8,2094.7
/srv/shared_leopard_toad/2025/Documents/06.10-13.10.2025/4Z/107MEDIA/DSCF0867.JPG,DSCF0867.JPG,4Z/107MEDIA,0,Other_Amphibian,0.5788,3217.0,1950.3,3349.6,2094.5
/srv/shared_leopard_toad/2025/Documents/06.10-13.10.2025/4Z/107MEDIA/DSCF0867.JPG,DSCF0867.JPG,4Z/107MEDIA,0,Other_Amphibian,0.4788,3224.5,1951.0,3353.0,2094.9
/srv/shared_leopard_toad/2025/Documents/06.10-13.10.2025/4Z/107MEDIA/DSCF0874.JPG,DSCF0874.JPG,4Z/107MEDIA,0,Other_Amphibian,0.5495,3216.6,1950.5,3347.0,2094.3
/srv/shared_leopard_toad/2025/Documents/06.10-13.10.2025/4Z/107MEDIA/DSCF0874.JPG,DSCF0874.JPG,4Z/107MEDIA,0,Other_Amphibian,0.4795,3224.8,1950.5,3352.5,2093.4
/srv/shared_leopard_toad/2025/Documents/06.10-13.10.2025/4Z/107MEDIA/DSCF0548.JPG,DSCF0548.JPG,4Z/107MEDIA,0,Other_Amphibian,0.5702,3215.4,1952.6,3348.7,2096.8
/srv/shared_leopard_toad/2025/Documents/06.10-13.10.2025/4Z/107MEDIA/DSCF0548.JPG,DSCF0548.JPG,4Z/107MEDIA,0,Other_Amphibian,0.4827,3224.6,1952.0,3352.3,2095.6
/srv/shared_leopard_toad/2025/Documents/06.10-13.10.2025/4Z/107MEDIA/DSCF0548.JPG,DSCF0548.JPG,4Z/107MEDIA,2,Western_Leopard_Toad,0.2329,3652.6,1648.4,3934.4,1916.3
/srv/shared_leopard_toad/2025/Documents/06.10-13.10.2025/4Z/107MEDIA/DSCF0786.JPG,DSCF0786.JPG,4Z/107MEDIA,0,Other_Amphibian,0.4828,3218.6,1952.1,3349.3,2098.1
/srv/shared_leopard_toad/2025/Documents/06.10-13.10.2025/4Z/107MEDIA/DSCF0786.JPG,DSCF0786.JPG,4Z/107MEDIA,0,Other_Amphibian,0.4173,3221.9,1952.4,3349.5,2098.3
/srv/shared_leopard_toad/2025/Documents/06.10-13.10.2025/4Z/107MEDIA/DSCF0091.JPG,DSCF0091.JPG,4Z/107MEDIA,0,Other_Amphibian,0.5573,3215.4,1954.2,3347.5,2096.0
/srv/shared_leopard_toad/2025/Documents/06.10-13.10.2025/4Z/107MEDIA/DSCF0091.JPG,DSCF0091.JPG,4Z/107MEDIA,0,Other_Amphibian,0.4544,3223.7,1953.1,3351.8,2094.8
/srv/shared_leopard_toad/2025/Documents/06.10-13.10.2025/4Z/107MEDIA/DSCF0091.JPG,DSCF0091.JPG,4Z/107MEDIA,2,Western_Leopard_Toad,0.2567,3654.7,1649.9,3931.2,1918.0
/srv/shared_leopard_toad/2025/Documents/06.10-13.10.2025/4Z/107MEDIA/DSCF0660.JPG,DSCF0660.JPG,4Z/107MEDIA,0,Other_Amphibian,0.5432,3217.0,1951.8,3353.3,2096.6
/srv/shared_leopard_toad/2025/Documents/06.10-13.10.2025/4Z/107MEDIA/DSCF0660.JPG,DSCF0660.JPG,4Z/107MEDIA,0,Other_Amphibian,0.4829,3221.7,1951.9,3355.1,2096.4
/srv/shared_leopard_toad/2025/Documents/06.10-13.10.2025/4Z/107MEDIA/DSCF0554.JPG,DSCF0554.JPG,4Z/107MEDIA,0,Other_Amphibian,0.6036,3214.9,1950.8,3349.9,2097.7
/srv/shared_leopard_toad/2025/Documents/06.10-13.10.2025/4Z/107MEDIA/DSCF0554.JPG,DSCF0554.JPG,4Z/107MEDIA,0,Other_Amphibian,0.5220,3222.7,1950.6,3352.4,2096.5
/srv/shared_leopard_toad/2025/Documents/06.10-13.10.2025/4Z/107MEDIA/DSCF0554.JPG,DSCF0554.JPG,4Z/107MEDIA,2,Western_Leopard_Toad,0.3337,3653.0,1649.0,3934.7,1916.1
/srv/shared_leopard_toad/2025/Documents/06.10-13.10.2025/4Z/107MEDIA/DSCF0942.JPG,DSCF0942.JPG,4Z/107MEDIA,0,Other_Amphibian,0.5426,3217.6,1951.0,3353.5,2096.1
/srv/shared_leopard_toad/2025/Documents/06.10-13.10.2025/4Z/107MEDIA/DSCF0942.JPG,DSCF0942.JPG,4Z/107MEDIA,0,Other_Amphibian,0.4786,3220.2,1951.0,3355.5,2096.3
/srv/shared_leopard_toad/2025/Documents/06.10-13.10.2025/4Z/107MEDIA/DSCF0991.JPG,DSCF0991.JPG,4Z/107MEDIA,0,Other_Amphibian,0.5704,3218.1,1950.4,3350.2,2093.9
/srv/shared_leopard_toad/2025/Documents/06.10-13.10.2025/4Z/107MEDIA/DSCF0991.JPG,DSCF0991.JPG,4Z/107MEDIA,0,Other_Amphibian,0.4972,3225.7,1950.5,3355.3,2093.4
/srv/shared_leopard_toad/2025/Documents/06.10-13.10.2025/4Z/107MEDIA/DSCF0130.JPG,DSCF0130.JPG,4Z/107MEDIA,0,Other_Amphibian,0.5720,3214.9,1952.7,3349.0,2096.6
/srv/shared_leopard_toad/2025/Documents/06.10-13.10.2025/4Z/107MEDIA/DSCF0130.JPG,DSCF0130.JPG,4Z/107MEDIA,0,Other_Amphibian,0.4956,3219.6,1952.6,3347.7,2096.4
/srv/shared_leopard_toad/2025/Documents/06.10-13.10.2025/4Z/107MEDIA/DSCF0691.JPG,DSCF0691.JPG,4Z/107MEDIA,0,Other_Amphibian,0.5545,3217.1,1952.7,3352.1,2095.1
/srv/shared_leopard_toad/2025/Documents/06.10-13.10.2025/4Z/107MEDIA/DSCF0691.JPG,DSCF0691.JPG,4Z/107MEDIA,0,Other_Amphibian,0.4661,3224.4,1953.1,3354.2,2095.6
/srv/shared_leopard_toad/2025/Documents/06.10-13.10.2025/4Z/107MEDIA/DSCF0742.JPG,DSCF0742.JPG,4Z/107MEDIA,0,Other_Amphibian,0.6059,3216.1,1952.6,3348.5,2097.4
/srv/shared_leopard_toad/2025/Documents/06.10-13.10.2025/4Z/107MEDIA/DSCF0742.JPG,DSCF0742.JPG,4Z/107MEDIA,0,Other_Amphibian,0.5242,3224.2,1952.4,3350.4,2096.7
/srv/shared_leopard_toad/2025/Documents/06.10-13.10.2025/4Z/107MEDIA/DSCF0966.JPG,DSCF0966.JPG,4Z/107MEDIA,0,Other_Amphibian,0.4792,3219.3,1951.4,3346.3,2095.2
/srv/shared_leopard_toad/2025/Documents/06.10-13.10.2025/4Z/107MEDIA/DSCF0966.JPG,DSCF0966.JPG,4Z/107MEDIA,0,Other_Amphibian,0.3876,3225.1,1951.6,3348.7,2095.9
/srv/shared_leopard_toad/2025/Documents/06.10-13.10.2025/4Z/107MEDIA/DSCF0031.JPG,DSCF0031.JPG,4Z/107MEDIA,0,Other_Amphibian,0.5409,3217.5,1951.9,3349.9,2094.4
/srv/shared_leopard_toad/2025/Documents/06.10-13.10.2025/4Z/107MEDIA/DSCF0031.JPG,DSCF0031.JPG,4Z/107MEDIA,0,Other_Amphibian,0.4779,3224.6,1951.6,3353.3,2094.5
/srv/shared_leopard_toad/2025/Documents/06.10-13.10.2025/4Z/107MEDIA/DSCF0985.JPG,DSCF0985.JPG,4Z/107MEDIA,0,Other_Amphibian,0.5264,3217.5,1952.4,3350.2,2094.8
/srv/shared_leopard_toad/2025/Documents/06.10-13.10.2025/4Z/107MEDIA/DSCF0985.JPG,DSCF0985.JPG,4Z/107MEDIA,0,Other_Amphibian,0.4502,3223.8,1952.8,3352.8,2095.8
/srv/shared_leopard_toad/2025/Documents/06.10-13.10.2025/4Z/107MEDIA/DSCF0841.JPG,DSCF0841.JPG,4Z/107MEDIA,0,Other_Amphibian,0.5646,3216.4,1951.9,3348.4,2096.3
/srv/shared_leopard_toad/2025/Documents/06.10-13.10.2025/4Z/107MEDIA/DSCF0841.JPG,DSCF0841.JPG,4Z/107MEDIA,0,Other_Amphibian,0.4960,3223.8,1951.3,3351.6,2095.4
/srv/shared_leopard_toad/2025/Documents/06.10-13.10.2025/4Z/107MEDIA/DSCF0391.JPG,DSCF0391.JPG,4Z/107MEDIA,0,Other_Amphibian,0.5772,3216.6,1951.3,3351.0,2095.5
/srv/shared_leopard_toad/2025/Documents/06.10-13.10.2025/4Z/107MEDIA/DSCF0391.JPG,DSCF0391.JPG,4Z/107MEDIA,0,Other_Amphibian,0.5141,3223.8,1951.3,3355.1,2095.2
/srv/shared_leopard_toad/2025/Documents/06.10-13.10.2025/4Z/107MEDIA/DSCF0516.JPG,DSCF0516.JPG,4Z/107MEDIA,0,Other_Amphibian,0.5752,3216.7,1951.8,3351.5,2098.3
/srv/shared_leopard_toad/2025/Documents/06.10-13.10.2025/4Z/107MEDIA/DSCF0516.JPG,DSCF0516.JPG,4Z/107MEDIA,0,Other_Amphibian,0.5128,3223.1,1952.1,3353.6,2097.4
/srv/shared_leopard_toad/2025/Documents/06.10-13.10.2025/4Z/107MEDIA/DSCF0191.JPG,DSCF0191.JPG,4Z/107MEDIA,0,Other_Amphibian,0.5444,3219.1,1952.9,3348.8,2092.4
/srv/shared_leopard_toad/2025/Documents/06.10-13.10.2025/4Z/107MEDIA/DSCF0191.JPG,DSCF0191.JPG,4Z/107MEDIA,0,Other_Amphibian,0.4503,3226.9,1952.7,3352.1,2092.6
/srv/shared_leopard_toad/2025/Documents/06.10-13.10.2025/4Z/107MEDIA/DSCF0500.JPG,DSCF0500.JPG,4Z/107MEDIA,0,Other_Amphibian,0.6501,3215.7,1950.6,3352.4,2097.7
/srv/shared_leopard_toad/2025/Documents/06.10-13.10.2025/4Z/107MEDIA/DSCF0500.JPG,DSCF0500.JPG,4Z/107MEDIA,0,Other_Amphibian,0.5673,3222.1,1950.9,3353.9,2097.4
/srv/shared_leopard_toad/2025/Documents/06.10-13.10.2025/4Z/107MEDIA/DSCF0058.JPG,DSCF0058.JPG,4Z/107MEDIA,0,Other_Amphibian,0.5930,3215.4,1953.1,3349.0,2096.5
/srv/shared_leopard_toad/2025/Documents/06.10-13.10.2025/4Z/107MEDIA/DSCF0058.JPG,DSCF0058.JPG,4Z/107MEDIA,0,Other_Amphibian,0.5106,3222.4,1952.3,3351.7,2095.3
/srv/shared_leopard_toad/2025/Documents/06.10-13.10.2025/4Z/107MEDIA/DSCF0169.JPG,DSCF0169.JPG,4Z/107MEDIA,0,Other_Amphibian,0.5095,3218.7,1952.9,3350.3,2096.4
/srv/shared_leopard_toad/2025/Documents/06.10-13.10.2025/4Z/107MEDIA/DSCF0169.JPG,DSCF0169.JPG,4Z/107MEDIA,0,Other_Amphibian,0.4395,3223.5,1953.5,3350.9,2096.9
/srv/shared_leopard_toad/2025/Documents/06.10-13.10.2025/4Z/107MEDIA/DSCF0706.JPG,DSCF0706.JPG,4Z/107MEDIA,0,Other_Amphibian,0.5628,3217.8,1949.1,3357.2,2096.0
/srv/shared_leopard_toad/2025/Documents/06.10-13.10.2025/4Z/107MEDIA/DSCF0706.JPG,DSCF0706.JPG,4Z/107MEDIA,0,Other_Amphibian,0.5412,3220.3,1949.3,3358.8,2095.2
/srv/shared_leopard_toad/2025/Documents/06.10-13.10.2025/4Z/107MEDIA/DSCF0525.JPG,DSCF0525.JPG,4Z/107MEDIA,0,Other_Amphibian,0.5453,3215.7,1952.4,3347.3,2097.0
/srv/shared_leopard_toad/2025/Documents/06.10-13.10.2025/4Z/107MEDIA/DSCF0525.JPG,DSCF0525.JPG,4Z/107MEDIA,0,Other_Amphibian,0.4392,3224.9,1951.9,3352.4,2096.3
/srv/shared_leopard_toad/2025/Documents/06.10-13.10.2025/4Z/107MEDIA/DSCF0525.JPG,DSCF0525.JPG,4Z/107MEDIA,2,Western_Leopard_Toad,0.2073,3653.7,1649.1,3930.7,1918.6
/srv/shared_leopard_toad/2025/Documents/06.10-13.10.2025/4Z/107MEDIA/DSCF0798.JPG,DSCF0798.JPG,4Z/107MEDIA,0,Other_Amphibian,0.5957,3216.5,1952.3,3351.5,2097.6
/srv/shared_leopard_toad/2025/Documents/06.10-13.10.2025/4Z/107MEDIA/DSCF0798.JPG,DSCF0798.JPG,4Z/107MEDIA,0,Other_Amphibian,0.5219,3222.5,1952.3,3352.8,2097.2
/srv/shared_leopard_toad/2025/Documents/06.10-13.10.2025/4Z/107MEDIA/DSCF0757.JPG,DSCF0757.JPG,4Z/107MEDIA,0,Other_Amphibian,0.5594,3216.6,1952.6,3349.9,2096.9
/srv/shared_leopard_toad/2025/Documents/06.10-13.10.2025/4Z/107MEDIA/DSCF0757.JPG,DSCF0757.JPG,4Z/107MEDIA,0,Other_Amphibian,0.4862,3220.6,1952.6,3349.0,2096.7
/srv/shared_leopard_toad/2025/Documents/06.10-13.10.2025/4Z/107MEDIA/DSCF0144.JPG,DSCF0144.JPG,4Z/107MEDIA,0,Other_Amphibian,0.5985,3217.1,1953.6,3350.8,2095.9
/srv/shared_leopard_toad/2025/Documents/06.10-13.10.2025/4Z/107MEDIA/DSCF0144.JPG,DSCF0144.JPG,4Z/107MEDIA,0,Other_Amphibian,0.5069,3223.9,1953.5,3351.1,2096.4
/srv/shared_leopard_toad/2025/Documents/06.10-13.10.2025/4Z/107MEDIA/DSCF0904.JPG,DSCF0904.JPG,4Z/107MEDIA,0,Other_Amphibian,0.6021,3217.2,1953.2,3349.6,2093.5
/srv/shared_leopard_toad/2025/Documents/06.10-13.10.2025/4Z/107MEDIA/DSCF0904.JPG,DSCF0904.JPG,4Z/107MEDIA,0,Other_Amphibian,0.4969,3223.5,1952.9,3352.5,2093.0
/srv/shared_leopard_toad/2025/Documents/06.10-13.10.2025/4Z/107MEDIA/DSCF0238.JPG,DSCF0238.JPG,4Z/107MEDIA,0,Other_Amphibian,0.6061,3216.1,1953.2,3351.2,2096.3
/srv/shared_leopard_toad/2025/Documents/06.10-13.10.2025/4Z/107MEDIA/DSCF0238.JPG,DSCF0238.JPG,4Z/107MEDIA,0,Other_Amphibian,0.5192,3221.0,1953.4,3350.3,2096.4
/srv/shared_leopard_toad/2025/Documents/06.10-13.10.2025/4Z/107MEDIA/DSCF0086.JPG,DSCF0086.JPG,4Z/107MEDIA,0,Other_Amphibian,0.5007,3219.6,1954.2,3349.9,2096.1
/srv/shared_leopard_toad/2025/Documents/06.10-13.10.2025/4Z/107MEDIA/DSCF0086.JPG,DSCF0086.JPG,4Z/107MEDIA,0,Other_Amphibian,0.3986,3225.8,1955.6,3352.7,2097.6
/srv/shared_leopard_toad/2025/Documents/06.10-13.10.2025/4Z/107MEDIA/DSCF0735.JPG,DSCF0735.JPG,4Z/107MEDIA,0,Other_Amphibian,0.5442,3215.7,1951.3,3351.0,2096.1
/srv/shared_leopard_toad/2025/Documents/06.10-13.10.2025/4Z/107MEDIA/DSCF0735.JPG,DSCF0735.JPG,4Z/107MEDIA,0,Other_Amphibian,0.4626,3222.7,1951.0,3354.7,2095.4
/srv/shared_leopard_toad/2025/Documents/06.10-13.10.2025/4Z/107MEDIA/DSCF0735.JPG,DSCF0735.JPG,4Z/107MEDIA,2,Western_Leopard_Toad,0.2208,3653.6,1647.4,3930.8,1918.1
/srv/shared_leopard_toad/2025/Documents/06.10-13.10.2025/4Z/107MEDIA/DSCF0613.JPG,DSCF0613.JPG,4Z/107MEDIA,0,Other_Amphibian,0.5622,3215.2,1951.5,3348.3,2096.0
/srv/shared_leopard_toad/2025/Documents/06.10-13.10.2025/4Z/107MEDIA/DSCF0613.JPG,DSCF0613.JPG,4Z/107MEDIA,0,Other_Amphibian,0.4923,3223.8,1951.0,3353.5,2094.6
/srv/shared_leopard_toad/2025/Documents/06.10-13.10.2025/4Z/107MEDIA/DSCF0551.JPG,DSCF0551.JPG,4Z/107MEDIA,0,Other_Amphibian,0.6188,3213.4,1953.1,3349.6,2096.2
/srv/shared_leopard_toad/2025/Documents/06.10-13.10.2025/4Z/107MEDIA/DSCF0551.JPG,DSCF0551.JPG,4Z/107MEDIA,0,Other_Amphibian,0.5456,3220.6,1953.0,3352.1,2095.5
/srv/shared_leopard_toad/2025/Documents/06.10-13.10.2025/4Z/107MEDIA/DSCF0551.JPG,DSCF0551.JPG,4Z/107MEDIA,2,Western_Leopard_Toad,0.2128,3653.3,1650.6,3935.4,1918.2
/srv/shared_leopard_toad/2025/Documents/06.10-13.10.2025/4Z/107MEDIA/DSCF0748.JPG,DSCF0748.JPG,4Z/107MEDIA,0,Other_Amphibian,0.5882,3216.9,1953.2,3350.1,2098.8
/srv/shared_leopard_toad/2025/Documents/06.10-13.10.2025/4Z/107MEDIA/DSCF0748.JPG,DSCF0748.JPG,4Z/107MEDIA,0,Other_Amphibian,0.5149,3223.6,1952.9,3352.7,2098.1
/srv/shared_leopard_toad/2025/Documents/06.10-13.10.2025/4Z/107MEDIA/DSCF0192.JPG,DSCF0192.JPG,4Z/107MEDIA,0,Other_Amphibian,0.5949,3217.1,1953.7,3350.0,2099.9
/srv/shared_leopard_toad/2025/Documents/06.10-13.10.2025/4Z/107MEDIA/DSCF0192.JPG,DSCF0192.JPG,4Z/107MEDIA,0,Other_Amphibian,0.4980,3226.0,1953.9,3352.6,2100.0
/srv/shared_leopard_toad/2025/Documents/06.10-13.10.2025/4Z/107MEDIA/DSCF0192.JPG,DSCF0192.JPG,4Z/107MEDIA,2,Western_Leopard_Toad,0.2162,3652.9,1648.5,3932.7,1918.2
/srv/shared_leopard_toad/2025/Documents/06.10-13.10.2025/4Z/107MEDIA/DSCF0114.JPG,DSCF0114.JPG,4Z/107MEDIA,0,Other_Amphibian,0.5519,3219.6,1951.9,3350.2,2094.7
/srv/shared_leopard_toad/2025/Documents/06.10-13.10.2025/4Z/107MEDIA/DSCF0114.JPG,DSCF0114.JPG,4Z/107MEDIA,0,Other_Amphibian,0.4863,3225.4,1952.2,3352.6,2095.5
/srv/shared_leopard_toad/2025/Documents/06.10-13.10.2025/4Z/107MEDIA/DSCF0182.JPG,DSCF0182.JPG,4Z/107MEDIA,0,Other_Amphibian,0.5888,3215.3,1952.5,3349.3,2099.8
/srv/shared_leopard_toad/2025/Documents/06.10-13.10.2025/4Z/107MEDIA/DSCF0182.JPG,DSCF0182.JPG,4Z/107MEDIA,0,Other_Amphibian,0.5109,3222.0,1952.4,3351.7,2099.1
/srv/shared_leopard_toad/2025/Documents/06.10-13.10.2025/4Z/107MEDIA/DSCF0299.JPG,DSCF0299.JPG,4Z/107MEDIA,0,Other_Amphibian,0.5493,3217.1,1950.5,3347.7,2097.5
/srv/shared_leopard_toad/2025/Documents/06.10-13.10.2025/4Z/107MEDIA/DSCF0299.JPG,DSCF0299.JPG,4Z/107MEDIA,0,Other_Amphibian,0.4792,3222.3,1950.3,3349.8,2096.6
/srv/shared_leopard_toad/2025/Documents/06.10-13.10.2025/4Z/107MEDIA/DSCF0299.JPG,DSCF0299.JPG,4Z/107MEDIA,2,Western_Leopard_Toad,0.2962,3653.7,1647.6,3930.0,1917.8
/srv/shared_leopard_toad/2025/Documents/06.10-13.10.2025/4Z/107MEDIA/DSCF0816.JPG,DSCF0816.JPG,4Z/107MEDIA,0,Other_Amphibian,0.5522,3215.7,1950.9,3348.1,2096.9
/srv/shared_leopard_toad/2025/Documents/06.10-13.10.2025/4Z/107MEDIA/DSCF0816.JPG,DSCF0816.JPG,4Z/107MEDIA,0,Other_Amphibian,0.4697,3224.2,1950.5,3352.6,2095.8
/srv/shared_leopard_toad/2025/Documents/06.10-13.10.2025/4Z/107MEDIA/DSCF0345.JPG,DSCF0345.JPG,4Z/107MEDIA,0,Other_Amphibian,0.6211,3215.3,1953.5,3349.7,2097.1
/srv/shared_leopard_toad/2025/Documents/06.10-13.10.2025/4Z/107MEDIA/DSCF0345.JPG,DSCF0345.JPG,4Z/107MEDIA,0,Other_Amphibian,0.5137,3222.5,1953.6,3350.5,2096.9
/srv/shared_leopard_toad/2025/Documents/06.10-13.10.2025/4Z/107MEDIA/DSCF0293.JPG,DSCF0293.JPG,4Z/107MEDIA,0,Other_Amphibian,0.5605,3217.7,1951.2,3350.5,2097.3
/srv/shared_leopard_toad/2025/Documents/06.10-13.10.2025/4Z/107MEDIA/DSCF0293.JPG,DSCF0293.JPG,4Z/107MEDIA,0,Other_Amphibian,0.4909,3223.7,1951.2,3352.5,2097.0
/srv/shared_leopard_toad/2025/Documents/06.10-13.10.2025/4Z/107MEDIA/DSCF0020.JPG,DSCF0020.JPG,4Z/107MEDIA,0,Other_Amphibian,0.4054,3222.2,1953.7,3352.7,2096.8
/srv/shared_leopard_toad/2025/Documents/06.10-13.10.2025/4Z/107MEDIA/DSCF0020.JPG,DSCF0020.JPG,4Z/107MEDIA,0,Other_Amphibian,0.3752,3222.6,1954.1,3355.1,2097.3
/srv/shared_leopard_toad/2025/Documents/06.10-13.10.2025/4Z/107MEDIA/DSCF0195.JPG,DSCF0195.JPG,4Z/107MEDIA,0,Other_Amphibian,0.5634,3216.1,1954.0,3351.1,2098.3
/srv/shared_leopard_toad/2025/Documents/06.10-13.10.2025/4Z/107MEDIA/DSCF0195.JPG,DSCF0195.JPG,4Z/107MEDIA,0,Other_Amphibian,0.4665,3222.9,1954.2,3354.5,2097.5
/srv/shared_leopard_toad/2025/Documents/06.10-13.10.2025/4Z/107MEDIA/DSCF0195.JPG,DSCF0195.JPG,4Z/107MEDIA,2,Western_Leopard_Toad,0.3295,3653.4,1648.0,3932.6,1918.0
/srv/shared_leopard_toad/2025/Documents/06.10-13.10.2025/4Z/107MEDIA/DSCF0018.JPG,DSCF0018.JPG,4Z/107MEDIA,0,Other_Amphibian,0.5446,3218.7,1950.9,3350.9,2097.8
/srv/shared_leopard_toad/2025/Documents/06.10-13.10.2025/4Z/107MEDIA/DSCF0018.JPG,DSCF0018.JPG,4Z/107MEDIA,0,Other_Amphibian,0.4779,3225.0,1950.7,3354.2,2097.2
/srv/shared_leopard_toad/2025/Documents/06.10-13.10.2025/4Z/107MEDIA/DSCF0794.JPG,DSCF0794.JPG,4Z/107MEDIA,0,Other_Amphibian,0.5718,3217.1,1949.8,3352.1,2095.0
/srv/shared_leopard_toad/2025/Documents/06.10-13.10.2025/4Z/107MEDIA/DSCF0794.JPG,DSCF0794.JPG,4Z/107MEDIA,0,Other_Amphibian,0.5159,3222.5,1950.1,3352.6,2095.0
/srv/shared_leopard_toad/2025/Documents/06.10-13.10.2025/4Z/107MEDIA/DSCF0527.JPG,DSCF0527.JPG,4Z/107MEDIA,0,Other_Amphibian,0.5863,3217.1,1952.4,3352.1,2099.8
/srv/shared_leopard_toad/2025/Documents/06.10-13.10.2025/4Z/107MEDIA/DSCF0527.JPG,DSCF0527.JPG,4Z/107MEDIA,0,Other_Amphibian,0.5042,3221.1,1952.3,3350.9,2100.0
/srv/shared_leopard_toad/2025/Documents/06.10-13.10.2025/4Z/107MEDIA/DSCF0338.JPG,DSCF0338.JPG,4Z/107MEDIA,0,Other_Amphibian,0.6200,3215.0,1954.0,3350.5,2097.1
/srv/shared_leopard_toad/2025/Documents/06.10-13.10.2025/4Z/107MEDIA/DSCF0338.JPG,DSCF0338.JPG,4Z/107MEDIA,0,Other_Amphibian,0.4855,3222.9,1954.3,3351.5,2096.7
/srv/shared_leopard_toad/2025/Documents/06.10-13.10.2025/4Z/107MEDIA/DSCF0338.JPG,DSCF0338.JPG,4Z/107MEDIA,2,Western_Leopard_Toad,0.2697,3654.3,1649.2,3931.9,1918.1
/srv/shared_leopard_toad/2025/Documents/06.10-13.10.2025/4Z/107MEDIA/DSCF0940.JPG,DSCF0940.JPG,4Z/107MEDIA,0,Other_Amphibian,0.6212,3215.3,1952.0,3349.0,2094.8
/srv/shared_leopard_toad/2025/Documents/06.10-13.10.2025/4Z/107MEDIA/DSCF0940.JPG,DSCF0940.JPG,4Z/107MEDIA,0,Other_Amphibian,0.5348,3222.0,1951.9,3350.9,2094.4
/srv/shared_leopard_toad/2025/Documents/06.10-13.10.2025/4Z/107MEDIA/DSCF0360.JPG,DSCF0360.JPG,4Z/107MEDIA,0,Other_Amphibian,0.5706,3216.7,1953.2,3348.5,2097.1
/srv/shared_leopard_toad/2025/Documents/06.10-13.10.2025/4Z/107MEDIA/DSCF0360.JPG,DSCF0360.JPG,4Z/107MEDIA,0,Other_Amphibian,0.4775,3225.2,1952.4,3351.5,2096.4
/srv/shared_leopard_toad/2025/Documents/06.10-13.10.2025/4Z/107MEDIA/DSCF0206.JPG,DSCF0206.JPG,4Z/107MEDIA,0,Other_Amphibian,0.5863,3215.6,1953.1,3348.2,2097.1
/srv/shared_leopard_toad/2025/Documents/06.10-13.10.2025/4Z/107MEDIA/DSCF0206.JPG,DSCF0206.JPG,4Z/107MEDIA,0,Other_Amphibian,0.5095,3223.8,1952.4,3351.5,2096.2
/srv/shared_leopard_toad/2025/Documents/06.10-13.10.2025/4Z/107MEDIA/DSCF0902.JPG,DSCF0902.JPG,4Z/107MEDIA,0,Other_Amphibian,0.5522,3215.2,1952.0,3350.5,2095.5
/srv/shared_leopard_toad/2025/Documents/06.10-13.10.2025/4Z/107MEDIA/DSCF0902.JPG,DSCF0902.JPG,4Z/107MEDIA,0,Other_Amphibian,0.4567,3220.8,1951.7,3351.4,2095.2
/srv/shared_leopard_toad/2025/Documents/06.10-13.10.2025/4Z/107MEDIA/DSCF0778.JPG,DSCF0778.JPG,4Z/107MEDIA,0,Other_Amphibian,0.5657,3217.3,1952.7,3350.0,2094.4
/srv/shared_leopard_toad/2025/Documents/06.10-13.10.2025/4Z/107MEDIA/DSCF0778.JPG,DSCF0778.JPG,4Z/107MEDIA,0,Other_Amphibian,0.5183,3223.9,1952.0,3353.6,2093.6
/srv/shared_leopard_toad/2025/Documents/06.10-13.10.2025/4Z/107MEDIA/DSCF0883.JPG,DSCF0883.JPG,4Z/107MEDIA,0,Other_Amphibian,0.5908,3214.6,1952.9,3348.0,2092.1
/srv/shared_leopard_toad/2025/Documents/06.10-13.10.2025/4Z/107MEDIA/DSCF0883.JPG,DSCF0883.JPG,4Z/107MEDIA,0,Other_Amphibian,0.5065,3222.4,1953.2,3351.7,2092.2
/srv/shared_leopard_toad/2025/Documents/06.10-13.10.2025/4Z/107MEDIA/DSCF0059.JPG,DSCF0059.JPG,4Z/107MEDIA,0,Other_Amphibian,0.4689,3221.0,1952.8,3351.6,2098.3
/srv/shared_leopard_toad/2025/Documents/06.10-13.10.2025/4Z/107MEDIA/DSCF0059.JPG,DSCF0059.JPG,4Z/107MEDIA,0,Other_Amphibian,0.3925,3225.6,1954.1,3352.7,2099.1
/srv/shared_leopard_toad/2025/Documents/06.10-13.10.2025/4Z/107MEDIA/DSCF0180.JPG,DSCF0180.JPG,4Z/107MEDIA,0,Other_Amphibian,0.5613,3217.6,1954.8,3348.8,2096.3
/srv/shared_leopard_toad/2025/Documents/06.10-13.10.2025/4Z/107MEDIA/DSCF0180.JPG,DSCF0180.JPG,4Z/107MEDIA,0,Other_Amphibian,0.4797,3222.7,1955.0,3349.8,2096.7
/srv/shared_leopard_toad/2025/Documents/06.10-13.10.2025/4Z/107MEDIA/DSCF0791.JPG,DSCF0791.JPG,4Z/107MEDIA,0,Other_Amphibian,0.6135,3217.5,1952.7,3351.3,2096.7
/srv/shared_leopard_toad/2025/Documents/06.10-13.10.2025/4Z/107MEDIA/DSCF0791.JPG,DSCF0791.JPG,4Z/107MEDIA,0,Other_Amphibian,0.5443,3223.0,1952.9,3350.5,2096.5
/srv/shared_leopard_toad/2025/Documents/06.10-13.10.2025/4Z/107MEDIA/DSCF0558.JPG,DSCF0558.JPG,4Z/107MEDIA,0,Other_Amphibian,0.6279,3214.4,1951.6,3349.1,2098.3
/srv/shared_leopard_toad/2025/Documents/06.10-13.10.2025/4Z/107MEDIA/DSCF0558.JPG,DSCF0558.JPG,4Z/107MEDIA,0,Other_Amphibian,0.5540,3222.3,1951.1,3352.8,2096.9
/srv/shared_leopard_toad/2025/Documents/06.10-13.10.2025/4Z/107MEDIA/DSCF0558.JPG,DSCF0558.JPG,4Z/107MEDIA,2,Western_Leopard_Toad,0.3708,3652.8,1649.6,3936.0,1916.7
/srv/shared_leopard_toad/2025/Documents/06.10-13.10.2025/4Z/107MEDIA/DSCF0826.JPG,DSCF0826.JPG,4Z/107MEDIA,0,Other_Amphibian,0.4665,3220.6,1951.6,3349.8,2095.0
/srv/shared_leopard_toad/2025/Documents/06.10-13.10.2025/4Z/107MEDIA/DSCF0826.JPG,DSCF0826.JPG,4Z/107MEDIA,0,Other_Amphibian,0.4175,3223.4,1951.5,3351.3,2095.6
/srv/shared_leopard_toad/2025/Documents/06.10-13.10.2025/4Z/107MEDIA/DSCF0088.JPG,DSCF0088.JPG,4Z/107MEDIA,0,Other_Amphibian,0.5941,3215.7,1953.5,3349.6,2097.5
/srv/shared_leopard_toad/2025/Documents/06.10-13.10.2025/4Z/107MEDIA/DSCF0088.JPG,DSCF0088.JPG,4Z/107MEDIA,0,Other_Amphibian,0.5069,3221.0,1953.3,3349.7,2096.9
/srv/shared_leopard_toad/2025/Documents/06.10-13.10.2025/4Z/107MEDIA/DSCF0775.JPG,DSCF0775.JPG,4Z/107MEDIA,0,Other_Amphibian,0.5838,3216.9,1951.8,3348.8,2095.6
/srv/shared_leopard_toad/2025/Documents/06.10-13.10.2025/4Z/107MEDIA/DSCF0775.JPG,DSCF0775.JPG,4Z/107MEDIA,0,Other_Amphibian,0.5075,3223.9,1951.6,3351.0,2094.8
/srv/shared_leopard_toad/2025/Documents/06.10-13.10.2025/4Z/107MEDIA/DSCF0811.JPG,DSCF0811.JPG,4Z/107MEDIA,0,Other_Amphibian,0.5753,3216.5,1950.5,3352.9,2095.9
/srv/shared_leopard_toad/2025/Documents/06.10-13.10.2025/4Z/107MEDIA/DSCF0811.JPG,DSCF0811.JPG,4Z/107MEDIA,0,Other_Amphibian,0.5080,3220.7,1951.1,3352.2,2095.7
/srv/shared_leopard_toad/2025/Documents/06.10-13.10.2025/4Z/107MEDIA/DSCF0689.JPG,DSCF0689.JPG,4Z/107MEDIA,0,Other_Amphibian,0.5544,3216.1,1951.6,3351.5,2098.4
/srv/shared_leopard_toad/2025/Documents/06.10-13.10.2025/4Z/107MEDIA/DSCF0689.JPG,DSCF0689.JPG,4Z/107MEDIA,0,Other_Amphibian,0.4925,3223.3,1950.9,3356.1,2097.1
/srv/shared_leopard_toad/2025/Documents/06.10-13.10.2025/4Z/107MEDIA/DSCF0278.JPG,DSCF0278.JPG,4Z/107MEDIA,0,Other_Amphibian,0.5638,3215.9,1952.2,3348.3,2096.0
/srv/shared_leopard_toad/2025/Documents/06.10-13.10.2025/4Z/107MEDIA/DSCF0278.JPG,DSCF0278.JPG,4Z/107MEDIA,0,Other_Amphibian,0.4809,3224.5,1951.6,3353.8,2095.4
/srv/shared_leopard_toad/2025/Documents/06.10-13.10.2025/4Z/107MEDIA/DSCF0625.JPG,DSCF0625.JPG,4Z/107MEDIA,0,Other_Amphibian,0.5081,3218.4,1952.6,3350.0,2094.1
/srv/shared_leopard_toad/2025/Documents/06.10-13.10.2025/4Z/107MEDIA/DSCF0625.JPG,DSCF0625.JPG,4Z/107MEDIA,0,Other_Amphibian,0.4350,3225.3,1952.6,3352.6,2094.8
/srv/shared_leopard_toad/2025/Documents/06.10-13.10.2025/4Z/107MEDIA/DSCF0645.JPG,DSCF0645.JPG,4Z/107MEDIA,0,Other_Amphibian,0.5530,3216.0,1951.1,3348.3,2097.2
/srv/shared_leopard_toad/2025/Documents/06.10-13.10.2025/4Z/107MEDIA/DSCF0645.JPG,DSCF0645.JPG,4Z/107MEDIA,0,Other_Amphibian,0.4623,3222.4,1951.3,3350.1,2096.6
/srv/shared_leopard_toad/2025/Documents/06.10-13.10.2025/4Z/107MEDIA/DSCF0645.JPG,DSCF0645.JPG,4Z/107MEDIA,2,Western_Leopard_Toad,0.2281,3654.4,1646.6,3931.6,1917.9
/srv/shared_leopard_toad/2025/Documents/06.10-13.10.2025/4Z/107MEDIA/DSCF0216.JPG,DSCF0216.JPG,4Z/107MEDIA,0,Other_Amphibian,0.5483,3217.9,1952.0,3351.2,2095.8
/srv/shared_leopard_toad/2025/Documents/06.10-13.10.2025/4Z/107MEDIA/DSCF0216.JPG,DSCF0216.JPG,4Z/107MEDIA,0,Other_Amphibian,0.4827,3224.9,1951.8,3354.7,2095.0
/srv/shared_leopard_toad/2025/Documents/06.10-13.10.2025/4Z/107MEDIA/DSCF0050.JPG,DSCF0050.JPG,4Z/107MEDIA,0,Other_Amphibian,0.5816,3214.1,1952.4,3349.0,2097.6
/srv/shared_leopard_toad/2025/Documents/06.10-13.10.2025/4Z/107MEDIA/DSCF0050.JPG,DSCF0050.JPG,4Z/107MEDIA,0,Other_Amphibian,0.4832,3220.6,1952.3,3348.9,2096.8
/srv/shared_leopard_toad/2025/Documents/06.10-13.10.2025/4Z/107MEDIA/DSCF0099.JPG,DSCF0099.JPG,4Z/107MEDIA,0,Other_Amphibian,0.5707,3215.5,1952.7,3350.2,2097.4
/srv/shared_leopard_toad/2025/Documents/06.10-13.10.2025/4Z/107MEDIA/DSCF0099.JPG,DSCF0099.JPG,4Z/107MEDIA,0,Other_Amphibian,0.4926,3222.3,1952.5,3352.0,2096.9
/srv/shared_leopard_toad/2025/Documents/06.10-13.10.2025/4Z/107MEDIA/DSCF0463.JPG,DSCF0463.JPG,4Z/107MEDIA,0,Other_Amphibian,0.5926,3216.8,1953.5,3348.7,2096.0
/srv/shared_leopard_toad/2025/Documents/06.10-13.10.2025/4Z/107MEDIA/DSCF0463.JPG,DSCF0463.JPG,4Z/107MEDIA,0,Other_Amphibian,0.5182,3225.0,1952.5,3352.5,2095.1
/srv/shared_leopard_toad/2025/Documents/06.10-13.10.2025/4Z/107MEDIA/DSCF0327.JPG,DSCF0327.JPG,4Z/107MEDIA,0,Other_Amphibian,0.6233,3216.4,1951.5,3350.9,2097.0
/srv/shared_leopard_toad/2025/Documents/06.10-13.10.2025/4Z/107MEDIA/DSCF0327.JPG,DSCF0327.JPG,4Z/107MEDIA,0,Other_Amphibian,0.5523,3222.9,1951.6,3353.0,2096.0
/srv/shared_leopard_toad/2025/Documents/06.10-13.10.2025/4Z/107MEDIA/DSCF0727.JPG,DSCF0727.JPG,4Z/107MEDIA,0,Other_Amphibian,0.5299,3217.5,1951.9,3351.5,2099.1
/srv/shared_leopard_toad/2025/Documents/06.10-13.10.2025/4Z/107MEDIA/DSCF0727.JPG,DSCF0727.JPG,4Z/107MEDIA,0,Other_Amphibian,0.4566,3222.8,1952.1,3353.1,2098.4
/srv/shared_leopard_toad/2025/Documents/06.10-13.10.2025/4Z/107MEDIA/DSCF0909.JPG,DSCF0909.JPG,4Z/107MEDIA,0,Other_Amphibian,0.5635,3216.2,1952.0,3349.1,2094.7
/srv/shared_leopard_toad/2025/Documents/06.10-13.10.2025/4Z/107MEDIA/DSCF0909.JPG,DSCF0909.JPG,4Z/107MEDIA,0,Other_Amphibian,0.4774,3223.8,1951.6,3352.9,2094.0
/srv/shared_leopard_toad/2025/Documents/06.10-13.10.2025/4Z/107MEDIA/DSCF0840.JPG,DSCF0840.JPG,4Z/107MEDIA,0,Other_Amphibian,0.5882,3214.7,1953.3,3347.8,2095.4
/srv/shared_leopard_toad/2025/Documents/06.10-13.10.2025/4Z/107MEDIA/DSCF0840.JPG,DSCF0840.JPG,4Z/107MEDIA,0,Other_Amphibian,0.4922,3223.5,1953.2,3351.1,2094.8
/srv/shared_leopard_toad/2025/Documents/06.10-13.10.2025/4Z/107MEDIA/DSCF0964.JPG,DSCF0964.JPG,4Z/107MEDIA,0,Other_Amphibian,0.5370,3216.1,1949.8,3349.6,2099.0
/srv/shared_leopard_toad/2025/Documents/06.10-13.10.2025/4Z/107MEDIA/DSCF0964.JPG,DSCF0964.JPG,4Z/107MEDIA,0,Other_Amphibian,0.4464,3223.6,1950.1,3351.4,2098.7
/srv/shared_leopard_toad/2025/Documents/06.10-13.10.2025/4Z/107MEDIA/DSCF0605.JPG,DSCF0605.JPG,4Z/107MEDIA,0,Other_Amphibian,0.5289,3217.5,1952.5,3351.4,2098.6
/srv/shared_leopard_toad/2025/Documents/06.10-13.10.2025/4Z/107MEDIA/DSCF0605.JPG,DSCF0605.JPG,4Z/107MEDIA,0,Other_Amphibian,0.4400,3225.7,1953.1,3353.8,2098.5
/srv/shared_leopard_toad/2025/Documents/06.10-13.10.2025/4Z/107MEDIA/DSCF0605.JPG,DSCF0605.JPG,4Z/107MEDIA,2,Western_Leopard_Toad,0.2689,3654.5,1648.9,3931.1,1917.7
/srv/shared_leopard_toad/2025/Documents/06.10-13.10.2025/4Z/107MEDIA/DSCF0087.JPG,DSCF0087.JPG,4Z/107MEDIA,0,Other_Amphibian,0.5837,3216.4,1952.5,3350.7,2096.0
/srv/shared_leopard_toad/2025/Documents/06.10-13.10.2025/4Z/107MEDIA/DSCF0087.JPG,DSCF0087.JPG,4Z/107MEDIA,0,Other_Amphibian,0.5137,3221.5,1952.5,3351.1,2096.1
/srv/shared_leopard_toad/2025/Documents/06.10-13.10.2025/4Z/107MEDIA/DSCF0314.JPG,DSCF0314.JPG,4Z/107MEDIA,0,Other_Amphibian,0.6061,3217.0,1952.2,3352.3,2096.2
/srv/shared_leopard_toad/2025/Documents/06.10-13.10.2025/4Z/107MEDIA/DSCF0314.JPG,DSCF0314.JPG,4Z/107MEDIA,0,Other_Amphibian,0.5307,3222.8,1952.5,3353.1,2095.6
/srv/shared_leopard_toad/2025/Documents/06.10-13.10.2025/4Z/107MEDIA/DSCF0760.JPG,DSCF0760.JPG,4Z/107MEDIA,0,Other_Amphibian,0.5734,3217.9,1952.7,3350.1,2094.2
/srv/shared_leopard_toad/2025/Documents/06.10-13.10.2025/4Z/107MEDIA/DSCF0760.JPG,DSCF0760.JPG,4Z/107MEDIA,0,Other_Amphibian,0.5057,3223.7,1953.1,3351.2,2094.9
/srv/shared_leopard_toad/2025/Documents/06.10-13.10.2025/4Z/107MEDIA/DSCF0222.JPG,DSCF0222.JPG,4Z/107MEDIA,0,Other_Amphibian,0.5966,3215.0,1953.5,3349.2,2097.2
/srv/shared_leopard_toad/2025/Documents/06.10-13.10.2025/4Z/107MEDIA/DSCF0222.JPG,DSCF0222.JPG,4Z/107MEDIA,0,Other_Amphibian,0.5121,3222.6,1952.9,3352.8,2095.8
/srv/shared_leopard_toad/2025/Documents/06.10-13.10.2025/4Z/107MEDIA/DSCF0222.JPG,DSCF0222.JPG,4Z/107MEDIA,2,Western_Leopard_Toad,0.2521,3655.5,1648.6,3931.9,1918.0
/srv/shared_leopard_toad/2025/Documents/06.10-13.10.2025/4Z/107MEDIA/DSCF0593.JPG,DSCF0593.JPG,4Z/107MEDIA,0,Other_Amphibian,0.5830,3215.9,1952.8,3350.7,2096.5
/srv/shared_leopard_toad/2025/Documents/06.10-13.10.2025/4Z/107MEDIA/DSCF0593.JPG,DSCF0593.JPG,4Z/107MEDIA,0,Other_Amphibian,0.5037,3222.4,1952.8,3351.8,2095.2
/srv/shared_leopard_toad/2025/Documents/06.10-13.10.2025/4Z/107MEDIA/DSCF0593.JPG,DSCF0593.JPG,4Z/107MEDIA,2,Western_Leopard_Toad,0.2553,3653.4,1648.3,3934.1,1916.9
/srv/shared_leopard_toad/2025/Documents/06.10-13.10.2025/4Z/107MEDIA/DSCF0588.JPG,DSCF0588.JPG,4Z/107MEDIA,0,Other_Amphibian,0.6013,3215.4,1953.6,3350.1,2097.0
/srv/shared_leopard_toad/2025/Documents/06.10-13.10.2025/4Z/107MEDIA/DSCF0588.JPG,DSCF0588.JPG,4Z/107MEDIA,0,Other_Amphibian,0.5041,3224.3,1953.0,3353.9,2096.0
/srv/shared_leopard_toad/2025/Documents/06.10-13.10.2025/4Z/107MEDIA/DSCF0588.JPG,DSCF0588.JPG,4Z/107MEDIA,2,Western_Leopard_Toad,0.3133,3651.0,1649.1,3937.0,1917.7
/srv/shared_leopard_toad/2025/Documents/06.10-13.10.2025/4Z/107MEDIA/DSCF0903.JPG,DSCF0903.JPG,4Z/107MEDIA,0,Other_Amphibian,0.5649,3215.7,1952.7,3350.8,2095.2
/srv/shared_leopard_toad/2025/Documents/06.10-13.10.2025/4Z/107MEDIA/DSCF0903.JPG,DSCF0903.JPG,4Z/107MEDIA,0,Other_Amphibian,0.4721,3222.2,1952.2,3354.2,2094.9
/srv/shared_leopard_toad/2025/Documents/06.10-13.10.2025/4Z/107MEDIA/DSCF0889.JPG,DSCF0889.JPG,4Z/107MEDIA,0,Other_Amphibian,0.5893,3216.5,1952.5,3349.5,2096.5
/srv/shared_leopard_toad/2025/Documents/06.10-13.10.2025/4Z/107MEDIA/DSCF0889.JPG,DSCF0889.JPG,4Z/107MEDIA,0,Other_Amphibian,0.5187,3221.1,1952.3,3350.3,2096.0
/srv/shared_leopard_toad/2025/Documents/06.10-13.10.2025/4Z/107MEDIA/DSCF0068.JPG,DSCF0068.JPG,4Z/107MEDIA,0,Other_Amphibian,0.5618,3217.4,1953.0,3349.3,2094.8
/srv/shared_leopard_toad/2025/Documents/06.10-13.10.2025/4Z/107MEDIA/DSCF0068.JPG,DSCF0068.JPG,4Z/107MEDIA,0,Other_Amphibian,0.4943,3223.2,1953.1,3351.2,2095.6
/srv/shared_leopard_toad/2025/Documents/06.10-13.10.2025/4Z/107MEDIA/DSCF0724.JPG,DSCF0724.JPG,4Z/107MEDIA,0,Other_Amphibian,0.6123,3215.4,1952.9,3350.1,2097.3
/srv/shared_leopard_toad/2025/Documents/06.10-13.10.2025/4Z/107MEDIA/DSCF0724.JPG,DSCF0724.JPG,4Z/107MEDIA,0,Other_Amphibian,0.5516,3221.9,1953.0,3351.8,2097.0
/srv/shared_leopard_toad/2025/Documents/06.10-13.10.2025/4Z/107MEDIA/DSCF0619.JPG,DSCF0619.JPG,4Z/107MEDIA,0,Other_Amphibian,0.5635,3216.7,1952.0,3352.0,2095.4
/srv/shared_leopard_toad/2025/Documents/06.10-13.10.2025/4Z/107MEDIA/DSCF0619.JPG,DSCF0619.JPG,4Z/107MEDIA,0,Other_Amphibian,0.5113,3222.2,1952.4,3354.8,2094.7
/srv/shared_leopard_toad/2025/Documents/06.10-13.10.2025/4Z/107MEDIA/DSCF0025.JPG,DSCF0025.JPG,4Z/107MEDIA,0,Other_Amphibian,0.5626,3216.1,1953.3,3347.6,2098.0
/srv/shared_leopard_toad/2025/Documents/06.10-13.10.2025/4Z/107MEDIA/DSCF0025.JPG,DSCF0025.JPG,4Z/107MEDIA,0,Other_Amphibian,0.4744,3224.0,1952.3,3350.3,2096.9
/srv/shared_leopard_toad/2025/Documents/06.10-13.10.2025/4Z/107MEDIA/DSCF0997.JPG,DSCF0997.JPG,4Z/107MEDIA,0,Other_Amphibian,0.5091,3217.7,1951.1,3349.2,2094.3
/srv/shared_leopard_toad/2025/Documents/06.10-13.10.2025/4Z/107MEDIA/DSCF0997.JPG,DSCF0997.JPG,4Z/107MEDIA,0,Other_Amphibian,0.4240,3221.7,1951.9,3351.0,2095.8
/srv/shared_leopard_toad/2025/Documents/06.10-13.10.2025/4Z/107MEDIA/DSCF0381.JPG,DSCF0381.JPG,4Z/107MEDIA,0,Other_Amphibian,0.6112,3215.0,1953.2,3350.1,2095.3
/srv/shared_leopard_toad/2025/Documents/06.10-13.10.2025/4Z/107MEDIA/DSCF0381.JPG,DSCF0381.JPG,4Z/107MEDIA,0,Other_Amphibian,0.5274,3222.2,1952.5,3352.5,2094.2
/srv/shared_leopard_toad/2025/Documents/06.10-13.10.2025/4Z/107MEDIA/DSCF0365.JPG,DSCF0365.JPG,4Z/107MEDIA,0,Other_Amphibian,0.5604,3217.3,1951.5,3352.5,2096.6
/srv/shared_leopard_toad/2025/Documents/06.10-13.10.2025/4Z/107MEDIA/DSCF0365.JPG,DSCF0365.JPG,4Z/107MEDIA,0,Other_Amphibian,0.4841,3223.0,1951.9,3354.9,2095.7
/srv/shared_leopard_toad/2025/Documents/06.10-13.10.2025/4Z/107MEDIA/DSCF0693.JPG,DSCF0693.JPG,4Z/107MEDIA,0,Other_Amphibian,0.4763,3217.3,1950.2,3352.5,2099.0
/srv/shared_leopard_toad/2025/Documents/06.10-13.10.2025/4Z/107MEDIA/DSCF0693.JPG,DSCF0693.JPG,4Z/107MEDIA,0,Other_Amphibian,0.4257,3220.4,1950.9,3354.0,2099.1
/srv/shared_leopard_toad/2025/Documents/06.10-13.10.2025/4Z/107MEDIA/DSCF0693.JPG,DSCF0693.JPG,4Z/107MEDIA,2,Western_Leopard_Toad,0.2268,3653.1,1647.5,3931.0,1917.0
/srv/shared_leopard_toad/2025/Documents/06.10-13.10.2025/4Z/107MEDIA/DSCF0741.JPG,DSCF0741.JPG,4Z/107MEDIA,0,Other_Amphibian,0.5753,3216.7,1953.2,3348.4,2094.4
/srv/shared_leopard_toad/2025/Documents/06.10-13.10.2025/4Z/107MEDIA/DSCF0741.JPG,DSCF0741.JPG,4Z/107MEDIA,0,Other_Amphibian,0.4966,3225.6,1952.6,3352.6,2093.7
/srv/shared_leopard_toad/2025/Documents/06.10-13.10.2025/4Z/107MEDIA/DSCF0538.JPG,DSCF0538.JPG,4Z/107MEDIA,0,Other_Amphibian,0.6170,3214.9,1954.0,3349.9,2094.9
/srv/shared_leopard_toad/2025/Documents/06.10-13.10.2025/4Z/107MEDIA/DSCF0538.JPG,DSCF0538.JPG,4Z/107MEDIA,0,Other_Amphibian,0.5353,3222.4,1953.2,3353.0,2093.6
/srv/shared_leopard_toad/2025/Documents/06.10-13.10.2025/4Z/107MEDIA/DSCF0538.JPG,DSCF0538.JPG,4Z/107MEDIA,2,Western_Leopard_Toad,0.2483,3654.1,1649.2,3932.6,1916.3
/srv/shared_leopard_toad/2025/Documents/06.10-13.10.2025/4Z/107MEDIA/DSCF0913.JPG,DSCF0913.JPG,4Z/107MEDIA,0,Other_Amphibian,0.5552,3217.4,1953.0,3350.6,2096.1
/srv/shared_leopard_toad/2025/Documents/06.10-13.10.2025/4Z/107MEDIA/DSCF0913.JPG,DSCF0913.JPG,4Z/107MEDIA,0,Other_Amphibian,0.4748,3223.7,1952.6,3353.0,2095.6
/srv/shared_leopard_toad/2025/Documents/06.10-13.10.2025/4Z/107MEDIA/DSCF0454.JPG,DSCF0454.JPG,4Z/107MEDIA,0,Other_Amphibian,0.5418,3217.3,1951.5,3351.4,2098.4
/srv/shared_leopard_toad/2025/Documents/06.10-13.10.2025/4Z/107MEDIA/DSCF0454.JPG,DSCF0454.JPG,4Z/107MEDIA,0,Other_Amphibian,0.4788,3222.8,1951.4,3353.7,2097.2
/srv/shared_leopard_toad/2025/Documents/06.10-13.10.2025/4Z/107MEDIA/DSCF0454.JPG,DSCF0454.JPG,4Z/107MEDIA,2,Western_Leopard_Toad,0.2356,3654.1,1648.1,3930.1,1917.6
/srv/shared_leopard_toad/2025/Documents/06.10-13.10.2025/4Z/107MEDIA/DSCF0188.JPG,DSCF0188.JPG,4Z/107MEDIA,0,Other_Amphibian,0.5242,3219.0,1952.7,3350.5,2097.1
/srv/shared_leopard_toad/2025/Documents/06.10-13.10.2025/4Z/107MEDIA/DSCF0188.JPG,DSCF0188.JPG,4Z/107MEDIA,0,Other_Amphibian,0.4500,3223.9,1953.3,3353.7,2097.0
/srv/shared_leopard_toad/2025/Documents/06.10-13.10.2025/4Z/107MEDIA/DSCF0188.JPG,DSCF0188.JPG,4Z/107MEDIA,2,Western_Leopard_Toad,0.2102,3655.1,1648.2,3929.3,1918.0
/srv/shared_leopard_toad/2025/Documents/06.10-13.10.2025/4Z/107MEDIA/DSCF0947.JPG,DSCF0947.JPG,4Z/107MEDIA,0,Other_Amphibian,0.6020,3215.0,1954.0,3349.6,2096.5
/srv/shared_leopard_toad/2025/Documents/06.10-13.10.2025/4Z/107MEDIA/DSCF0947.JPG,DSCF0947.JPG,4Z/107MEDIA,0,Other_Amphibian,0.4875,3222.0,1954.0,3348.7,2096.8
/srv/shared_leopard_toad/2025/Documents/06.10-13.10.2025/4Z/107MEDIA/DSCF0772.JPG,DSCF0772.JPG,4Z/107MEDIA,0,Other_Amphibian,0.5210,3219.3,1951.2,3349.7,2098.0
/srv/shared_leopard_toad/2025/Documents/06.10-13.10.2025/4Z/107MEDIA/DSCF0772.JPG,DSCF0772.JPG,4Z/107MEDIA,0,Other_Amphibian,0.4286,3224.4,1951.4,3351.0,2097.7
/srv/shared_leopard_toad/2025/Documents/06.10-13.10.2025/4Z/107MEDIA/DSCF0844.JPG,DSCF0844.JPG,4Z/107MEDIA,0,Other_Amphibian,0.5698,3217.7,1951.6,3349.2,2094.9
/srv/shared_leopard_toad/2025/Documents/06.10-13.10.2025/4Z/107MEDIA/DSCF0844.JPG,DSCF0844.JPG,4Z/107MEDIA,0,Other_Amphibian,0.5112,3224.0,1951.9,3351.0,2094.4
/srv/shared_leopard_toad/2025/Documents/06.10-13.10.2025/4Z/107MEDIA/DSCF0824.JPG,DSCF0824.JPG,4Z/107MEDIA,0,Other_Amphibian,0.5710,3215.9,1951.8,3351.4,2095.6
/srv/shared_leopard_toad/2025/Documents/06.10-13.10.2025/4Z/107MEDIA/DSCF0824.JPG,DSCF0824.JPG,4Z/107MEDIA,0,Other_Amphibian,0.4993,3222.0,1952.2,3353.2,2095.1
/srv/shared_leopard_toad/2025/Documents/06.10-13.10.2025/4Z/107MEDIA/DSCF0133.JPG,DSCF0133.JPG,4Z/107MEDIA,0,Other_Amphibian,0.5461,3216.5,1954.1,3349.5,2096.3
/srv/shared_leopard_toad/2025/Documents/06.10-13.10.2025/4Z/107MEDIA/DSCF0133.JPG,DSCF0133.JPG,4Z/107MEDIA,0,Other_Amphibian,0.4421,3222.6,1953.8,3349.3,2096.0
/srv/shared_leopard_toad/2025/Documents/06.10-13.10.2025/4Z/107MEDIA/DSCF0886.JPG,DSCF0886.JPG,4Z/107MEDIA,0,Other_Amphibian,0.5661,3217.3,1951.7,3350.9,2094.9
/srv/shared_leopard_toad/2025/Documents/06.10-13.10.2025/4Z/107MEDIA/DSCF0886.JPG,DSCF0886.JPG,4Z/107MEDIA,0,Other_Amphibian,0.4956,3222.6,1951.5,3352.7,2094.9
/srv/shared_leopard_toad/2025/Documents/06.10-13.10.2025/4Z/107MEDIA/DSCF0181.JPG,DSCF0181.JPG,4Z/107MEDIA,0,Other_Amphibian,0.5832,3216.7,1955.5,3349.9,2097.7
/srv/shared_leopard_toad/2025/Documents/06.10-13.10.2025/4Z/107MEDIA/DSCF0181.JPG,DSCF0181.JPG,4Z/107MEDIA,0,Other_Amphibian,0.4564,3225.5,1956.5,3352.1,2099.0
/srv/shared_leopard_toad/2025/Documents/06.10-13.10.2025/4Z/107MEDIA/DSCF0773.JPG,DSCF0773.JPG,4Z/107MEDIA,0,Other_Amphibian,0.6091,3215.3,1952.7,3350.7,2095.8
/srv/shared_leopard_toad/2025/Documents/06.10-13.10.2025/4Z/107MEDIA/DSCF0773.JPG,DSCF0773.JPG,4Z/107MEDIA,0,Other_Amphibian,0.5257,3223.2,1952.9,3353.7,2095.7
/srv/shared_leopard_toad/2025/Documents/06.10-13.10.2025/4Z/107MEDIA/DSCF0849.JPG,DSCF0849.JPG,4Z/107MEDIA,0,Other_Amphibian,0.5735,3217.1,1950.9,3351.8,2098.7
/srv/shared_leopard_toad/2025/Documents/06.10-13.10.2025/4Z/107MEDIA/DSCF0849.JPG,DSCF0849.JPG,4Z/107MEDIA,0,Other_Amphibian,0.5016,3222.6,1950.9,3352.6,2097.9
/srv/shared_leopard_toad/2025/Documents/06.10-13.10.2025/4Z/107MEDIA/DSCF0916.JPG,DSCF0916.JPG,4Z/107MEDIA,0,Other_Amphibian,0.5204,3216.7,1951.0,3347.6,2096.0
/srv/shared_leopard_toad/2025/Documents/06.10-13.10.2025/4Z/107MEDIA/DSCF0916.JPG,DSCF0916.JPG,4Z/107MEDIA,0,Other_Amphibian,0.4411,3225.5,1951.0,3351.1,2095.4
/srv/shared_leopard_toad/2025/Documents/06.10-13.10.2025/4Z/107MEDIA/DSCF0685.JPG,DSCF0685.JPG,4Z/107MEDIA,0,Other_Amphibian,0.5699,3218.4,1954.4,3350.1,2094.9
/srv/shared_leopard_toad/2025/Documents/06.10-13.10.2025/4Z/107MEDIA/DSCF0685.JPG,DSCF0685.JPG,4Z/107MEDIA,0,Other_Amphibian,0.4946,3223.0,1954.5,3351.4,2095.5
/srv/shared_leopard_toad/2025/Documents/06.10-13.10.2025/4Z/107MEDIA/DSCF0209.JPG,DSCF0209.JPG,4Z/107MEDIA,0,Other_Amphibian,0.5157,3217.9,1953.5,3348.8,2094.1
/srv/shared_leopard_toad/2025/Documents/06.10-13.10.2025/4Z/107MEDIA/DSCF0209.JPG,DSCF0209.JPG,4Z/107MEDIA,0,Other_Amphibian,0.4237,3224.1,1953.6,3352.1,2094.0
/srv/shared_leopard_toad/2025/Documents/06.10-13.10.2025/4Z/107MEDIA/DSCF0209.JPG,DSCF0209.JPG,4Z/107MEDIA,2,Western_Leopard_Toad,0.2327,3653.6,1648.3,3931.2,1918.3
/srv/shared_leopard_toad/2025/Documents/06.10-13.10.2025/4Z/107MEDIA/DSCF0725.JPG,DSCF0725.JPG,4Z/107MEDIA,0,Other_Amphibian,0.5851,3216.6,1952.9,3351.0,2097.5
/srv/shared_leopard_toad/2025/Documents/06.10-13.10.2025/4Z/107MEDIA/DSCF0725.JPG,DSCF0725.JPG,4Z/107MEDIA,0,Other_Amphibian,0.5058,3223.9,1953.2,3353.1,2097.6
/srv/shared_leopard_toad/2025/Documents/06.10-13.10.2025/4Z/107MEDIA/DSCF0550.JPG,DSCF0550.JPG,4Z/107MEDIA,0,Other_Amphibian,0.5926,3214.3,1952.1,3349.8,2100.0
/srv/shared_leopard_toad/2025/Documents/06.10-13.10.2025/4Z/107MEDIA/DSCF0550.JPG,DSCF0550.JPG,4Z/107MEDIA,0,Other_Amphibian,0.5191,3223.0,1951.9,3353.4,2098.7
/srv/shared_leopard_toad/2025/Documents/06.10-13.10.2025/4Z/107MEDIA/DSCF0550.JPG,DSCF0550.JPG,4Z/107MEDIA,2,Western_Leopard_Toad,0.2031,3654.6,1650.7,3933.7,1917.0
/srv/shared_leopard_toad/2025/Documents/06.10-13.10.2025/4Z/107MEDIA/DSCF0015.JPG,DSCF0015.JPG,4Z/107MEDIA,0,Other_Amphibian,0.6129,3215.7,1952.8,3351.7,2097.0
/srv/shared_leopard_toad/2025/Documents/06.10-13.10.2025/4Z/107MEDIA/DSCF0015.JPG,DSCF0015.JPG,4Z/107MEDIA,0,Other_Amphibian,0.5448,3219.2,1952.9,3349.4,2097.2
/srv/shared_leopard_toad/2025/Documents/06.10-13.10.2025/4Z/107MEDIA/DSCF0612.JPG,DSCF0612.JPG,4Z/107MEDIA,0,Other_Amphibian,0.6052,3216.3,1952.8,3350.7,2095.1
/srv/shared_leopard_toad/2025/Documents/06.10-13.10.2025/4Z/107MEDIA/DSCF0612.JPG,DSCF0612.JPG,4Z/107MEDIA,0,Other_Amphibian,0.5054,3224.6,1953.0,3353.0,2095.1
/srv/shared_leopard_toad/2025/Documents/06.10-13.10.2025/4Z/107MEDIA/DSCF0633.JPG,DSCF0633.JPG,4Z/107MEDIA,0,Other_Amphibian,0.5601,3217.3,1951.9,3352.0,2097.3
/srv/shared_leopard_toad/2025/Documents/06.10-13.10.2025/4Z/107MEDIA/DSCF0633.JPG,DSCF0633.JPG,4Z/107MEDIA,0,Other_Amphibian,0.4989,3222.7,1952.8,3352.7,2097.0
/srv/shared_leopard_toad/2025/Documents/06.10-13.10.2025/4Z/107MEDIA/DSCF0626.JPG,DSCF0626.JPG,4Z/107MEDIA,0,Other_Amphibian,0.5925,3215.2,1952.7,3352.5,2098.0
/srv/shared_leopard_toad/2025/Documents/06.10-13.10.2025/4Z/107MEDIA/DSCF0626.JPG,DSCF0626.JPG,4Z/107MEDIA,0,Other_Amphibian,0.5244,3221.1,1952.8,3354.0,2096.9
/srv/shared_leopard_toad/2025/Documents/06.10-13.10.2025/4Z/107MEDIA/DSCF0839.JPG,DSCF0839.JPG,4Z/107MEDIA,0,Other_Amphibian,0.5831,3215.9,1951.9,3348.3,2096.8
/srv/shared_leopard_toad/2025/Documents/06.10-13.10.2025/4Z/107MEDIA/DSCF0839.JPG,DSCF0839.JPG,4Z/107MEDIA,0,Other_Amphibian,0.4620,3225.1,1951.8,3352.1,2096.0
/srv/shared_leopard_toad/2025/Documents/06.10-13.10.2025/4Z/107MEDIA/DSCF0839.JPG,DSCF0839.JPG,4Z/107MEDIA,2,Western_Leopard_Toad,0.2014,3653.0,1648.4,3931.9,1919.0
/srv/shared_leopard_toad/2025/Documents/06.10-13.10.2025/4Z/107MEDIA/DSCF0076.JPG,DSCF0076.JPG,4Z/107MEDIA,0,Other_Amphibian,0.5496,3219.1,1952.1,3354.2,2095.6
/srv/shared_leopard_toad/2025/Documents/06.10-13.10.2025/4Z/107MEDIA/DSCF0076.JPG,DSCF0076.JPG,4Z/107MEDIA,0,Other_Amphibian,0.5042,3222.3,1952.7,3353.8,2095.7
/srv/shared_leopard_toad/2025/Documents/06.10-13.10.2025/4Z/107MEDIA/DSCF0690.JPG,DSCF0690.JPG,4Z/107MEDIA,0,Other_Amphibian,0.5658,3216.4,1953.4,3351.2,2095.2
/srv/shared_leopard_toad/2025/Documents/06.10-13.10.2025/4Z/107MEDIA/DSCF0690.JPG,DSCF0690.JPG,4Z/107MEDIA,0,Other_Amphibian,0.4909,3222.6,1953.5,3354.2,2095.2
/srv/shared_leopard_toad/2025/Documents/06.10-13.10.2025/4Z/107MEDIA/DSCF0918.JPG,DSCF0918.JPG,4Z/107MEDIA,0,Other_Amphibian,0.5647,3216.9,1951.0,3348.9,2091.4
/srv/shared_leopard_toad/2025/Documents/06.10-13.10.2025/4Z/107MEDIA/DSCF0918.JPG,DSCF0918.JPG,4Z/107MEDIA,0,Other_Amphibian,0.4827,3223.9,1951.5,3352.5,2091.9
/srv/shared_leopard_toad/2025/Documents/06.10-13.10.2025/4Z/107MEDIA/DSCF0918.JPG,DSCF0918.JPG,4Z/107MEDIA,2,Western_Leopard_Toad,0.2075,3654.2,1647.6,3933.4,1918.8
/srv/shared_leopard_toad/2025/Documents/06.10-13.10.2025/4Z/107MEDIA/DSCF0240.JPG,DSCF0240.JPG,4Z/107MEDIA,0,Other_Amphibian,0.5406,3216.8,1951.4,3349.4,2096.9
/srv/shared_leopard_toad/2025/Documents/06.10-13.10.2025/4Z/107MEDIA/DSCF0240.JPG,DSCF0240.JPG,4Z/107MEDIA,0,Other_Amphibian,0.4727,3225.4,1950.9,3355.4,2096.2
/srv/shared_leopard_toad/2025/Documents/06.10-13.10.2025/4Z/107MEDIA/DSCF0240.JPG,DSCF0240.JPG,4Z/107MEDIA,2,Western_Leopard_Toad,0.2036,3654.0,1648.8,3932.7,1918.3
/srv/shared_leopard_toad/2025/Documents/06.10-13.10.2025/4Z/107MEDIA/DSCF0714.JPG,DSCF0714.JPG,4Z/107MEDIA,0,Other_Amphibian,0.5745,3214.5,1953.3,3347.6,2095.9
/srv/shared_leopard_toad/2025/Documents/06.10-13.10.2025/4Z/107MEDIA/DSCF0714.JPG,DSCF0714.JPG,4Z/107MEDIA,0,Other_Amphibian,0.4847,3222.8,1952.5,3351.4,2094.8
/srv/shared_leopard_toad/2025/Documents/06.10-13.10.2025/4Z/107MEDIA/DSCF0302.JPG,DSCF0302.JPG,4Z/107MEDIA,0,Other_Amphibian,0.5809,3216.4,1952.4,3350.8,2097.0
/srv/shared_leopard_toad/2025/Documents/06.10-13.10.2025/4Z/107MEDIA/DSCF0302.JPG,DSCF0302.JPG,4Z/107MEDIA,0,Other_Amphibian,0.4900,3222.5,1952.4,3352.7,2095.7
/srv/shared_leopard_toad/2025/Documents/06.10-13.10.2025/4Z/107MEDIA/DSCF0302.JPG,DSCF0302.JPG,4Z/107MEDIA,2,Western_Leopard_Toad,0.3121,3652.8,1648.7,3931.8,1917.4
/srv/shared_leopard_toad/2025/Documents/06.10-13.10.2025/4Z/107MEDIA/DSCF0801.JPG,DSCF0801.JPG,4Z/107MEDIA,0,Other_Amphibian,0.5938,3216.7,1950.9,3349.7,2096.1
/srv/shared_leopard_toad/2025/Documents/06.10-13.10.2025/4Z/107MEDIA/DSCF0801.JPG,DSCF0801.JPG,4Z/107MEDIA,0,Other_Amphibian,0.5257,3223.4,1951.1,3351.9,2095.2
/srv/shared_leopard_toad/2025/Documents/06.10-13.10.2025/4Z/107MEDIA/DSCF0232.JPG,DSCF0232.JPG,4Z/107MEDIA,0,Other_Amphibian,0.5987,3216.3,1953.5,3348.8,2094.6
/srv/shared_leopard_toad/2025/Documents/06.10-13.10.2025/4Z/107MEDIA/DSCF0232.JPG,DSCF0232.JPG,4Z/107MEDIA,0,Other_Amphibian,0.5047,3224.7,1952.9,3351.9,2093.8
/srv/shared_leopard_toad/2025/Documents/06.10-13.10.2025/4Z/107MEDIA/DSCF0545.JPG,DSCF0545.JPG,4Z/107MEDIA,0,Other_Amphibian,0.5149,3217.9,1951.8,3349.7,2098.2
/srv/shared_leopard_toad/2025/Documents/06.10-13.10.2025/4Z/107MEDIA/DSCF0545.JPG,DSCF0545.JPG,4Z/107MEDIA,0,Other_Amphibian,0.4349,3226.2,1951.4,3353.9,2097.5
/srv/shared_leopard_toad/2025/Documents/06.10-13.10.2025/4Z/107MEDIA/DSCF0545.JPG,DSCF0545.JPG,4Z/107MEDIA,2,Western_Leopard_Toad,0.3243,3651.6,1648.8,3933.4,1916.6
/srv/shared_leopard_toad/2025/Documents/06.10-13.10.2025/4Z/107MEDIA/DSCF0377.JPG,DSCF0377.JPG,4Z/107MEDIA,0,Other_Amphibian,0.5454,3218.1,1952.2,3349.5,2093.8
/srv/shared_leopard_toad/2025/Documents/06.10-13.10.2025/4Z/107MEDIA/DSCF0377.JPG,DSCF0377.JPG,4Z/107MEDIA,0,Other_Amphibian,0.4527,3225.9,1952.4,3353.2,2094.2
/srv/shared_leopard_toad/2025/Documents/06.10-13.10.2025/4Z/107MEDIA/DSCF0705.JPG,DSCF0705.JPG,4Z/107MEDIA,0,Other_Amphibian,0.5395,3220.3,1951.6,3353.3,2094.0
/srv/shared_leopard_toad/2025/Documents/06.10-13.10.2025/4Z/107MEDIA/DSCF0705.JPG,DSCF0705.JPG,4Z/107MEDIA,0,Other_Amphibian,0.5024,3223.6,1951.5,3354.7,2093.7
/srv/shared_leopard_toad/2025/Documents/06.10-13.10.2025/4Z/107MEDIA/DSCF0813.JPG,DSCF0813.JPG,4Z/107MEDIA,0,Other_Amphibian,0.5417,3216.6,1950.6,3351.4,2098.4
/srv/shared_leopard_toad/2025/Documents/06.10-13.10.2025/4Z/107MEDIA/DSCF0813.JPG,DSCF0813.JPG,4Z/107MEDIA,0,Other_Amphibian,0.4762,3221.9,1951.2,3352.1,2098.1
/srv/shared_leopard_toad/2025/Documents/06.10-13.10.2025/4Z/107MEDIA/DSCF0830.JPG,DSCF0830.JPG,4Z/107MEDIA,0,Other_Amphibian,0.6092,3216.1,1952.3,3353.3,2097.7
/srv/shared_leopard_toad/2025/Documents/06.10-13.10.2025/4Z/107MEDIA/DSCF0830.JPG,DSCF0830.JPG,4Z/107MEDIA,0,Other_Amphibian,0.5437,3220.4,1952.3,3353.4,2097.1
/srv/shared_leopard_toad/2025/Documents/06.10-13.10.2025/4Z/107MEDIA/DSCF0048.JPG,DSCF0048.JPG,4Z/107MEDIA,0,Other_Amphibian,0.5850,3216.6,1953.7,3352.2,2097.2
/srv/shared_leopard_toad/2025/Documents/06.10-13.10.2025/4Z/107MEDIA/DSCF0048.JPG,DSCF0048.JPG,4Z/107MEDIA,0,Other_Amphibian,0.4961,3222.6,1953.9,3353.2,2097.0
/srv/shared_leopard_toad/2025/Documents/06.10-13.10.2025/4Z/107MEDIA/DSCF0267.JPG,DSCF0267.JPG,4Z/107MEDIA,0,Other_Amphibian,0.5010,3218.3,1951.9,3349.5,2096.9
/srv/shared_leopard_toad/2025/Documents/06.10-13.10.2025/4Z/107MEDIA/DSCF0267.JPG,DSCF0267.JPG,4Z/107MEDIA,0,Other_Amphibian,0.4262,3225.4,1952.4,3354.4,2097.2
/srv/shared_leopard_toad/2025/Documents/06.10-13.10.2025/4Z/107MEDIA/DSCF0267.JPG,DSCF0267.JPG,4Z/107MEDIA,2,Western_Leopard_Toad,0.2230,3654.2,1649.9,3929.9,1918.0
/srv/shared_leopard_toad/2025/Documents/06.10-13.10.2025/4Z/107MEDIA/DSCF0319.JPG,DSCF0319.JPG,4Z/107MEDIA,0,Other_Amphibian,0.5496,3216.6,1950.7,3352.3,2096.0
/srv/shared_leopard_toad/2025/Documents/06.10-13.10.2025/4Z/107MEDIA/DSCF0319.JPG,DSCF0319.JPG,4Z/107MEDIA,0,Other_Amphibian,0.4598,3222.7,1951.7,3353.2,2095.8
/srv/shared_leopard_toad/2025/Documents/06.10-13.10.2025/4Z/107MEDIA/DSCF0319.JPG,DSCF0319.JPG,4Z/107MEDIA,2,Western_Leopard_Toad,0.2707,3656.7,1650.2,3931.7,1918.6
/srv/shared_leopard_toad/2025/Documents/06.10-13.10.2025/4Z/107MEDIA/DSCF0150.JPG,DSCF0150.JPG,4Z/107MEDIA,0,Other_Amphibian,0.5699,3214.7,1953.5,3348.4,2097.0
/srv/shared_leopard_toad/2025/Documents/06.10-13.10.2025/4Z/107MEDIA/DSCF0150.JPG,DSCF0150.JPG,4Z/107MEDIA,0,Other_Amphibian,0.4878,3222.3,1952.9,3351.5,2096.7
/srv/shared_leopard_toad/2025/Documents/06.10-13.10.2025/4Z/107MEDIA/DSCF0510.JPG,DSCF0510.JPG,4Z/107MEDIA,0,Other_Amphibian,0.5778,3216.9,1952.0,3351.6,2096.5
/srv/shared_leopard_toad/2025/Documents/06.10-13.10.2025/4Z/107MEDIA/DSCF0510.JPG,DSCF0510.JPG,4Z/107MEDIA,0,Other_Amphibian,0.4995,3224.3,1951.8,3355.1,2095.8
/srv/shared_leopard_toad/2025/Documents/06.10-13.10.2025/4Z/107MEDIA/DSCF0643.JPG,DSCF0643.JPG,4Z/107MEDIA,0,Other_Amphibian,0.5654,3217.2,1952.5,3351.4,2095.8
/srv/shared_leopard_toad/2025/Documents/06.10-13.10.2025/4Z/107MEDIA/DSCF0643.JPG,DSCF0643.JPG,4Z/107MEDIA,0,Other_Amphibian,0.4893,3223.7,1952.8,3353.1,2095.5
/srv/shared_leopard_toad/2025/Documents/06.10-13.10.2025/4Z/107MEDIA/DSCF0323.JPG,DSCF0323.JPG,4Z/107MEDIA,0,Other_Amphibian,0.5728,3216.9,1953.1,3347.9,2094.8
/srv/shared_leopard_toad/2025/Documents/06.10-13.10.2025/4Z/107MEDIA/DSCF0323.JPG,DSCF0323.JPG,4Z/107MEDIA,0,Other_Amphibian,0.4794,3224.4,1952.7,3351.6,2094.5
/srv/shared_leopard_toad/2025/Documents/06.10-13.10.2025/4Z/107MEDIA/DSCF0013.JPG,DSCF0013.JPG,4Z/107MEDIA,0,Other_Amphibian,0.5572,3216.0,1954.2,3353.0,2098.5
/srv/shared_leopard_toad/2025/Documents/06.10-13.10.2025/4Z/107MEDIA/DSCF0013.JPG,DSCF0013.JPG,4Z/107MEDIA,0,Other_Amphibian,0.4821,3219.8,1954.4,3351.9,2097.9
/srv/shared_leopard_toad/2025/Documents/06.10-13.10.2025/4Z/107MEDIA/DSCF0876.JPG,DSCF0876.JPG,4Z/107MEDIA,0,Other_Amphibian,0.5837,3216.9,1950.7,3349.6,2092.9
/srv/shared_leopard_toad/2025/Documents/06.10-13.10.2025/4Z/107MEDIA/DSCF0876.JPG,DSCF0876.JPG,4Z/107MEDIA,0,Other_Amphibian,0.4918,3224.1,1951.5,3351.8,2093.3
/srv/shared_leopard_toad/2025/Documents/06.10-13.10.2025/4Z/107MEDIA/DSCF0108.JPG,DSCF0108.JPG,4Z/107MEDIA,0,Other_Amphibian,0.5804,3216.7,1953.5,3350.7,2096.1
/srv/shared_leopard_toad/2025/Documents/06.10-13.10.2025/4Z/107MEDIA/DSCF0108.JPG,DSCF0108.JPG,4Z/107MEDIA,0,Other_Amphibian,0.5016,3223.3,1953.4,3352.4,2095.9
/srv/shared_leopard_toad/2025/Documents/06.10-13.10.2025/4Z/107MEDIA/DSCF0277.JPG,DSCF0277.JPG,4Z/107MEDIA,0,Other_Amphibian,0.5224,3219.3,1952.5,3350.4,2096.7
/srv/shared_leopard_toad/2025/Documents/06.10-13.10.2025/4Z/107MEDIA/DSCF0277.JPG,DSCF0277.JPG,4Z/107MEDIA,0,Other_Amphibian,0.4273,3225.1,1953.0,3351.9,2097.2
/srv/shared_leopard_toad/2025/Documents/06.10-13.10.2025/4Z/107MEDIA/DSCF0901.JPG,DSCF0901.JPG,4Z/107MEDIA,0,Other_Amphibian,0.4818,3217.5,1950.8,3351.8,2098.5
/srv/shared_leopard_toad/2025/Documents/06.10-13.10.2025/4Z/107MEDIA/DSCF0901.JPG,DSCF0901.JPG,4Z/107MEDIA,0,Other_Amphibian,0.4221,3224.6,1951.8,3355.5,2099.2
/srv/shared_leopard_toad/2025/Documents/06.10-13.10.2025/4Z/107MEDIA/DSCF0153.JPG,DSCF0153.JPG,4Z/107MEDIA,0,Other_Amphibian,0.5739,3216.8,1954.3,3349.8,2098.3
/srv/shared_leopard_toad/2025/Documents/06.10-13.10.2025/4Z/107MEDIA/DSCF0153.JPG,DSCF0153.JPG,4Z/107MEDIA,0,Other_Amphibian,0.4736,3223.0,1954.6,3352.0,2097.9
/srv/shared_leopard_toad/2025/Documents/06.10-13.10.2025/4Z/107MEDIA/DSCF0153.JPG,DSCF0153.JPG,4Z/107MEDIA,2,Western_Leopard_Toad,0.2627,3654.0,1649.2,3931.1,1918.6
/srv/shared_leopard_toad/2025/Documents/06.10-13.10.2025/4Z/107MEDIA/DSCF0747.JPG,DSCF0747.JPG,4Z/107MEDIA,0,Other_Amphibian,0.6049,3216.1,1951.6,3349.6,2094.2
/srv/shared_leopard_toad/2025/Documents/06.10-13.10.2025/4Z/107MEDIA/DSCF0747.JPG,DSCF0747.JPG,4Z/107MEDIA,0,Other_Amphibian,0.5392,3224.2,1951.9,3353.6,2093.9
/srv/shared_leopard_toad/2025/Documents/06.10-13.10.2025/4Z/107MEDIA/DSCF0079.JPG,DSCF0079.JPG,4Z/107MEDIA,0,Other_Amphibian,0.5972,3214.8,1953.2,3348.2,2097.0
/srv/shared_leopard_toad/2025/Documents/06.10-13.10.2025/4Z/107MEDIA/DSCF0079.JPG,DSCF0079.JPG,4Z/107MEDIA,0,Other_Amphibian,0.5187,3220.0,1952.9,3348.2,2096.5
/srv/shared_leopard_toad/2025/Documents/06.10-13.10.2025/4Z/107MEDIA/DSCF0996.JPG,DSCF0996.JPG,4Z/107MEDIA,0,Other_Amphibian,0.5645,3216.7,1952.4,3349.5,2092.4
/srv/shared_leopard_toad/2025/Documents/06.10-13.10.2025/4Z/107MEDIA/DSCF0996.JPG,DSCF0996.JPG,4Z/107MEDIA,0,Other_Amphibian,0.4735,3225.7,1952.5,3354.3,2092.9
/srv/shared_leopard_toad/2025/Documents/06.10-13.10.2025/4Z/107MEDIA/DSCF0610.JPG,DSCF0610.JPG,4Z/107MEDIA,0,Other_Amphibian,0.5959,3216.0,1953.7,3350.8,2095.6
/srv/shared_leopard_toad/2025/Documents/06.10-13.10.2025/4Z/107MEDIA/DSCF0610.JPG,DSCF0610.JPG,4Z/107MEDIA,0,Other_Amphibian,0.4861,3223.1,1953.6,3352.2,2095.6
/srv/shared_leopard_toad/2025/Documents/06.10-13.10.2025/4Z/107MEDIA/DSCF0692.JPG,DSCF0692.JPG,4Z/107MEDIA,0,Other_Amphibian,0.5187,3216.7,1952.6,3349.8,2096.4
/srv/shared_leopard_toad/2025/Documents/06.10-13.10.2025/4Z/107MEDIA/DSCF0692.JPG,DSCF0692.JPG,4Z/107MEDIA,0,Other_Amphibian,0.4166,3224.2,1952.8,3351.6,2096.4
/srv/shared_leopard_toad/2025/Documents/06.10-13.10.2025/4Z/107MEDIA/DSCF0542.JPG,DSCF0542.JPG,4Z/107MEDIA,0,Other_Amphibian,0.5844,3214.2,1954.3,3349.0,2094.7
/srv/shared_leopard_toad/2025/Documents/06.10-13.10.2025/4Z/107MEDIA/DSCF0542.JPG,DSCF0542.JPG,4Z/107MEDIA,0,Other_Amphibian,0.5000,3222.7,1953.2,3351.9,2093.6
/srv/shared_leopard_toad/2025/Documents/06.10-13.10.2025/4Z/107MEDIA/DSCF0708.JPG,DSCF0708.JPG,4Z/107MEDIA,0,Other_Amphibian,0.5388,3217.4,1951.4,3351.1,2096.5
/srv/shared_leopard_toad/2025/Documents/06.10-13.10.2025/4Z/107MEDIA/DSCF0708.JPG,DSCF0708.JPG,4Z/107MEDIA,0,Other_Amphibian,0.4446,3224.0,1951.8,3352.8,2096.6
/srv/shared_leopard_toad/2025/Documents/06.10-13.10.2025/4Z/107MEDIA/DSCF0119.JPG,DSCF0119.JPG,4Z/107MEDIA,0,Other_Amphibian,0.6235,3216.8,1953.6,3351.4,2096.4
/srv/shared_leopard_toad/2025/Documents/06.10-13.10.2025/4Z/107MEDIA/DSCF0119.JPG,DSCF0119.JPG,4Z/107MEDIA,0,Other_Amphibian,0.5293,3221.9,1953.7,3351.3,2096.3
/srv/shared_leopard_toad/2025/Documents/06.10-13.10.2025/4Z/107MEDIA/DSCF0408.JPG,DSCF0408.JPG,4Z/107MEDIA,0,Other_Amphibian,0.6321,3214.8,1952.5,3350.6,2098.7
/srv/shared_leopard_toad/2025/Documents/06.10-13.10.2025/4Z/107MEDIA/DSCF0408.JPG,DSCF0408.JPG,4Z/107MEDIA,0,Other_Amphibian,0.5612,3219.7,1952.4,3350.4,2098.5
/srv/shared_leopard_toad/2025/Documents/06.10-13.10.2025/4Z/107MEDIA/DSCF0846.JPG,DSCF0846.JPG,4Z/107MEDIA,0,Other_Amphibian,0.5624,3217.2,1951.8,3351.6,2095.6
/srv/shared_leopard_toad/2025/Documents/06.10-13.10.2025/4Z/107MEDIA/DSCF0846.JPG,DSCF0846.JPG,4Z/107MEDIA,0,Other_Amphibian,0.4684,3224.6,1951.9,3354.5,2095.5
/srv/shared_leopard_toad/2025/Documents/06.10-13.10.2025/4Z/107MEDIA/DSCF0469.JPG,DSCF0469.JPG,4Z/107MEDIA,0,Other_Amphibian,0.5784,3215.6,1951.8,3347.4,2097.6
/srv/shared_leopard_toad/2025/Documents/06.10-13.10.2025/4Z/107MEDIA/DSCF0469.JPG,DSCF0469.JPG,4Z/107MEDIA,0,Other_Amphibian,0.4965,3226.0,1950.3,3351.7,2096.3
/srv/shared_leopard_toad/2025/Documents/06.10-13.10.2025/4Z/107MEDIA/DSCF0098.JPG,DSCF0098.JPG,4Z/107MEDIA,0,Other_Amphibian,0.6235,3214.6,1952.6,3349.3,2095.5
/srv/shared_leopard_toad/2025/Documents/06.10-13.10.2025/4Z/107MEDIA/DSCF0098.JPG,DSCF0098.JPG,4Z/107MEDIA,0,Other_Amphibian,0.5730,3220.8,1952.0,3350.9,2094.5
/srv/shared_leopard_toad/2025/Documents/06.10-13.10.2025/4Z/107MEDIA/DSCF0961.JPG,DSCF0961.JPG,4Z/107MEDIA,0,Other_Amphibian,0.4877,3219.9,1951.0,3349.4,2094.3
/srv/shared_leopard_toad/2025/Documents/06.10-13.10.2025/4Z/107MEDIA/DSCF0961.JPG,DSCF0961.JPG,4Z/107MEDIA,0,Other_Amphibian,0.4100,3226.4,1951.5,3353.0,2095.6
/srv/shared_leopard_toad/2025/Documents/06.10-13.10.2025/4Z/107MEDIA/DSCF0214.JPG,DSCF0214.JPG,4Z/107MEDIA,0,Other_Amphibian,0.5688,3216.7,1952.9,3350.4,2096.2
/srv/shared_leopard_toad/2025/Documents/06.10-13.10.2025/4Z/107MEDIA/DSCF0214.JPG,DSCF0214.JPG,4Z/107MEDIA,0,Other_Amphibian,0.4836,3222.7,1952.8,3351.7,2095.6
/srv/shared_leopard_toad/2025/Documents/06.10-13.10.2025/4Z/107MEDIA/DSCF0804.JPG,DSCF0804.JPG,4Z/107MEDIA,0,Other_Amphibian,0.4911,3220.1,1950.3,3352.3,2096.5
/srv/shared_leopard_toad/2025/Documents/06.10-13.10.2025/4Z/107MEDIA/DSCF0804.JPG,DSCF0804.JPG,4Z/107MEDIA,0,Other_Amphibian,0.4266,3222.5,1950.7,3352.8,2097.0
/srv/shared_leopard_toad/2025/Documents/06.10-13.10.2025/4Z/107MEDIA/DSCF0825.JPG,DSCF0825.JPG,4Z/107MEDIA,0,Other_Amphibian,0.5461,3217.9,1952.9,3351.2,2100.3
/srv/shared_leopard_toad/2025/Documents/06.10-13.10.2025/4Z/107MEDIA/DSCF0825.JPG,DSCF0825.JPG,4Z/107MEDIA,0,Other_Amphibian,0.4489,3222.6,1953.0,3350.8,2100.7
/srv/shared_leopard_toad/2025/Documents/06.10-13.10.2025/4Z/107MEDIA/DSCF0915.JPG,DSCF0915.JPG,4Z/107MEDIA,0,Other_Amphibian,0.5644,3216.9,1954.2,3347.8,2092.0
/srv/shared_leopard_toad/2025/Documents/06.10-13.10.2025/4Z/107MEDIA/DSCF0915.JPG,DSCF0915.JPG,4Z/107MEDIA,0,Other_Amphibian,0.4742,3225.8,1954.0,3352.4,2092.6
/srv/shared_leopard_toad/2025/Documents/06.10-13.10.2025/4Z/107MEDIA/DSCF0627.JPG,DSCF0627.JPG,4Z/107MEDIA,0,Other_Amphibian,0.6090,3213.1,1951.4,3350.6,2098.5
/srv/shared_leopard_toad/2025/Documents/06.10-13.10.2025/4Z/107MEDIA/DSCF0627.JPG,DSCF0627.JPG,4Z/107MEDIA,0,Other_Amphibian,0.5521,3219.7,1951.3,3352.3,2096.8
/srv/shared_leopard_toad/2025/Documents/06.10-13.10.2025/4Z/107MEDIA/DSCF0420.JPG,DSCF0420.JPG,4Z/107MEDIA,0,Other_Amphibian,0.5933,3215.4,1953.9,3348.1,2096.2
/srv/shared_leopard_toad/2025/Documents/06.10-13.10.2025/4Z/107MEDIA/DSCF0420.JPG,DSCF0420.JPG,4Z/107MEDIA,0,Other_Amphibian,0.5048,3223.2,1953.1,3351.1,2095.1
/srv/shared_leopard_toad/2025/Documents/06.10-13.10.2025/4Z/107MEDIA/DSCF0398.JPG,DSCF0398.JPG,4Z/107MEDIA,0,Other_Amphibian,0.5255,3216.8,1953.2,3351.3,2096.9
/srv/shared_leopard_toad/2025/Documents/06.10-13.10.2025/4Z/107MEDIA/DSCF0398.JPG,DSCF0398.JPG,4Z/107MEDIA,0,Other_Amphibian,0.4459,3223.9,1953.1,3355.4,2097.0
/srv/shared_leopard_toad/2025/Documents/06.10-13.10.2025/4Z/107MEDIA/DSCF0205.JPG,DSCF0205.JPG,4Z/107MEDIA,0,Other_Amphibian,0.5840,3215.0,1954.0,3349.0,2096.6
/srv/shared_leopard_toad/2025/Documents/06.10-13.10.2025/4Z/107MEDIA/DSCF0205.JPG,DSCF0205.JPG,4Z/107MEDIA,0,Other_Amphibian,0.4696,3223.0,1953.8,3351.1,2095.9
/srv/shared_leopard_toad/2025/Documents/06.10-13.10.2025/4Z/107MEDIA/DSCF0540.JPG,DSCF0540.JPG,4Z/107MEDIA,0,Other_Amphibian,0.5991,3216.2,1952.4,3352.6,2097.6
/srv/shared_leopard_toad/2025/Documents/06.10-13.10.2025/4Z/107MEDIA/DSCF0540.JPG,DSCF0540.JPG,4Z/107MEDIA,0,Other_Amphibian,0.5157,3222.5,1952.5,3353.3,2096.6
/srv/shared_leopard_toad/2025/Documents/06.10-13.10.2025/4Z/107MEDIA/DSCF0540.JPG,DSCF0540.JPG,4Z/107MEDIA,2,Western_Leopard_Toad,0.2744,3651.9,1648.7,3933.8,1917.7
/srv/shared_leopard_toad/2025/Documents/06.10-13.10.2025/4Z/107MEDIA/DSCF0618.JPG,DSCF0618.JPG,4Z/107MEDIA,0,Other_Amphibian,0.5711,3217.2,1952.6,3352.2,2095.8
/srv/shared_leopard_toad/2025/Documents/06.10-13.10.2025/4Z/107MEDIA/DSCF0618.JPG,DSCF0618.JPG,4Z/107MEDIA,0,Other_Amphibian,0.4940,3224.8,1952.6,3356.4,2096.0
/srv/shared_leopard_toad/2025/Documents/06.10-13.10.2025/4Z/107MEDIA/DSCF0112.JPG,DSCF0112.JPG,4Z/107MEDIA,0,Other_Amphibian,0.6086,3216.6,1953.6,3352.6,2100.1
/srv/shared_leopard_toad/2025/Documents/06.10-13.10.2025/4Z/107MEDIA/DSCF0112.JPG,DSCF0112.JPG,4Z/107MEDIA,0,Other_Amphibian,0.4722,3223.1,1954.3,3351.9,2100.4
/srv/shared_leopard_toad/2025/Documents/06.10-13.10.2025/4Z/107MEDIA/DSCF0584.JPG,DSCF0584.JPG,4Z/107MEDIA,0,Other_Amphibian,0.6061,3215.0,1950.8,3352.0,2098.1
/srv/shared_leopard_toad/2025/Documents/06.10-13.10.2025/4Z/107MEDIA/DSCF0584.JPG,DSCF0584.JPG,4Z/107MEDIA,0,Other_Amphibian,0.5312,3223.2,1950.8,3355.0,2097.2
/srv/shared_leopard_toad/2025/Documents/06.10-13.10.2025/4Z/107MEDIA/DSCF0584.JPG,DSCF0584.JPG,4Z/107MEDIA,2,Western_Leopard_Toad,0.4272,3654.3,1648.4,3937.3,1917.4
/srv/shared_leopard_toad/2025/Documents/06.10-13.10.2025/4Z/107MEDIA/DSCF0111.JPG,DSCF0111.JPG,4Z/107MEDIA,0,Other_Amphibian,0.5686,3217.0,1953.6,3351.1,2097.2
/srv/shared_leopard_toad/2025/Documents/06.10-13.10.2025/4Z/107MEDIA/DSCF0111.JPG,DSCF0111.JPG,4Z/107MEDIA,0,Other_Amphibian,0.4710,3223.7,1954.1,3352.3,2096.9
/srv/shared_leopard_toad/2025/Documents/06.10-13.10.2025/4Z/107MEDIA/DSCF0263.JPG,DSCF0263.JPG,4Z/107MEDIA,0,Other_Amphibian,0.6002,3215.1,1952.8,3351.1,2098.3
/srv/shared_leopard_toad/2025/Documents/06.10-13.10.2025/4Z/107MEDIA/DSCF0263.JPG,DSCF0263.JPG,4Z/107MEDIA,0,Other_Amphibian,0.4869,3221.4,1953.2,3351.4,2098.0
/srv/shared_leopard_toad/2025/Documents/06.10-13.10.2025/4Z/107MEDIA/DSCF0586.JPG,DSCF0586.JPG,4Z/107MEDIA,0,Other_Amphibian,0.5735,3216.6,1951.5,3351.3,2096.6
/srv/shared_leopard_toad/2025/Documents/06.10-13.10.2025/4Z/107MEDIA/DSCF0586.JPG,DSCF0586.JPG,4Z/107MEDIA,0,Other_Amphibian,0.4924,3223.9,1951.3,3354.7,2095.8
/srv/shared_leopard_toad/2025/Documents/06.10-13.10.2025/4Z/107MEDIA/DSCF0349.JPG,DSCF0349.JPG,4Z/107MEDIA,0,Other_Amphibian,0.5532,3216.6,1953.8,3349.8,2096.2
/srv/shared_leopard_toad/2025/Documents/06.10-13.10.2025/4Z/107MEDIA/DSCF0349.JPG,DSCF0349.JPG,4Z/107MEDIA,0,Other_Amphibian,0.4750,3223.2,1953.4,3353.0,2095.7
/srv/shared_leopard_toad/2025/Documents/06.10-13.10.2025/4Z/107MEDIA/DSCF0828.JPG,DSCF0828.JPG,4Z/107MEDIA,0,Other_Amphibian,0.5766,3217.6,1951.6,3352.1,2095.3
/srv/shared_leopard_toad/2025/Documents/06.10-13.10.2025/4Z/107MEDIA/DSCF0828.JPG,DSCF0828.JPG,4Z/107MEDIA,0,Other_Amphibian,0.5043,3221.6,1951.9,3351.0,2095.0
/srv/shared_leopard_toad/2025/Documents/06.10-13.10.2025/4Z/107MEDIA/DSCF0555.JPG,DSCF0555.JPG,4Z/107MEDIA,0,Other_Amphibian,0.6245,3214.8,1953.6,3349.3,2098.4
/srv/shared_leopard_toad/2025/Documents/06.10-13.10.2025/4Z/107MEDIA/DSCF0555.JPG,DSCF0555.JPG,4Z/107MEDIA,0,Other_Amphibian,0.5349,3221.9,1953.0,3350.9,2097.4
/srv/shared_leopard_toad/2025/Documents/06.10-13.10.2025/4Z/107MEDIA/DSCF0695.JPG,DSCF0695.JPG,4Z/107MEDIA,0,Other_Amphibian,0.5679,3218.0,1951.9,3351.3,2095.7
/srv/shared_leopard_toad/2025/Documents/06.10-13.10.2025/4Z/107MEDIA/DSCF0695.JPG,DSCF0695.JPG,4Z/107MEDIA,0,Other_Amphibian,0.5135,3222.2,1952.0,3352.4,2095.6
/srv/shared_leopard_toad/2025/Documents/06.10-13.10.2025/4Z/107MEDIA/DSCF0764.JPG,DSCF0764.JPG,4Z/107MEDIA,0,Other_Amphibian,0.5846,3214.5,1952.8,3351.7,2097.4
/srv/shared_leopard_toad/2025/Documents/06.10-13.10.2025/4Z/107MEDIA/DSCF0764.JPG,DSCF0764.JPG,4Z/107MEDIA,0,Other_Amphibian,0.5111,3221.1,1953.1,3351.5,2097.0
/srv/shared_leopard_toad/2025/Documents/06.10-13.10.2025/4Z/107MEDIA/DSCF0229.JPG,DSCF0229.JPG,4Z/107MEDIA,0,Other_Amphibian,0.5897,3215.6,1952.0,3351.3,2096.9
/srv/shared_leopard_toad/2025/Documents/06.10-13.10.2025/4Z/107MEDIA/DSCF0229.JPG,DSCF0229.JPG,4Z/107MEDIA,0,Other_Amphibian,0.5025,3220.4,1952.0,3351.4,2097.4
/srv/shared_leopard_toad/2025/Documents/06.10-13.10.2025/4Z/107MEDIA/DSCF0953.JPG,DSCF0953.JPG,4Z/107MEDIA,0,Other_Amphibian,0.4757,3217.2,1947.6,3351.7,2096.1
/srv/shared_leopard_toad/2025/Documents/06.10-13.10.2025/4Z/107MEDIA/DSCF0953.JPG,DSCF0953.JPG,4Z/107MEDIA,0,Other_Amphibian,0.4193,3221.4,1948.2,3353.9,2096.3
/srv/shared_leopard_toad/2025/Documents/06.10-13.10.2025/4Z/107MEDIA/DSCF0657.JPG,DSCF0657.JPG,4Z/107MEDIA,0,Other_Amphibian,0.5231,3218.0,1950.7,3352.4,2095.2
/srv/shared_leopard_toad/2025/Documents/06.10-13.10.2025/4Z/107MEDIA/DSCF0657.JPG,DSCF0657.JPG,4Z/107MEDIA,0,Other_Amphibian,0.4754,3222.5,1951.1,3355.0,2094.9
/srv/shared_leopard_toad/2025/Documents/06.10-13.10.2025/4Z/107MEDIA/DSCF0163.JPG,DSCF0163.JPG,4Z/107MEDIA,0,Other_Amphibian,0.5982,3215.5,1952.9,3350.8,2097.3
/srv/shared_leopard_toad/2025/Documents/06.10-13.10.2025/4Z/107MEDIA/DSCF0163.JPG,DSCF0163.JPG,4Z/107MEDIA,0,Other_Amphibian,0.4808,3221.1,1953.0,3350.1,2096.9
/srv/shared_leopard_toad/2025/Documents/06.10-13.10.2025/4Z/107MEDIA/DSCF0163.JPG,DSCF0163.JPG,4Z/107MEDIA,2,Western_Leopard_Toad,0.2022,3656.2,1649.8,3929.9,1919.1
/srv/shared_leopard_toad/2025/Documents/06.10-13.10.2025/4Z/107MEDIA/DSCF0587.JPG,DSCF0587.JPG,4Z/107MEDIA,0,Other_Amphibian,0.6207,3214.9,1951.8,3352.3,2098.7
/srv/shared_leopard_toad/2025/Documents/06.10-13.10.2025/4Z/107MEDIA/DSCF0587.JPG,DSCF0587.JPG,4Z/107MEDIA,0,Other_Amphibian,0.5418,3222.6,1951.9,3355.2,2098.1
/srv/shared_leopard_toad/2025/Documents/06.10-13.10.2025/4Z/107MEDIA/DSCF0587.JPG,DSCF0587.JPG,4Z/107MEDIA,0,Other_Amphibian,0.2453,3652.2,1649.4,3934.7,1916.7
/srv/shared_leopard_toad/2025/Documents/06.10-13.10.2025/4Z/107MEDIA/DSCF0711.JPG,DSCF0711.JPG,4Z/107MEDIA,0,Other_Amphibian,0.5786,3215.9,1952.4,3352.1,2094.9
/srv/shared_leopard_toad/2025/Documents/06.10-13.10.2025/4Z/107MEDIA/DSCF0711.JPG,DSCF0711.JPG,4Z/107MEDIA,0,Other_Amphibian,0.4993,3221.9,1952.4,3353.5,2094.3
/srv/shared_leopard_toad/2025/Documents/06.10-13.10.2025/4Z/107MEDIA/DSCF0563.JPG,DSCF0563.JPG,4Z/107MEDIA,0,Other_Amphibian,0.5864,3214.9,1953.3,3346.4,2095.9
/srv/shared_leopard_toad/2025/Documents/06.10-13.10.2025/4Z/107MEDIA/DSCF0563.JPG,DSCF0563.JPG,4Z/107MEDIA,0,Other_Amphibian,0.4775,3224.4,1952.3,3349.9,2094.3
/srv/shared_leopard_toad/2025/Documents/06.10-13.10.2025/4Z/107MEDIA/DSCF0563.JPG,DSCF0563.JPG,4Z/107MEDIA,2,Western_Leopard_Toad,0.3373,3653.4,1650.4,3935.0,1916.6
/srv/shared_leopard_toad/2025/Documents/06.10-13.10.2025/4Z/107MEDIA/DSCF0283.JPG,DSCF0283.JPG,4Z/107MEDIA,0,Other_Amphibian,0.6039,3217.3,1952.5,3351.2,2098.9
/srv/shared_leopard_toad/2025/Documents/06.10-13.10.2025/4Z/107MEDIA/DSCF0283.JPG,DSCF0283.JPG,4Z/107MEDIA,0,Other_Amphibian,0.5406,3221.3,1952.7,3351.4,2098.9
/srv/shared_leopard_toad/2025/Documents/06.10-13.10.2025/4Z/107MEDIA/DSCF0869.JPG,DSCF0869.JPG,4Z/107MEDIA,0,Other_Amphibian,0.4882,3219.7,1950.6,3351.0,2095.7
/srv/shared_leopard_toad/2025/Documents/06.10-13.10.2025/4Z/107MEDIA/DSCF0869.JPG,DSCF0869.JPG,4Z/107MEDIA,0,Other_Amphibian,0.4117,3222.9,1952.0,3350.6,2096.9
/srv/shared_leopard_toad/2025/Documents/06.10-13.10.2025/4Z/107MEDIA/DSCF0470.JPG,DSCF0470.JPG,4Z/107MEDIA,0,Other_Amphibian,0.5697,3216.0,1953.0,3350.2,2097.2
/srv/shared_leopard_toad/2025/Documents/06.10-13.10.2025/4Z/107MEDIA/DSCF0470.JPG,DSCF0470.JPG,4Z/107MEDIA,0,Other_Amphibian,0.5069,3221.0,1952.6,3350.3,2096.6
/srv/shared_leopard_toad/2025/Documents/06.10-13.10.2025/4Z/107MEDIA/DSCF0406.JPG,DSCF0406.JPG,4Z/107MEDIA,0,Other_Amphibian,0.6251,3215.5,1951.7,3352.5,2097.9
/srv/shared_leopard_toad/2025/Documents/06.10-13.10.2025/4Z/107MEDIA/DSCF0406.JPG,DSCF0406.JPG,4Z/107MEDIA,0,Other_Amphibian,0.5728,3219.6,1951.9,3352.0,2098.0
/srv/shared_leopard_toad/2025/Documents/06.10-13.10.2025/4Z/107MEDIA/DSCF0863.JPG,DSCF0863.JPG,4Z/107MEDIA,0,Other_Amphibian,0.5570,3217.6,1948.2,3354.1,2096.4
/srv/shared_leopard_toad/2025/Documents/06.10-13.10.2025/4Z/107MEDIA/DSCF0863.JPG,DSCF0863.JPG,4Z/107MEDIA,0,Other_Amphibian,0.5102,3219.1,1948.6,3352.8,2095.9
/srv/shared_leopard_toad/2025/Documents/06.10-13.10.2025/4Z/107MEDIA/DSCF0128.JPG,DSCF0128.JPG,4Z/107MEDIA,0,Other_Amphibian,0.4827,3219.4,1953.6,3351.8,2097.0
/srv/shared_leopard_toad/2025/Documents/06.10-13.10.2025/4Z/107MEDIA/DSCF0128.JPG,DSCF0128.JPG,4Z/107MEDIA,0,Other_Amphibian,0.3940,3223.6,1955.4,3353.7,2098.2
/srv/shared_leopard_toad/2025/Documents/06.10-13.10.2025/4Z/107MEDIA/DSCF0265.JPG,DSCF0265.JPG,4Z/107MEDIA,0,Other_Amphibian,0.5335,3219.1,1952.8,3348.0,2097.4
/srv/shared_leopard_toad/2025/Documents/06.10-13.10.2025/4Z/107MEDIA/DSCF0265.JPG,DSCF0265.JPG,4Z/107MEDIA,0,Other_Amphibian,0.4498,3226.6,1952.6,3351.6,2097.4
/srv/shared_leopard_toad/2025/Documents/06.10-13.10.2025/4Z/107MEDIA/DSCF0850.JPG,DSCF0850.JPG,4Z/107MEDIA,0,Other_Amphibian,0.4863,3218.4,1951.1,3348.4,2098.0
/srv/shared_leopard_toad/2025/Documents/06.10-13.10.2025/4Z/107MEDIA/DSCF0850.JPG,DSCF0850.JPG,4Z/107MEDIA,0,Other_Amphibian,0.4382,3224.2,1950.7,3351.1,2096.9
/srv/shared_leopard_toad/2025/Documents/06.10-13.10.2025/4Z/107MEDIA/DSCF0022.JPG,DSCF0022.JPG,4Z/107MEDIA,0,Other_Amphibian,0.5369,3217.6,1952.8,3349.5,2099.6
/srv/shared_leopard_toad/2025/Documents/06.10-13.10.2025/4Z/107MEDIA/DSCF0022.JPG,DSCF0022.JPG,4Z/107MEDIA,0,Other_Amphibian,0.4421,3222.2,1953.0,3350.1,2099.3
/srv/shared_leopard_toad/2025/Documents/06.10-13.10.2025/4Z/107MEDIA/DSCF0389.JPG,DSCF0389.JPG,4Z/107MEDIA,0,Other_Amphibian,0.5817,3215.5,1952.7,3349.5,2097.4
/srv/shared_leopard_toad/2025/Documents/06.10-13.10.2025/4Z/107MEDIA/DSCF0389.JPG,DSCF0389.JPG,4Z/107MEDIA,0,Other_Amphibian,0.4824,3222.7,1953.1,3350.5,2097.5
/srv/shared_leopard_toad/2025/Documents/06.10-13.10.2025/4Z/107MEDIA/DSCF0198.JPG,DSCF0198.JPG,4Z/107MEDIA,0,Other_Amphibian,0.5709,3217.0,1953.5,3348.4,2097.9
/srv/shared_leopard_toad/2025/Documents/06.10-13.10.2025/4Z/107MEDIA/DSCF0198.JPG,DSCF0198.JPG,4Z/107MEDIA,0,Other_Amphibian,0.4702,3224.9,1953.0,3350.5,2097.4
/srv/shared_leopard_toad/2025/Documents/06.10-13.10.2025/4Z/107MEDIA/DSCF0379.JPG,DSCF0379.JPG,4Z/107MEDIA,0,Other_Amphibian,0.5600,3215.5,1952.2,3349.5,2097.9
/srv/shared_leopard_toad/2025/Documents/06.10-13.10.2025/4Z/107MEDIA/DSCF0379.JPG,DSCF0379.JPG,4Z/107MEDIA,0,Other_Amphibian,0.4856,3223.1,1952.2,3352.3,2097.3
/srv/shared_leopard_toad/2025/Documents/06.10-13.10.2025/4Z/107MEDIA/DSCF0395.JPG,DSCF0395.JPG,4Z/107MEDIA,0,Other_Amphibian,0.5612,3215.9,1952.2,3350.0,2097.1
/srv/shared_leopard_toad/2025/Documents/06.10-13.10.2025/4Z/107MEDIA/DSCF0395.JPG,DSCF0395.JPG,4Z/107MEDIA,0,Other_Amphibian,0.4689,3223.3,1951.9,3354.2,2096.0
/srv/shared_leopard_toad/2025/Documents/06.10-13.10.2025/4Z/107MEDIA/DSCF0570.JPG,DSCF0570.JPG,4Z/107MEDIA,0,Other_Amphibian,0.6031,3216.3,1952.4,3351.8,2099.1
/srv/shared_leopard_toad/2025/Documents/06.10-13.10.2025/4Z/107MEDIA/DSCF0570.JPG,DSCF0570.JPG,4Z/107MEDIA,0,Other_Amphibian,0.5375,3222.0,1952.7,3352.6,2098.2
/srv/shared_leopard_toad/2025/Documents/06.10-13.10.2025/4Z/107MEDIA/DSCF0785.JPG,DSCF0785.JPG,4Z/107MEDIA,0,Other_Amphibian,0.6191,3214.3,1952.3,3348.6,2096.3
/srv/shared_leopard_toad/2025/Documents/06.10-13.10.2025/4Z/107MEDIA/DSCF0785.JPG,DSCF0785.JPG,4Z/107MEDIA,0,Other_Amphibian,0.5400,3222.9,1952.0,3351.8,2095.0
/srv/shared_leopard_toad/2025/Documents/06.10-13.10.2025/4Z/107MEDIA/DSCF0073.JPG,DSCF0073.JPG,4Z/107MEDIA,0,Other_Amphibian,0.5986,3215.4,1954.1,3350.1,2096.7
/srv/shared_leopard_toad/2025/Documents/06.10-13.10.2025/4Z/107MEDIA/DSCF0073.JPG,DSCF0073.JPG,4Z/107MEDIA,0,Other_Amphibian,0.5241,3222.8,1953.3,3352.2,2095.5
/srv/shared_leopard_toad/2025/Documents/06.10-13.10.2025/4Z/107MEDIA/DSCF0073.JPG,DSCF0073.JPG,4Z/107MEDIA,2,Western_Leopard_Toad,0.2967,3654.4,1648.3,3932.1,1917.1
/srv/shared_leopard_toad/2025/Documents/06.10-13.10.2025/4Z/107MEDIA/DSCF0999.JPG,DSCF0999.JPG,4Z/107MEDIA,0,Other_Amphibian,0.5172,3217.5,1951.6,3348.7,2095.8
/srv/shared_leopard_toad/2025/Documents/06.10-13.10.2025/4Z/107MEDIA/DSCF0999.JPG,DSCF0999.JPG,4Z/107MEDIA,0,Other_Amphibian,0.4208,3225.4,1951.8,3352.9,2096.8
/srv/shared_leopard_toad/2025/Documents/06.10-13.10.2025/4Z/107MEDIA/DSCF0183.JPG,DSCF0183.JPG,4Z/107MEDIA,0,Other_Amphibian,0.4943,3218.2,1953.9,3348.7,2096.6
/srv/shared_leopard_toad/2025/Documents/06.10-13.10.2025/4Z/107MEDIA/DSCF0183.JPG,DSCF0183.JPG,4Z/107MEDIA,0,Other_Amphibian,0.4037,3223.5,1954.7,3351.8,2097.1
/srv/shared_leopard_toad/2025/Documents/06.10-13.10.2025/4Z/107MEDIA/DSCF0183.JPG,DSCF0183.JPG,4Z/107MEDIA,2,Western_Leopard_Toad,0.2147,3654.4,1648.4,3929.4,1917.4
/srv/shared_leopard_toad/2025/Documents/06.10-13.10.2025/4Z/107MEDIA/DSCF0687.JPG,DSCF0687.JPG,4Z/107MEDIA,0,Other_Amphibian,0.5577,3217.4,1951.9,3351.3,2096.5
/srv/shared_leopard_toad/2025/Documents/06.10-13.10.2025/4Z/107MEDIA/DSCF0687.JPG,DSCF0687.JPG,4Z/107MEDIA,0,Other_Amphibian,0.4808,3222.8,1952.2,3351.4,2096.5
/srv/shared_leopard_toad/2025/Documents/06.10-13.10.2025/4Z/107MEDIA/DSCF0894.JPG,DSCF0894.JPG,4Z/107MEDIA,0,Other_Amphibian,0.5340,3219.4,1952.1,3350.5,2095.5
/srv/shared_leopard_toad/2025/Documents/06.10-13.10.2025/4Z/107MEDIA/DSCF0894.JPG,DSCF0894.JPG,4Z/107MEDIA,0,Other_Amphibian,0.4582,3223.9,1952.2,3352.0,2096.3
/srv/shared_leopard_toad/2025/Documents/06.10-13.10.2025/4Z/107MEDIA/DSCF0370.JPG,DSCF0370.JPG,4Z/107MEDIA,0,Other_Amphibian,0.5065,3218.8,1952.2,3349.8,2098.6
/srv/shared_leopard_toad/2025/Documents/06.10-13.10.2025/4Z/107MEDIA/DSCF0370.JPG,DSCF0370.JPG,4Z/107MEDIA,0,Other_Amphibian,0.4278,3224.5,1952.8,3352.9,2098.9
/srv/shared_leopard_toad/2025/Documents/06.10-13.10.2025/4Z/107MEDIA/DSCF0370.JPG,DSCF0370.JPG,4Z/107MEDIA,2,Western_Leopard_Toad,0.2101,3654.6,1648.9,3930.1,1918.2
/srv/shared_leopard_toad/2025/Documents/06.10-13.10.2025/4Z/107MEDIA/DSCF0289.JPG,DSCF0289.JPG,4Z/107MEDIA,0,Other_Amphibian,0.5774,3217.7,1953.2,3348.5,2094.3
/srv/shared_leopard_toad/2025/Documents/06.10-13.10.2025/4Z/107MEDIA/DSCF0289.JPG,DSCF0289.JPG,4Z/107MEDIA,0,Other_Amphibian,0.5180,3224.1,1952.6,3351.2,2093.8
/srv/shared_leopard_toad/2025/Documents/06.10-13.10.2025/4Z/107MEDIA/DSCF0718.JPG,DSCF0718.JPG,4Z/107MEDIA,0,Other_Amphibian,0.5449,3216.9,1950.2,3351.7,2092.5
/srv/shared_leopard_toad/2025/Documents/06.10-13.10.2025/4Z/107MEDIA/DSCF0718.JPG,DSCF0718.JPG,4Z/107MEDIA,0,Other_Amphibian,0.4861,3222.4,1951.1,3353.5,2092.8
/srv/shared_leopard_toad/2025/Documents/06.10-13.10.2025/4Z/107MEDIA/DSCF0017.JPG,DSCF0017.JPG,4Z/107MEDIA,0,Other_Amphibian,0.5597,3216.9,1952.1,3350.7,2097.2
/srv/shared_leopard_toad/2025/Documents/06.10-13.10.2025/4Z/107MEDIA/DSCF0017.JPG,DSCF0017.JPG,4Z/107MEDIA,0,Other_Amphibian,0.4956,3222.8,1951.9,3352.0,2096.7
/srv/shared_leopard_toad/2025/Documents/06.10-13.10.2025/4Z/107MEDIA/DSCF0726.JPG,DSCF0726.JPG,4Z/107MEDIA,0,Other_Amphibian,0.6226,3215.3,1952.0,3351.7,2095.3
/srv/shared_leopard_toad/2025/Documents/06.10-13.10.2025/4Z/107MEDIA/DSCF0726.JPG,DSCF0726.JPG,4Z/107MEDIA,0,Other_Amphibian,0.5834,3220.9,1952.0,3353.6,2094.4
/srv/shared_leopard_toad/2025/Documents/06.10-13.10.2025/4Z/107MEDIA/DSCF0783.JPG,DSCF0783.JPG,4Z/107MEDIA,0,Other_Amphibian,0.5334,3216.5,1953.3,3345.3,2094.6
/srv/shared_leopard_toad/2025/Documents/06.10-13.10.2025/4Z/107MEDIA/DSCF0783.JPG,DSCF0783.JPG,4Z/107MEDIA,0,Other_Amphibian,0.4699,3223.7,1952.6,3348.2,2094.0
/srv/shared_leopard_toad/2025/Documents/06.10-13.10.2025/4Z/107MEDIA/DSCF0440.JPG,DSCF0440.JPG,4Z/107MEDIA,0,Other_Amphibian,0.6218,3217.2,1952.9,3350.1,2096.1
/srv/shared_leopard_toad/2025/Documents/06.10-13.10.2025/4Z/107MEDIA/DSCF0440.JPG,DSCF0440.JPG,4Z/107MEDIA,0,Other_Amphibian,0.5391,3224.3,1952.9,3351.9,2095.3
/srv/shared_leopard_toad/2025/Documents/06.10-13.10.2025/4Z/107MEDIA/DSCF0857.JPG,DSCF0857.JPG,4Z/107MEDIA,0,Other_Amphibian,0.4669,3221.3,1950.2,3350.3,2094.4
/srv/shared_leopard_toad/2025/Documents/06.10-13.10.2025/4Z/107MEDIA/DSCF0857.JPG,DSCF0857.JPG,4Z/107MEDIA,0,Other_Amphibian,0.4081,3223.8,1950.6,3350.4,2095.0
/srv/shared_leopard_toad/2025/Documents/06.10-13.10.2025/4Z/107MEDIA/DSCF0703.JPG,DSCF0703.JPG,4Z/107MEDIA,0,Other_Amphibian,0.5847,3217.0,1951.0,3351.0,2096.5
/srv/shared_leopard_toad/2025/Documents/06.10-13.10.2025/4Z/107MEDIA/DSCF0703.JPG,DSCF0703.JPG,4Z/107MEDIA,0,Other_Amphibian,0.5125,3223.7,1951.0,3353.1,2095.6
/srv/shared_leopard_toad/2025/Documents/06.10-13.10.2025/4Z/107MEDIA/DSCF0779.JPG,DSCF0779.JPG,4Z/107MEDIA,0,Other_Amphibian,0.6039,3215.2,1952.0,3352.6,2097.7
/srv/shared_leopard_toad/2025/Documents/06.10-13.10.2025/4Z/107MEDIA/DSCF0779.JPG,DSCF0779.JPG,4Z/107MEDIA,0,Other_Amphibian,0.5442,3222.2,1952.0,3355.8,2097.0
/srv/shared_leopard_toad/2025/Documents/06.10-13.10.2025/4Z/107MEDIA/DSCF0881.JPG,DSCF0881.JPG,4Z/107MEDIA,0,Other_Amphibian,0.5818,3216.2,1953.5,3345.0,2093.3
/srv/shared_leopard_toad/2025/Documents/06.10-13.10.2025/4Z/107MEDIA/DSCF0881.JPG,DSCF0881.JPG,4Z/107MEDIA,0,Other_Amphibian,0.4872,3225.8,1952.7,3348.5,2092.8
/srv/shared_leopard_toad/2025/Documents/06.10-13.10.2025/4Z/107MEDIA/DSCF0075.JPG,DSCF0075.JPG,4Z/107MEDIA,0,Other_Amphibian,0.5103,3220.8,1952.4,3351.4,2097.2
/srv/shared_leopard_toad/2025/Documents/06.10-13.10.2025/4Z/107MEDIA/DSCF0075.JPG,DSCF0075.JPG,4Z/107MEDIA,0,Other_Amphibian,0.4365,3224.1,1953.2,3352.2,2098.0
/srv/shared_leopard_toad/2025/Documents/06.10-13.10.2025/4Z/107MEDIA/DSCF0571.JPG,DSCF0571.JPG,4Z/107MEDIA,0,Other_Amphibian,0.6117,3214.4,1953.2,3349.4,2097.2
/srv/shared_leopard_toad/2025/Documents/06.10-13.10.2025/4Z/107MEDIA/DSCF0571.JPG,DSCF0571.JPG,4Z/107MEDIA,0,Other_Amphibian,0.5197,3220.6,1953.0,3348.6,2096.8
/srv/shared_leopard_toad/2025/Documents/06.10-13.10.2025/4Z/107MEDIA/DSCF0958.JPG,DSCF0958.JPG,4Z/107MEDIA,0,Other_Amphibian,0.6275,3216.9,1951.5,3348.5,2094.0
/srv/shared_leopard_toad/2025/Documents/06.10-13.10.2025/4Z/107MEDIA/DSCF0958.JPG,DSCF0958.JPG,4Z/107MEDIA,0,Other_Amphibian,0.5453,3224.9,1951.8,3351.4,2094.2
/srv/shared_leopard_toad/2025/Documents/06.10-13.10.2025/4Z/107MEDIA/DSCF0375.JPG,DSCF0375.JPG,4Z/107MEDIA,0,Other_Amphibian,0.5855,3214.7,1950.8,3348.7,2097.0
/srv/shared_leopard_toad/2025/Documents/06.10-13.10.2025/4Z/107MEDIA/DSCF0375.JPG,DSCF0375.JPG,4Z/107MEDIA,0,Other_Amphibian,0.5148,3222.4,1950.4,3352.8,2095.6
/srv/shared_leopard_toad/2025/Documents/06.10-13.10.2025/4Z/107MEDIA/DSCF0929.JPG,DSCF0929.JPG,4Z/107MEDIA,0,Other_Amphibian,0.5560,3215.0,1951.5,3349.2,2096.1
/srv/shared_leopard_toad/2025/Documents/06.10-13.10.2025/4Z/107MEDIA/DSCF0929.JPG,DSCF0929.JPG,4Z/107MEDIA,0,Other_Amphibian,0.4611,3222.4,1951.1,3352.0,2095.5
/srv/shared_leopard_toad/2025/Documents/06.10-13.10.2025/4Z/107MEDIA/DSCF0337.JPG,DSCF0337.JPG,4Z/107MEDIA,0,Other_Amphibian,0.5505,3217.3,1953.0,3349.8,2096.6
/srv/shared_leopard_toad/2025/Documents/06.10-13.10.2025/4Z/107MEDIA/DSCF0337.JPG,DSCF0337.JPG,4Z/107MEDIA,0,Other_Amphibian,0.4487,3225.9,1953.5,3354.2,2096.7
/srv/shared_leopard_toad/2025/Documents/06.10-13.10.2025/4Z/107MEDIA/DSCF0337.JPG,DSCF0337.JPG,4Z/107MEDIA,2,Western_Leopard_Toad,0.2273,3654.9,1648.6,3932.9,1918.3
/srv/shared_leopard_toad/2025/Documents/06.10-13.10.2025/4Z/107MEDIA/DSCF0639.JPG,DSCF0639.JPG,4Z/107MEDIA,0,Other_Amphibian,0.5918,3216.0,1952.1,3352.0,2097.4
/srv/shared_leopard_toad/2025/Documents/06.10-13.10.2025/4Z/107MEDIA/DSCF0639.JPG,DSCF0639.JPG,4Z/107MEDIA,0,Other_Amphibian,0.5203,3222.3,1952.3,3353.2,2097.0
/srv/shared_leopard_toad/2025/Documents/06.10-13.10.2025/4Z/107MEDIA/DSCF0104.JPG,DSCF0104.JPG,4Z/107MEDIA,0,Other_Amphibian,0.5959,3214.6,1954.5,3352.6,2096.1
/srv/shared_leopard_toad/2025/Documents/06.10-13.10.2025/4Z/107MEDIA/DSCF0104.JPG,DSCF0104.JPG,4Z/107MEDIA,0,Other_Amphibian,0.5029,3219.8,1954.7,3352.2,2096.0
/srv/shared_leopard_toad/2025/Documents/06.10-13.10.2025/4Z/107MEDIA/DSCF0972.JPG,DSCF0972.JPG,4Z/107MEDIA,0,Other_Amphibian,0.5148,3217.4,1950.4,3349.3,2096.9
/srv/shared_leopard_toad/2025/Documents/06.10-13.10.2025/4Z/107MEDIA/DSCF0972.JPG,DSCF0972.JPG,4Z/107MEDIA,0,Other_Amphibian,0.4478,3223.5,1951.4,3351.8,2097.5
/srv/shared_leopard_toad/2025/Documents/06.10-13.10.2025/4Z/107MEDIA/DSCF0316.JPG,DSCF0316.JPG,4Z/107MEDIA,0,Other_Amphibian,0.5381,3216.4,1953.6,3349.2,2096.7
/srv/shared_leopard_toad/2025/Documents/06.10-13.10.2025/4Z/107MEDIA/DSCF0316.JPG,DSCF0316.JPG,4Z/107MEDIA,0,Other_Amphibian,0.4562,3222.7,1953.2,3351.7,2096.2
/srv/shared_leopard_toad/2025/Documents/06.10-13.10.2025/4Z/107MEDIA/DSCF0043.JPG,DSCF0043.JPG,4Z/107MEDIA,0,Other_Amphibian,0.5820,3217.8,1952.6,3350.3,2097.8
/srv/shared_leopard_toad/2025/Documents/06.10-13.10.2025/4Z/107MEDIA/DSCF0043.JPG,DSCF0043.JPG,4Z/107MEDIA,0,Other_Amphibian,0.5153,3224.7,1951.9,3354.7,2097.0
/srv/shared_leopard_toad/2025/Documents/06.10-13.10.2025/4Z/107MEDIA/DSCF0043.JPG,DSCF0043.JPG,4Z/107MEDIA,2,Western_Leopard_Toad,0.2640,3655.3,1648.7,3930.5,1918.7
/srv/shared_leopard_toad/2025/Documents/06.10-13.10.2025/4Z/107MEDIA/DSCF0275.JPG,DSCF0275.JPG,4Z/107MEDIA,0,Other_Amphibian,0.6160,3215.8,1952.9,3349.3,2095.1
/srv/shared_leopard_toad/2025/Documents/06.10-13.10.2025/4Z/107MEDIA/DSCF0275.JPG,DSCF0275.JPG,4Z/107MEDIA,0,Other_Amphibian,0.5345,3222.5,1952.7,3350.1,2094.6
/srv/shared_leopard_toad/2025/Documents/06.10-13.10.2025/4Z/107MEDIA/DSCF0245.JPG,DSCF0245.JPG,4Z/107MEDIA,0,Other_Amphibian,0.6073,3216.5,1952.0,3350.0,2097.0
/srv/shared_leopard_toad/2025/Documents/06.10-13.10.2025/4Z/107MEDIA/DSCF0245.JPG,DSCF0245.JPG,4Z/107MEDIA,0,Other_Amphibian,0.5232,3223.1,1952.2,3351.5,2096.4
/srv/shared_leopard_toad/2025/Documents/06.10-13.10.2025/4Z/107MEDIA/DSCF0245.JPG,DSCF0245.JPG,4Z/107MEDIA,2,Western_Leopard_Toad,0.2274,3654.8,1648.9,3932.1,1919.5
/srv/shared_leopard_toad/2025/Documents/06.10-13.10.2025/4Z/107MEDIA/DSCF0603.JPG,DSCF0603.JPG,4Z/107MEDIA,0,Other_Amphibian,0.5687,3216.5,1949.9,3355.1,2096.8
/srv/shared_leopard_toad/2025/Documents/06.10-13.10.2025/4Z/107MEDIA/DSCF0603.JPG,DSCF0603.JPG,4Z/107MEDIA,0,Other_Amphibian,0.5294,3222.2,1950.6,3357.2,2096.0
/srv/shared_leopard_toad/2025/Documents/06.10-13.10.2025/4Z/107MEDIA/DSCF0492.JPG,DSCF0492.JPG,4Z/107MEDIA,0,Other_Amphibian,0.5796,3216.1,1952.3,3350.8,2098.2
/srv/shared_leopard_toad/2025/Documents/06.10-13.10.2025/4Z/107MEDIA/DSCF0492.JPG,DSCF0492.JPG,4Z/107MEDIA,0,Other_Amphibian,0.4888,3221.4,1952.3,3351.4,2097.9
/srv/shared_leopard_toad/2025/Documents/06.10-13.10.2025/4Z/107MEDIA/DSCF0530.JPG,DSCF0530.JPG,4Z/107MEDIA,0,Other_Amphibian,0.6153,3214.8,1952.7,3351.2,2096.6
/srv/shared_leopard_toad/2025/Documents/06.10-13.10.2025/4Z/107MEDIA/DSCF0530.JPG,DSCF0530.JPG,4Z/107MEDIA,0,Other_Amphibian,0.5487,3221.5,1952.7,3352.0,2095.5
/srv/shared_leopard_toad/2025/Documents/06.10-13.10.2025/4Z/107MEDIA/DSCF0654.JPG,DSCF0654.JPG,4Z/107MEDIA,0,Other_Amphibian,0.6155,3215.2,1953.6,3348.4,2096.9
/srv/shared_leopard_toad/2025/Documents/06.10-13.10.2025/4Z/107MEDIA/DSCF0654.JPG,DSCF0654.JPG,4Z/107MEDIA,0,Other_Amphibian,0.4771,3224.0,1953.3,3350.8,2097.0
/srv/shared_leopard_toad/2025/Documents/06.10-13.10.2025/4Z/107MEDIA/DSCF0654.JPG,DSCF0654.JPG,4Z/107MEDIA,2,Western_Leopard_Toad,0.2590,3653.3,1647.5,3933.1,1918.3
/srv/shared_leopard_toad/2025/Documents/06.10-13.10.2025/4Z/107MEDIA/DSCF0887.JPG,DSCF0887.JPG,4Z/107MEDIA,0,Other_Amphibian,0.5815,3216.5,1952.7,3351.9,2094.6
/srv/shared_leopard_toad/2025/Documents/06.10-13.10.2025/4Z/107MEDIA/DSCF0887.JPG,DSCF0887.JPG,4Z/107MEDIA,0,Other_Amphibian,0.5042,3222.4,1953.4,3354.4,2094.7
/srv/shared_leopard_toad/2025/Documents/06.10-13.10.2025/4Z/107MEDIA/DSCF0521.JPG,DSCF0521.JPG,4Z/107MEDIA,0,Other_Amphibian,0.5710,3217.1,1951.6,3351.1,2097.1
/srv/shared_leopard_toad/2025/Documents/06.10-13.10.2025/4Z/107MEDIA/DSCF0521.JPG,DSCF0521.JPG,4Z/107MEDIA,0,Other_Amphibian,0.4993,3224.5,1951.5,3354.0,2096.2
/srv/shared_leopard_toad/2025/Documents/06.10-13.10.2025/4Z/107MEDIA/DSCF0132.JPG,DSCF0132.JPG,4Z/107MEDIA,0,Other_Amphibian,0.6198,3214.0,1953.0,3348.3,2097.4
/srv/shared_leopard_toad/2025/Documents/06.10-13.10.2025/4Z/107MEDIA/DSCF0132.JPG,DSCF0132.JPG,4Z/107MEDIA,0,Other_Amphibian,0.5561,3220.5,1952.6,3349.7,2097.0
/srv/shared_leopard_toad/2025/Documents/06.10-13.10.2025/4Z/107MEDIA/DSCF0457.JPG,DSCF0457.JPG,4Z/107MEDIA,0,Other_Amphibian,0.5938,3216.1,1950.5,3352.6,2097.9
/srv/shared_leopard_toad/2025/Documents/06.10-13.10.2025/4Z/107MEDIA/DSCF0457.JPG,DSCF0457.JPG,4Z/107MEDIA,0,Other_Amphibian,0.5240,3221.8,1950.9,3354.3,2097.7
/srv/shared_leopard_toad/2025/Documents/06.10-13.10.2025/4Z/107MEDIA/DSCF0126.JPG,DSCF0126.JPG,4Z/107MEDIA,0,Other_Amphibian,0.5874,3217.1,1955.0,3349.7,2096.7
/srv/shared_leopard_toad/2025/Documents/06.10-13.10.2025/4Z/107MEDIA/DSCF0126.JPG,DSCF0126.JPG,4Z/107MEDIA,0,Other_Amphibian,0.4881,3224.2,1955.1,3349.7,2097.6
/srv/shared_leopard_toad/2025/Documents/06.10-13.10.2025/4Z/107MEDIA/DSCF0971.JPG,DSCF0971.JPG,4Z/107MEDIA,0,Other_Amphibian,0.5779,3216.4,1951.8,3347.8,2095.0
/srv/shared_leopard_toad/2025/Documents/06.10-13.10.2025/4Z/107MEDIA/DSCF0971.JPG,DSCF0971.JPG,4Z/107MEDIA,0,Other_Amphibian,0.5017,3226.2,1951.8,3353.8,2095.1
/srv/shared_leopard_toad/2025/Documents/06.10-13.10.2025/4Z/107MEDIA/DSCF0456.JPG,DSCF0456.JPG,4Z/107MEDIA,0,Other_Amphibian,0.5440,3216.8,1954.5,3349.0,2096.6
/srv/shared_leopard_toad/2025/Documents/06.10-13.10.2025/4Z/107MEDIA/DSCF0456.JPG,DSCF0456.JPG,4Z/107MEDIA,0,Other_Amphibian,0.4943,3222.4,1953.8,3352.0,2095.9
/srv/shared_leopard_toad/2025/Documents/06.10-13.10.2025/4Z/107MEDIA/DSCF0954.JPG,DSCF0954.JPG,4Z/107MEDIA,0,Other_Amphibian,0.4306,3223.8,1949.9,3351.0,2093.7
/srv/shared_leopard_toad/2025/Documents/06.10-13.10.2025/4Z/107MEDIA/DSCF0954.JPG,DSCF0954.JPG,4Z/107MEDIA,0,Other_Amphibian,0.3900,3225.6,1949.8,3351.9,2094.0
/srv/shared_leopard_toad/2025/Documents/06.10-13.10.2025/4Z/107MEDIA/DSCF0799.JPG,DSCF0799.JPG,4Z/107MEDIA,0,Other_Amphibian,0.5848,3216.5,1954.0,3349.2,2095.3
/srv/shared_leopard_toad/2025/Documents/06.10-13.10.2025/4Z/107MEDIA/DSCF0799.JPG,DSCF0799.JPG,4Z/107MEDIA,0,Other_Amphibian,0.5213,3223.7,1953.4,3352.5,2094.7
/srv/shared_leopard_toad/2025/Documents/06.10-13.10.2025/4Z/107MEDIA/DSCF0249.JPG,DSCF0249.JPG,4Z/107MEDIA,0,Other_Amphibian,0.5534,3217.3,1950.8,3349.2,2097.5
/srv/shared_leopard_toad/2025/Documents/06.10-13.10.2025/4Z/107MEDIA/DSCF0249.JPG,DSCF0249.JPG,4Z/107MEDIA,0,Other_Amphibian,0.4634,3224.0,1950.8,3350.1,2096.6
/srv/shared_leopard_toad/2025/Documents/06.10-13.10.2025/4Z/107MEDIA/DSCF0249.JPG,DSCF0249.JPG,4Z/107MEDIA,2,Western_Leopard_Toad,0.2435,3655.3,1649.2,3931.3,1918.3
/srv/shared_leopard_toad/2025/Documents/06.10-13.10.2025/4Z/107MEDIA/DSCF0093.JPG,DSCF0093.JPG,4Z/107MEDIA,0,Other_Amphibian,0.5328,3216.5,1952.1,3351.6,2096.5
/srv/shared_leopard_toad/2025/Documents/06.10-13.10.2025/4Z/107MEDIA/DSCF0093.JPG,DSCF0093.JPG,4Z/107MEDIA,0,Other_Amphibian,0.4391,3223.4,1952.4,3353.6,2096.4
/srv/shared_leopard_toad/2025/Documents/06.10-13.10.2025/4Z/107MEDIA/DSCF0093.JPG,DSCF0093.JPG,4Z/107MEDIA,2,Western_Leopard_Toad,0.2299,3653.7,1648.3,3930.0,1917.7
/srv/shared_leopard_toad/2025/Documents/06.10-13.10.2025/4Z/107MEDIA/DSCF0355.JPG,DSCF0355.JPG,4Z/107MEDIA,0,Other_Amphibian,0.5038,3215.6,1950.7,3349.7,2097.4
/srv/shared_leopard_toad/2025/Documents/06.10-13.10.2025/4Z/107MEDIA/DSCF0355.JPG,DSCF0355.JPG,4Z/107MEDIA,0,Other_Amphibian,0.4394,3223.3,1950.7,3355.6,2096.7
/srv/shared_leopard_toad/2025/Documents/06.10-13.10.2025/4Z/107MEDIA/DSCF0355.JPG,DSCF0355.JPG,4Z/107MEDIA,2,Western_Leopard_Toad,0.2035,3653.1,1647.5,3929.7,1919.1
/srv/shared_leopard_toad/2025/Documents/06.10-13.10.2025/4Z/107MEDIA/DSCF0083.JPG,DSCF0083.JPG,4Z/107MEDIA,0,Other_Amphibian,0.5526,3217.6,1953.1,3349.6,2098.0
/srv/shared_leopard_toad/2025/Documents/06.10-13.10.2025/4Z/107MEDIA/DSCF0083.JPG,DSCF0083.JPG,4Z/107MEDIA,0,Other_Amphibian,0.4418,3224.6,1953.6,3351.2,2097.9
/srv/shared_leopard_toad/2025/Documents/06.10-13.10.2025/4Z/107MEDIA/DSCF0682.JPG,DSCF0682.JPG,4Z/107MEDIA,0,Other_Amphibian,0.5819,3216.8,1953.5,3350.5,2097.6
/srv/shared_leopard_toad/2025/Documents/06.10-13.10.2025/4Z/107MEDIA/DSCF0682.JPG,DSCF0682.JPG,4Z/107MEDIA,0,Other_Amphibian,0.4815,3224.5,1953.6,3351.6,2097.8
/srv/shared_leopard_toad/2025/Documents/06.10-13.10.2025/4Z/107MEDIA/DSCF0535.JPG,DSCF0535.JPG,4Z/107MEDIA,0,Other_Amphibian,0.6388,3215.6,1951.5,3353.1,2098.7
/srv/shared_leopard_toad/2025/Documents/06.10-13.10.2025/4Z/107MEDIA/DSCF0535.JPG,DSCF0535.JPG,4Z/107MEDIA,0,Other_Amphibian,0.5730,3220.9,1951.8,3352.6,2098.2
/srv/shared_leopard_toad/2025/Documents/06.10-13.10.2025/4Z/107MEDIA/DSCF0285.JPG,DSCF0285.JPG,4Z/107MEDIA,0,Other_Amphibian,0.5758,3216.4,1952.1,3352.2,2094.6
/srv/shared_leopard_toad/2025/Documents/06.10-13.10.2025/4Z/107MEDIA/DSCF0285.JPG,DSCF0285.JPG,4Z/107MEDIA,0,Other_Amphibian,0.4971,3222.6,1952.6,3352.6,2094.4
/srv/shared_leopard_toad/2025/Documents/06.10-13.10.2025/4Z/107MEDIA/DSCF0787.JPG,DSCF0787.JPG,4Z/107MEDIA,0,Other_Amphibian,0.6099,3216.4,1952.5,3350.4,2097.0
/srv/shared_leopard_toad/2025/Documents/06.10-13.10.2025/4Z/107MEDIA/DSCF0787.JPG,DSCF0787.JPG,4Z/107MEDIA,0,Other_Amphibian,0.5188,3223.0,1952.3,3349.7,2096.6
/srv/shared_leopard_toad/2025/Documents/06.10-13.10.2025/4Z/107MEDIA/DSCF0756.JPG,DSCF0756.JPG,4Z/107MEDIA,0,Other_Amphibian,0.5545,3217.0,1952.3,3352.2,2097.2
/srv/shared_leopard_toad/2025/Documents/06.10-13.10.2025/4Z/107MEDIA/DSCF0756.JPG,DSCF0756.JPG,4Z/107MEDIA,0,Other_Amphibian,0.4870,3221.9,1952.4,3353.7,2096.5
/srv/shared_leopard_toad/2025/Documents/06.10-13.10.2025/4Z/107MEDIA/DSCF0199.JPG,DSCF0199.JPG,4Z/107MEDIA,0,Other_Amphibian,0.6256,3215.8,1952.9,3350.0,2095.6
/srv/shared_leopard_toad/2025/Documents/06.10-13.10.2025/4Z/107MEDIA/DSCF0199.JPG,DSCF0199.JPG,4Z/107MEDIA,0,Other_Amphibian,0.5292,3221.9,1953.0,3351.0,2094.9
/srv/shared_leopard_toad/2025/Documents/06.10-13.10.2025/4Z/107MEDIA/DSCF0517.JPG,DSCF0517.JPG,4Z/107MEDIA,0,Other_Amphibian,0.5937,3214.9,1953.1,3349.1,2097.7
/srv/shared_leopard_toad/2025/Documents/06.10-13.10.2025/4Z/107MEDIA/DSCF0517.JPG,DSCF0517.JPG,4Z/107MEDIA,0,Other_Amphibian,0.4893,3222.1,1952.8,3348.6,2097.1
/srv/shared_leopard_toad/2025/Documents/06.10-13.10.2025/4Z/107MEDIA/DSCF0281.JPG,DSCF0281.JPG,4Z/107MEDIA,0,Other_Amphibian,0.5255,3220.4,1953.2,3351.9,2097.4
/srv/shared_leopard_toad/2025/Documents/06.10-13.10.2025/4Z/107MEDIA/DSCF0281.JPG,DSCF0281.JPG,4Z/107MEDIA,0,Other_Amphibian,0.4574,3224.3,1953.3,3353.3,2097.9
/srv/shared_leopard_toad/2025/Documents/06.10-13.10.2025/4Z/107MEDIA/DSCF0614.JPG,DSCF0614.JPG,4Z/107MEDIA,0,Other_Amphibian,0.5884,3215.6,1955.1,3348.6,2097.9
/srv/shared_leopard_toad/2025/Documents/06.10-13.10.2025/4Z/107MEDIA/DSCF0614.JPG,DSCF0614.JPG,4Z/107MEDIA,0,Other_Amphibian,0.4483,3223.1,1955.2,3349.6,2097.8
/srv/shared_leopard_toad/2025/Documents/06.10-13.10.2025/4Z/107MEDIA/DSCF0614.JPG,DSCF0614.JPG,4Z/107MEDIA,2,Western_Leopard_Toad,0.2316,3654.6,1649.0,3933.2,1918.9
/srv/shared_leopard_toad/2025/Documents/06.10-13.10.2025/4Z/107MEDIA/DSCF0674.JPG,DSCF0674.JPG,4Z/107MEDIA,0,Other_Amphibian,0.6310,3216.4,1950.9,3351.3,2095.9
/srv/shared_leopard_toad/2025/Documents/06.10-13.10.2025/4Z/107MEDIA/DSCF0674.JPG,DSCF0674.JPG,4Z/107MEDIA,0,Other_Amphibian,0.5662,3221.6,1951.5,3351.8,2095.9
/srv/shared_leopard_toad/2025/Documents/06.10-13.10.2025/4Z/107MEDIA/DSCF0597.JPG,DSCF0597.JPG,4Z/107MEDIA,0,Other_Amphibian,0.5095,3216.7,1953.2,3349.6,2096.7
/srv/shared_leopard_toad/2025/Documents/06.10-13.10.2025/4Z/107MEDIA/DSCF0597.JPG,DSCF0597.JPG,4Z/107MEDIA,0,Other_Amphibian,0.4293,3225.0,1953.4,3353.5,2097.4
/srv/shared_leopard_toad/2025/Documents/06.10-13.10.2025/4Z/107MEDIA/DSCF0597.JPG,DSCF0597.JPG,4Z/107MEDIA,2,Western_Leopard_Toad,0.2542,3653.5,1649.0,3931.2,1916.3
/srv/shared_leopard_toad/2025/Documents/06.10-13.10.2025/4Z/107MEDIA/DSCF0120.JPG,DSCF0120.JPG,4Z/107MEDIA,0,Other_Amphibian,0.6028,3216.6,1953.2,3350.0,2095.6
/srv/shared_leopard_toad/2025/Documents/06.10-13.10.2025/4Z/107MEDIA/DSCF0120.JPG,DSCF0120.JPG,4Z/107MEDIA,0,Other_Amphibian,0.5213,3221.7,1952.5,3350.9,2094.6
/srv/shared_leopard_toad/2025/Documents/06.10-13.10.2025/4Z/107MEDIA/DSCF0715.JPG,DSCF0715.JPG,4Z/107MEDIA,0,Other_Amphibian,0.5529,3217.0,1952.6,3346.9,2095.8
/srv/shared_leopard_toad/2025/Documents/06.10-13.10.2025/4Z/107MEDIA/DSCF0715.JPG,DSCF0715.JPG,4Z/107MEDIA,0,Other_Amphibian,0.4742,3224.7,1952.0,3350.0,2095.7
/srv/shared_leopard_toad/2025/Documents/06.10-13.10.2025/4Z/107MEDIA/DSCF0364.JPG,DSCF0364.JPG,4Z/107MEDIA,0,Other_Amphibian,0.5779,3216.5,1951.8,3349.7,2097.2
/srv/shared_leopard_toad/2025/Documents/06.10-13.10.2025/4Z/107MEDIA/DSCF0364.JPG,DSCF0364.JPG,4Z/107MEDIA,0,Other_Amphibian,0.5266,3224.5,1951.0,3353.0,2096.0
/srv/shared_leopard_toad/2025/Documents/06.10-13.10.2025/4Z/107MEDIA/DSCF0673.JPG,DSCF0673.JPG,4Z/107MEDIA,0,Other_Amphibian,0.6127,3213.9,1951.2,3351.1,2092.9
/srv/shared_leopard_toad/2025/Documents/06.10-13.10.2025/4Z/107MEDIA/DSCF0673.JPG,DSCF0673.JPG,4Z/107MEDIA,0,Other_Amphibian,0.5490,3219.8,1951.9,3353.6,2092.2
/srv/shared_leopard_toad/2025/Documents/06.10-13.10.2025/4Z/107MEDIA/DSCF0673.JPG,DSCF0673.JPG,4Z/107MEDIA,2,Western_Leopard_Toad,0.2200,3653.3,1648.6,3933.8,1918.5
/srv/shared_leopard_toad/2025/Documents/06.10-13.10.2025/4Z/107MEDIA/DSCF0255.JPG,DSCF0255.JPG,4Z/107MEDIA,0,Other_Amphibian,0.5916,3215.8,1952.1,3349.9,2098.4
/srv/shared_leopard_toad/2025/Documents/06.10-13.10.2025/4Z/107MEDIA/DSCF0255.JPG,DSCF0255.JPG,4Z/107MEDIA,0,Other_Amphibian,0.5125,3223.0,1952.0,3353.4,2097.6
/srv/shared_leopard_toad/2025/Documents/06.10-13.10.2025/4Z/107MEDIA/DSCF0477.JPG,DSCF0477.JPG,4Z/107MEDIA,0,Other_Amphibian,0.6513,4097.1,2524.7,4276.7,2733.7
/srv/shared_leopard_toad/2025/Documents/06.10-13.10.2025/4Z/107MEDIA/DSCF0477.JPG,DSCF0477.JPG,4Z/107MEDIA,0,Other_Amphibian,0.6149,3216.1,1951.5,3351.3,2098.9
/srv/shared_leopard_toad/2025/Documents/06.10-13.10.2025/4Z/107MEDIA/DSCF0477.JPG,DSCF0477.JPG,4Z/107MEDIA,0,Other_Amphibian,0.5601,3222.5,1951.3,3351.5,2097.6
/srv/shared_leopard_toad/2025/Documents/06.10-13.10.2025/4Z/107MEDIA/DSCF0166.JPG,DSCF0166.JPG,4Z/107MEDIA,0,Other_Amphibian,0.6026,3214.3,1954.5,3350.9,2096.8
/srv/shared_leopard_toad/2025/Documents/06.10-13.10.2025/4Z/107MEDIA/DSCF0166.JPG,DSCF0166.JPG,4Z/107MEDIA,0,Other_Amphibian,0.5056,3220.9,1954.6,3351.4,2095.8
/srv/shared_leopard_toad/2025/Documents/06.10-13.10.2025/4Z/107MEDIA/DSCF0166.JPG,DSCF0166.JPG,4Z/107MEDIA,2,Western_Leopard_Toad,0.2896,3654.1,1648.8,3930.9,1917.5
/srv/shared_leopard_toad/2025/Documents/06.10-13.10.2025/4Z/107MEDIA/DSCF0441.JPG,DSCF0441.JPG,4Z/107MEDIA,0,Other_Amphibian,0.6236,3213.3,1954.5,3349.0,2099.6
/srv/shared_leopard_toad/2025/Documents/06.10-13.10.2025/4Z/107MEDIA/DSCF0441.JPG,DSCF0441.JPG,4Z/107MEDIA,0,Other_Amphibian,0.5189,3220.8,1954.3,3350.4,2099.0
/srv/shared_leopard_toad/2025/Documents/06.10-13.10.2025/4Z/107MEDIA/DSCF0441.JPG,DSCF0441.JPG,4Z/107MEDIA,2,Western_Leopard_Toad,0.2345,3655.6,1649.4,3932.1,1917.9
/srv/shared_leopard_toad/2025/Documents/06.10-13.10.2025/4Z/107MEDIA/DSCF0810.JPG,DSCF0810.JPG,4Z/107MEDIA,0,Other_Amphibian,0.6089,3218.5,1950.7,3350.7,2095.9
/srv/shared_leopard_toad/2025/Documents/06.10-13.10.2025/4Z/107MEDIA/DSCF0810.JPG,DSCF0810.JPG,4Z/107MEDIA,0,Other_Amphibian,0.5214,3225.4,1951.2,3353.5,2096.1
/srv/shared_leopard_toad/2025/Documents/06.10-13.10.2025/4Z/107MEDIA/DSCF0976.JPG,DSCF0976.JPG,4Z/107MEDIA,0,Other_Amphibian,0.5441,3216.9,1950.5,3349.7,2097.8
/srv/shared_leopard_toad/2025/Documents/06.10-13.10.2025/4Z/107MEDIA/DSCF0976.JPG,DSCF0976.JPG,4Z/107MEDIA,0,Other_Amphibian,0.4663,3225.6,1950.2,3353.6,2097.3
/srv/shared_leopard_toad/2025/Documents/06.10-13.10.2025/4Z/107MEDIA/DSCF0814.JPG,DSCF0814.JPG,4Z/107MEDIA,0,Other_Amphibian,0.5578,3218.4,1951.9,3350.0,2096.3
/srv/shared_leopard_toad/2025/Documents/06.10-13.10.2025/4Z/107MEDIA/DSCF0814.JPG,DSCF0814.JPG,4Z/107MEDIA,0,Other_Amphibian,0.4568,3226.4,1951.9,3352.2,2096.5
/srv/shared_leopard_toad/2025/Documents/06.10-13.10.2025/4Z/107MEDIA/DSCF0698.JPG,DSCF0698.JPG,4Z/107MEDIA,0,Other_Amphibian,0.5408,3218.0,1951.0,3348.4,2098.1
/srv/shared_leopard_toad/2025/Documents/06.10-13.10.2025/4Z/107MEDIA/DSCF0698.JPG,DSCF0698.JPG,4Z/107MEDIA,0,Other_Amphibian,0.4786,3223.8,1950.7,3351.5,2097.3
/srv/shared_leopard_toad/2025/Documents/06.10-13.10.2025/4Z/107MEDIA/DSCF0475.JPG,DSCF0475.JPG,4Z/107MEDIA,0,Other_Amphibian,0.6227,3215.3,1952.6,3350.9,2098.8
/srv/shared_leopard_toad/2025/Documents/06.10-13.10.2025/4Z/107MEDIA/DSCF0475.JPG,DSCF0475.JPG,4Z/107MEDIA,0,Other_Amphibian,0.5677,3221.6,1952.0,3352.4,2097.2
/srv/shared_leopard_toad/2025/Documents/06.10-13.10.2025/4Z/107MEDIA/DSCF0219.JPG,DSCF0219.JPG,4Z/107MEDIA,0,Other_Amphibian,0.6009,3214.9,1952.7,3349.2,2097.4
/srv/shared_leopard_toad/2025/Documents/06.10-13.10.2025/4Z/107MEDIA/DSCF0219.JPG,DSCF0219.JPG,4Z/107MEDIA,0,Other_Amphibian,0.5271,3223.3,1952.0,3351.3,2096.5
/srv/shared_leopard_toad/2025/Documents/06.10-13.10.2025/4Z/107MEDIA/DSCF0480.JPG,DSCF0480.JPG,4Z/107MEDIA,0,Other_Amphibian,0.5638,3216.3,1952.9,3349.9,2097.7
/srv/shared_leopard_toad/2025/Documents/06.10-13.10.2025/4Z/107MEDIA/DSCF0480.JPG,DSCF0480.JPG,4Z/107MEDIA,0,Other_Amphibian,0.5163,3222.6,1952.3,3353.0,2096.7
/srv/shared_leopard_toad/2025/Documents/06.10-13.10.2025/4Z/107MEDIA/DSCF0737.JPG,DSCF0737.JPG,4Z/107MEDIA,0,Other_Amphibian,0.6186,3216.8,1953.0,3350.6,2095.8
/srv/shared_leopard_toad/2025/Documents/06.10-13.10.2025/4Z/107MEDIA/DSCF0737.JPG,DSCF0737.JPG,4Z/107MEDIA,0,Other_Amphibian,0.5256,3224.3,1953.2,3352.9,2095.9
/srv/shared_leopard_toad/2025/Documents/06.10-13.10.2025/4Z/107MEDIA/DSCF0330.JPG,DSCF0330.JPG,4Z/107MEDIA,0,Other_Amphibian,0.5383,3216.7,1952.1,3348.8,2097.1
/srv/shared_leopard_toad/2025/Documents/06.10-13.10.2025/4Z/107MEDIA/DSCF0330.JPG,DSCF0330.JPG,4Z/107MEDIA,0,Other_Amphibian,0.4596,3223.1,1952.2,3353.2,2096.6
/srv/shared_leopard_toad/2025/Documents/06.10-13.10.2025/4Z/107MEDIA/DSCF0330.JPG,DSCF0330.JPG,4Z/107MEDIA,2,Western_Leopard_Toad,0.2400,3653.4,1648.9,3930.9,1917.5
/srv/shared_leopard_toad/2025/Documents/06.10-13.10.2025/4Z/107MEDIA/DSCF0428.JPG,DSCF0428.JPG,4Z/107MEDIA,0,Other_Amphibian,0.6303,3215.9,1953.5,3351.0,2094.0
/srv/shared_leopard_toad/2025/Documents/06.10-13.10.2025/4Z/107MEDIA/DSCF0428.JPG,DSCF0428.JPG,4Z/107MEDIA,0,Other_Amphibian,0.5867,3221.8,1953.3,3354.4,2093.5
/srv/shared_leopard_toad/2025/Documents/06.10-13.10.2025/4Z/107MEDIA/DSCF0749.JPG,DSCF0749.JPG,4Z/107MEDIA,0,Other_Amphibian,0.6466,3214.2,1953.4,3350.4,2095.4
/srv/shared_leopard_toad/2025/Documents/06.10-13.10.2025/4Z/107MEDIA/DSCF0749.JPG,DSCF0749.JPG,4Z/107MEDIA,0,Other_Amphibian,0.5574,3222.1,1953.4,3352.9,2094.7
/srv/shared_leopard_toad/2025/Documents/06.10-13.10.2025/4Z/107MEDIA/DSCF0684.JPG,DSCF0684.JPG,4Z/107MEDIA,0,Other_Amphibian,0.5594,3216.8,1951.8,3350.1,2096.8
/srv/shared_leopard_toad/2025/Documents/06.10-13.10.2025/4Z/107MEDIA/DSCF0684.JPG,DSCF0684.JPG,4Z/107MEDIA,0,Other_Amphibian,0.4858,3223.9,1951.6,3351.9,2096.5
/srv/shared_leopard_toad/2025/Documents/06.10-13.10.2025/4Z/107MEDIA/DSCF0546.JPG,DSCF0546.JPG,4Z/107MEDIA,0,Other_Amphibian,0.5733,3215.2,1953.3,3348.7,2098.8
/srv/shared_leopard_toad/2025/Documents/06.10-13.10.2025/4Z/107MEDIA/DSCF0546.JPG,DSCF0546.JPG,4Z/107MEDIA,0,Other_Amphibian,0.4796,3223.1,1952.6,3352.3,2097.2
/srv/shared_leopard_toad/2025/Documents/06.10-13.10.2025/4Z/107MEDIA/DSCF0546.JPG,DSCF0546.JPG,4Z/107MEDIA,2,Western_Leopard_Toad,0.3285,3653.7,1649.5,3932.2,1916.6
/srv/shared_leopard_toad/2025/Documents/06.10-13.10.2025/4Z/107MEDIA/DSCF0177.JPG,DSCF0177.JPG,4Z/107MEDIA,0,Other_Amphibian,0.5318,3217.4,1954.9,3350.8,2097.9
/srv/shared_leopard_toad/2025/Documents/06.10-13.10.2025/4Z/107MEDIA/DSCF0177.JPG,DSCF0177.JPG,4Z/107MEDIA,0,Other_Amphibian,0.4334,3224.2,1956.6,3353.2,2098.9
/srv/shared_leopard_toad/2025/Documents/06.10-13.10.2025/4Z/107MEDIA/DSCF0296.JPG,DSCF0296.JPG,4Z/107MEDIA,0,Other_Amphibian,0.5727,3215.6,1952.9,3350.7,2100.0
/srv/shared_leopard_toad/2025/Documents/06.10-13.10.2025/4Z/107MEDIA/DSCF0296.JPG,DSCF0296.JPG,4Z/107MEDIA,0,Other_Amphibian,0.4736,3222.8,1953.2,3352.0,2099.0
/srv/shared_leopard_toad/2025/Documents/06.10-13.10.2025/4Z/107MEDIA/DSCF0296.JPG,DSCF0296.JPG,4Z/107MEDIA,2,Western_Leopard_Toad,0.2764,3654.0,1648.3,3931.8,1917.5
/srv/shared_leopard_toad/2025/Documents/06.10-13.10.2025/4Z/107MEDIA/DSCF0427.JPG,DSCF0427.JPG,4Z/107MEDIA,0,Other_Amphibian,0.5968,3216.6,1953.1,3349.1,2097.6
/srv/shared_leopard_toad/2025/Documents/06.10-13.10.2025/4Z/107MEDIA/DSCF0427.JPG,DSCF0427.JPG,4Z/107MEDIA,0,Other_Amphibian,0.5067,3223.1,1952.8,3351.9,2096.5
/srv/shared_leopard_toad/2025/Documents/06.10-13.10.2025/4Z/107MEDIA/DSCF0743.JPG,DSCF0743.JPG,4Z/107MEDIA,0,Other_Amphibian,0.5473,3216.6,1950.8,3348.3,2095.0
/srv/shared_leopard_toad/2025/Documents/06.10-13.10.2025/4Z/107MEDIA/DSCF0743.JPG,DSCF0743.JPG,4Z/107MEDIA,0,Other_Amphibian,0.5092,3225.1,1950.0,3353.7,2094.3
/srv/shared_leopard_toad/2025/Documents/06.10-13.10.2025/4Z/107MEDIA/DSCF0046.JPG,DSCF0046.JPG,4Z/107MEDIA,0,Other_Amphibian,0.5894,3215.6,1950.8,3350.0,2096.3
/srv/shared_leopard_toad/2025/Documents/06.10-13.10.2025/4Z/107MEDIA/DSCF0046.JPG,DSCF0046.JPG,4Z/107MEDIA,0,Other_Amphibian,0.5021,3222.7,1950.9,3352.7,2095.9
/srv/shared_leopard_toad/2025/Documents/06.10-13.10.2025/4Z/107MEDIA/DSCF0071.JPG,DSCF0071.JPG,4Z/107MEDIA,0,Other_Amphibian,0.5916,3216.9,1953.5,3352.1,2097.6
/srv/shared_leopard_toad/2025/Documents/06.10-13.10.2025/4Z/107MEDIA/DSCF0071.JPG,DSCF0071.JPG,4Z/107MEDIA,0,Other_Amphibian,0.4634,3222.2,1954.1,3350.8,2098.0
/srv/shared_leopard_toad/2025/Documents/06.10-13.10.2025/4Z/107MEDIA/DSCF0028.JPG,DSCF0028.JPG,4Z/107MEDIA,0,Other_Amphibian,0.5796,3216.2,1956.2,3349.4,2097.4
/srv/shared_leopard_toad/2025/Documents/06.10-13.10.2025/4Z/107MEDIA/DSCF0028.JPG,DSCF0028.JPG,4Z/107MEDIA,0,Other_Amphibian,0.4956,3222.8,1955.8,3351.2,2097.0
/srv/shared_leopard_toad/2025/Documents/06.10-13.10.2025/4Z/107MEDIA/DSCF0437.JPG,DSCF0437.JPG,4Z/107MEDIA,0,Other_Amphibian,0.5297,3218.6,1952.3,3349.7,2095.8
/srv/shared_leopard_toad/2025/Documents/06.10-13.10.2025/4Z/107MEDIA/DSCF0437.JPG,DSCF0437.JPG,4Z/107MEDIA,0,Other_Amphibian,0.4733,3223.3,1952.1,3351.7,2096.4
/srv/shared_leopard_toad/2025/Documents/06.10-13.10.2025/4Z/107MEDIA/DSCF0080.JPG,DSCF0080.JPG,4Z/107MEDIA,0,Other_Amphibian,0.5349,3215.3,1953.2,3347.3,2098.8
/srv/shared_leopard_toad/2025/Documents/06.10-13.10.2025/4Z/107MEDIA/DSCF0080.JPG,DSCF0080.JPG,4Z/107MEDIA,0,Other_Amphibian,0.4533,3221.0,1953.0,3349.3,2097.9
/srv/shared_leopard_toad/2025/Documents/06.10-13.10.2025/4Z/107MEDIA/DSCF0694.JPG,DSCF0694.JPG,4Z/107MEDIA,0,Other_Amphibian,0.5660,3215.5,1950.9,3350.8,2097.6
/srv/shared_leopard_toad/2025/Documents/06.10-13.10.2025/4Z/107MEDIA/DSCF0694.JPG,DSCF0694.JPG,4Z/107MEDIA,0,Other_Amphibian,0.4966,3221.9,1951.4,3351.9,2097.4
/srv/shared_leopard_toad/2025/Documents/06.10-13.10.2025/4Z/107MEDIA/DSCF0969.JPG,DSCF0969.JPG,4Z/107MEDIA,0,Other_Amphibian,0.5014,3220.8,1950.8,3350.1,2094.4
/srv/shared_leopard_toad/2025/Documents/06.10-13.10.2025/4Z/107MEDIA/DSCF0969.JPG,DSCF0969.JPG,4Z/107MEDIA,0,Other_Amphibian,0.4536,3226.4,1950.5,3353.0,2094.8
/srv/shared_leopard_toad/2025/Documents/06.10-13.10.2025/4Z/107MEDIA/DSCF0032.JPG,DSCF0032.JPG,4Z/107MEDIA,0,Other_Amphibian,0.5933,3217.8,1954.0,3351.2,2095.8
/srv/shared_leopard_toad/2025/Documents/06.10-13.10.2025/4Z/107MEDIA/DSCF0032.JPG,DSCF0032.JPG,4Z/107MEDIA,0,Other_Amphibian,0.4769,3223.4,1954.2,3351.8,2095.2
/srv/shared_leopard_toad/2025/Documents/06.10-13.10.2025/4Z/107MEDIA/DSCF0598.JPG,DSCF0598.JPG,4Z/107MEDIA,0,Other_Amphibian,0.5409,3214.8,1953.8,3349.5,2096.5
/srv/shared_leopard_toad/2025/Documents/06.10-13.10.2025/4Z/107MEDIA/DSCF0598.JPG,DSCF0598.JPG,4Z/107MEDIA,2,Western_Leopard_Toad,0.4639,3652.2,1649.2,3943.6,1917.5
/srv/shared_leopard_toad/2025/Documents/06.10-13.10.2025/4Z/107MEDIA/DSCF0598.JPG,DSCF0598.JPG,4Z/107MEDIA,0,Other_Amphibian,0.4361,3223.7,1953.7,3353.9,2095.7
/srv/shared_leopard_toad/2025/Documents/06.10-13.10.2025/4Z/107MEDIA/DSCF0905.JPG,DSCF0905.JPG,4Z/107MEDIA,0,Other_Amphibian,0.5932,3214.7,1951.2,3348.7,2093.6
/srv/shared_leopard_toad/2025/Documents/06.10-13.10.2025/4Z/107MEDIA/DSCF0905.JPG,DSCF0905.JPG,4Z/107MEDIA,0,Other_Amphibian,0.4874,3223.5,1951.5,3352.0,2093.9
/srv/shared_leopard_toad/2025/Documents/06.10-13.10.2025/4Z/107MEDIA/DSCF0905.JPG,DSCF0905.JPG,4Z/107MEDIA,2,Western_Leopard_Toad,0.2225,3654.2,1647.8,3933.3,1918.5
/srv/shared_leopard_toad/2025/Documents/06.10-13.10.2025/4Z/107MEDIA/DSCF0306.JPG,DSCF0306.JPG,4Z/107MEDIA,0,Other_Amphibian,0.5749,3219.3,1953.4,3349.8,2095.1
/srv/shared_leopard_toad/2025/Documents/06.10-13.10.2025/4Z/107MEDIA/DSCF0306.JPG,DSCF0306.JPG,4Z/107MEDIA,0,Other_Amphibian,0.5142,3223.8,1952.5,3350.5,2094.0
/srv/shared_leopard_toad/2025/Documents/06.10-13.10.2025/4Z/107MEDIA/DSCF0131.JPG,DSCF0131.JPG,4Z/107MEDIA,0,Other_Amphibian,0.6427,3216.0,1952.2,3351.2,2096.8
/srv/shared_leopard_toad/2025/Documents/06.10-13.10.2025/4Z/107MEDIA/DSCF0131.JPG,DSCF0131.JPG,4Z/107MEDIA,0,Other_Amphibian,0.5279,3220.8,1952.6,3349.2,2096.8
/srv/shared_leopard_toad/2025/Documents/06.10-13.10.2025/4Z/107MEDIA/DSCF0473.JPG,DSCF0473.JPG,4Z/107MEDIA,0,Other_Amphibian,0.6180,3215.0,1953.6,3350.0,2097.6
/srv/shared_leopard_toad/2025/Documents/06.10-13.10.2025/4Z/107MEDIA/DSCF0473.JPG,DSCF0473.JPG,4Z/107MEDIA,0,Other_Amphibian,0.5388,3222.1,1953.0,3353.0,2096.5
/srv/shared_leopard_toad/2025/Documents/06.10-13.10.2025/4Z/107MEDIA/DSCF0176.JPG,DSCF0176.JPG,4Z/107MEDIA,0,Other_Amphibian,0.5441,3219.1,1953.3,3351.2,2096.4
/srv/shared_leopard_toad/2025/Documents/06.10-13.10.2025/4Z/107MEDIA/DSCF0176.JPG,DSCF0176.JPG,4Z/107MEDIA,0,Other_Amphibian,0.4645,3224.6,1954.0,3353.0,2097.0
/srv/shared_leopard_toad/2025/Documents/06.10-13.10.2025/4Z/107MEDIA/DSCF0932.JPG,DSCF0932.JPG,4Z/107MEDIA,0,Other_Amphibian,0.5222,3216.6,1951.3,3350.7,2098.8
/srv/shared_leopard_toad/2025/Documents/06.10-13.10.2025/4Z/107MEDIA/DSCF0932.JPG,DSCF0932.JPG,4Z/107MEDIA,0,Other_Amphibian,0.4527,3222.7,1951.3,3352.7,2098.8
/srv/shared_leopard_toad/2025/Documents/06.10-13.10.2025/4Z/107MEDIA/DSCF0498.JPG,DSCF0498.JPG,4Z/107MEDIA,0,Other_Amphibian,0.6225,3214.2,1951.4,3349.2,2097.1
/srv/shared_leopard_toad/2025/Documents/06.10-13.10.2025/4Z/107MEDIA/DSCF0498.JPG,DSCF0498.JPG,4Z/107MEDIA,0,Other_Amphibian,0.5596,3221.6,1951.2,3351.4,2096.3
/srv/shared_leopard_toad/2025/Documents/06.10-13.10.2025/4Z/107MEDIA/DSCF0212.JPG,DSCF0212.JPG,4Z/107MEDIA,0,Other_Amphibian,0.5678,3216.1,1954.9,3350.0,2097.5
/srv/shared_leopard_toad/2025/Documents/06.10-13.10.2025/4Z/107MEDIA/DSCF0212.JPG,DSCF0212.JPG,4Z/107MEDIA,0,Other_Amphibian,0.3934,3224.9,1956.8,3349.9,2099.3
/srv/shared_leopard_toad/2025/Documents/06.10-13.10.2025/4Z/107MEDIA/DSCF0928.JPG,DSCF0928.JPG,4Z/107MEDIA,0,Other_Amphibian,0.5432,3218.8,1951.7,3349.9,2093.5
/srv/shared_leopard_toad/2025/Documents/06.10-13.10.2025/4Z/107MEDIA/DSCF0928.JPG,DSCF0928.JPG,4Z/107MEDIA,0,Other_Amphibian,0.4354,3225.1,1952.3,3352.0,2094.7
/srv/shared_leopard_toad/2025/Documents/06.10-13.10.2025/4Z/107MEDIA/DSCF0960.JPG,DSCF0960.JPG,4Z/107MEDIA,0,Other_Amphibian,0.4466,3220.6,1951.5,3350.5,2095.9
/srv/shared_leopard_toad/2025/Documents/06.10-13.10.2025/4Z/107MEDIA/DSCF0960.JPG,DSCF0960.JPG,4Z/107MEDIA,0,Other_Amphibian,0.3503,3227.2,1952.5,3354.4,2098.1
/srv/shared_leopard_toad/2025/Documents/06.10-13.10.2025/4Z/107MEDIA/DSCF0102.JPG,DSCF0102.JPG,4Z/107MEDIA,0,Other_Amphibian,0.5841,3215.0,1952.1,3350.1,2097.6
/srv/shared_leopard_toad/2025/Documents/06.10-13.10.2025/4Z/107MEDIA/DSCF0102.JPG,DSCF0102.JPG,4Z/107MEDIA,0,Other_Amphibian,0.5174,3222.8,1951.6,3353.4,2096.3
/srv/shared_leopard_toad/2025/Documents/06.10-13.10.2025/4Z/107MEDIA/DSCF0770.JPG,DSCF0770.JPG,4Z/107MEDIA,0,Other_Amphibian,0.5450,3215.4,1953.5,3347.5,2094.6
/srv/shared_leopard_toad/2025/Documents/06.10-13.10.2025/4Z/107MEDIA/DSCF0770.JPG,DSCF0770.JPG,4Z/107MEDIA,0,Other_Amphibian,0.4562,3223.6,1953.4,3352.3,2094.4
/srv/shared_leopard_toad/2025/Documents/06.10-13.10.2025/4Z/107MEDIA/DSCF0770.JPG,DSCF0770.JPG,4Z/107MEDIA,2,Western_Leopard_Toad,0.2552,3653.1,1647.0,3930.6,1917.7
/srv/shared_leopard_toad/2025/Documents/06.10-13.10.2025/4Z/107MEDIA/DSCF0413.JPG,DSCF0413.JPG,4Z/107MEDIA,0,Other_Amphibian,0.5894,3216.8,1950.5,3353.3,2096.9
/srv/shared_leopard_toad/2025/Documents/06.10-13.10.2025/4Z/107MEDIA/DSCF0413.JPG,DSCF0413.JPG,4Z/107MEDIA,0,Other_Amphibian,0.5719,3221.1,1950.4,3356.3,2096.0
/srv/shared_leopard_toad/2025/Documents/06.10-13.10.2025/4Z/107MEDIA/DSCF0438.JPG,DSCF0438.JPG,4Z/107MEDIA,0,Other_Amphibian,0.5698,3216.1,1953.3,3347.5,2098.0
/srv/shared_leopard_toad/2025/Documents/06.10-13.10.2025/4Z/107MEDIA/DSCF0438.JPG,DSCF0438.JPG,4Z/107MEDIA,0,Other_Amphibian,0.4995,3225.3,1952.0,3352.1,2096.8
/srv/shared_leopard_toad/2025/Documents/06.10-13.10.2025/4Z/107MEDIA/DSCF0438.JPG,DSCF0438.JPG,4Z/107MEDIA,2,Western_Leopard_Toad,0.2103,3656.2,1648.5,3931.0,1918.3
/srv/shared_leopard_toad/2025/Documents/06.10-13.10.2025/4Z/107MEDIA/DSCF0453.JPG,DSCF0453.JPG,4Z/107MEDIA,0,Other_Amphibian,0.6108,3215.8,1952.7,3352.2,2096.4
/srv/shared_leopard_toad/2025/Documents/06.10-13.10.2025/4Z/107MEDIA/DSCF0453.JPG,DSCF0453.JPG,4Z/107MEDIA,0,Other_Amphibian,0.5697,3219.7,1952.1,3352.3,2095.4
/srv/shared_leopard_toad/2025/Documents/06.10-13.10.2025/4Z/107MEDIA/DSCF0291.JPG,DSCF0291.JPG,4Z/107MEDIA,0,Other_Amphibian,0.5753,3217.7,1952.4,3353.1,2095.4
/srv/shared_leopard_toad/2025/Documents/06.10-13.10.2025/4Z/107MEDIA/DSCF0291.JPG,DSCF0291.JPG,4Z/107MEDIA,0,Other_Amphibian,0.4918,3223.2,1952.6,3354.7,2095.0
/srv/shared_leopard_toad/2025/Documents/06.10-13.10.2025/4Z/107MEDIA/DSCF0021.JPG,DSCF0021.JPG,4Z/107MEDIA,0,Other_Amphibian,0.5930,3217.3,1952.6,3352.7,2099.1
/srv/shared_leopard_toad/2025/Documents/06.10-13.10.2025/4Z/107MEDIA/DSCF0021.JPG,DSCF0021.JPG,4Z/107MEDIA,0,Other_Amphibian,0.5060,3222.3,1953.0,3352.6,2098.9
/srv/shared_leopard_toad/2025/Documents/06.10-13.10.2025/4Z/107MEDIA/DSCF0227.JPG,DSCF0227.JPG,4Z/107MEDIA,0,Other_Amphibian,0.6218,3214.8,1951.6,3349.4,2097.1
/srv/shared_leopard_toad/2025/Documents/06.10-13.10.2025/4Z/107MEDIA/DSCF0227.JPG,DSCF0227.JPG,4Z/107MEDIA,0,Other_Amphibian,0.5625,3222.0,1951.1,3351.5,2095.9
/srv/shared_leopard_toad/2025/Documents/06.10-13.10.2025/4Z/107MEDIA/DSCF0054.JPG,DSCF0054.JPG,4Z/107MEDIA,0,Other_Amphibian,0.6383,3215.3,1952.9,3351.1,2097.0
/srv/shared_leopard_toad/2025/Documents/06.10-13.10.2025/4Z/107MEDIA/DSCF0054.JPG,DSCF0054.JPG,4Z/107MEDIA,0,Other_Amphibian,0.5427,3220.8,1952.9,3351.2,2096.5
/srv/shared_leopard_toad/2025/Documents/06.10-13.10.2025/4Z/107MEDIA/DSCF0054.JPG,DSCF0054.JPG,4Z/107MEDIA,2,Western_Leopard_Toad,0.2890,3655.1,1650.6,3932.3,1918.7
/srv/shared_leopard_toad/2025/Documents/06.10-13.10.2025/4Z/107MEDIA/DSCF0397.JPG,DSCF0397.JPG,4Z/107MEDIA,0,Other_Amphibian,0.5731,3213.8,1954.2,3349.4,2097.2
/srv/shared_leopard_toad/2025/Documents/06.10-13.10.2025/4Z/107MEDIA/DSCF0397.JPG,DSCF0397.JPG,4Z/107MEDIA,0,Other_Amphibian,0.4576,3220.9,1954.1,3352.5,2096.3
/srv/shared_leopard_toad/2025/Documents/06.10-13.10.2025/4Z/107MEDIA/DSCF0397.JPG,DSCF0397.JPG,4Z/107MEDIA,2,Western_Leopard_Toad,0.3000,3653.9,1647.5,3931.8,1918.2
/srv/shared_leopard_toad/2025/Documents/06.10-13.10.2025/4Z/107MEDIA/DSCF0334.JPG,DSCF0334.JPG,4Z/107MEDIA,0,Other_Amphibian,0.5348,3217.4,1952.6,3350.5,2097.8
/srv/shared_leopard_toad/2025/Documents/06.10-13.10.2025/4Z/107MEDIA/DSCF0334.JPG,DSCF0334.JPG,4Z/107MEDIA,0,Other_Amphibian,0.4516,3223.7,1952.9,3352.0,2097.0
/srv/shared_leopard_toad/2025/Documents/06.10-13.10.2025/4Z/107MEDIA/DSCF0481.JPG,DSCF0481.JPG,4Z/107MEDIA,0,Other_Amphibian,0.6088,3216.2,1952.3,3350.2,2096.8
/srv/shared_leopard_toad/2025/Documents/06.10-13.10.2025/4Z/107MEDIA/DSCF0481.JPG,DSCF0481.JPG,4Z/107MEDIA,0,Other_Amphibian,0.5500,3222.0,1951.7,3352.3,2095.4
/srv/shared_leopard_toad/2025/Documents/06.10-13.10.2025/4Z/107MEDIA/DSCF0815.JPG,DSCF0815.JPG,4Z/107MEDIA,0,Other_Amphibian,0.5615,3217.2,1953.2,3348.2,2095.9
/srv/shared_leopard_toad/2025/Documents/06.10-13.10.2025/4Z/107MEDIA/DSCF0815.JPG,DSCF0815.JPG,4Z/107MEDIA,0,Other_Amphibian,0.4808,3225.3,1952.8,3351.2,2095.1
/srv/shared_leopard_toad/2025/Documents/06.10-13.10.2025/4Z/107MEDIA/DSCF0300.JPG,DSCF0300.JPG,4Z/107MEDIA,0,Other_Amphibian,0.4878,3219.6,1951.6,3350.4,2098.4
/srv/shared_leopard_toad/2025/Documents/06.10-13.10.2025/4Z/107MEDIA/DSCF0300.JPG,DSCF0300.JPG,4Z/107MEDIA,0,Other_Amphibian,0.4207,3225.3,1952.5,3353.2,2099.5
/srv/shared_leopard_toad/2025/Documents/06.10-13.10.2025/4Z/107MEDIA/DSCF0696.JPG,DSCF0696.JPG,4Z/107MEDIA,0,Other_Amphibian,0.5741,3216.4,1951.7,3350.8,2094.8
/srv/shared_leopard_toad/2025/Documents/06.10-13.10.2025/4Z/107MEDIA/DSCF0696.JPG,DSCF0696.JPG,4Z/107MEDIA,0,Other_Amphibian,0.5092,3222.2,1951.7,3352.7,2094.3
/srv/shared_leopard_toad/2025/Documents/06.10-13.10.2025/4Z/107MEDIA/DSCF0136.JPG,DSCF0136.JPG,4Z/107MEDIA,0,Other_Amphibian,0.5642,3215.5,1952.9,3347.5,2096.6
/srv/shared_leopard_toad/2025/Documents/06.10-13.10.2025/4Z/107MEDIA/DSCF0136.JPG,DSCF0136.JPG,4Z/107MEDIA,0,Other_Amphibian,0.4783,3223.6,1952.4,3350.5,2096.3
/srv/shared_leopard_toad/2025/Documents/06.10-13.10.2025/4Z/107MEDIA/DSCF0946.JPG,DSCF0946.JPG,4Z/107MEDIA,0,Other_Amphibian,0.5548,3218.5,1951.0,3351.3,2094.9
/srv/shared_leopard_toad/2025/Documents/06.10-13.10.2025/4Z/107MEDIA/DSCF0946.JPG,DSCF0946.JPG,4Z/107MEDIA,0,Other_Amphibian,0.4865,3224.3,1951.0,3352.9,2095.1
/srv/shared_leopard_toad/2025/Documents/06.10-13.10.2025/4Z/107MEDIA/DSCF0569.JPG,DSCF0569.JPG,4Z/107MEDIA,0,Other_Amphibian,0.5786,3214.5,1952.6,3348.6,2097.5
/srv/shared_leopard_toad/2025/Documents/06.10-13.10.2025/4Z/107MEDIA/DSCF0569.JPG,DSCF0569.JPG,4Z/107MEDIA,0,Other_Amphibian,0.5196,3221.0,1952.1,3349.8,2096.0
/srv/shared_leopard_toad/2025/Documents/06.10-13.10.2025/4Z/107MEDIA/DSCF0974.JPG,DSCF0974.JPG,4Z/107MEDIA,0,Other_Amphibian,0.4909,3216.2,1953.2,3347.8,2096.9
/srv/shared_leopard_toad/2025/Documents/06.10-13.10.2025/4Z/107MEDIA/DSCF0974.JPG,DSCF0974.JPG,4Z/107MEDIA,0,Other_Amphibian,0.4092,3224.3,1952.3,3351.4,2096.7
/srv/shared_leopard_toad/2025/Documents/06.10-13.10.2025/4Z/107MEDIA/DSCF0204.JPG,DSCF0204.JPG,4Z/107MEDIA,0,Other_Amphibian,0.5567,3216.2,1951.9,3348.2,2097.4
/srv/shared_leopard_toad/2025/Documents/06.10-13.10.2025/4Z/107MEDIA/DSCF0204.JPG,DSCF0204.JPG,4Z/107MEDIA,0,Other_Amphibian,0.4545,3224.7,1951.6,3352.1,2096.3
/srv/shared_leopard_toad/2025/Documents/06.10-13.10.2025/4Z/107MEDIA/DSCF0204.JPG,DSCF0204.JPG,4Z/107MEDIA,2,Western_Leopard_Toad,0.3906,3655.1,1647.1,3931.7,1918.3
/srv/shared_leopard_toad/2025/Documents/06.10-13.10.2025/4Z/107MEDIA/DSCF0122.JPG,DSCF0122.JPG,4Z/107MEDIA,0,Other_Amphibian,0.5971,3216.8,1953.2,3350.1,2097.6
/srv/shared_leopard_toad/2025/Documents/06.10-13.10.2025/4Z/107MEDIA/DSCF0122.JPG,DSCF0122.JPG,4Z/107MEDIA,0,Other_Amphibian,0.5093,3223.0,1952.7,3351.0,2097.1
/srv/shared_leopard_toad/2025/Documents/06.10-13.10.2025/4Z/107MEDIA/DSCF0733.JPG,DSCF0733.JPG,4Z/107MEDIA,0,Other_Amphibian,0.5747,3215.9,1951.4,3348.7,2098.3
/srv/shared_leopard_toad/2025/Documents/06.10-13.10.2025/4Z/107MEDIA/DSCF0733.JPG,DSCF0733.JPG,4Z/107MEDIA,0,Other_Amphibian,0.4953,3223.9,1950.9,3350.6,2097.1
/srv/shared_leopard_toad/2025/Documents/06.10-13.10.2025/4Z/107MEDIA/DSCF0831.JPG,DSCF0831.JPG,4Z/107MEDIA,0,Other_Amphibian,0.5584,3217.8,1950.2,3349.0,2094.2
/srv/shared_leopard_toad/2025/Documents/06.10-13.10.2025/4Z/107MEDIA/DSCF0831.JPG,DSCF0831.JPG,4Z/107MEDIA,0,Other_Amphibian,0.4857,3226.0,1949.9,3354.3,2093.5
/srv/shared_leopard_toad/2025/Documents/06.10-13.10.2025/4Z/107MEDIA/DSCF0294.JPG,DSCF0294.JPG,4Z/107MEDIA,0,Other_Amphibian,0.5637,3217.7,1953.1,3351.7,2095.8
/srv/shared_leopard_toad/2025/Documents/06.10-13.10.2025/4Z/107MEDIA/DSCF0294.JPG,DSCF0294.JPG,4Z/107MEDIA,0,Other_Amphibian,0.4645,3223.5,1953.4,3352.5,2095.7
/srv/shared_leopard_toad/2025/Documents/06.10-13.10.2025/4Z/107MEDIA/DSCF0276.JPG,DSCF0276.JPG,4Z/107MEDIA,0,Other_Amphibian,0.5871,3216.7,1952.1,3350.3,2096.5
/srv/shared_leopard_toad/2025/Documents/06.10-13.10.2025/4Z/107MEDIA/DSCF0276.JPG,DSCF0276.JPG,4Z/107MEDIA,0,Other_Amphibian,0.5230,3223.3,1951.9,3352.5,2095.8
/srv/shared_leopard_toad/2025/Documents/06.10-13.10.2025/4Z/107MEDIA/DSCF0415.JPG,DSCF0415.JPG,4Z/107MEDIA,0,Other_Amphibian,0.6077,3214.3,1952.7,3349.2,2097.3
/srv/shared_leopard_toad/2025/Documents/06.10-13.10.2025/4Z/107MEDIA/DSCF0415.JPG,DSCF0415.JPG,4Z/107MEDIA,0,Other_Amphibian,0.5328,3222.6,1952.9,3352.0,2096.7
/srv/shared_leopard_toad/2025/Documents/06.10-13.10.2025/4Z/107MEDIA/DSCF0977.JPG,DSCF0977.JPG,4Z/107MEDIA,0,Other_Amphibian,0.5272,3217.2,1950.7,3349.0,2095.4
/srv/shared_leopard_toad/2025/Documents/06.10-13.10.2025/4Z/107MEDIA/DSCF0977.JPG,DSCF0977.JPG,4Z/107MEDIA,0,Other_Amphibian,0.4373,3224.4,1950.6,3352.5,2094.7
/srv/shared_leopard_toad/2025/Documents/06.10-13.10.2025/4Z/107MEDIA/DSCF0806.JPG,DSCF0806.JPG,4Z/107MEDIA,0,Other_Amphibian,0.5043,3219.6,1951.1,3347.2,2098.3
/srv/shared_leopard_toad/2025/Documents/06.10-13.10.2025/4Z/107MEDIA/DSCF0806.JPG,DSCF0806.JPG,4Z/107MEDIA,0,Other_Amphibian,0.4318,3226.5,1950.7,3350.8,2098.0
/srv/shared_leopard_toad/2025/Documents/06.10-13.10.2025/4Z/107MEDIA/DSCF0142.JPG,DSCF0142.JPG,4Z/107MEDIA,0,Other_Amphibian,0.5765,3216.4,1952.8,3350.0,2097.2
/srv/shared_leopard_toad/2025/Documents/06.10-13.10.2025/4Z/107MEDIA/DSCF0142.JPG,DSCF0142.JPG,4Z/107MEDIA,0,Other_Amphibian,0.5082,3221.8,1952.7,3351.5,2096.6
/srv/shared_leopard_toad/2025/Documents/06.10-13.10.2025/4Z/107MEDIA/DSCF0552.JPG,DSCF0552.JPG,4Z/107MEDIA,0,Other_Amphibian,0.5231,3216.2,1953.4,3348.5,2098.7
/srv/shared_leopard_toad/2025/Documents/06.10-13.10.2025/4Z/107MEDIA/DSCF0552.JPG,DSCF0552.JPG,4Z/107MEDIA,0,Other_Amphibian,0.4416,3224.0,1953.1,3352.2,2097.4
/srv/shared_leopard_toad/2025/Documents/06.10-13.10.2025/4Z/107MEDIA/DSCF0552.JPG,DSCF0552.JPG,4Z/107MEDIA,2,Western_Leopard_Toad,0.2413,3654.5,1649.4,3932.1,1916.3
/srv/shared_leopard_toad/2025/Documents/06.10-13.10.2025/4Z/107MEDIA/DSCF0179.JPG,DSCF0179.JPG,4Z/107MEDIA,0,Other_Amphibian,0.6127,3216.5,1955.0,3348.5,2096.7
/srv/shared_leopard_toad/2025/Documents/06.10-13.10.2025/4Z/107MEDIA/DSCF0179.JPG,DSCF0179.JPG,4Z/107MEDIA,0,Other_Amphibian,0.5313,3224.9,1954.5,3350.3,2096.2
/srv/shared_leopard_toad/2025/Documents/06.10-13.10.2025/4Z/107MEDIA/DSCF0575.JPG,DSCF0575.JPG,4Z/107MEDIA,0,Other_Amphibian,0.5165,3214.9,1951.9,3350.0,2099.3
/srv/shared_leopard_toad/2025/Documents/06.10-13.10.2025/4Z/107MEDIA/DSCF0575.JPG,DSCF0575.JPG,4Z/107MEDIA,0,Other_Amphibian,0.4373,3223.8,1951.8,3356.2,2098.5
/srv/shared_leopard_toad/2025/Documents/06.10-13.10.2025/4Z/107MEDIA/DSCF0575.JPG,DSCF0575.JPG,4Z/107MEDIA,2,Western_Leopard_Toad,0.3553,3651.3,1649.1,3934.9,1916.3
/srv/shared_leopard_toad/2025/Documents/06.10-13.10.2025/4Z/107MEDIA/DSCF0066.JPG,DSCF0066.JPG,4Z/107MEDIA,0,Other_Amphibian,0.6024,3215.9,1953.4,3349.2,2096.9
/srv/shared_leopard_toad/2025/Documents/06.10-13.10.2025/4Z/107MEDIA/DSCF0066.JPG,DSCF0066.JPG,4Z/107MEDIA,0,Other_Amphibian,0.5218,3222.6,1953.4,3350.2,2097.2
/srv/shared_leopard_toad/2025/Documents/06.10-13.10.2025/4Z/107MEDIA/DSCF0019.JPG,DSCF0019.JPG,4Z/107MEDIA,0,Other_Amphibian,0.5796,3216.6,1954.5,3349.6,2098.5
/srv/shared_leopard_toad/2025/Documents/06.10-13.10.2025/4Z/107MEDIA/DSCF0019.JPG,DSCF0019.JPG,4Z/107MEDIA,0,Other_Amphibian,0.4816,3222.4,1953.6,3349.9,2097.9
/srv/shared_leopard_toad/2025/Documents/06.10-13.10.2025/4Z/107MEDIA/DSCF0160.JPG,DSCF0160.JPG,4Z/107MEDIA,0,Other_Amphibian,0.5550,3217.1,1951.7,3348.0,2098.0
/srv/shared_leopard_toad/2025/Documents/06.10-13.10.2025/4Z/107MEDIA/DSCF0160.JPG,DSCF0160.JPG,4Z/107MEDIA,0,Other_Amphibian,0.4698,3223.0,1951.5,3348.7,2097.6
/srv/shared_leopard_toad/2025/Documents/06.10-13.10.2025/4Z/107MEDIA/DSCF0034.JPG,DSCF0034.JPG,4Z/107MEDIA,0,Other_Amphibian,0.5876,3216.0,1954.3,3350.9,2097.5
/srv/shared_leopard_toad/2025/Documents/06.10-13.10.2025/4Z/107MEDIA/DSCF0034.JPG,DSCF0034.JPG,4Z/107MEDIA,0,Other_Amphibian,0.4901,3222.1,1954.3,3351.1,2097.5
/srv/shared_leopard_toad/2025/Documents/06.10-13.10.2025/4Z/107MEDIA/DSCF0818.JPG,DSCF0818.JPG,4Z/107MEDIA,0,Other_Amphibian,0.5715,3216.8,1952.6,3349.7,2095.5
/srv/shared_leopard_toad/2025/Documents/06.10-13.10.2025/4Z/107MEDIA/DSCF0818.JPG,DSCF0818.JPG,4Z/107MEDIA,0,Other_Amphibian,0.5042,3225.0,1952.1,3354.3,2095.0
/srv/shared_leopard_toad/2025/Documents/06.10-13.10.2025/4Z/107MEDIA/DSCF0583.JPG,DSCF0583.JPG,4Z/107MEDIA,0,Other_Amphibian,0.5709,3215.1,1952.7,3350.5,2097.9
/srv/shared_leopard_toad/2025/Documents/06.10-13.10.2025/4Z/107MEDIA/DSCF0583.JPG,DSCF0583.JPG,4Z/107MEDIA,0,Other_Amphibian,0.4963,3221.9,1952.6,3352.7,2097.3
/srv/shared_leopard_toad/2025/Documents/06.10-13.10.2025/4Z/107MEDIA/DSCF0583.JPG,DSCF0583.JPG,4Z/107MEDIA,2,Western_Leopard_Toad,0.2052,3654.7,1649.3,3934.2,1918.0
/srv/shared_leopard_toad/2025/Documents/06.10-13.10.2025/4Z/107MEDIA/DSCF0005.JPG,DSCF0005.JPG,4Z/107MEDIA,2,Western_Leopard_Toad,0.8602,3643.7,1657.8,3934.7,1927.1
/srv/shared_leopard_toad/2025/Documents/06.10-13.10.2025/4Z/107MEDIA/DSCF0005.JPG,DSCF0005.JPG,4Z/107MEDIA,0,Other_Amphibian,0.3345,3217.6,1958.1,3346.7,2111.9
/srv/shared_leopard_toad/2025/Documents/06.10-13.10.2025/4Z/107MEDIA/DSCF0005.JPG,DSCF0005.JPG,4Z/107MEDIA,2,Western_Leopard_Toad,0.2178,5170.7,28.1,5373.8,722.1
/srv/shared_leopard_toad/2025/Documents/06.10-13.10.2025/4Z/107MEDIA/DSCF0452.JPG,DSCF0452.JPG,4Z/107MEDIA,0,Other_Amphibian,0.5623,3215.1,1952.9,3349.1,2097.1
/srv/shared_leopard_toad/2025/Documents/06.10-13.10.2025/4Z/107MEDIA/DSCF0452.JPG,DSCF0452.JPG,4Z/107MEDIA,0,Other_Amphibian,0.5030,3221.1,1952.6,3352.4,2096.0
/srv/shared_leopard_toad/2025/Documents/06.10-13.10.2025/4Z/107MEDIA/DSCF0952.JPG,DSCF0952.JPG,4Z/107MEDIA,0,Other_Amphibian,0.6061,3213.3,1951.1,3348.4,2097.6
/srv/shared_leopard_toad/2025/Documents/06.10-13.10.2025/4Z/107MEDIA/DSCF0952.JPG,DSCF0952.JPG,4Z/107MEDIA,0,Other_Amphibian,0.5340,3219.9,1950.9,3350.5,2096.7
/srv/shared_leopard_toad/2025/Documents/06.10-13.10.2025/4Z/107MEDIA/DSCF0172.JPG,DSCF0172.JPG,4Z/107MEDIA,0,Other_Amphibian,0.6378,3216.2,1953.9,3350.5,2095.2
/srv/shared_leopard_toad/2025/Documents/06.10-13.10.2025/4Z/107MEDIA/DSCF0172.JPG,DSCF0172.JPG,4Z/107MEDIA,0,Other_Amphibian,0.5452,3224.0,1954.3,3351.8,2095.5
/srv/shared_leopard_toad/2025/Documents/06.10-13.10.2025/4Z/107MEDIA/DSCF0257.JPG,DSCF0257.JPG,4Z/107MEDIA,0,Other_Amphibian,0.6315,3213.9,1952.1,3348.7,2098.0
/srv/shared_leopard_toad/2025/Documents/06.10-13.10.2025/4Z/107MEDIA/DSCF0257.JPG,DSCF0257.JPG,4Z/107MEDIA,0,Other_Amphibian,0.5481,3220.8,1951.8,3350.0,2096.8
/srv/shared_leopard_toad/2025/Documents/06.10-13.10.2025/4Z/107MEDIA/DSCF0257.JPG,DSCF0257.JPG,4Z/107MEDIA,2,Western_Leopard_Toad,0.2724,3654.0,1649.1,3930.6,1918.6
/srv/shared_leopard_toad/2025/Documents/06.10-13.10.2025/4Z/107MEDIA/DSCF0382.JPG,DSCF0382.JPG,4Z/107MEDIA,0,Other_Amphibian,0.6216,3213.2,1953.7,3349.1,2097.2
/srv/shared_leopard_toad/2025/Documents/06.10-13.10.2025/4Z/107MEDIA/DSCF0382.JPG,DSCF0382.JPG,4Z/107MEDIA,0,Other_Amphibian,0.5439,3221.1,1952.7,3352.1,2095.2
/srv/shared_leopard_toad/2025/Documents/06.10-13.10.2025/4Z/107MEDIA/DSCF0382.JPG,DSCF0382.JPG,4Z/107MEDIA,2,Western_Leopard_Toad,0.3092,3652.0,1648.0,3933.8,1918.0
/srv/shared_leopard_toad/2025/Documents/06.10-13.10.2025/4Z/107MEDIA/DSCF0467.JPG,DSCF0467.JPG,4Z/107MEDIA,0,Other_Amphibian,0.5552,3217.6,1955.0,3348.1,2097.4
/srv/shared_leopard_toad/2025/Documents/06.10-13.10.2025/4Z/107MEDIA/DSCF0467.JPG,DSCF0467.JPG,4Z/107MEDIA,0,Other_Amphibian,0.4173,3227.9,1955.6,3351.5,2098.9
/srv/shared_leopard_toad/2025/Documents/06.10-13.10.2025/4Z/107MEDIA/DSCF0162.JPG,DSCF0162.JPG,4Z/107MEDIA,0,Other_Amphibian,0.6157,3216.3,1953.3,3350.6,2098.5
/srv/shared_leopard_toad/2025/Documents/06.10-13.10.2025/4Z/107MEDIA/DSCF0162.JPG,DSCF0162.JPG,4Z/107MEDIA,0,Other_Amphibian,0.5393,3222.3,1953.5,3351.7,2097.9
/srv/shared_leopard_toad/2025/Documents/06.10-13.10.2025/4Z/107MEDIA/DSCF0274.JPG,DSCF0274.JPG,4Z/107MEDIA,0,Other_Amphibian,0.5255,3218.8,1953.2,3350.5,2098.7
/srv/shared_leopard_toad/2025/Documents/06.10-13.10.2025/4Z/107MEDIA/DSCF0274.JPG,DSCF0274.JPG,4Z/107MEDIA,0,Other_Amphibian,0.4601,3223.0,1953.7,3352.0,2099.2
/srv/shared_leopard_toad/2025/Documents/06.10-13.10.2025/4Z/107MEDIA/DSCF0259.JPG,DSCF0259.JPG,4Z/107MEDIA,0,Other_Amphibian,0.5378,3216.6,1953.7,3348.9,2098.1
/srv/shared_leopard_toad/2025/Documents/06.10-13.10.2025/4Z/107MEDIA/DSCF0259.JPG,DSCF0259.JPG,4Z/107MEDIA,0,Other_Amphibian,0.4353,3223.0,1954.0,3349.0,2097.9
/srv/shared_leopard_toad/2025/Documents/06.10-13.10.2025/4Z/107MEDIA/DSCF0797.JPG,DSCF0797.JPG,4Z/107MEDIA,0,Other_Amphibian,0.5722,3218.4,1951.7,3350.3,2094.7
/srv/shared_leopard_toad/2025/Documents/06.10-13.10.2025/4Z/107MEDIA/DSCF0797.JPG,DSCF0797.JPG,4Z/107MEDIA,0,Other_Amphibian,0.5072,3226.1,1952.2,3353.7,2095.5
/srv/shared_leopard_toad/2025/Documents/06.10-13.10.2025/4Z/107MEDIA/DSCF0665.JPG,DSCF0665.JPG,4Z/107MEDIA,0,Other_Amphibian,0.5950,3213.5,1950.9,3349.9,2096.7
/srv/shared_leopard_toad/2025/Documents/06.10-13.10.2025/4Z/107MEDIA/DSCF0665.JPG,DSCF0665.JPG,4Z/107MEDIA,0,Other_Amphibian,0.5304,3220.1,1950.6,3352.8,2095.6
/srv/shared_leopard_toad/2025/Documents/06.10-13.10.2025/4Z/107MEDIA/DSCF0630.JPG,DSCF0630.JPG,4Z/107MEDIA,0,Other_Amphibian,0.5602,3218.1,1951.7,3349.5,2097.0
/srv/shared_leopard_toad/2025/Documents/06.10-13.10.2025/4Z/107MEDIA/DSCF0630.JPG,DSCF0630.JPG,4Z/107MEDIA,0,Other_Amphibian,0.4976,3225.1,1951.6,3352.0,2096.5
/srv/shared_leopard_toad/2025/Documents/06.10-13.10.2025/4Z/107MEDIA/DSCF0776.JPG,DSCF0776.JPG,4Z/107MEDIA,0,Other_Amphibian,0.5902,3215.5,1952.3,3350.1,2095.6
/srv/shared_leopard_toad/2025/Documents/06.10-13.10.2025/4Z/107MEDIA/DSCF0776.JPG,DSCF0776.JPG,4Z/107MEDIA,0,Other_Amphibian,0.5347,3223.4,1952.1,3353.2,2094.9
/srv/shared_leopard_toad/2025/Documents/06.10-13.10.2025/4Z/107MEDIA/DSCF0957.JPG,DSCF0957.JPG,4Z/107MEDIA,0,Other_Amphibian,0.5107,3218.7,1952.0,3351.9,2092.9
/srv/shared_leopard_toad/2025/Documents/06.10-13.10.2025/4Z/107MEDIA/DSCF0957.JPG,DSCF0957.JPG,4Z/107MEDIA,0,Other_Amphibian,0.4421,3226.6,1952.1,3357.7,2093.2
/srv/shared_leopard_toad/2025/Documents/06.10-13.10.2025/4Z/107MEDIA/DSCF0557.JPG,DSCF0557.JPG,4Z/107MEDIA,0,Other_Amphibian,0.6007,3214.5,1951.1,3353.3,2098.8
/srv/shared_leopard_toad/2025/Documents/06.10-13.10.2025/4Z/107MEDIA/DSCF0557.JPG,DSCF0557.JPG,4Z/107MEDIA,0,Other_Amphibian,0.5308,3219.6,1951.4,3352.9,2098.1
/srv/shared_leopard_toad/2025/Documents/06.10-13.10.2025/4Z/107MEDIA/DSCF0766.JPG,DSCF0766.JPG,4Z/107MEDIA,0,Other_Amphibian,0.5784,3216.7,1951.4,3350.0,2096.1
/srv/shared_leopard_toad/2025/Documents/06.10-13.10.2025/4Z/107MEDIA/DSCF0766.JPG,DSCF0766.JPG,4Z/107MEDIA,0,Other_Amphibian,0.5134,3224.0,1951.4,3354.4,2095.4
/srv/shared_leopard_toad/2025/Documents/06.10-13.10.2025/4Z/107MEDIA/DSCF0496.JPG,DSCF0496.JPG,4Z/107MEDIA,0,Other_Amphibian,0.6305,3213.6,1952.4,3349.5,2099.6
/srv/shared_leopard_toad/2025/Documents/06.10-13.10.2025/4Z/107MEDIA/DSCF0496.JPG,DSCF0496.JPG,4Z/107MEDIA,0,Other_Amphibian,0.5492,3220.4,1952.4,3351.5,2098.4
/srv/shared_leopard_toad/2025/Documents/06.10-13.10.2025/4Z/107MEDIA/DSCF0496.JPG,DSCF0496.JPG,4Z/107MEDIA,2,Western_Leopard_Toad,0.2059,3654.2,1650.9,3932.9,1918.3
/srv/shared_leopard_toad/2025/Documents/06.10-13.10.2025/4Z/107MEDIA/DSCF0035.JPG,DSCF0035.JPG,4Z/107MEDIA,0,Other_Amphibian,0.5488,3215.0,1951.4,3352.0,2100.5
/srv/shared_leopard_toad/2025/Documents/06.10-13.10.2025/4Z/107MEDIA/DSCF0035.JPG,DSCF0035.JPG,4Z/107MEDIA,0,Other_Amphibian,0.4527,3220.1,1951.6,3353.4,2099.4
/srv/shared_leopard_toad/2025/Documents/06.10-13.10.2025/4Z/107MEDIA/DSCF0035.JPG,DSCF0035.JPG,4Z/107MEDIA,2,Western_Leopard_Toad,0.2369,3654.2,1649.2,3933.0,1918.8
/srv/shared_leopard_toad/2025/Documents/06.10-13.10.2025/4Z/107MEDIA/DSCF0995.JPG,DSCF0995.JPG,4Z/107MEDIA,0,Other_Amphibian,0.4861,3219.3,1953.2,3348.4,2093.0
/srv/shared_leopard_toad/2025/Documents/06.10-13.10.2025/4Z/107MEDIA/DSCF0995.JPG,DSCF0995.JPG,4Z/107MEDIA,0,Other_Amphibian,0.3882,3223.2,1953.8,3348.6,2094.3
/srv/shared_leopard_toad/2025/Documents/06.10-13.10.2025/4Z/107MEDIA/DSCF0269.JPG,DSCF0269.JPG,4Z/107MEDIA,0,Other_Amphibian,0.5676,3217.5,1953.9,3352.0,2095.4
/srv/shared_leopard_toad/2025/Documents/06.10-13.10.2025/4Z/107MEDIA/DSCF0269.JPG,DSCF0269.JPG,4Z/107MEDIA,0,Other_Amphibian,0.4992,3222.6,1954.0,3353.7,2095.5
/srv/shared_leopard_toad/2025/Documents/06.10-13.10.2025/4Z/107MEDIA/DSCF0004.JPG,DSCF0004.JPG,4Z/107MEDIA,2,Western_Leopard_Toad,0.7359,3642.5,1659.6,3935.0,1926.5
/srv/shared_leopard_toad/2025/Documents/06.10-13.10.2025/4Z/107MEDIA/DSCF0004.JPG,DSCF0004.JPG,4Z/107MEDIA,0,Other_Amphibian,0.5735,3212.1,1951.4,3341.1,2109.5
/srv/shared_leopard_toad/2025/Documents/06.10-13.10.2025/4Z/107MEDIA/DSCF0004.JPG,DSCF0004.JPG,4Z/107MEDIA,0,Other_Amphibian,0.2710,3218.5,1953.2,3343.7,2109.9
/srv/shared_leopard_toad/2025/Documents/06.10-13.10.2025/4Z/107MEDIA/DSCF0434.JPG,DSCF0434.JPG,4Z/107MEDIA,0,Other_Amphibian,0.5991,3213.2,1952.4,3349.8,2099.8
/srv/shared_leopard_toad/2025/Documents/06.10-13.10.2025/4Z/107MEDIA/DSCF0434.JPG,DSCF0434.JPG,4Z/107MEDIA,0,Other_Amphibian,0.5045,3219.2,1951.8,3349.7,2098.6
/srv/shared_leopard_toad/2025/Documents/06.10-13.10.2025/4Z/107MEDIA/DSCF0159.JPG,DSCF0159.JPG,4Z/107MEDIA,0,Other_Amphibian,0.5362,3220.5,1950.3,3353.7,2098.7
/srv/shared_leopard_toad/2025/Documents/06.10-13.10.2025/4Z/107MEDIA/DSCF0159.JPG,DSCF0159.JPG,4Z/107MEDIA,0,Other_Amphibian,0.4731,3223.8,1951.1,3353.2,2099.4
/srv/shared_leopard_toad/2025/Documents/06.10-13.10.2025/4Z/107MEDIA/DSCF0313.JPG,DSCF0313.JPG,4Z/107MEDIA,0,Other_Amphibian,0.5941,3216.5,1952.4,3352.5,2096.7
/srv/shared_leopard_toad/2025/Documents/06.10-13.10.2025/4Z/107MEDIA/DSCF0313.JPG,DSCF0313.JPG,4Z/107MEDIA,0,Other_Amphibian,0.5423,3221.4,1952.5,3352.4,2096.1
/srv/shared_leopard_toad/2025/Documents/06.10-13.10.2025/4Z/107MEDIA/DSCF0297.JPG,DSCF0297.JPG,4Z/107MEDIA,0,Other_Amphibian,0.5560,3216.0,1954.0,3348.8,2098.3
/srv/shared_leopard_toad/2025/Documents/06.10-13.10.2025/4Z/107MEDIA/DSCF0297.JPG,DSCF0297.JPG,4Z/107MEDIA,0,Other_Amphibian,0.4401,3224.4,1953.8,3352.1,2098.0
/srv/shared_leopard_toad/2025/Documents/06.10-13.10.2025/4Z/107MEDIA/DSCF0719.JPG,DSCF0719.JPG,4Z/107MEDIA,0,Other_Amphibian,0.5757,3217.2,1952.8,3348.2,2098.5
/srv/shared_leopard_toad/2025/Documents/06.10-13.10.2025/4Z/107MEDIA/DSCF0719.JPG,DSCF0719.JPG,4Z/107MEDIA,0,Other_Amphibian,0.4855,3225.0,1952.6,3350.6,2098.0
/srv/shared_leopard_toad/2025/Documents/06.10-13.10.2025/4Z/107MEDIA/DSCF0424.JPG,DSCF0424.JPG,4Z/107MEDIA,0,Other_Amphibian,0.6257,3215.8,1953.9,3349.4,2096.5
/srv/shared_leopard_toad/2025/Documents/06.10-13.10.2025/4Z/107MEDIA/DSCF0424.JPG,DSCF0424.JPG,4Z/107MEDIA,0,Other_Amphibian,0.5710,3220.8,1953.4,3349.1,2095.5
/srv/shared_leopard_toad/2025/Documents/06.10-13.10.2025/4Z/107MEDIA/DSCF0170.JPG,DSCF0170.JPG,4Z/107MEDIA,0,Other_Amphibian,0.5373,3218.6,1954.1,3350.1,2098.3
/srv/shared_leopard_toad/2025/Documents/06.10-13.10.2025/4Z/107MEDIA/DSCF0170.JPG,DSCF0170.JPG,4Z/107MEDIA,0,Other_Amphibian,0.4686,3225.7,1954.0,3352.9,2098.4
/srv/shared_leopard_toad/2025/Documents/06.10-13.10.2025/4Z/107MEDIA/DSCF0897.JPG,DSCF0897.JPG,4Z/107MEDIA,0,Other_Amphibian,0.5430,3216.6,1951.5,3348.2,2096.0
/srv/shared_leopard_toad/2025/Documents/06.10-13.10.2025/4Z/107MEDIA/DSCF0897.JPG,DSCF0897.JPG,4Z/107MEDIA,0,Other_Amphibian,0.4845,3227.0,1951.9,3353.9,2096.7
/srv/shared_leopard_toad/2025/Documents/06.10-13.10.2025/4Z/107MEDIA/DSCF0897.JPG,DSCF0897.JPG,4Z/107MEDIA,0,Other_Amphibian,0.3609,4209.6,2393.9,4384.2,2605.0
/srv/shared_leopard_toad/2025/Documents/06.10-13.10.2025/4Z/107MEDIA/DSCF0352.JPG,DSCF0352.JPG,4Z/107MEDIA,0,Other_Amphibian,0.5063,3219.0,1952.3,3349.4,2095.7
/srv/shared_leopard_toad/2025/Documents/06.10-13.10.2025/4Z/107MEDIA/DSCF0352.JPG,DSCF0352.JPG,4Z/107MEDIA,0,Other_Amphibian,0.4289,3224.7,1952.5,3352.4,2095.8
/srv/shared_leopard_toad/2025/Documents/06.10-13.10.2025/4Z/107MEDIA/DSCF0628.JPG,DSCF0628.JPG,4Z/107MEDIA,0,Other_Amphibian,0.5193,3217.0,1952.3,3348.3,2094.9
/srv/shared_leopard_toad/2025/Documents/06.10-13.10.2025/4Z/107MEDIA/DSCF0628.JPG,DSCF0628.JPG,4Z/107MEDIA,0,Other_Amphibian,0.4306,3225.8,1951.7,3353.2,2094.3
/srv/shared_leopard_toad/2025/Documents/06.10-13.10.2025/4Z/107MEDIA/DSCF0628.JPG,DSCF0628.JPG,4Z/107MEDIA,2,Western_Leopard_Toad,0.2167,3650.6,1649.5,3934.9,1918.2
/srv/shared_leopard_toad/2025/Documents/06.10-13.10.2025/4Z/107MEDIA/DSCF0793.JPG,DSCF0793.JPG,4Z/107MEDIA,0,Other_Amphibian,0.4857,3220.1,1949.9,3347.0,2098.2
/srv/shared_leopard_toad/2025/Documents/06.10-13.10.2025/4Z/107MEDIA/DSCF0793.JPG,DSCF0793.JPG,4Z/107MEDIA,0,Other_Amphibian,0.4090,3224.9,1950.1,3348.5,2098.5
/srv/shared_leopard_toad/2025/Documents/06.10-13.10.2025/4Z/107MEDIA/DSCF0879.JPG,DSCF0879.JPG,4Z/107MEDIA,0,Other_Amphibian,0.5163,3218.4,1951.5,3348.3,2094.1
/srv/shared_leopard_toad/2025/Documents/06.10-13.10.2025/4Z/107MEDIA/DSCF0879.JPG,DSCF0879.JPG,4Z/107MEDIA,0,Other_Amphibian,0.4368,3225.2,1951.5,3352.0,2094.4
/srv/shared_leopard_toad/2025/Documents/06.10-13.10.2025/4Z/107MEDIA/DSCF0646.JPG,DSCF0646.JPG,4Z/107MEDIA,0,Other_Amphibian,0.6146,3216.5,1952.5,3351.9,2097.4
/srv/shared_leopard_toad/2025/Documents/06.10-13.10.2025/4Z/107MEDIA/DSCF0646.JPG,DSCF0646.JPG,4Z/107MEDIA,0,Other_Amphibian,0.5435,3222.7,1952.5,3354.0,2096.4
/srv/shared_leopard_toad/2025/Documents/06.10-13.10.2025/4Z/107MEDIA/DSCF0859.JPG,DSCF0859.JPG,4Z/107MEDIA,0,Other_Amphibian,0.4861,3216.8,1952.5,3347.2,2096.2
/srv/shared_leopard_toad/2025/Documents/06.10-13.10.2025/4Z/107MEDIA/DSCF0859.JPG,DSCF0859.JPG,4Z/107MEDIA,0,Other_Amphibian,0.3981,3222.6,1952.4,3349.5,2096.1
/srv/shared_leopard_toad/2025/Documents/06.10-13.10.2025/4Z/107MEDIA/DSCF0859.JPG,DSCF0859.JPG,4Z/107MEDIA,2,Western_Leopard_Toad,0.2158,3652.4,1647.0,3929.0,1916.9
/srv/shared_leopard_toad/2025/Documents/06.10-13.10.2025/4Z/107MEDIA/DSCF0547.JPG,DSCF0547.JPG,4Z/107MEDIA,0,Other_Amphibian,0.6037,3215.6,1953.5,3348.5,2095.9
/srv/shared_leopard_toad/2025/Documents/06.10-13.10.2025/4Z/107MEDIA/DSCF0547.JPG,DSCF0547.JPG,4Z/107MEDIA,0,Other_Amphibian,0.4851,3224.6,1953.2,3352.4,2095.5
/srv/shared_leopard_toad/2025/Documents/06.10-13.10.2025/4Z/107MEDIA/DSCF0547.JPG,DSCF0547.JPG,4Z/107MEDIA,2,Western_Leopard_Toad,0.2997,3654.4,1649.8,3935.8,1916.3
/srv/shared_leopard_toad/2025/Documents/06.10-13.10.2025/4Z/107MEDIA/DSCF0161.JPG,DSCF0161.JPG,4Z/107MEDIA,0,Other_Amphibian,0.5737,3215.7,1952.9,3351.1,2096.8
/srv/shared_leopard_toad/2025/Documents/06.10-13.10.2025/4Z/107MEDIA/DSCF0161.JPG,DSCF0161.JPG,4Z/107MEDIA,0,Other_Amphibian,0.5114,3222.4,1953.1,3354.1,2096.5
/srv/shared_leopard_toad/2025/Documents/06.10-13.10.2025/4Z/107MEDIA/DSCF0321.JPG,DSCF0321.JPG,4Z/107MEDIA,0,Other_Amphibian,0.5667,3215.4,1952.2,3349.7,2097.3
/srv/shared_leopard_toad/2025/Documents/06.10-13.10.2025/4Z/107MEDIA/DSCF0321.JPG,DSCF0321.JPG,4Z/107MEDIA,0,Other_Amphibian,0.4839,3223.4,1951.8,3352.9,2096.4
/srv/shared_leopard_toad/2025/Documents/06.10-13.10.2025/4Z/107MEDIA/DSCF0919.JPG,DSCF0919.JPG,4Z/107MEDIA,0,Other_Amphibian,0.5314,3217.7,1952.7,3347.4,2095.4
/srv/shared_leopard_toad/2025/Documents/06.10-13.10.2025/4Z/107MEDIA/DSCF0919.JPG,DSCF0919.JPG,4Z/107MEDIA,0,Other_Amphibian,0.4513,3225.4,1951.9,3351.3,2095.2
/srv/shared_leopard_toad/2025/Documents/06.10-13.10.2025/4Z/107MEDIA/DSCF0002.JPG,DSCF0002.JPG,4Z/107MEDIA,0,Other_Amphibian,0.7137,3212.5,1953.7,3345.2,2110.9
/srv/shared_leopard_toad/2025/Documents/06.10-13.10.2025/4Z/107MEDIA/DSCF0002.JPG,DSCF0002.JPG,4Z/107MEDIA,0,Other_Amphibian,0.7065,3212.3,1953.4,3345.8,2111.5
/srv/shared_leopard_toad/2025/Documents/06.10-13.10.2025/4Z/107MEDIA/DSCF0002.JPG,DSCF0002.JPG,4Z/107MEDIA,2,Western_Leopard_Toad,0.5800,3644.8,1658.4,3931.3,1923.6
/srv/shared_leopard_toad/2025/Documents/06.10-13.10.2025/4Z/107MEDIA/DSCF0845.JPG,DSCF0845.JPG,4Z/107MEDIA,0,Other_Amphibian,0.5737,3218.0,1950.8,3351.0,2096.4
/srv/shared_leopard_toad/2025/Documents/06.10-13.10.2025/4Z/107MEDIA/DSCF0845.JPG,DSCF0845.JPG,4Z/107MEDIA,0,Other_Amphibian,0.5007,3223.7,1951.3,3352.2,2096.5
/srv/shared_leopard_toad/2025/Documents/06.10-13.10.2025/4Z/107MEDIA/DSCF0751.JPG,DSCF0751.JPG,4Z/107MEDIA,0,Other_Amphibian,0.5997,3214.7,1953.2,3347.1,2097.7
/srv/shared_leopard_toad/2025/Documents/06.10-13.10.2025/4Z/107MEDIA/DSCF0751.JPG,DSCF0751.JPG,4Z/107MEDIA,0,Other_Amphibian,0.4632,3223.8,1952.9,3348.3,2097.2
/srv/shared_leopard_toad/2025/Documents/06.10-13.10.2025/4Z/107MEDIA/DSCF0751.JPG,DSCF0751.JPG,4Z/107MEDIA,2,Western_Leopard_Toad,0.3146,3652.9,1645.8,3930.3,1917.0
/srv/shared_leopard_toad/2025/Documents/06.10-13.10.2025/4Z/107MEDIA/DSCF0578.JPG,DSCF0578.JPG,4Z/107MEDIA,0,Other_Amphibian,0.5265,3215.9,1952.8,3349.4,2097.6
/srv/shared_leopard_toad/2025/Documents/06.10-13.10.2025/4Z/107MEDIA/DSCF0578.JPG,DSCF0578.JPG,4Z/107MEDIA,0,Other_Amphibian,0.4382,3224.8,1952.9,3354.6,2097.4
/srv/shared_leopard_toad/2025/Documents/06.10-13.10.2025/4Z/107MEDIA/DSCF0578.JPG,DSCF0578.JPG,4Z/107MEDIA,2,Western_Leopard_Toad,0.2695,3651.1,1649.2,3934.3,1917.9
/srv/shared_leopard_toad/2025/Documents/06.10-13.10.2025/4Z/107MEDIA/DSCF0847.JPG,DSCF0847.JPG,4Z/107MEDIA,0,Other_Amphibian,0.5504,3216.1,1951.8,3348.4,2095.9
/srv/shared_leopard_toad/2025/Documents/06.10-13.10.2025/4Z/107MEDIA/DSCF0847.JPG,DSCF0847.JPG,4Z/107MEDIA,0,Other_Amphibian,0.4352,3224.2,1951.8,3350.0,2095.7
/srv/shared_leopard_toad/2025/Documents/06.10-13.10.2025/4Z/107MEDIA/DSCF0803.JPG,DSCF0803.JPG,4Z/107MEDIA,0,Other_Amphibian,0.5780,3216.7,1952.4,3351.5,2096.3
/srv/shared_leopard_toad/2025/Documents/06.10-13.10.2025/4Z/107MEDIA/DSCF0803.JPG,DSCF0803.JPG,4Z/107MEDIA,0,Other_Amphibian,0.4854,3221.2,1952.2,3352.2,2095.6
/srv/shared_leopard_toad/2025/Documents/06.10-13.10.2025/4Z/107MEDIA/DSCF0585.JPG,DSCF0585.JPG,4Z/107MEDIA,0,Other_Amphibian,0.5890,3216.2,1953.0,3349.9,2094.9
/srv/shared_leopard_toad/2025/Documents/06.10-13.10.2025/4Z/107MEDIA/DSCF0585.JPG,DSCF0585.JPG,4Z/107MEDIA,0,Other_Amphibian,0.4917,3223.9,1953.0,3351.4,2094.3
/srv/shared_leopard_toad/2025/Documents/06.10-13.10.2025/4Z/107MEDIA/DSCF0228.JPG,DSCF0228.JPG,4Z/107MEDIA,0,Other_Amphibian,0.5201,3217.3,1951.6,3351.4,2098.9
/srv/shared_leopard_toad/2025/Documents/06.10-13.10.2025/4Z/107MEDIA/DSCF0228.JPG,DSCF0228.JPG,4Z/107MEDIA,0,Other_Amphibian,0.4400,3222.3,1951.5,3354.6,2097.6
/srv/shared_leopard_toad/2025/Documents/06.10-13.10.2025/4Z/107MEDIA/DSCF0228.JPG,DSCF0228.JPG,4Z/107MEDIA,2,Western_Leopard_Toad,0.3232,3654.5,1648.2,3931.2,1917.7
/srv/shared_leopard_toad/2025/Documents/06.10-13.10.2025/4Z/107MEDIA/DSCF0253.JPG,DSCF0253.JPG,4Z/107MEDIA,0,Other_Amphibian,0.5824,3215.9,1952.2,3349.8,2097.3
/srv/shared_leopard_toad/2025/Documents/06.10-13.10.2025/4Z/107MEDIA/DSCF0253.JPG,DSCF0253.JPG,4Z/107MEDIA,0,Other_Amphibian,0.5065,3224.0,1951.7,3353.4,2096.4
/srv/shared_leopard_toad/2025/Documents/06.10-13.10.2025/4Z/107MEDIA/DSCF0218.JPG,DSCF0218.JPG,4Z/107MEDIA,0,Other_Amphibian,0.5777,3217.9,1952.3,3349.8,2098.6
/srv/shared_leopard_toad/2025/Documents/06.10-13.10.2025/4Z/107MEDIA/DSCF0218.JPG,DSCF0218.JPG,4Z/107MEDIA,0,Other_Amphibian,0.4592,3224.4,1951.9,3350.6,2097.7
/srv/shared_leopard_toad/2025/Documents/06.10-13.10.2025/4Z/107MEDIA/DSCF0435.JPG,DSCF0435.JPG,4Z/107MEDIA,0,Other_Amphibian,0.6102,3213.8,1953.0,3347.8,2097.6
/srv/shared_leopard_toad/2025/Documents/06.10-13.10.2025/4Z/107MEDIA/DSCF0435.JPG,DSCF0435.JPG,4Z/107MEDIA,0,Other_Amphibian,0.5490,3222.4,1951.7,3351.1,2096.0
/srv/shared_leopard_toad/2025/Documents/06.10-13.10.2025/4Z/107MEDIA/DSCF0435.JPG,DSCF0435.JPG,4Z/107MEDIA,2,Western_Leopard_Toad,0.2327,3655.4,1649.4,3932.0,1918.4
/srv/shared_leopard_toad/2025/Documents/06.10-13.10.2025/4Z/107MEDIA/DSCF0819.JPG,DSCF0819.JPG,4Z/107MEDIA,0,Other_Amphibian,0.5602,3217.4,1952.8,3349.5,2095.7
/srv/shared_leopard_toad/2025/Documents/06.10-13.10.2025/4Z/107MEDIA/DSCF0819.JPG,DSCF0819.JPG,4Z/107MEDIA,0,Other_Amphibian,0.4515,3226.0,1952.0,3353.1,2095.2
/srv/shared_leopard_toad/2025/Documents/06.10-13.10.2025/4Z/107MEDIA/DSCF0819.JPG,DSCF0819.JPG,4Z/107MEDIA,2,Western_Leopard_Toad,0.2007,3654.3,1647.9,3931.0,1917.5
/srv/shared_leopard_toad/2025/Documents/06.10-13.10.2025/4Z/107MEDIA/DSCF0680.JPG,DSCF0680.JPG,4Z/107MEDIA,0,Other_Amphibian,0.5857,3214.5,1950.9,3350.5,2097.6
/srv/shared_leopard_toad/2025/Documents/06.10-13.10.2025/4Z/107MEDIA/DSCF0680.JPG,DSCF0680.JPG,4Z/107MEDIA,0,Other_Amphibian,0.5129,3222.3,1950.2,3355.2,2095.8
/srv/shared_leopard_toad/2025/Documents/06.10-13.10.2025/4Z/107MEDIA/DSCF0680.JPG,DSCF0680.JPG,4Z/107MEDIA,2,Western_Leopard_Toad,0.2251,3652.4,1648.8,3933.1,1918.0
/srv/shared_leopard_toad/2025/Documents/06.10-13.10.2025/4Z/107MEDIA/DSCF0260.JPG,DSCF0260.JPG,4Z/107MEDIA,0,Other_Amphibian,0.5249,3218.1,1953.0,3349.5,2096.4
/srv/shared_leopard_toad/2025/Documents/06.10-13.10.2025/4Z/107MEDIA/DSCF0260.JPG,DSCF0260.JPG,4Z/107MEDIA,0,Other_Amphibian,0.4514,3224.9,1953.1,3352.7,2096.7
/srv/shared_leopard_toad/2025/Documents/06.10-13.10.2025/4Z/107MEDIA/DSCF0115.JPG,DSCF0115.JPG,4Z/107MEDIA,0,Other_Amphibian,0.5675,3217.4,1951.8,3347.5,2095.6
/srv/shared_leopard_toad/2025/Documents/06.10-13.10.2025/4Z/107MEDIA/DSCF0115.JPG,DSCF0115.JPG,4Z/107MEDIA,0,Other_Amphibian,0.4630,3225.5,1951.4,3348.9,2095.2
/srv/shared_leopard_toad/2025/Documents/06.10-13.10.2025/4Z/107MEDIA/DSCF0462.JPG,DSCF0462.JPG,4Z/107MEDIA,0,Other_Amphibian,0.6011,3215.9,1953.2,3348.8,2096.7
/srv/shared_leopard_toad/2025/Documents/06.10-13.10.2025/4Z/107MEDIA/DSCF0462.JPG,DSCF0462.JPG,4Z/107MEDIA,0,Other_Amphibian,0.5078,3223.6,1952.6,3350.1,2096.0
/srv/shared_leopard_toad/2025/Documents/06.10-13.10.2025/4Z/107MEDIA/DSCF0037.JPG,DSCF0037.JPG,4Z/107MEDIA,0,Other_Amphibian,0.5757,3214.0,1952.7,3349.4,2096.4
/srv/shared_leopard_toad/2025/Documents/06.10-13.10.2025/4Z/107MEDIA/DSCF0037.JPG,DSCF0037.JPG,4Z/107MEDIA,0,Other_Amphibian,0.4873,3220.5,1952.4,3351.9,2095.4
/srv/shared_leopard_toad/2025/Documents/06.10-13.10.2025/4Z/107MEDIA/DSCF0037.JPG,DSCF0037.JPG,4Z/107MEDIA,2,Western_Leopard_Toad,0.2569,3655.7,1649.1,3932.8,1919.2
/srv/shared_leopard_toad/2025/Documents/06.10-13.10.2025/4Z/107MEDIA/DSCF0056.JPG,DSCF0056.JPG,4Z/107MEDIA,0,Other_Amphibian,0.5475,3220.1,1953.9,3351.1,2097.9
/srv/shared_leopard_toad/2025/Documents/06.10-13.10.2025/4Z/107MEDIA/DSCF0056.JPG,DSCF0056.JPG,4Z/107MEDIA,0,Other_Amphibian,0.4992,3221.7,1954.2,3351.1,2098.2
/srv/shared_leopard_toad/2025/Documents/06.10-13.10.2025/4Z/107MEDIA/DSCF0522.JPG,DSCF0522.JPG,4Z/107MEDIA,0,Other_Amphibian,0.5940,3215.5,1952.3,3350.1,2096.1
/srv/shared_leopard_toad/2025/Documents/06.10-13.10.2025/4Z/107MEDIA/DSCF0522.JPG,DSCF0522.JPG,4Z/107MEDIA,0,Other_Amphibian,0.5090,3222.6,1951.9,3353.7,2095.3
/srv/shared_leopard_toad/2025/Documents/06.10-13.10.2025/4Z/107MEDIA/DSCF0641.JPG,DSCF0641.JPG,4Z/107MEDIA,0,Other_Amphibian,0.5767,3214.5,1952.4,3351.0,2097.4
/srv/shared_leopard_toad/2025/Documents/06.10-13.10.2025/4Z/107MEDIA/DSCF0641.JPG,DSCF0641.JPG,4Z/107MEDIA,0,Other_Amphibian,0.4926,3221.0,1952.2,3352.9,2096.2
/srv/shared_leopard_toad/2025/Documents/06.10-13.10.2025/4Z/107MEDIA/DSCF0641.JPG,DSCF0641.JPG,4Z/107MEDIA,2,Western_Leopard_Toad,0.2222,3651.2,1648.2,3934.1,1918.8
/srv/shared_leopard_toad/2025/Documents/06.10-13.10.2025/4Z/107MEDIA/DSCF0624.JPG,DSCF0624.JPG,4Z/107MEDIA,0,Other_Amphibian,0.6043,3214.7,1951.5,3349.8,2096.4
/srv/shared_leopard_toad/2025/Documents/06.10-13.10.2025/4Z/107MEDIA/DSCF0624.JPG,DSCF0624.JPG,4Z/107MEDIA,0,Other_Amphibian,0.5201,3222.3,1951.4,3352.6,2095.3
/srv/shared_leopard_toad/2025/Documents/06.10-13.10.2025/4Z/107MEDIA/DSCF0561.JPG,DSCF0561.JPG,4Z/107MEDIA,0,Other_Amphibian,0.5821,3215.8,1952.1,3349.8,2098.3
/srv/shared_leopard_toad/2025/Documents/06.10-13.10.2025/4Z/107MEDIA/DSCF0561.JPG,DSCF0561.JPG,4Z/107MEDIA,0,Other_Amphibian,0.4971,3224.1,1951.8,3353.1,2097.2
/srv/shared_leopard_toad/2025/Documents/06.10-13.10.2025/4Z/107MEDIA/DSCF0561.JPG,DSCF0561.JPG,4Z/107MEDIA,2,Western_Leopard_Toad,0.3205,3654.5,1648.6,3933.1,1916.8
/srv/shared_leopard_toad/2025/Documents/06.10-13.10.2025/4Z/107MEDIA/DSCF0436.JPG,DSCF0436.JPG,4Z/107MEDIA,0,Other_Amphibian,0.5934,3216.6,1952.7,3352.6,2097.8
/srv/shared_leopard_toad/2025/Documents/06.10-13.10.2025/4Z/107MEDIA/DSCF0436.JPG,DSCF0436.JPG,4Z/107MEDIA,0,Other_Amphibian,0.5357,3220.0,1952.6,3351.9,2097.6
/srv/shared_leopard_toad/2025/Documents/06.10-13.10.2025/4Z/107MEDIA/DSCF0616.JPG,DSCF0616.JPG,4Z/107MEDIA,0,Other_Amphibian,0.6041,3216.4,1953.7,3350.9,2095.2
/srv/shared_leopard_toad/2025/Documents/06.10-13.10.2025/4Z/107MEDIA/DSCF0616.JPG,DSCF0616.JPG,4Z/107MEDIA,0,Other_Amphibian,0.5179,3223.6,1954.0,3352.7,2095.3
/srv/shared_leopard_toad/2025/Documents/06.10-13.10.2025/4Z/107MEDIA/DSCF0829.JPG,DSCF0829.JPG,4Z/107MEDIA,0,Other_Amphibian,0.5661,3216.6,1952.3,3349.1,2095.2
/srv/shared_leopard_toad/2025/Documents/06.10-13.10.2025/4Z/107MEDIA/DSCF0829.JPG,DSCF0829.JPG,4Z/107MEDIA,0,Other_Amphibian,0.4734,3223.4,1952.2,3351.4,2094.7
/srv/shared_leopard_toad/2025/Documents/06.10-13.10.2025/4Z/107MEDIA/DSCF0137.JPG,DSCF0137.JPG,4Z/107MEDIA,0,Other_Amphibian,0.5954,3215.1,1954.7,3352.4,2097.5
/srv/shared_leopard_toad/2025/Documents/06.10-13.10.2025/4Z/107MEDIA/DSCF0137.JPG,DSCF0137.JPG,4Z/107MEDIA,0,Other_Amphibian,0.5002,3220.8,1955.4,3352.2,2097.7
/srv/shared_leopard_toad/2025/Documents/06.10-13.10.2025/4Z/107MEDIA/DSCF0069.JPG,DSCF0069.JPG,4Z/107MEDIA,0,Other_Amphibian,0.5918,3216.5,1950.7,3349.9,2096.1
/srv/shared_leopard_toad/2025/Documents/06.10-13.10.2025/4Z/107MEDIA/DSCF0069.JPG,DSCF0069.JPG,4Z/107MEDIA,0,Other_Amphibian,0.5169,3223.4,1950.6,3352.9,2095.9
/srv/shared_leopard_toad/2025/Documents/06.10-13.10.2025/4Z/107MEDIA/DSCF0821.JPG,DSCF0821.JPG,4Z/107MEDIA,0,Other_Amphibian,0.4832,3219.2,1952.0,3350.1,2094.5
/srv/shared_leopard_toad/2025/Documents/06.10-13.10.2025/4Z/107MEDIA/DSCF0821.JPG,DSCF0821.JPG,4Z/107MEDIA,0,Other_Amphibian,0.4157,3225.2,1952.2,3352.2,2095.0
/srv/shared_leopard_toad/2025/Documents/06.10-13.10.2025/4Z/107MEDIA/DSCF0484.JPG,DSCF0484.JPG,4Z/107MEDIA,0,Other_Amphibian,0.6305,3214.2,1952.8,3350.2,2096.1
/srv/shared_leopard_toad/2025/Documents/06.10-13.10.2025/4Z/107MEDIA/DSCF0484.JPG,DSCF0484.JPG,4Z/107MEDIA,0,Other_Amphibian,0.5758,3220.0,1952.5,3351.5,2094.9
/srv/shared_leopard_toad/2025/Documents/06.10-13.10.2025/4Z/107MEDIA/DSCF0471.JPG,DSCF0471.JPG,4Z/107MEDIA,0,Other_Amphibian,0.5752,3217.6,1953.1,3348.7,2097.1
/srv/shared_leopard_toad/2025/Documents/06.10-13.10.2025/4Z/107MEDIA/DSCF0471.JPG,DSCF0471.JPG,4Z/107MEDIA,0,Other_Amphibian,0.4661,3224.5,1953.1,3350.1,2097.2
/srv/shared_leopard_toad/2025/Documents/06.10-13.10.2025/4Z/107MEDIA/DSCF0609.JPG,DSCF0609.JPG,4Z/107MEDIA,0,Other_Amphibian,0.6064,3215.4,1953.2,3351.3,2095.1
/srv/shared_leopard_toad/2025/Documents/06.10-13.10.2025/4Z/107MEDIA/DSCF0609.JPG,DSCF0609.JPG,4Z/107MEDIA,0,Other_Amphibian,0.5584,3220.6,1953.1,3352.3,2094.2
/srv/shared_leopard_toad/2025/Documents/06.10-13.10.2025/4Z/107MEDIA/DSCF0239.JPG,DSCF0239.JPG,4Z/107MEDIA,0,Other_Amphibian,0.5635,3216.1,1952.8,3349.7,2098.2
/srv/shared_leopard_toad/2025/Documents/06.10-13.10.2025/4Z/107MEDIA/DSCF0239.JPG,DSCF0239.JPG,4Z/107MEDIA,0,Other_Amphibian,0.5011,3223.8,1952.2,3354.0,2097.3
/srv/shared_leopard_toad/2025/Documents/06.10-13.10.2025/4Z/107MEDIA/DSCF0329.JPG,DSCF0329.JPG,4Z/107MEDIA,0,Other_Amphibian,0.5984,3215.4,1954.7,3350.1,2096.6
/srv/shared_leopard_toad/2025/Documents/06.10-13.10.2025/4Z/107MEDIA/DSCF0329.JPG,DSCF0329.JPG,4Z/107MEDIA,0,Other_Amphibian,0.4986,3222.3,1954.6,3352.2,2096.3
/srv/shared_leopard_toad/2025/Documents/06.10-13.10.2025/4Z/107MEDIA/DSCF0129.JPG,DSCF0129.JPG,4Z/107MEDIA,0,Other_Amphibian,0.5543,3217.3,1955.1,3348.6,2096.6
/srv/shared_leopard_toad/2025/Documents/06.10-13.10.2025/4Z/107MEDIA/DSCF0129.JPG,DSCF0129.JPG,4Z/107MEDIA,0,Other_Amphibian,0.4173,3226.4,1955.2,3351.8,2097.2
/srv/shared_leopard_toad/2025/Documents/06.10-13.10.2025/4Z/107MEDIA/DSCF0147.JPG,DSCF0147.JPG,4Z/107MEDIA,0,Other_Amphibian,0.5850,3217.3,1951.9,3350.1,2098.3
/srv/shared_leopard_toad/2025/Documents/06.10-13.10.2025/4Z/107MEDIA/DSCF0147.JPG,DSCF0147.JPG,4Z/107MEDIA,0,Other_Amphibian,0.4752,3225.1,1953.1,3351.7,2099.1
/srv/shared_leopard_toad/2025/Documents/06.10-13.10.2025/4Z/107MEDIA/DSCF0147.JPG,DSCF0147.JPG,4Z/107MEDIA,2,Western_Leopard_Toad,0.2392,3655.5,1647.2,3929.1,1917.9
/srv/shared_leopard_toad/2025/Documents/06.10-13.10.2025/4Z/107MEDIA/DSCF0882.JPG,DSCF0882.JPG,4Z/107MEDIA,0,Other_Amphibian,0.6276,3216.4,1950.5,3350.8,2094.5
/srv/shared_leopard_toad/2025/Documents/06.10-13.10.2025/4Z/107MEDIA/DSCF0882.JPG,DSCF0882.JPG,4Z/107MEDIA,0,Other_Amphibian,0.5664,3223.3,1951.1,3352.6,2094.5
/srv/shared_leopard_toad/2025/Documents/06.10-13.10.2025/4Z/107MEDIA/DSCF0261.JPG,DSCF0261.JPG,4Z/107MEDIA,0,Other_Amphibian,0.5430,3218.3,1952.8,3349.3,2095.9
/srv/shared_leopard_toad/2025/Documents/06.10-13.10.2025/4Z/107MEDIA/DSCF0261.JPG,DSCF0261.JPG,4Z/107MEDIA,0,Other_Amphibian,0.4395,3226.6,1953.3,3352.3,2097.1
/srv/shared_leopard_toad/2025/Documents/06.10-13.10.2025/4Z/107MEDIA/DSCF0062.JPG,DSCF0062.JPG,4Z/107MEDIA,0,Other_Amphibian,0.5722,3215.7,1954.1,3348.3,2097.4
/srv/shared_leopard_toad/2025/Documents/06.10-13.10.2025/4Z/107MEDIA/DSCF0062.JPG,DSCF0062.JPG,4Z/107MEDIA,0,Other_Amphibian,0.4721,3223.6,1953.9,3351.7,2096.8
/srv/shared_leopard_toad/2025/Documents/06.10-13.10.2025/4Z/107MEDIA/DSCF0062.JPG,DSCF0062.JPG,4Z/107MEDIA,2,Western_Leopard_Toad,0.2422,3652.4,1648.7,3930.4,1918.3
/srv/shared_leopard_toad/2025/Documents/06.10-13.10.2025/4Z/107MEDIA/DSCF0326.JPG,DSCF0326.JPG,4Z/107MEDIA,0,Other_Amphibian,0.6070,3214.4,1952.8,3350.3,2096.2
/srv/shared_leopard_toad/2025/Documents/06.10-13.10.2025/4Z/107MEDIA/DSCF0326.JPG,DSCF0326.JPG,4Z/107MEDIA,0,Other_Amphibian,0.5327,3219.8,1952.9,3349.9,2096.0
/srv/shared_leopard_toad/2025/Documents/06.10-13.10.2025/4Z/107MEDIA/DSCF0809.JPG,DSCF0809.JPG,4Z/107MEDIA,0,Other_Amphibian,0.6001,3217.8,1952.7,3351.6,2096.7
/srv/shared_leopard_toad/2025/Documents/06.10-13.10.2025/4Z/107MEDIA/DSCF0809.JPG,DSCF0809.JPG,4Z/107MEDIA,0,Other_Amphibian,0.5200,3222.5,1953.1,3353.1,2096.7
/srv/shared_leopard_toad/2025/Documents/06.10-13.10.2025/4Z/107MEDIA/DSCF0975.JPG,DSCF0975.JPG,4Z/107MEDIA,0,Other_Amphibian,0.5480,3219.4,1954.2,3349.0,2095.6
/srv/shared_leopard_toad/2025/Documents/06.10-13.10.2025/4Z/107MEDIA/DSCF0975.JPG,DSCF0975.JPG,4Z/107MEDIA,0,Other_Amphibian,0.4597,3226.1,1953.6,3351.8,2095.9
/srv/shared_leopard_toad/2025/Documents/06.10-13.10.2025/4Z/107MEDIA/DSCF0796.JPG,DSCF0796.JPG,4Z/107MEDIA,0,Other_Amphibian,0.5370,3217.6,1952.9,3349.2,2094.6
/srv/shared_leopard_toad/2025/Documents/06.10-13.10.2025/4Z/107MEDIA/DSCF0796.JPG,DSCF0796.JPG,4Z/107MEDIA,0,Other_Amphibian,0.4745,3222.0,1953.1,3350.1,2094.7
/srv/shared_leopard_toad/2025/Documents/06.10-13.10.2025/4Z/107MEDIA/DSCF0495.JPG,DSCF0495.JPG,4Z/107MEDIA,0,Other_Amphibian,0.5724,3217.7,1952.3,3350.5,2096.9
/srv/shared_leopard_toad/2025/Documents/06.10-13.10.2025/4Z/107MEDIA/DSCF0495.JPG,DSCF0495.JPG,4Z/107MEDIA,0,Other_Amphibian,0.4973,3224.0,1952.4,3352.4,2096.6
/srv/shared_leopard_toad/2025/Documents/06.10-13.10.2025/4Z/107MEDIA/DSCF0590.JPG,DSCF0590.JPG,4Z/107MEDIA,0,Other_Amphibian,0.5737,3217.7,1954.6,3351.4,2096.5
/srv/shared_leopard_toad/2025/Documents/06.10-13.10.2025/4Z/107MEDIA/DSCF0590.JPG,DSCF0590.JPG,4Z/107MEDIA,0,Other_Amphibian,0.4649,3224.6,1954.9,3352.5,2096.8
/srv/shared_leopard_toad/2025/Documents/06.10-13.10.2025/4Z/107MEDIA/DSCF0934.JPG,DSCF0934.JPG,4Z/107MEDIA,0,Other_Amphibian,0.5618,3215.0,1952.4,3350.2,2096.9
/srv/shared_leopard_toad/2025/Documents/06.10-13.10.2025/4Z/107MEDIA/DSCF0934.JPG,DSCF0934.JPG,4Z/107MEDIA,0,Other_Amphibian,0.5006,3220.9,1952.1,3351.7,2095.7
/srv/shared_leopard_toad/2025/Documents/06.10-13.10.2025/4Z/107MEDIA/DSCF0175.JPG,DSCF0175.JPG,4Z/107MEDIA,0,Other_Amphibian,0.5395,3216.8,1951.8,3350.7,2095.1
/srv/shared_leopard_toad/2025/Documents/06.10-13.10.2025/4Z/107MEDIA/DSCF0175.JPG,DSCF0175.JPG,4Z/107MEDIA,0,Other_Amphibian,0.4573,3222.9,1951.8,3352.8,2094.7
/srv/shared_leopard_toad/2025/Documents/06.10-13.10.2025/4Z/107MEDIA/DSCF0951.JPG,DSCF0951.JPG,4Z/107MEDIA,0,Other_Amphibian,0.5426,3216.9,1951.7,3351.7,2095.3
/srv/shared_leopard_toad/2025/Documents/06.10-13.10.2025/4Z/107MEDIA/DSCF0951.JPG,DSCF0951.JPG,4Z/107MEDIA,0,Other_Amphibian,0.4507,3223.0,1952.2,3354.0,2095.8
/srv/shared_leopard_toad/2025/Documents/06.10-13.10.2025/4Z/107MEDIA/DSCF0647.JPG,DSCF0647.JPG,4Z/107MEDIA,0,Other_Amphibian,0.6171,3215.9,1952.7,3350.5,2094.7
/srv/shared_leopard_toad/2025/Documents/06.10-13.10.2025/4Z/107MEDIA/DSCF0647.JPG,DSCF0647.JPG,4Z/107MEDIA,0,Other_Amphibian,0.5286,3221.4,1952.9,3350.9,2095.0
/srv/shared_leopard_toad/2025/Documents/06.10-13.10.2025/4Z/107MEDIA/DSCF0573.JPG,DSCF0573.JPG,4Z/107MEDIA,0,Other_Amphibian,0.5839,3216.4,1951.9,3352.2,2096.5
/srv/shared_leopard_toad/2025/Documents/06.10-13.10.2025/4Z/107MEDIA/DSCF0573.JPG,DSCF0573.JPG,4Z/107MEDIA,0,Other_Amphibian,0.5063,3221.4,1952.5,3353.6,2095.9
/srv/shared_leopard_toad/2025/Documents/06.10-13.10.2025/4Z/107MEDIA/DSCF0573.JPG,DSCF0573.JPG,4Z/107MEDIA,2,Western_Leopard_Toad,0.2564,3654.3,1650.2,3934.9,1917.4
/srv/shared_leopard_toad/2025/Documents/06.10-13.10.2025/4Z/107MEDIA/DSCF0914.JPG,DSCF0914.JPG,4Z/107MEDIA,0,Other_Amphibian,0.5172,3218.4,1952.0,3349.2,2095.5
/srv/shared_leopard_toad/2025/Documents/06.10-13.10.2025/4Z/107MEDIA/DSCF0914.JPG,DSCF0914.JPG,4Z/107MEDIA,0,Other_Amphibian,0.4415,3225.2,1952.1,3351.6,2095.7
/srv/shared_leopard_toad/2025/Documents/06.10-13.10.2025/4Z/107MEDIA/DSCF0332.JPG,DSCF0332.JPG,4Z/107MEDIA,0,Other_Amphibian,0.5885,3215.9,1952.2,3349.3,2097.2
/srv/shared_leopard_toad/2025/Documents/06.10-13.10.2025/4Z/107MEDIA/DSCF0332.JPG,DSCF0332.JPG,4Z/107MEDIA,0,Other_Amphibian,0.4882,3226.0,1952.9,3351.9,2098.1
/srv/shared_leopard_toad/2025/Documents/06.10-13.10.2025/4Z/107MEDIA/DSCF0332.JPG,DSCF0332.JPG,4Z/107MEDIA,2,Western_Leopard_Toad,0.2442,3654.9,1649.8,3931.9,1918.2
/srv/shared_leopard_toad/2025/Documents/06.10-13.10.2025/4Z/107MEDIA/DSCF0203.JPG,DSCF0203.JPG,4Z/107MEDIA,0,Other_Amphibian,0.5629,3216.6,1953.0,3346.9,2096.6
/srv/shared_leopard_toad/2025/Documents/06.10-13.10.2025/4Z/107MEDIA/DSCF0203.JPG,DSCF0203.JPG,4Z/107MEDIA,0,Other_Amphibian,0.4410,3224.2,1952.7,3348.0,2096.5
/srv/shared_leopard_toad/2025/Documents/06.10-13.10.2025/4Z/107MEDIA/DSCF0103.JPG,DSCF0103.JPG,4Z/107MEDIA,0,Other_Amphibian,0.6015,3217.1,1953.6,3352.5,2097.0
/srv/shared_leopard_toad/2025/Documents/06.10-13.10.2025/4Z/107MEDIA/DSCF0103.JPG,DSCF0103.JPG,4Z/107MEDIA,0,Other_Amphibian,0.5365,3223.2,1953.1,3355.0,2096.2
/srv/shared_leopard_toad/2025/Documents/06.10-13.10.2025/4Z/107MEDIA/DSCF0388.JPG,DSCF0388.JPG,4Z/107MEDIA,0,Other_Amphibian,0.5976,3214.7,1952.1,3350.6,2095.7
/srv/shared_leopard_toad/2025/Documents/06.10-13.10.2025/4Z/107MEDIA/DSCF0388.JPG,DSCF0388.JPG,4Z/107MEDIA,0,Other_Amphibian,0.5338,3221.9,1951.7,3354.3,2094.5
/srv/shared_leopard_toad/2025/Documents/06.10-13.10.2025/4Z/107MEDIA/DSCF0920.JPG,DSCF0920.JPG,4Z/107MEDIA,0,Other_Amphibian,0.6154,3214.8,1951.1,3351.3,2097.8
/srv/shared_leopard_toad/2025/Documents/06.10-13.10.2025/4Z/107MEDIA/DSCF0920.JPG,DSCF0920.JPG,4Z/107MEDIA,0,Other_Amphibian,0.5700,3221.2,1950.9,3354.1,2096.5
/srv/shared_leopard_toad/2025/Documents/06.10-13.10.2025/4Z/107MEDIA/DSCF0039.JPG,DSCF0039.JPG,4Z/107MEDIA,0,Other_Amphibian,0.5650,3218.2,1954.1,3351.0,2097.0
/srv/shared_leopard_toad/2025/Documents/06.10-13.10.2025/4Z/107MEDIA/DSCF0039.JPG,DSCF0039.JPG,4Z/107MEDIA,0,Other_Amphibian,0.4967,3223.4,1953.7,3352.7,2096.5
/srv/shared_leopard_toad/2025/Documents/06.10-13.10.2025/4Z/107MEDIA/DSCF0968.JPG,DSCF0968.JPG,4Z/107MEDIA,0,Other_Amphibian,0.5925,3217.3,1952.1,3350.7,2092.5
/srv/shared_leopard_toad/2025/Documents/06.10-13.10.2025/4Z/107MEDIA/DSCF0968.JPG,DSCF0968.JPG,4Z/107MEDIA,0,Other_Amphibian,0.4878,3224.1,1952.6,3353.0,2093.4
/srv/shared_leopard_toad/2025/Documents/06.10-13.10.2025/4Z/107MEDIA/DSCF0070.JPG,DSCF0070.JPG,4Z/107MEDIA,0,Other_Amphibian,0.5455,3216.2,1952.4,3351.4,2095.7
/srv/shared_leopard_toad/2025/Documents/06.10-13.10.2025/4Z/107MEDIA/DSCF0070.JPG,DSCF0070.JPG,4Z/107MEDIA,0,Other_Amphibian,0.4811,3222.0,1952.7,3354.1,2096.1
/srv/shared_leopard_toad/2025/Documents/06.10-13.10.2025/4Z/107MEDIA/DSCF0092.JPG,DSCF0092.JPG,4Z/107MEDIA,0,Other_Amphibian,0.5784,3216.8,1953.3,3351.5,2096.2
/srv/shared_leopard_toad/2025/Documents/06.10-13.10.2025/4Z/107MEDIA/DSCF0092.JPG,DSCF0092.JPG,4Z/107MEDIA,0,Other_Amphibian,0.4418,3223.6,1954.3,3351.3,2097.0
/srv/shared_leopard_toad/2025/Documents/06.10-13.10.2025/4Z/107MEDIA/DSCF0100.JPG,DSCF0100.JPG,4Z/107MEDIA,0,Other_Amphibian,0.5469,3215.7,1954.6,3347.9,2097.7
/srv/shared_leopard_toad/2025/Documents/06.10-13.10.2025/4Z/107MEDIA/DSCF0100.JPG,DSCF0100.JPG,4Z/107MEDIA,0,Other_Amphibian,0.4616,3223.6,1954.0,3350.6,2096.9
/srv/shared_leopard_toad/2025/Documents/06.10-13.10.2025/4Z/107MEDIA/DSCF0401.JPG,DSCF0401.JPG,4Z/107MEDIA,0,Other_Amphibian,0.5470,3216.7,1952.7,3349.6,2095.1
/srv/shared_leopard_toad/2025/Documents/06.10-13.10.2025/4Z/107MEDIA/DSCF0401.JPG,DSCF0401.JPG,4Z/107MEDIA,0,Other_Amphibian,0.4835,3222.2,1952.5,3352.4,2094.2
/srv/shared_leopard_toad/2025/Documents/06.10-13.10.2025/4Z/107MEDIA/DSCF0948.JPG,DSCF0948.JPG,4Z/107MEDIA,0,Other_Amphibian,0.5282,3219.0,1954.3,3350.0,2093.4
/srv/shared_leopard_toad/2025/Documents/06.10-13.10.2025/4Z/107MEDIA/DSCF0948.JPG,DSCF0948.JPG,4Z/107MEDIA,0,Other_Amphibian,0.4364,3225.1,1954.1,3352.1,2094.4
/srv/shared_leopard_toad/2025/Documents/06.10-13.10.2025/4Z/107MEDIA/DSCF0973.JPG,DSCF0973.JPG,4Z/107MEDIA,0,Other_Amphibian,0.5066,3220.7,1953.5,3350.1,2095.9
/srv/shared_leopard_toad/2025/Documents/06.10-13.10.2025/4Z/107MEDIA/DSCF0973.JPG,DSCF0973.JPG,4Z/107MEDIA,0,Other_Amphibian,0.3970,3228.4,1954.3,3352.1,2098.6
/srv/shared_leopard_toad/2025/Documents/06.10-13.10.2025/4Z/107MEDIA/DSCF0599.JPG,DSCF0599.JPG,4Z/107MEDIA,0,Other_Amphibian,0.5951,3215.1,1952.9,3351.2,2096.8
/srv/shared_leopard_toad/2025/Documents/06.10-13.10.2025/4Z/107MEDIA/DSCF0599.JPG,DSCF0599.JPG,4Z/107MEDIA,0,Other_Amphibian,0.5261,3222.0,1952.6,3354.1,2095.8
/srv/shared_leopard_toad/2025/Documents/06.10-13.10.2025/4Z/107MEDIA/DSCF0491.JPG,DSCF0491.JPG,4Z/107MEDIA,0,Other_Amphibian,0.5731,3217.5,1952.4,3348.4,2096.5
/srv/shared_leopard_toad/2025/Documents/06.10-13.10.2025/4Z/107MEDIA/DSCF0491.JPG,DSCF0491.JPG,4Z/107MEDIA,0,Other_Amphibian,0.4785,3224.5,1952.0,3349.9,2095.8
/srv/shared_leopard_toad/2025/Documents/06.10-13.10.2025/4Z/107MEDIA/DSCF0600.JPG,DSCF0600.JPG,4Z/107MEDIA,0,Other_Amphibian,0.5960,3214.4,1953.0,3349.5,2095.8
/srv/shared_leopard_toad/2025/Documents/06.10-13.10.2025/4Z/107MEDIA/DSCF0600.JPG,DSCF0600.JPG,4Z/107MEDIA,0,Other_Amphibian,0.5093,3222.9,1952.7,3353.0,2094.8
/srv/shared_leopard_toad/2025/Documents/06.10-13.10.2025/4Z/107MEDIA/DSCF0600.JPG,DSCF0600.JPG,4Z/107MEDIA,2,Western_Leopard_Toad,0.2355,3651.5,1649.7,3933.7,1916.8
/srv/shared_leopard_toad/2025/Documents/06.10-13.10.2025/4Z/107MEDIA/DSCF0984.JPG,DSCF0984.JPG,4Z/107MEDIA,0,Other_Amphibian,0.4633,3221.3,1949.5,3347.9,2092.5
/srv/shared_leopard_toad/2025/Documents/06.10-13.10.2025/4Z/107MEDIA/DSCF0984.JPG,DSCF0984.JPG,4Z/107MEDIA,0,Other_Amphibian,0.3746,3224.7,1950.4,3348.4,2094.1
/srv/shared_leopard_toad/2025/Documents/06.10-13.10.2025/4Z/107MEDIA/DSCF0042.JPG,DSCF0042.JPG,4Z/107MEDIA,0,Other_Amphibian,0.5909,3214.3,1953.3,3349.4,2098.8
/srv/shared_leopard_toad/2025/Documents/06.10-13.10.2025/4Z/107MEDIA/DSCF0042.JPG,DSCF0042.JPG,4Z/107MEDIA,0,Other_Amphibian,0.4968,3220.0,1953.3,3350.6,2098.2
/srv/shared_leopard_toad/2025/Documents/06.10-13.10.2025/4Z/107MEDIA/DSCF0042.JPG,DSCF0042.JPG,4Z/107MEDIA,2,Western_Leopard_Toad,0.2430,3653.5,1647.4,3929.8,1916.8
/srv/shared_leopard_toad/2025/Documents/06.10-13.10.2025/4Z/107MEDIA/DSCF0921.JPG,DSCF0921.JPG,4Z/107MEDIA,0,Other_Amphibian,0.4801,3219.8,1949.3,3348.4,2095.9
/srv/shared_leopard_toad/2025/Documents/06.10-13.10.2025/4Z/107MEDIA/DSCF0921.JPG,DSCF0921.JPG,4Z/107MEDIA,0,Other_Amphibian,0.3976,3226.4,1949.2,3350.1,2096.4
/srv/shared_leopard_toad/2025/Documents/06.10-13.10.2025/4Z/107MEDIA/DSCF0529.JPG,DSCF0529.JPG,4Z/107MEDIA,0,Other_Amphibian,0.6082,3215.3,1952.4,3349.1,2096.6
/srv/shared_leopard_toad/2025/Documents/06.10-13.10.2025/4Z/107MEDIA/DSCF0529.JPG,DSCF0529.JPG,4Z/107MEDIA,0,Other_Amphibian,0.5502,3221.4,1952.2,3351.8,2095.4
/srv/shared_leopard_toad/2025/Documents/06.10-13.10.2025/4Z/107MEDIA/DSCF0010.JPG,DSCF0010.JPG,4Z/107MEDIA,0,Other_Amphibian,0.5976,3216.0,1955.4,3349.0,2096.9
/srv/shared_leopard_toad/2025/Documents/06.10-13.10.2025/4Z/107MEDIA/DSCF0010.JPG,DSCF0010.JPG,4Z/107MEDIA,0,Other_Amphibian,0.4838,3221.5,1955.2,3348.6,2096.7
/srv/shared_leopard_toad/2025/Documents/06.10-13.10.2025/4Z/107MEDIA/DSCF0835.JPG,DSCF0835.JPG,4Z/107MEDIA,0,Other_Amphibian,0.5198,3216.5,1952.0,3350.5,2097.1
/srv/shared_leopard_toad/2025/Documents/06.10-13.10.2025/4Z/107MEDIA/DSCF0835.JPG,DSCF0835.JPG,4Z/107MEDIA,0,Other_Amphibian,0.4296,3224.1,1951.7,3354.2,2096.8
/srv/shared_leopard_toad/2025/Documents/06.10-13.10.2025/4Z/107MEDIA/DSCF0835.JPG,DSCF0835.JPG,4Z/107MEDIA,2,Western_Leopard_Toad,0.2460,3651.6,1646.4,3930.3,1917.3
/srv/shared_leopard_toad/2025/Documents/06.10-13.10.2025/4Z/107MEDIA/DSCF0348.JPG,DSCF0348.JPG,4Z/107MEDIA,0,Other_Amphibian,0.6476,3214.2,1951.9,3350.9,2095.6
/srv/shared_leopard_toad/2025/Documents/06.10-13.10.2025/4Z/107MEDIA/DSCF0348.JPG,DSCF0348.JPG,4Z/107MEDIA,0,Other_Amphibian,0.5806,3219.7,1951.5,3352.1,2094.8
/srv/shared_leopard_toad/2025/Documents/06.10-13.10.2025/4Z/107MEDIA/DSCF0078.JPG,DSCF0078.JPG,4Z/107MEDIA,0,Other_Amphibian,0.5946,3213.0,1952.0,3348.7,2099.5
/srv/shared_leopard_toad/2025/Documents/06.10-13.10.2025/4Z/107MEDIA/DSCF0078.JPG,DSCF0078.JPG,4Z/107MEDIA,0,Other_Amphibian,0.4719,3218.7,1952.3,3347.6,2099.2
/srv/shared_leopard_toad/2025/Documents/06.10-13.10.2025/4Z/107MEDIA/DSCF0078.JPG,DSCF0078.JPG,4Z/107MEDIA,2,Western_Leopard_Toad,0.2971,3654.1,1648.4,3932.4,1918.0
/srv/shared_leopard_toad/2025/Documents/06.10-13.10.2025/4Z/107MEDIA/DSCF0244.JPG,DSCF0244.JPG,4Z/107MEDIA,0,Other_Amphibian,0.5609,3214.6,1952.3,3349.6,2100.3
/srv/shared_leopard_toad/2025/Documents/06.10-13.10.2025/4Z/107MEDIA/DSCF0244.JPG,DSCF0244.JPG,4Z/107MEDIA,0,Other_Amphibian,0.4532,3221.4,1952.4,3352.2,2099.5
/srv/shared_leopard_toad/2025/Documents/06.10-13.10.2025/4Z/107MEDIA/DSCF0217.JPG,DSCF0217.JPG,4Z/107MEDIA,0,Other_Amphibian,0.5782,3215.6,1951.9,3348.9,2097.8
/srv/shared_leopard_toad/2025/Documents/06.10-13.10.2025/4Z/107MEDIA/DSCF0217.JPG,DSCF0217.JPG,4Z/107MEDIA,0,Other_Amphibian,0.4891,3223.1,1951.9,3350.6,2097.1
/srv/shared_leopard_toad/2025/Documents/06.10-13.10.2025/4Z/107MEDIA/DSCF0242.JPG,DSCF0242.JPG,4Z/107MEDIA,0,Other_Amphibian,0.5949,3215.9,1954.8,3347.4,2098.0
/srv/shared_leopard_toad/2025/Documents/06.10-13.10.2025/4Z/107MEDIA/DSCF0242.JPG,DSCF0242.JPG,4Z/107MEDIA,0,Other_Amphibian,0.4707,3224.9,1954.1,3351.0,2097.4
/srv/shared_leopard_toad/2025/Documents/06.10-13.10.2025/4Z/107MEDIA/DSCF0242.JPG,DSCF0242.JPG,4Z/107MEDIA,2,Western_Leopard_Toad,0.3230,3655.7,1649.1,3932.1,1917.8
/srv/shared_leopard_toad/2025/Documents/06.10-13.10.2025/4Z/107MEDIA/DSCF0156.JPG,DSCF0156.JPG,4Z/107MEDIA,0,Other_Amphibian,0.5773,3217.3,1950.4,3350.7,2095.3
/srv/shared_leopard_toad/2025/Documents/06.10-13.10.2025/4Z/107MEDIA/DSCF0156.JPG,DSCF0156.JPG,4Z/107MEDIA,0,Other_Amphibian,0.5269,3223.9,1950.2,3354.0,2094.7
/srv/shared_leopard_toad/2025/Documents/06.10-13.10.2025/4Z/107MEDIA/DSCF0094.JPG,DSCF0094.JPG,4Z/107MEDIA,0,Other_Amphibian,0.5691,3216.0,1953.0,3348.3,2097.6
/srv/shared_leopard_toad/2025/Documents/06.10-13.10.2025/4Z/107MEDIA/DSCF0094.JPG,DSCF0094.JPG,4Z/107MEDIA,0,Other_Amphibian,0.5013,3222.4,1952.4,3350.9,2096.8
/srv/shared_leopard_toad/2025/Documents/06.10-13.10.2025/4Z/107MEDIA/DSCF0190.JPG,DSCF0190.JPG,4Z/107MEDIA,0,Other_Amphibian,0.5542,3217.9,1954.2,3348.8,2096.2
/srv/shared_leopard_toad/2025/Documents/06.10-13.10.2025/4Z/107MEDIA/DSCF0190.JPG,DSCF0190.JPG,4Z/107MEDIA,0,Other_Amphibian,0.4732,3225.1,1954.2,3352.5,2096.3
/srv/shared_leopard_toad/2025/Documents/06.10-13.10.2025/4Z/107MEDIA/DSCF0383.JPG,DSCF0383.JPG,4Z/107MEDIA,0,Other_Amphibian,0.5787,3215.0,1951.4,3348.3,2094.4
/srv/shared_leopard_toad/2025/Documents/06.10-13.10.2025/4Z/107MEDIA/DSCF0383.JPG,DSCF0383.JPG,4Z/107MEDIA,0,Other_Amphibian,0.5376,3222.2,1950.8,3352.8,2093.1
/srv/shared_leopard_toad/2025/Documents/06.10-13.10.2025/4Z/107MEDIA/DSCF0047.JPG,DSCF0047.JPG,4Z/107MEDIA,0,Other_Amphibian,0.5681,3216.0,1953.6,3353.3,2096.2
/srv/shared_leopard_toad/2025/Documents/06.10-13.10.2025/4Z/107MEDIA/DSCF0047.JPG,DSCF0047.JPG,4Z/107MEDIA,0,Other_Amphibian,0.4870,3221.9,1954.4,3354.7,2097.0
/srv/shared_leopard_toad/2025/Documents/06.10-13.10.2025/4Z/107MEDIA/DSCF0213.JPG,DSCF0213.JPG,4Z/107MEDIA,0,Other_Amphibian,0.5703,3215.1,1950.4,3349.8,2097.6
/srv/shared_leopard_toad/2025/Documents/06.10-13.10.2025/4Z/107MEDIA/DSCF0213.JPG,DSCF0213.JPG,4Z/107MEDIA,0,Other_Amphibian,0.4787,3219.8,1950.2,3349.2,2097.0
/srv/shared_leopard_toad/2025/Documents/06.10-13.10.2025/4Z/107MEDIA/DSCF0935.JPG,DSCF0935.JPG,4Z/107MEDIA,0,Other_Amphibian,0.5270,3215.5,1951.7,3347.8,2095.7
/srv/shared_leopard_toad/2025/Documents/06.10-13.10.2025/4Z/107MEDIA/DSCF0935.JPG,DSCF0935.JPG,4Z/107MEDIA,0,Other_Amphibian,0.4060,3222.7,1951.5,3350.5,2095.3
/srv/shared_leopard_toad/2025/Documents/06.10-13.10.2025/4Z/107MEDIA/DSCF0935.JPG,DSCF0935.JPG,4Z/107MEDIA,2,Western_Leopard_Toad,0.2845,3652.6,1646.6,3934.5,1917.4
/srv/shared_leopard_toad/2025/Documents/06.10-13.10.2025/4Z/107MEDIA/DSCF0631.JPG,DSCF0631.JPG,4Z/107MEDIA,0,Other_Amphibian,0.5222,3216.5,1952.4,3347.4,2096.9
/srv/shared_leopard_toad/2025/Documents/06.10-13.10.2025/4Z/107MEDIA/DSCF0631.JPG,DSCF0631.JPG,4Z/107MEDIA,0,Other_Amphibian,0.4281,3225.1,1952.4,3352.2,2096.6
/srv/shared_leopard_toad/2025/Documents/06.10-13.10.2025/4Z/107MEDIA/DSCF0631.JPG,DSCF0631.JPG,4Z/107MEDIA,2,Western_Leopard_Toad,0.2485,3652.4,1648.4,3933.3,1917.7
/srv/shared_leopard_toad/2025/Documents/06.10-13.10.2025/4Z/107MEDIA/DSCF0055.JPG,DSCF0055.JPG,4Z/107MEDIA,0,Other_Amphibian,0.5256,3218.4,1953.2,3350.4,2097.4
/srv/shared_leopard_toad/2025/Documents/06.10-13.10.2025/4Z/107MEDIA/DSCF0055.JPG,DSCF0055.JPG,4Z/107MEDIA,0,Other_Amphibian,0.4344,3223.9,1953.7,3352.2,2097.1
/srv/shared_leopard_toad/2025/Documents/06.10-13.10.2025/4Z/107MEDIA/DSCF0055.JPG,DSCF0055.JPG,4Z/107MEDIA,2,Western_Leopard_Toad,0.2748,3652.4,1648.3,3930.7,1918.9
/srv/shared_leopard_toad/2025/Documents/06.10-13.10.2025/4Z/107MEDIA/DSCF0400.JPG,DSCF0400.JPG,4Z/107MEDIA,0,Other_Amphibian,0.5290,3215.0,1951.7,3350.6,2098.3
/srv/shared_leopard_toad/2025/Documents/06.10-13.10.2025/4Z/107MEDIA/DSCF0400.JPG,DSCF0400.JPG,4Z/107MEDIA,0,Other_Amphibian,0.4436,3220.5,1952.1,3354.3,2097.2
/srv/shared_leopard_toad/2025/Documents/06.10-13.10.2025/4Z/107MEDIA/DSCF0400.JPG,DSCF0400.JPG,4Z/107MEDIA,2,Western_Leopard_Toad,0.4103,3652.4,1647.7,3934.7,1916.8
/srv/shared_leopard_toad/2025/Documents/06.10-13.10.2025/4Z/107MEDIA/DSCF0926.JPG,DSCF0926.JPG,4Z/107MEDIA,0,Other_Amphibian,0.5791,3216.0,1952.9,3349.8,2096.6
/srv/shared_leopard_toad/2025/Documents/06.10-13.10.2025/4Z/107MEDIA/DSCF0926.JPG,DSCF0926.JPG,4Z/107MEDIA,0,Other_Amphibian,0.4947,3224.5,1952.5,3352.1,2096.0
/srv/shared_leopard_toad/2025/Documents/06.10-13.10.2025/4Z/107MEDIA/DSCF0926.JPG,DSCF0926.JPG,4Z/107MEDIA,2,Western_Leopard_Toad,0.2406,3652.4,1647.8,3933.8,1918.2
/srv/shared_leopard_toad/2025/Documents/06.10-13.10.2025/4Z/107MEDIA/DSCF0658.JPG,DSCF0658.JPG,4Z/107MEDIA,0,Other_Amphibian,0.5415,3216.6,1951.0,3349.4,2097.8
/srv/shared_leopard_toad/2025/Documents/06.10-13.10.2025/4Z/107MEDIA/DSCF0658.JPG,DSCF0658.JPG,4Z/107MEDIA,0,Other_Amphibian,0.4402,3222.5,1951.5,3350.7,2097.7
/srv/shared_leopard_toad/2025/Documents/06.10-13.10.2025/4Z/107MEDIA/DSCF0606.JPG,DSCF0606.JPG,4Z/107MEDIA,0,Other_Amphibian,0.5879,3215.6,1953.6,3351.2,2095.5
/srv/shared_leopard_toad/2025/Documents/06.10-13.10.2025/4Z/107MEDIA/DSCF0606.JPG,DSCF0606.JPG,4Z/107MEDIA,0,Other_Amphibian,0.5036,3223.3,1953.5,3354.8,2095.0
/srv/shared_leopard_toad/2025/Documents/06.10-13.10.2025/4Z/107MEDIA/DSCF0197.JPG,DSCF0197.JPG,4Z/107MEDIA,0,Other_Amphibian,0.5445,3216.3,1951.2,3348.8,2095.7
/srv/shared_leopard_toad/2025/Documents/06.10-13.10.2025/4Z/107MEDIA/DSCF0197.JPG,DSCF0197.JPG,4Z/107MEDIA,0,Other_Amphibian,0.4592,3225.2,1951.5,3352.8,2096.0
/srv/shared_leopard_toad/2025/Documents/06.10-13.10.2025/4Z/107MEDIA/DSCF0064.JPG,DSCF0064.JPG,4Z/107MEDIA,0,Other_Amphibian,0.5834,3215.8,1952.9,3351.5,2097.8
/srv/shared_leopard_toad/2025/Documents/06.10-13.10.2025/4Z/107MEDIA/DSCF0064.JPG,DSCF0064.JPG,4Z/107MEDIA,0,Other_Amphibian,0.4715,3220.6,1953.0,3350.8,2097.4
/srv/shared_leopard_toad/2025/Documents/06.10-13.10.2025/4Z/107MEDIA/DSCF0351.JPG,DSCF0351.JPG,4Z/107MEDIA,0,Other_Amphibian,0.5528,3218.5,1953.4,3346.7,2094.7
/srv/shared_leopard_toad/2025/Documents/06.10-13.10.2025/4Z/107MEDIA/DSCF0351.JPG,DSCF0351.JPG,4Z/107MEDIA,0,Other_Amphibian,0.4656,3225.8,1952.4,3350.8,2094.1
/srv/shared_leopard_toad/2025/Documents/06.10-13.10.2025/4Z/107MEDIA/DSCF0225.JPG,DSCF0225.JPG,4Z/107MEDIA,0,Other_Amphibian,0.5682,3216.1,1955.0,3350.5,2096.1
/srv/shared_leopard_toad/2025/Documents/06.10-13.10.2025/4Z/107MEDIA/DSCF0225.JPG,DSCF0225.JPG,4Z/107MEDIA,0,Other_Amphibian,0.4763,3223.4,1954.6,3352.1,2095.3
/srv/shared_leopard_toad/2025/Documents/06.10-13.10.2025/4Z/107MEDIA/DSCF0225.JPG,DSCF0225.JPG,4Z/107MEDIA,2,Western_Leopard_Toad,0.2110,3654.6,1649.0,3932.2,1919.5
/srv/shared_leopard_toad/2025/Documents/06.10-13.10.2025/4Z/107MEDIA/DSCF0354.JPG,DSCF0354.JPG,4Z/107MEDIA,0,Other_Amphibian,0.5828,3214.4,1953.7,3348.8,2096.4
/srv/shared_leopard_toad/2025/Documents/06.10-13.10.2025/4Z/107MEDIA/DSCF0354.JPG,DSCF0354.JPG,4Z/107MEDIA,0,Other_Amphibian,0.4825,3221.1,1953.5,3351.5,2095.8
/srv/shared_leopard_toad/2025/Documents/06.10-13.10.2025/4Z/107MEDIA/DSCF0272.JPG,DSCF0272.JPG,4Z/107MEDIA,0,Other_Amphibian,0.5454,3216.4,1954.5,3347.5,2097.1
/srv/shared_leopard_toad/2025/Documents/06.10-13.10.2025/4Z/107MEDIA/DSCF0272.JPG,DSCF0272.JPG,4Z/107MEDIA,0,Other_Amphibian,0.4291,3225.2,1955.1,3350.9,2097.6
/srv/shared_leopard_toad/2025/Documents/06.10-13.10.2025/4Z/107MEDIA/DSCF0459.JPG,DSCF0459.JPG,4Z/107MEDIA,0,Other_Amphibian,0.5985,3214.5,1952.5,3347.5,2097.4
/srv/shared_leopard_toad/2025/Documents/06.10-13.10.2025/4Z/107MEDIA/DSCF0459.JPG,DSCF0459.JPG,4Z/107MEDIA,0,Other_Amphibian,0.5085,3221.2,1952.1,3348.2,2096.7
/srv/shared_leopard_toad/2025/Documents/06.10-13.10.2025/4Z/107MEDIA/DSCF0620.JPG,DSCF0620.JPG,4Z/107MEDIA,0,Other_Amphibian,0.5541,3218.1,1951.0,3351.9,2097.6
/srv/shared_leopard_toad/2025/Documents/06.10-13.10.2025/4Z/107MEDIA/DSCF0620.JPG,DSCF0620.JPG,4Z/107MEDIA,0,Other_Amphibian,0.4641,3225.2,1951.1,3354.8,2097.0
/srv/shared_leopard_toad/2025/Documents/06.10-13.10.2025/4Z/107MEDIA/DSCF0620.JPG,DSCF0620.JPG,4Z/107MEDIA,2,Western_Leopard_Toad,0.3237,3652.1,1646.7,3932.9,1918.7
/srv/shared_leopard_toad/2025/Documents/06.10-13.10.2025/4Z/107MEDIA/DSCF0746.JPG,DSCF0746.JPG,4Z/107MEDIA,0,Other_Amphibian,0.5927,3215.7,1952.1,3351.1,2096.5
/srv/shared_leopard_toad/2025/Documents/06.10-13.10.2025/4Z/107MEDIA/DSCF0746.JPG,DSCF0746.JPG,4Z/107MEDIA,0,Other_Amphibian,0.5144,3220.2,1951.7,3350.1,2095.6
/srv/shared_leopard_toad/2025/Documents/06.10-13.10.2025/4Z/107MEDIA/DSCF0763.JPG,DSCF0763.JPG,4Z/107MEDIA,0,Other_Amphibian,0.5617,3216.8,1952.0,3349.0,2095.0
/srv/shared_leopard_toad/2025/Documents/06.10-13.10.2025/4Z/107MEDIA/DSCF0763.JPG,DSCF0763.JPG,4Z/107MEDIA,0,Other_Amphibian,0.4778,3223.1,1952.2,3350.4,2095.2
/srv/shared_leopard_toad/2025/Documents/06.10-13.10.2025/4Z/107MEDIA/DSCF0224.JPG,DSCF0224.JPG,4Z/107MEDIA,0,Other_Amphibian,0.5488,3218.0,1952.8,3351.3,2099.1
/srv/shared_leopard_toad/2025/Documents/06.10-13.10.2025/4Z/107MEDIA/DSCF0224.JPG,DSCF0224.JPG,4Z/107MEDIA,0,Other_Amphibian,0.4323,3225.8,1953.5,3353.6,2099.4
/srv/shared_leopard_toad/2025/Documents/06.10-13.10.2025/4Z/107MEDIA/DSCF0591.JPG,DSCF0591.JPG,4Z/107MEDIA,0,Other_Amphibian,0.6015,3216.2,1952.1,3350.4,2095.3
/srv/shared_leopard_toad/2025/Documents/06.10-13.10.2025/4Z/107MEDIA/DSCF0591.JPG,DSCF0591.JPG,4Z/107MEDIA,0,Other_Amphibian,0.5167,3225.1,1951.8,3354.9,2094.3
/srv/shared_leopard_toad/2025/Documents/06.10-13.10.2025/4Z/107MEDIA/DSCF0591.JPG,DSCF0591.JPG,4Z/107MEDIA,2,Western_Leopard_Toad,0.2331,3654.1,1649.2,3933.8,1916.7
/srv/shared_leopard_toad/2025/Documents/06.10-13.10.2025/4Z/107MEDIA/DSCF0081.JPG,DSCF0081.JPG,4Z/107MEDIA,0,Other_Amphibian,0.5622,3218.4,1952.3,3350.4,2097.7
/srv/shared_leopard_toad/2025/Documents/06.10-13.10.2025/4Z/107MEDIA/DSCF0081.JPG,DSCF0081.JPG,4Z/107MEDIA,0,Other_Amphibian,0.4764,3225.0,1952.4,3351.9,2097.4
/srv/shared_leopard_toad/2025/Documents/06.10-13.10.2025/4Z/107MEDIA/DSCF0016.JPG,DSCF0016.JPG,4Z/107MEDIA,0,Other_Amphibian,0.5897,3216.2,1954.5,3352.3,2096.4
/srv/shared_leopard_toad/2025/Documents/06.10-13.10.2025/4Z/107MEDIA/DSCF0016.JPG,DSCF0016.JPG,4Z/107MEDIA,0,Other_Amphibian,0.4869,3221.2,1954.7,3350.6,2096.4
/srv/shared_leopard_toad/2025/Documents/06.10-13.10.2025/4Z/107MEDIA/DSCF0241.JPG,DSCF0241.JPG,4Z/107MEDIA,0,Other_Amphibian,0.5744,3217.3,1951.8,3350.9,2097.5
/srv/shared_leopard_toad/2025/Documents/06.10-13.10.2025/4Z/107MEDIA/DSCF0241.JPG,DSCF0241.JPG,4Z/107MEDIA,0,Other_Amphibian,0.5049,3223.1,1952.1,3352.2,2097.4
/srv/shared_leopard_toad/2025/Documents/06.10-13.10.2025/4Z/107MEDIA/DSCF0101.JPG,DSCF0101.JPG,4Z/107MEDIA,0,Other_Amphibian,0.4895,3221.3,1952.4,3352.5,2093.9
/srv/shared_leopard_toad/2025/Documents/06.10-13.10.2025/4Z/107MEDIA/DSCF0101.JPG,DSCF0101.JPG,4Z/107MEDIA,0,Other_Amphibian,0.4245,3226.1,1952.6,3354.9,2094.9
/srv/shared_leopard_toad/2025/Documents/06.10-13.10.2025/4Z/107MEDIA/DSCF0029.JPG,DSCF0029.JPG,4Z/107MEDIA,0,Other_Amphibian,0.5646,3216.7,1953.7,3348.8,2097.5
/srv/shared_leopard_toad/2025/Documents/06.10-13.10.2025/4Z/107MEDIA/DSCF0029.JPG,DSCF0029.JPG,4Z/107MEDIA,0,Other_Amphibian,0.4482,3223.6,1953.3,3350.5,2096.6
/srv/shared_leopard_toad/2025/Documents/06.10-13.10.2025/4Z/107MEDIA/DSCF0728.JPG,DSCF0728.JPG,4Z/107MEDIA,0,Other_Amphibian,0.6064,3214.5,1951.7,3351.2,2096.2
/srv/shared_leopard_toad/2025/Documents/06.10-13.10.2025/4Z/107MEDIA/DSCF0728.JPG,DSCF0728.JPG,4Z/107MEDIA,0,Other_Amphibian,0.5459,3221.5,1951.5,3354.3,2095.1
/srv/shared_leopard_toad/2025/Documents/06.10-13.10.2025/4Z/107MEDIA/DSCF0664.JPG,DSCF0664.JPG,4Z/107MEDIA,0,Other_Amphibian,0.5373,3217.7,1951.4,3348.3,2096.8
/srv/shared_leopard_toad/2025/Documents/06.10-13.10.2025/4Z/107MEDIA/DSCF0664.JPG,DSCF0664.JPG,4Z/107MEDIA,0,Other_Amphibian,0.4507,3225.2,1950.9,3351.5,2095.7
/srv/shared_leopard_toad/2025/Documents/06.10-13.10.2025/4Z/107MEDIA/DSCF0468.JPG,DSCF0468.JPG,4Z/107MEDIA,0,Other_Amphibian,0.5578,3215.1,1955.1,3348.0,2099.2
/srv/shared_leopard_toad/2025/Documents/06.10-13.10.2025/4Z/107MEDIA/DSCF0468.JPG,DSCF0468.JPG,4Z/107MEDIA,0,Other_Amphibian,0.4508,3225.1,1955.0,3352.5,2099.1
/srv/shared_leopard_toad/2025/Documents/06.10-13.10.2025/4Z/107MEDIA/DSCF0105.JPG,DSCF0105.JPG,4Z/107MEDIA,0,Other_Amphibian,0.5229,3217.8,1951.9,3350.7,2097.6
/srv/shared_leopard_toad/2025/Documents/06.10-13.10.2025/4Z/107MEDIA/DSCF0105.JPG,DSCF0105.JPG,4Z/107MEDIA,0,Other_Amphibian,0.4424,3222.7,1952.4,3354.0,2096.8
/srv/shared_leopard_toad/2025/Documents/06.10-13.10.2025/4Z/107MEDIA/DSCF0105.JPG,DSCF0105.JPG,4Z/107MEDIA,2,Western_Leopard_Toad,0.3106,3651.8,1646.9,3928.6,1917.6
/srv/shared_leopard_toad/2025/Documents/06.10-13.10.2025/4Z/107MEDIA/DSCF0116.JPG,DSCF0116.JPG,4Z/107MEDIA,0,Other_Amphibian,0.6006,3216.2,1953.0,3349.4,2097.1
/srv/shared_leopard_toad/2025/Documents/06.10-13.10.2025/4Z/107MEDIA/DSCF0116.JPG,DSCF0116.JPG,4Z/107MEDIA,0,Other_Amphibian,0.5084,3223.5,1952.6,3351.9,2096.4
/srv/shared_leopard_toad/2025/Documents/06.10-13.10.2025/4Z/107MEDIA/DSCF0116.JPG,DSCF0116.JPG,4Z/107MEDIA,2,Western_Leopard_Toad,0.2077,3655.7,1648.6,3931.2,1917.9
/srv/shared_leopard_toad/2025/Documents/06.10-13.10.2025/4Z/107MEDIA/DSCF0865.JPG,DSCF0865.JPG,4Z/107MEDIA,0,Other_Amphibian,0.5950,3215.0,1952.1,3347.6,2094.8
/srv/shared_leopard_toad/2025/Documents/06.10-13.10.2025/4Z/107MEDIA/DSCF0865.JPG,DSCF0865.JPG,4Z/107MEDIA,0,Other_Amphibian,0.5153,3222.9,1951.9,3349.3,2093.9
/srv/shared_leopard_toad/2025/Documents/06.10-13.10.2025/4Z/107MEDIA/DSCF0085.JPG,DSCF0085.JPG,4Z/107MEDIA,0,Other_Amphibian,0.5669,3216.6,1952.1,3350.5,2098.2
/srv/shared_leopard_toad/2025/Documents/06.10-13.10.2025/4Z/107MEDIA/DSCF0085.JPG,DSCF0085.JPG,4Z/107MEDIA,0,Other_Amphibian,0.4841,3223.2,1952.1,3352.1,2097.2
/srv/shared_leopard_toad/2025/Documents/06.10-13.10.2025/4Z/107MEDIA/DSCF0808.JPG,DSCF0808.JPG,4Z/107MEDIA,0,Other_Amphibian,0.6419,3215.6,1953.6,3351.2,2096.2
/srv/shared_leopard_toad/2025/Documents/06.10-13.10.2025/4Z/107MEDIA/DSCF0808.JPG,DSCF0808.JPG,4Z/107MEDIA,0,Other_Amphibian,0.5581,3220.9,1953.8,3353.0,2095.6
/srv/shared_leopard_toad/2025/Documents/06.10-13.10.2025/4Z/107MEDIA/DSCF0987.JPG,DSCF0987.JPG,4Z/107MEDIA,0,Other_Amphibian,0.5661,3214.9,1951.8,3347.4,2095.4
/srv/shared_leopard_toad/2025/Documents/06.10-13.10.2025/4Z/107MEDIA/DSCF0987.JPG,DSCF0987.JPG,4Z/107MEDIA,0,Other_Amphibian,0.4629,3224.1,1951.1,3352.8,2094.2
/srv/shared_leopard_toad/2025/Documents/06.10-13.10.2025/4Z/107MEDIA/DSCF0987.JPG,DSCF0987.JPG,4Z/107MEDIA,2,Western_Leopard_Toad,0.3107,3652.3,1648.2,3934.0,1918.1
/srv/shared_leopard_toad/2025/Documents/06.10-13.10.2025/4Z/107MEDIA/DSCF0027.JPG,DSCF0027.JPG,4Z/107MEDIA,0,Other_Amphibian,0.5251,3221.1,1955.1,3351.3,2095.9
/srv/shared_leopard_toad/2025/Documents/06.10-13.10.2025/4Z/107MEDIA/DSCF0027.JPG,DSCF0027.JPG,4Z/107MEDIA,0,Other_Amphibian,0.4533,3224.9,1955.5,3353.5,2096.3
/srv/shared_leopard_toad/2025/Documents/06.10-13.10.2025/4Z/107MEDIA/DSCF0800.JPG,DSCF0800.JPG,4Z/107MEDIA,0,Other_Amphibian,0.5332,3219.4,1950.7,3352.1,2097.2
/srv/shared_leopard_toad/2025/Documents/06.10-13.10.2025/4Z/107MEDIA/DSCF0800.JPG,DSCF0800.JPG,4Z/107MEDIA,0,Other_Amphibian,0.5074,3223.6,1950.0,3355.7,2096.5
/srv/shared_leopard_toad/2025/Documents/06.10-13.10.2025/4Z/107MEDIA/DSCF0367.JPG,DSCF0367.JPG,4Z/107MEDIA,0,Other_Amphibian,0.5846,3216.3,1950.9,3352.4,2096.5
/srv/shared_leopard_toad/2025/Documents/06.10-13.10.2025/4Z/107MEDIA/DSCF0367.JPG,DSCF0367.JPG,4Z/107MEDIA,0,Other_Amphibian,0.5166,3220.2,1951.4,3352.7,2095.9
/srv/shared_leopard_toad/2025/Documents/06.10-13.10.2025/4Z/107MEDIA/DSCF0832.JPG,DSCF0832.JPG,4Z/107MEDIA,0,Other_Amphibian,0.5527,3217.7,1950.6,3349.6,2093.7
/srv/shared_leopard_toad/2025/Documents/06.10-13.10.2025/4Z/107MEDIA/DSCF0832.JPG,DSCF0832.JPG,4Z/107MEDIA,0,Other_Amphibian,0.4914,3223.7,1950.9,3352.6,2093.7
/srv/shared_leopard_toad/2025/Documents/06.10-13.10.2025/4Z/107MEDIA/DSCF0331.JPG,DSCF0331.JPG,4Z/107MEDIA,0,Other_Amphibian,0.5487,3217.7,1953.5,3348.7,2096.4
/srv/shared_leopard_toad/2025/Documents/06.10-13.10.2025/4Z/107MEDIA/DSCF0331.JPG,DSCF0331.JPG,4Z/107MEDIA,0,Other_Amphibian,0.4645,3224.5,1953.5,3350.6,2096.6
/srv/shared_leopard_toad/2025/Documents/06.10-13.10.2025/4Z/107MEDIA/DSCF0082.JPG,DSCF0082.JPG,4Z/107MEDIA,0,Other_Amphibian,0.6250,3215.9,1952.8,3351.1,2097.3
/srv/shared_leopard_toad/2025/Documents/06.10-13.10.2025/4Z/107MEDIA/DSCF0082.JPG,DSCF0082.JPG,4Z/107MEDIA,0,Other_Amphibian,0.5382,3221.5,1952.4,3351.9,2096.6
/srv/shared_leopard_toad/2025/Documents/06.10-13.10.2025/4Z/107MEDIA/DSCF0990.JPG,DSCF0990.JPG,4Z/107MEDIA,0,Other_Amphibian,0.5208,3218.8,1953.3,3349.9,2097.6
/srv/shared_leopard_toad/2025/Documents/06.10-13.10.2025/4Z/107MEDIA/DSCF0990.JPG,DSCF0990.JPG,4Z/107MEDIA,0,Other_Amphibian,0.4322,3227.2,1952.6,3354.8,2097.3
/srv/shared_leopard_toad/2025/Documents/06.10-13.10.2025/4Z/107MEDIA/DSCF0789.JPG,DSCF0789.JPG,4Z/107MEDIA,0,Other_Amphibian,0.5711,3216.4,1953.8,3349.2,2093.5
/srv/shared_leopard_toad/2025/Documents/06.10-13.10.2025/4Z/107MEDIA/DSCF0789.JPG,DSCF0789.JPG,4Z/107MEDIA,0,Other_Amphibian,0.4790,3223.5,1953.8,3352.0,2093.8
/srv/shared_leopard_toad/2025/Documents/06.10-13.10.2025/4Z/107MEDIA/DSCF0941.JPG,DSCF0941.JPG,4Z/107MEDIA,0,Other_Amphibian,0.5748,3216.8,1953.1,3349.3,2094.7
/srv/shared_leopard_toad/2025/Documents/06.10-13.10.2025/4Z/107MEDIA/DSCF0941.JPG,DSCF0941.JPG,4Z/107MEDIA,0,Other_Amphibian,0.5064,3224.2,1953.3,3352.7,2094.3
/srv/shared_leopard_toad/2025/Documents/06.10-13.10.2025/4Z/107MEDIA/DSCF0602.JPG,DSCF0602.JPG,4Z/107MEDIA,0,Other_Amphibian,0.6220,3215.6,1953.7,3350.8,2098.1
/srv/shared_leopard_toad/2025/Documents/06.10-13.10.2025/4Z/107MEDIA/DSCF0602.JPG,DSCF0602.JPG,4Z/107MEDIA,0,Other_Amphibian,0.5288,3221.6,1953.8,3351.2,2097.4
/srv/shared_leopard_toad/2025/Documents/06.10-13.10.2025/4Z/107MEDIA/DSCF0688.JPG,DSCF0688.JPG,4Z/107MEDIA,0,Other_Amphibian,0.5486,3215.9,1953.4,3350.4,2098.3
/srv/shared_leopard_toad/2025/Documents/06.10-13.10.2025/4Z/107MEDIA/DSCF0688.JPG,DSCF0688.JPG,4Z/107MEDIA,0,Other_Amphibian,0.4786,3224.2,1952.8,3354.6,2097.2
/srv/shared_leopard_toad/2025/Documents/06.10-13.10.2025/4Z/107MEDIA/DSCF0688.JPG,DSCF0688.JPG,4Z/107MEDIA,0,Other_Amphibian,0.2192,3653.1,1647.7,3932.6,1918.7
/srv/shared_leopard_toad/2025/Documents/06.10-13.10.2025/4Z/107MEDIA/DSCF0347.JPG,DSCF0347.JPG,4Z/107MEDIA,0,Other_Amphibian,0.6028,3216.1,1953.4,3352.4,2097.4
/srv/shared_leopard_toad/2025/Documents/06.10-13.10.2025/4Z/107MEDIA/DSCF0347.JPG,DSCF0347.JPG,4Z/107MEDIA,0,Other_Amphibian,0.5079,3222.9,1953.7,3354.0,2097.3
/srv/shared_leopard_toad/2025/Documents/06.10-13.10.2025/4Z/107MEDIA/DSCF0109.JPG,DSCF0109.JPG,4Z/107MEDIA,0,Other_Amphibian,0.5949,3216.3,1953.1,3350.8,2100.2
/srv/shared_leopard_toad/2025/Documents/06.10-13.10.2025/4Z/107MEDIA/DSCF0109.JPG,DSCF0109.JPG,4Z/107MEDIA,0,Other_Amphibian,0.5160,3222.4,1953.3,3352.2,2099.3
/srv/shared_leopard_toad/2025/Documents/06.10-13.10.2025/4Z/107MEDIA/DSCF0109.JPG,DSCF0109.JPG,4Z/107MEDIA,2,Western_Leopard_Toad,0.2076,3655.8,1649.0,3930.8,1919.1
/srv/shared_leopard_toad/2025/Documents/06.10-13.10.2025/4Z/107MEDIA/DSCF0357.JPG,DSCF0357.JPG,4Z/107MEDIA,0,Other_Amphibian,0.5767,3218.6,1953.2,3353.2,2097.0
/srv/shared_leopard_toad/2025/Documents/06.10-13.10.2025/4Z/107MEDIA/DSCF0357.JPG,DSCF0357.JPG,4Z/107MEDIA,0,Other_Amphibian,0.4960,3221.3,1953.5,3352.1,2097.2
/srv/shared_leopard_toad/2025/Documents/06.10-13.10.2025/4Z/107MEDIA/DSCF0843.JPG,DSCF0843.JPG,4Z/107MEDIA,0,Other_Amphibian,0.5548,3218.2,1952.2,3351.2,2096.2
/srv/shared_leopard_toad/2025/Documents/06.10-13.10.2025/4Z/107MEDIA/DSCF0843.JPG,DSCF0843.JPG,4Z/107MEDIA,0,Other_Amphibian,0.4852,3225.1,1952.5,3354.5,2096.2
/srv/shared_leopard_toad/2025/Documents/06.10-13.10.2025/4Z/107MEDIA/DSCF0309.JPG,DSCF0309.JPG,4Z/107MEDIA,0,Other_Amphibian,0.5382,3216.2,1953.8,3350.9,2096.1
/srv/shared_leopard_toad/2025/Documents/06.10-13.10.2025/4Z/107MEDIA/DSCF0309.JPG,DSCF0309.JPG,4Z/107MEDIA,0,Other_Amphibian,0.4307,3222.4,1954.3,3351.9,2095.7
/srv/shared_leopard_toad/2025/Documents/06.10-13.10.2025/4Z/107MEDIA/DSCF0910.JPG,DSCF0910.JPG,4Z/107MEDIA,0,Other_Amphibian,0.6011,3215.6,1952.3,3348.7,2096.9
/srv/shared_leopard_toad/2025/Documents/06.10-13.10.2025/4Z/107MEDIA/DSCF0910.JPG,DSCF0910.JPG,4Z/107MEDIA,0,Other_Amphibian,0.5057,3223.3,1952.2,3350.5,2096.4
/srv/shared_leopard_toad/2025/Documents/06.10-13.10.2025/4Z/107MEDIA/DSCF0497.JPG,DSCF0497.JPG,4Z/107MEDIA,0,Other_Amphibian,0.6072,3215.2,1952.2,3349.7,2097.1
/srv/shared_leopard_toad/2025/Documents/06.10-13.10.2025/4Z/107MEDIA/DSCF0497.JPG,DSCF0497.JPG,4Z/107MEDIA,0,Other_Amphibian,0.5003,3220.9,1951.7,3349.6,2096.1
/srv/shared_leopard_toad/2025/Documents/06.10-13.10.2025/4Z/107MEDIA/DSCF0340.JPG,DSCF0340.JPG,4Z/107MEDIA,0,Other_Amphibian,0.6166,3215.4,1951.7,3351.3,2096.2
/srv/shared_leopard_toad/2025/Documents/06.10-13.10.2025/4Z/107MEDIA/DSCF0340.JPG,DSCF0340.JPG,4Z/107MEDIA,0,Other_Amphibian,0.5624,3223.5,1951.1,3355.4,2095.4
/srv/shared_leopard_toad/2025/Documents/06.10-13.10.2025/4Z/107MEDIA/DSCF0611.JPG,DSCF0611.JPG,4Z/107MEDIA,0,Other_Amphibian,0.5527,3215.9,1953.1,3347.5,2095.7
/srv/shared_leopard_toad/2025/Documents/06.10-13.10.2025/4Z/107MEDIA/DSCF0611.JPG,DSCF0611.JPG,4Z/107MEDIA,0,Other_Amphibian,0.4761,3224.7,1952.1,3352.9,2094.5
/srv/shared_leopard_toad/2025/Documents/06.10-13.10.2025/4Z/107MEDIA/DSCF0460.JPG,DSCF0460.JPG,4Z/107MEDIA,0,Other_Amphibian,0.5800,3217.5,1953.8,3351.2,2095.4
/srv/shared_leopard_toad/2025/Documents/06.10-13.10.2025/4Z/107MEDIA/DSCF0460.JPG,DSCF0460.JPG,4Z/107MEDIA,0,Other_Amphibian,0.5028,3222.6,1953.9,3351.7,2095.6
/srv/shared_leopard_toad/2025/Documents/06.10-13.10.2025/4Z/107MEDIA/DSCF0024.JPG,DSCF0024.JPG,4Z/107MEDIA,0,Other_Amphibian,0.5640,3217.6,1955.4,3351.0,2098.5
/srv/shared_leopard_toad/2025/Documents/06.10-13.10.2025/4Z/107MEDIA/DSCF0024.JPG,DSCF0024.JPG,4Z/107MEDIA,0,Other_Amphibian,0.4781,3223.7,1955.7,3350.5,2098.3
/srv/shared_leopard_toad/2025/Documents/06.10-13.10.2025/4Z/107MEDIA/DSCF0852.JPG,DSCF0852.JPG,4Z/107MEDIA,0,Other_Amphibian,0.5776,3216.9,1953.4,3348.8,2095.5
/srv/shared_leopard_toad/2025/Documents/06.10-13.10.2025/4Z/107MEDIA/DSCF0852.JPG,DSCF0852.JPG,4Z/107MEDIA,0,Other_Amphibian,0.5058,3224.7,1952.9,3352.1,2094.9
/srv/shared_leopard_toad/2025/Documents/06.10-13.10.2025/4Z/107MEDIA/DSCF0318.JPG,DSCF0318.JPG,4Z/107MEDIA,0,Other_Amphibian,0.5184,3218.6,1953.1,3349.3,2097.3
/srv/shared_leopard_toad/2025/Documents/06.10-13.10.2025/4Z/107MEDIA/DSCF0318.JPG,DSCF0318.JPG,4Z/107MEDIA,0,Other_Amphibian,0.4247,3226.5,1953.5,3352.3,2098.1
/srv/shared_leopard_toad/2025/Documents/06.10-13.10.2025/4Z/107MEDIA/DSCF0939.JPG,DSCF0939.JPG,4Z/107MEDIA,0,Other_Amphibian,0.5618,3215.7,1952.5,3348.4,2096.5
/srv/shared_leopard_toad/2025/Documents/06.10-13.10.2025/4Z/107MEDIA/DSCF0939.JPG,DSCF0939.JPG,4Z/107MEDIA,0,Other_Amphibian,0.4864,3223.6,1951.9,3352.1,2095.4
/srv/shared_leopard_toad/2025/Documents/06.10-13.10.2025/4Z/107MEDIA/DSCF0392.JPG,DSCF0392.JPG,4Z/107MEDIA,0,Other_Amphibian,0.6220,3216.7,1953.8,3351.3,2096.8
/srv/shared_leopard_toad/2025/Documents/06.10-13.10.2025/4Z/107MEDIA/DSCF0392.JPG,DSCF0392.JPG,4Z/107MEDIA,0,Other_Amphibian,0.5282,3221.6,1953.6,3351.9,2096.7
/srv/shared_leopard_toad/2025/Documents/06.10-13.10.2025/4Z/107MEDIA/DSCF0493.JPG,DSCF0493.JPG,4Z/107MEDIA,0,Other_Amphibian,0.5939,3214.9,1953.3,3349.1,2097.9
/srv/shared_leopard_toad/2025/Documents/06.10-13.10.2025/4Z/107MEDIA/DSCF0493.JPG,DSCF0493.JPG,4Z/107MEDIA,0,Other_Amphibian,0.5054,3222.1,1952.8,3351.3,2096.3
/srv/shared_leopard_toad/2025/Documents/06.10-13.10.2025/4Z/107MEDIA/DSCF0493.JPG,DSCF0493.JPG,4Z/107MEDIA,2,Western_Leopard_Toad,0.2411,3653.8,1649.8,3932.6,1917.3
/srv/shared_leopard_toad/2025/Documents/06.10-13.10.2025/4Z/107MEDIA/DSCF0617.JPG,DSCF0617.JPG,4Z/107MEDIA,0,Other_Amphibian,0.5864,3215.4,1953.2,3348.8,2096.0
/srv/shared_leopard_toad/2025/Documents/06.10-13.10.2025/4Z/107MEDIA/DSCF0617.JPG,DSCF0617.JPG,4Z/107MEDIA,0,Other_Amphibian,0.5151,3223.6,1952.4,3352.1,2094.7
/srv/shared_leopard_toad/2025/Documents/06.10-13.10.2025/4Z/107MEDIA/DSCF0617.JPG,DSCF0617.JPG,4Z/107MEDIA,2,Western_Leopard_Toad,0.2082,3653.2,1648.6,3931.7,1918.5
/srv/shared_leopard_toad/2025/Documents/06.10-13.10.2025/4Z/107MEDIA/DSCF0235.JPG,DSCF0235.JPG,4Z/107MEDIA,0,Other_Amphibian,0.5812,3217.2,1954.0,3352.5,2096.5
/srv/shared_leopard_toad/2025/Documents/06.10-13.10.2025/4Z/107MEDIA/DSCF0235.JPG,DSCF0235.JPG,4Z/107MEDIA,0,Other_Amphibian,0.5362,3221.3,1953.8,3354.0,2095.6
/srv/shared_leopard_toad/2025/Documents/06.10-13.10.2025/4Z/107MEDIA/DSCF0671.JPG,DSCF0671.JPG,4Z/107MEDIA,0,Other_Amphibian,0.5867,3217.2,1953.0,3351.0,2095.7
/srv/shared_leopard_toad/2025/Documents/06.10-13.10.2025/4Z/107MEDIA/DSCF0671.JPG,DSCF0671.JPG,4Z/107MEDIA,0,Other_Amphibian,0.4522,3224.4,1953.6,3350.9,2096.3
/srv/shared_leopard_toad/2025/Documents/06.10-13.10.2025/4Z/107MEDIA/DSCF0328.JPG,DSCF0328.JPG,4Z/107MEDIA,0,Other_Amphibian,0.5644,3216.3,1953.9,3349.4,2098.3
/srv/shared_leopard_toad/2025/Documents/06.10-13.10.2025/4Z/107MEDIA/DSCF0328.JPG,DSCF0328.JPG,4Z/107MEDIA,0,Other_Amphibian,0.4840,3224.5,1953.6,3352.5,2097.9
/srv/shared_leopard_toad/2025/Documents/06.10-13.10.2025/4Z/107MEDIA/DSCF0202.JPG,DSCF0202.JPG,4Z/107MEDIA,0,Other_Amphibian,0.5659,3217.5,1953.3,3350.7,2096.2
/srv/shared_leopard_toad/2025/Documents/06.10-13.10.2025/4Z/107MEDIA/DSCF0202.JPG,DSCF0202.JPG,4Z/107MEDIA,0,Other_Amphibian,0.4872,3223.9,1952.7,3354.9,2095.2
/srv/shared_leopard_toad/2025/Documents/06.10-13.10.2025/4Z/107MEDIA/DSCF0202.JPG,DSCF0202.JPG,4Z/107MEDIA,2,Western_Leopard_Toad,0.3619,3653.4,1649.9,3933.2,1918.9
/srv/shared_leopard_toad/2025/Documents/06.10-13.10.2025/4Z/107MEDIA/DSCF0595.JPG,DSCF0595.JPG,4Z/107MEDIA,0,Other_Amphibian,0.5424,3216.1,1953.4,3350.1,2099.7
/srv/shared_leopard_toad/2025/Documents/06.10-13.10.2025/4Z/107MEDIA/DSCF0595.JPG,DSCF0595.JPG,4Z/107MEDIA,0,Other_Amphibian,0.4289,3224.9,1953.3,3353.6,2099.3
/srv/shared_leopard_toad/2025/Documents/06.10-13.10.2025/4Z/107MEDIA/DSCF0595.JPG,DSCF0595.JPG,4Z/107MEDIA,2,Western_Leopard_Toad,0.3421,3651.9,1648.1,3933.5,1917.7
/srv/shared_leopard_toad/2025/Documents/06.10-13.10.2025/4Z/107MEDIA/DSCF0226.JPG,DSCF0226.JPG,4Z/107MEDIA,0,Other_Amphibian,0.6599,3214.4,1952.2,3351.9,2096.1
/srv/shared_leopard_toad/2025/Documents/06.10-13.10.2025/4Z/107MEDIA/DSCF0226.JPG,DSCF0226.JPG,4Z/107MEDIA,0,Other_Amphibian,0.5779,3218.2,1952.2,3350.0,2095.7
/srv/shared_leopard_toad/2025/Documents/06.10-13.10.2025/4Z/107MEDIA/DSCF0310.JPG,DSCF0310.JPG,4Z/107MEDIA,0,Other_Amphibian,0.5716,3216.4,1951.6,3347.9,2095.5
/srv/shared_leopard_toad/2025/Documents/06.10-13.10.2025/4Z/107MEDIA/DSCF0310.JPG,DSCF0310.JPG,4Z/107MEDIA,0,Other_Amphibian,0.4851,3224.7,1951.6,3352.2,2095.8
/srv/shared_leopard_toad/2025/Documents/06.10-13.10.2025/4Z/107MEDIA/DSCF0310.JPG,DSCF0310.JPG,4Z/107MEDIA,2,Western_Leopard_Toad,0.2252,3656.9,1649.8,3930.5,1917.9
/srv/shared_leopard_toad/2025/Documents/06.10-13.10.2025/4Z/107MEDIA/DSCF0374.JPG,DSCF0374.JPG,4Z/107MEDIA,0,Other_Amphibian,0.6179,3215.6,1952.0,3351.8,2098.3
/srv/shared_leopard_toad/2025/Documents/06.10-13.10.2025/4Z/107MEDIA/DSCF0374.JPG,DSCF0374.JPG,4Z/107MEDIA,0,Other_Amphibian,0.5443,3220.5,1952.3,3351.7,2097.6
/srv/shared_leopard_toad/2025/Documents/06.10-13.10.2025/4Z/107MEDIA/DSCF0371.JPG,DSCF0371.JPG,4Z/107MEDIA,0,Other_Amphibian,0.5255,3217.3,1952.5,3347.6,2094.1
/srv/shared_leopard_toad/2025/Documents/06.10-13.10.2025/4Z/107MEDIA/DSCF0371.JPG,DSCF0371.JPG,4Z/107MEDIA,0,Other_Amphibian,0.4460,3225.0,1952.2,3351.5,2094.0
/srv/shared_leopard_toad/2025/Documents/06.10-13.10.2025/4Z/107MEDIA/DSCF0371.JPG,DSCF0371.JPG,4Z/107MEDIA,2,Western_Leopard_Toad,0.2850,3655.8,1649.8,3930.6,1917.2
/srv/shared_leopard_toad/2025/Documents/06.10-13.10.2025/4Z/107MEDIA/DSCF0701.JPG,DSCF0701.JPG,4Z/107MEDIA,0,Other_Amphibian,0.5851,3215.3,1950.8,3350.9,2097.9
/srv/shared_leopard_toad/2025/Documents/06.10-13.10.2025/4Z/107MEDIA/DSCF0701.JPG,DSCF0701.JPG,4Z/107MEDIA,0,Other_Amphibian,0.5140,3221.2,1950.8,3352.8,2097.1
/srv/shared_leopard_toad/2025/Documents/06.10-13.10.2025/4Z/107MEDIA/DSCF0317.JPG,DSCF0317.JPG,4Z/107MEDIA,0,Other_Amphibian,0.6133,3217.9,1952.2,3352.5,2098.2
/srv/shared_leopard_toad/2025/Documents/06.10-13.10.2025/4Z/107MEDIA/DSCF0317.JPG,DSCF0317.JPG,4Z/107MEDIA,0,Other_Amphibian,0.5463,3223.7,1952.4,3352.7,2098.1
/srv/shared_leopard_toad/2025/Documents/06.10-13.10.2025/4Z/107MEDIA/DSCF0210.JPG,DSCF0210.JPG,4Z/107MEDIA,0,Other_Amphibian,0.5539,3218.3,1951.3,3350.4,2095.4
/srv/shared_leopard_toad/2025/Documents/06.10-13.10.2025/4Z/107MEDIA/DSCF0210.JPG,DSCF0210.JPG,4Z/107MEDIA,0,Other_Amphibian,0.4754,3224.6,1951.2,3353.9,2094.8
/srv/shared_leopard_toad/2025/Documents/06.10-13.10.2025/4Z/107MEDIA/DSCF0234.JPG,DSCF0234.JPG,4Z/107MEDIA,0,Other_Amphibian,0.4469,3222.2,1953.7,3349.8,2096.2
/srv/shared_leopard_toad/2025/Documents/06.10-13.10.2025/4Z/107MEDIA/DSCF0234.JPG,DSCF0234.JPG,4Z/107MEDIA,0,Other_Amphibian,0.3792,3226.1,1955.0,3349.6,2098.1
/srv/shared_leopard_toad/2025/Documents/06.10-13.10.2025/4Z/107MEDIA/DSCF0234.JPG,DSCF0234.JPG,4Z/107MEDIA,2,Western_Leopard_Toad,0.2045,3653.1,1649.2,3928.6,1918.0
/srv/shared_leopard_toad/2025/Documents/06.10-13.10.2025/4Z/107MEDIA/DSCF0893.JPG,DSCF0893.JPG,4Z/107MEDIA,0,Other_Amphibian,0.5437,3220.9,1951.7,3349.9,2091.9
/srv/shared_leopard_toad/2025/Documents/06.10-13.10.2025/4Z/107MEDIA/DSCF0893.JPG,DSCF0893.JPG,4Z/107MEDIA,0,Other_Amphibian,0.4936,3223.8,1951.9,3351.3,2092.3
/srv/shared_leopard_toad/2025/Documents/06.10-13.10.2025/4Z/107MEDIA/DSCF0860.JPG,DSCF0860.JPG,4Z/107MEDIA,0,Other_Amphibian,0.4388,3223.0,1951.1,3348.9,2095.6
/srv/shared_leopard_toad/2025/Documents/06.10-13.10.2025/4Z/107MEDIA/DSCF0860.JPG,DSCF0860.JPG,4Z/107MEDIA,0,Other_Amphibian,0.3777,3223.5,1951.8,3347.5,2097.2
/srv/shared_leopard_toad/2025/Documents/06.10-13.10.2025/4Z/107MEDIA/DSCF0465.JPG,DSCF0465.JPG,4Z/107MEDIA,0,Other_Amphibian,0.6261,3214.7,1953.1,3352.2,2098.6
/srv/shared_leopard_toad/2025/Documents/06.10-13.10.2025/4Z/107MEDIA/DSCF0465.JPG,DSCF0465.JPG,4Z/107MEDIA,0,Other_Amphibian,0.5681,3219.7,1953.1,3352.7,2097.4
/srv/shared_leopard_toad/2025/Documents/06.10-13.10.2025/4Z/107MEDIA/DSCF0604.JPG,DSCF0604.JPG,4Z/107MEDIA,0,Other_Amphibian,0.5475,3214.5,1951.3,3350.2,2097.8
/srv/shared_leopard_toad/2025/Documents/06.10-13.10.2025/4Z/107MEDIA/DSCF0604.JPG,DSCF0604.JPG,4Z/107MEDIA,0,Other_Amphibian,0.4271,3223.6,1951.5,3354.1,2097.5
/srv/shared_leopard_toad/2025/Documents/06.10-13.10.2025/4Z/107MEDIA/DSCF0604.JPG,DSCF0604.JPG,4Z/107MEDIA,0,Other_Amphibian,0.2794,3650.1,1648.9,3932.8,1917.4
/srv/shared_leopard_toad/2025/Documents/06.10-13.10.2025/4Z/107MEDIA/DSCF0270.JPG,DSCF0270.JPG,4Z/107MEDIA,0,Other_Amphibian,0.5922,3216.5,1950.8,3348.9,2098.2
/srv/shared_leopard_toad/2025/Documents/06.10-13.10.2025/4Z/107MEDIA/DSCF0270.JPG,DSCF0270.JPG,4Z/107MEDIA,0,Other_Amphibian,0.5264,3220.5,1950.8,3348.3,2097.3
/srv/shared_leopard_toad/2025/Documents/06.10-13.10.2025/4Z/107MEDIA/DSCF0090.JPG,DSCF0090.JPG,4Z/107MEDIA,0,Other_Amphibian,0.5794,3216.1,1954.4,3350.3,2097.5
/srv/shared_leopard_toad/2025/Documents/06.10-13.10.2025/4Z/107MEDIA/DSCF0090.JPG,DSCF0090.JPG,4Z/107MEDIA,0,Other_Amphibian,0.5013,3223.6,1953.9,3354.8,2096.9
/srv/shared_leopard_toad/2025/Documents/06.10-13.10.2025/4Z/107MEDIA/DSCF0450.JPG,DSCF0450.JPG,4Z/107MEDIA,0,Other_Amphibian,0.5614,3217.0,1953.9,3349.6,2098.1
/srv/shared_leopard_toad/2025/Documents/06.10-13.10.2025/4Z/107MEDIA/DSCF0450.JPG,DSCF0450.JPG,4Z/107MEDIA,0,Other_Amphibian,0.4563,3223.5,1953.8,3351.1,2097.4
/srv/shared_leopard_toad/2025/Documents/06.10-13.10.2025/4Z/107MEDIA/DSCF0450.JPG,DSCF0450.JPG,4Z/107MEDIA,2,Western_Leopard_Toad,0.2366,3654.7,1648.1,3930.6,1918.3
/srv/shared_leopard_toad/2025/Documents/06.10-13.10.2025/4Z/107MEDIA/DSCF0677.JPG,DSCF0677.JPG,4Z/107MEDIA,0,Other_Amphibian,0.5459,3216.5,1951.9,3348.5,2097.4
/srv/shared_leopard_toad/2025/Documents/06.10-13.10.2025/4Z/107MEDIA/DSCF0677.JPG,DSCF0677.JPG,4Z/107MEDIA,0,Other_Amphibian,0.4602,3224.6,1951.0,3352.0,2096.4
/srv/shared_leopard_toad/2025/Documents/06.10-13.10.2025/4Z/107MEDIA/DSCF0884.JPG,DSCF0884.JPG,4Z/107MEDIA,0,Other_Amphibian,0.5688,3216.9,1950.6,3349.7,2096.4
/srv/shared_leopard_toad/2025/Documents/06.10-13.10.2025/4Z/107MEDIA/DSCF0884.JPG,DSCF0884.JPG,4Z/107MEDIA,0,Other_Amphibian,0.4996,3224.4,1950.6,3353.9,2095.5
/srv/shared_leopard_toad/2025/Documents/06.10-13.10.2025/4Z/107MEDIA/DSCF0356.JPG,DSCF0356.JPG,4Z/107MEDIA,0,Other_Amphibian,0.5280,3217.0,1952.7,3349.9,2097.2
/srv/shared_leopard_toad/2025/Documents/06.10-13.10.2025/4Z/107MEDIA/DSCF0356.JPG,DSCF0356.JPG,4Z/107MEDIA,0,Other_Amphibian,0.4354,3222.9,1952.8,3350.6,2096.9
/srv/shared_leopard_toad/2025/Documents/06.10-13.10.2025/4Z/107MEDIA/DSCF0444.JPG,DSCF0444.JPG,4Z/107MEDIA,0,Other_Amphibian,0.5846,3215.0,1952.8,3350.6,2097.2
/srv/shared_leopard_toad/2025/Documents/06.10-13.10.2025/4Z/107MEDIA/DSCF0444.JPG,DSCF0444.JPG,4Z/107MEDIA,0,Other_Amphibian,0.5122,3221.5,1952.8,3351.5,2096.5
/srv/shared_leopard_toad/2025/Documents/06.10-13.10.2025/4Z/107MEDIA/DSCF0638.JPG,DSCF0638.JPG,4Z/107MEDIA,0,Other_Amphibian,0.5776,3214.8,1951.5,3351.1,2097.6
/srv/shared_leopard_toad/2025/Documents/06.10-13.10.2025/4Z/107MEDIA/DSCF0638.JPG,DSCF0638.JPG,4Z/107MEDIA,0,Other_Amphibian,0.5092,3221.8,1951.7,3352.8,2097.0
/srv/shared_leopard_toad/2025/Documents/06.10-13.10.2025/4Z/107MEDIA/DSCF0485.JPG,DSCF0485.JPG,4Z/107MEDIA,0,Other_Amphibian,0.6585,3214.7,1953.0,3351.2,2097.3
/srv/shared_leopard_toad/2025/Documents/06.10-13.10.2025/4Z/107MEDIA/DSCF0485.JPG,DSCF0485.JPG,4Z/107MEDIA,0,Other_Amphibian,0.5803,3220.1,1952.7,3351.3,2096.2
/srv/shared_leopard_toad/2025/Documents/06.10-13.10.2025/4Z/107MEDIA/DSCF0485.JPG,DSCF0485.JPG,4Z/107MEDIA,2,Western_Leopard_Toad,0.2451,3655.4,1647.3,3933.0,1918.5
/srv/shared_leopard_toad/2025/Documents/06.10-13.10.2025/4Z/107MEDIA/DSCF0236.JPG,DSCF0236.JPG,4Z/107MEDIA,0,Other_Amphibian,0.5331,3214.9,1953.9,3348.9,2097.3
/srv/shared_leopard_toad/2025/Documents/06.10-13.10.2025/4Z/107MEDIA/DSCF0236.JPG,DSCF0236.JPG,4Z/107MEDIA,0,Other_Amphibian,0.4463,3222.2,1954.1,3350.1,2097.8
/srv/shared_leopard_toad/2025/Documents/06.10-13.10.2025/4Z/107MEDIA/DSCF0322.JPG,DSCF0322.JPG,4Z/107MEDIA,0,Other_Amphibian,0.6226,3216.4,1950.7,3351.4,2097.3
/srv/shared_leopard_toad/2025/Documents/06.10-13.10.2025/4Z/107MEDIA/DSCF0322.JPG,DSCF0322.JPG,4Z/107MEDIA,0,Other_Amphibian,0.5618,3223.0,1950.2,3354.8,2095.7
/srv/shared_leopard_toad/2025/Documents/06.10-13.10.2025/4Z/107MEDIA/DSCF0322.JPG,DSCF0322.JPG,4Z/107MEDIA,2,Western_Leopard_Toad,0.2502,3652.7,1647.8,3930.7,1918.2
/srv/shared_leopard_toad/2025/Documents/06.10-13.10.2025/4Z/107MEDIA/DSCF0084.JPG,DSCF0084.JPG,4Z/107MEDIA,0,Other_Amphibian,0.5990,3216.2,1954.4,3348.3,2095.9
/srv/shared_leopard_toad/2025/Documents/06.10-13.10.2025/4Z/107MEDIA/DSCF0084.JPG,DSCF0084.JPG,4Z/107MEDIA,0,Other_Amphibian,0.4886,3222.7,1954.0,3349.4,2095.6
/srv/shared_leopard_toad/2025/Documents/06.10-13.10.2025/4Z/107MEDIA/DSCF0124.JPG,DSCF0124.JPG,4Z/107MEDIA,0,Other_Amphibian,0.5382,3218.7,1952.8,3350.2,2095.1
/srv/shared_leopard_toad/2025/Documents/06.10-13.10.2025/4Z/107MEDIA/DSCF0124.JPG,DSCF0124.JPG,4Z/107MEDIA,0,Other_Amphibian,0.4345,3225.7,1953.3,3352.0,2096.0
/srv/shared_leopard_toad/2025/Documents/06.10-13.10.2025/4Z/107MEDIA/DSCF0138.JPG,DSCF0138.JPG,4Z/107MEDIA,0,Other_Amphibian,0.5550,3218.5,1952.6,3351.0,2097.7
/srv/shared_leopard_toad/2025/Documents/06.10-13.10.2025/4Z/107MEDIA/DSCF0138.JPG,DSCF0138.JPG,4Z/107MEDIA,0,Other_Amphibian,0.4612,3225.1,1953.3,3353.1,2097.9
/srv/shared_leopard_toad/2025/Documents/06.10-13.10.2025/4Z/107MEDIA/DSCF0014.JPG,DSCF0014.JPG,4Z/107MEDIA,0,Other_Amphibian,0.4955,3220.3,1952.0,3350.8,2101.3
/srv/shared_leopard_toad/2025/Documents/06.10-13.10.2025/4Z/107MEDIA/DSCF0014.JPG,DSCF0014.JPG,4Z/107MEDIA,0,Other_Amphibian,0.4303,3223.7,1952.8,3352.5,2101.6
/srv/shared_leopard_toad/2025/Documents/06.10-13.10.2025/4Z/107MEDIA/DSCF0836.JPG,DSCF0836.JPG,4Z/107MEDIA,0,Other_Amphibian,0.5960,3216.8,1950.8,3349.8,2093.8
/srv/shared_leopard_toad/2025/Documents/06.10-13.10.2025/4Z/107MEDIA/DSCF0836.JPG,DSCF0836.JPG,4Z/107MEDIA,0,Other_Amphibian,0.5173,3223.4,1951.4,3352.3,2093.9
/srv/shared_leopard_toad/2025/Documents/06.10-13.10.2025/4Z/107MEDIA/DSCF0520.JPG,DSCF0520.JPG,4Z/107MEDIA,0,Other_Amphibian,0.5831,3215.5,1953.8,3347.7,2097.9
/srv/shared_leopard_toad/2025/Documents/06.10-13.10.2025/4Z/107MEDIA/DSCF0520.JPG,DSCF0520.JPG,4Z/107MEDIA,0,Other_Amphibian,0.4953,3224.4,1952.6,3351.9,2096.3
/srv/shared_leopard_toad/2025/Documents/06.10-13.10.2025/4Z/107MEDIA/DSCF0520.JPG,DSCF0520.JPG,4Z/107MEDIA,2,Western_Leopard_Toad,0.2728,3653.8,1648.7,3930.8,1918.1
/srv/shared_leopard_toad/2025/Documents/06.10-13.10.2025/4Z/107MEDIA/DSCF0200.JPG,DSCF0200.JPG,4Z/107MEDIA,0,Other_Amphibian,0.6077,3215.4,1953.3,3349.9,2097.4
/srv/shared_leopard_toad/2025/Documents/06.10-13.10.2025/4Z/107MEDIA/DSCF0200.JPG,DSCF0200.JPG,4Z/107MEDIA,0,Other_Amphibian,0.5074,3222.1,1953.2,3350.9,2096.4
/srv/shared_leopard_toad/2025/Documents/06.10-13.10.2025/4Z/107MEDIA/DSCF0200.JPG,DSCF0200.JPG,4Z/107MEDIA,2,Western_Leopard_Toad,0.2164,3653.9,1649.5,3931.9,1918.4
/srv/shared_leopard_toad/2025/Documents/06.10-13.10.2025/4Z/107MEDIA/DSCF0744.JPG,DSCF0744.JPG,4Z/107MEDIA,0,Other_Amphibian,0.6109,3215.1,1953.0,3348.4,2096.2
/srv/shared_leopard_toad/2025/Documents/06.10-13.10.2025/4Z/107MEDIA/DSCF0744.JPG,DSCF0744.JPG,4Z/107MEDIA,0,Other_Amphibian,0.5338,3223.5,1952.6,3351.5,2095.7
/srv/shared_leopard_toad/2025/Documents/06.10-13.10.2025/4Z/107MEDIA/DSCF0359.JPG,DSCF0359.JPG,4Z/107MEDIA,0,Other_Amphibian,0.5890,3215.7,1951.9,3347.9,2096.5
/srv/shared_leopard_toad/2025/Documents/06.10-13.10.2025/4Z/107MEDIA/DSCF0359.JPG,DSCF0359.JPG,4Z/107MEDIA,0,Other_Amphibian,0.4842,3227.0,1951.8,3353.5,2096.2
/srv/shared_leopard_toad/2025/Documents/06.10-13.10.2025/4Z/107MEDIA/DSCF0359.JPG,DSCF0359.JPG,4Z/107MEDIA,2,Western_Leopard_Toad,0.2326,3653.3,1649.8,3930.7,1918.1
/srv/shared_leopard_toad/2025/Documents/06.10-13.10.2025/4Z/107MEDIA/DSCF0009.JPG,DSCF0009.JPG,4Z/107MEDIA,0,Other_Amphibian,0.6152,3215.6,1954.9,3348.3,2097.4
/srv/shared_leopard_toad/2025/Documents/06.10-13.10.2025/4Z/107MEDIA/DSCF0009.JPG,DSCF0009.JPG,4Z/107MEDIA,0,Other_Amphibian,0.5319,3221.9,1953.8,3349.4,2096.0
/srv/shared_leopard_toad/2025/Documents/06.10-13.10.2025/4Z/107MEDIA/DSCF0950.JPG,DSCF0950.JPG,4Z/107MEDIA,0,Other_Amphibian,0.5737,3216.1,1952.1,3350.0,2096.7
/srv/shared_leopard_toad/2025/Documents/06.10-13.10.2025/4Z/107MEDIA/DSCF0950.JPG,DSCF0950.JPG,4Z/107MEDIA,0,Other_Amphibian,0.4613,3224.5,1952.2,3354.2,2096.2
/srv/shared_leopard_toad/2025/Documents/06.10-13.10.2025/4Z/107MEDIA/DSCF0950.JPG,DSCF0950.JPG,4Z/107MEDIA,2,Western_Leopard_Toad,0.2538,3652.0,1647.8,3933.8,1918.3
/srv/shared_leopard_toad/2025/Documents/06.10-13.10.2025/4Z/107MEDIA/DSCF0447.JPG,DSCF0447.JPG,4Z/107MEDIA,0,Other_Amphibian,0.5482,3214.2,1952.0,3346.4,2096.7
/srv/shared_leopard_toad/2025/Documents/06.10-13.10.2025/4Z/107MEDIA/DSCF0447.JPG,DSCF0447.JPG,4Z/107MEDIA,0,Other_Amphibian,0.4665,3223.2,1951.3,3350.5,2095.8
/srv/shared_leopard_toad/2025/Documents/06.10-13.10.2025/4Z/107MEDIA/DSCF0702.JPG,DSCF0702.JPG,4Z/107MEDIA,0,Other_Amphibian,0.5556,3216.8,1952.5,3350.8,2092.8
/srv/shared_leopard_toad/2025/Documents/06.10-13.10.2025/4Z/107MEDIA/DSCF0702.JPG,DSCF0702.JPG,4Z/107MEDIA,0,Other_Amphibian,0.5011,3223.3,1952.5,3354.4,2093.1
/srv/shared_leopard_toad/2025/Documents/06.10-13.10.2025/4Z/107MEDIA/DSCF0140.JPG,DSCF0140.JPG,4Z/107MEDIA,0,Other_Amphibian,0.6021,3216.6,1955.4,3349.0,2098.2
/srv/shared_leopard_toad/2025/Documents/06.10-13.10.2025/4Z/107MEDIA/DSCF0140.JPG,DSCF0140.JPG,4Z/107MEDIA,0,Other_Amphibian,0.4744,3223.1,1955.2,3350.3,2097.8
/srv/shared_leopard_toad/2025/Documents/06.10-13.10.2025/4Z/107MEDIA/DSCF0140.JPG,DSCF0140.JPG,4Z/107MEDIA,2,Western_Leopard_Toad,0.2077,3655.2,1649.2,3931.8,1919.5
/srv/shared_leopard_toad/2025/Documents/06.10-13.10.2025/4Z/107MEDIA/DSCF0243.JPG,DSCF0243.JPG,4Z/107MEDIA,0,Other_Amphibian,0.6275,3214.9,1955.6,3348.6,2097.9
/srv/shared_leopard_toad/2025/Documents/06.10-13.10.2025/4Z/107MEDIA/DSCF0243.JPG,DSCF0243.JPG,4Z/107MEDIA,0,Other_Amphibian,0.4945,3224.2,1955.3,3350.6,2097.6
/srv/shared_leopard_toad/2025/Documents/06.10-13.10.2025/4Z/107MEDIA/DSCF0243.JPG,DSCF0243.JPG,4Z/107MEDIA,2,Western_Leopard_Toad,0.2081,3655.6,1648.6,3933.8,1918.5
/srv/shared_leopard_toad/2025/Documents/06.10-13.10.2025/4Z/107MEDIA/DSCF0717.JPG,DSCF0717.JPG,4Z/107MEDIA,0,Other_Amphibian,0.6039,3216.3,1951.1,3349.7,2096.6
/srv/shared_leopard_toad/2025/Documents/06.10-13.10.2025/4Z/107MEDIA/DSCF0717.JPG,DSCF0717.JPG,4Z/107MEDIA,0,Other_Amphibian,0.5214,3223.5,1951.2,3351.1,2096.6
/srv/shared_leopard_toad/2025/Documents/06.10-13.10.2025/4Z/107MEDIA/DSCF0410.JPG,DSCF0410.JPG,4Z/107MEDIA,0,Other_Amphibian,0.6338,3214.1,1951.6,3351.1,2099.5
/srv/shared_leopard_toad/2025/Documents/06.10-13.10.2025/4Z/107MEDIA/DSCF0410.JPG,DSCF0410.JPG,4Z/107MEDIA,0,Other_Amphibian,0.5734,3219.1,1951.6,3351.0,2098.8
/srv/shared_leopard_toad/2025/Documents/06.10-13.10.2025/4Z/107MEDIA/DSCF0579.JPG,DSCF0579.JPG,4Z/107MEDIA,0,Other_Amphibian,0.5901,3214.4,1952.7,3350.0,2098.2
/srv/shared_leopard_toad/2025/Documents/06.10-13.10.2025/4Z/107MEDIA/DSCF0579.JPG,DSCF0579.JPG,4Z/107MEDIA,0,Other_Amphibian,0.5176,3222.9,1952.4,3354.4,2097.0
/srv/shared_leopard_toad/2025/Documents/06.10-13.10.2025/4Z/107MEDIA/DSCF0506.JPG,DSCF0506.JPG,4Z/107MEDIA,0,Other_Amphibian,0.6073,3216.7,1954.0,3350.5,2096.2
/srv/shared_leopard_toad/2025/Documents/06.10-13.10.2025/4Z/107MEDIA/DSCF0506.JPG,DSCF0506.JPG,4Z/107MEDIA,0,Other_Amphibian,0.5389,3223.3,1953.6,3352.7,2095.8
/srv/shared_leopard_toad/2025/Documents/06.10-13.10.2025/4Z/107MEDIA/DSCF0361.JPG,DSCF0361.JPG,4Z/107MEDIA,0,Other_Amphibian,0.6413,3214.7,1953.3,3351.9,2096.3
/srv/shared_leopard_toad/2025/Documents/06.10-13.10.2025/4Z/107MEDIA/DSCF0361.JPG,DSCF0361.JPG,4Z/107MEDIA,0,Other_Amphibian,0.5706,3220.2,1953.6,3351.8,2096.4
/srv/shared_leopard_toad/2025/Documents/06.10-13.10.2025/4Z/107MEDIA/DSCF0201.JPG,DSCF0201.JPG,4Z/107MEDIA,0,Other_Amphibian,0.5118,3221.1,1954.8,3351.4,2094.4
/srv/shared_leopard_toad/2025/Documents/06.10-13.10.2025/4Z/107MEDIA/DSCF0201.JPG,DSCF0201.JPG,4Z/107MEDIA,0,Other_Amphibian,0.4205,3225.4,1955.4,3351.3,2095.8
/srv/shared_leopard_toad/2025/Documents/06.10-13.10.2025/4Z/107MEDIA/DSCF0642.JPG,DSCF0642.JPG,4Z/107MEDIA,0,Other_Amphibian,0.5752,3216.6,1952.5,3350.3,2097.6
/srv/shared_leopard_toad/2025/Documents/06.10-13.10.2025/4Z/107MEDIA/DSCF0642.JPG,DSCF0642.JPG,4Z/107MEDIA,0,Other_Amphibian,0.4818,3222.1,1952.7,3351.0,2097.5
/srv/shared_leopard_toad/2025/Documents/06.10-13.10.2025/4Z/107MEDIA/DSCF0762.JPG,DSCF0762.JPG,4Z/107MEDIA,0,Other_Amphibian,0.6008,3216.2,1952.2,3349.5,2096.8
/srv/shared_leopard_toad/2025/Documents/06.10-13.10.2025/4Z/107MEDIA/DSCF0762.JPG,DSCF0762.JPG,4Z/107MEDIA,0,Other_Amphibian,0.5441,3222.2,1952.1,3351.0,2095.8
/srv/shared_leopard_toad/2025/Documents/06.10-13.10.2025/4Z/107MEDIA/DSCF0992.JPG,DSCF0992.JPG,4Z/107MEDIA,0,Other_Amphibian,0.5673,3217.4,1952.7,3349.7,2093.1
/srv/shared_leopard_toad/2025/Documents/06.10-13.10.2025/4Z/107MEDIA/DSCF0992.JPG,DSCF0992.JPG,4Z/107MEDIA,0,Other_Amphibian,0.5002,3225.5,1952.8,3354.2,2093.5
/srv/shared_leopard_toad/2025/Documents/06.10-13.10.2025/4Z/107MEDIA/DSCF0513.JPG,DSCF0513.JPG,4Z/107MEDIA,0,Other_Amphibian,0.6064,3216.9,1952.3,3349.4,2096.7
/srv/shared_leopard_toad/2025/Documents/06.10-13.10.2025/4Z/107MEDIA/DSCF0513.JPG,DSCF0513.JPG,4Z/107MEDIA,0,Other_Amphibian,0.5257,3223.2,1951.7,3351.6,2094.7
/srv/shared_leopard_toad/2025/Documents/06.10-13.10.2025/4Z/107MEDIA/DSCF0513.JPG,DSCF0513.JPG,4Z/107MEDIA,2,Western_Leopard_Toad,0.3009,3651.6,1647.9,3931.4,1918.5
/srv/shared_leopard_toad/2025/Documents/06.10-13.10.2025/4Z/107MEDIA/DSCF0707.JPG,DSCF0707.JPG,4Z/107MEDIA,0,Other_Amphibian,0.6004,3216.6,1948.9,3355.4,2096.4
/srv/shared_leopard_toad/2025/Documents/06.10-13.10.2025/4Z/107MEDIA/DSCF0707.JPG,DSCF0707.JPG,4Z/107MEDIA,0,Other_Amphibian,0.5641,3218.9,1949.3,3354.3,2095.5
/srv/shared_leopard_toad/2025/Documents/06.10-13.10.2025/4Z/105MEDIA/DSCF0135.JPG,DSCF0135.JPG,4Z/105MEDIA,0,Other_Amphibian,0.3225,2603.2,2696.8,2747.5,2854.0
/srv/shared_leopard_toad/2025/Documents/06.10-13.10.2025/4Z/105MEDIA/DSCF0135.JPG,DSCF0135.JPG,4Z/105MEDIA,0,Other_Amphibian,0.2520,3146.7,2305.0,3271.8,2446.5
/srv/shared_leopard_toad/2025/Documents/06.10-13.10.2025/4Z/105MEDIA/DSCF0135.JPG,DSCF0135.JPG,4Z/105MEDIA,0,Other_Amphibian,0.2123,2603.6,2696.4,2747.2,2853.6
/srv/shared_leopard_toad/2025/Documents/06.10-13.10.2025/4Z/105MEDIA/DSCF0404.JPG,DSCF0404.JPG,4Z/105MEDIA,0,Other_Amphibian,0.3560,3144.3,2302.3,3272.0,2442.3
/srv/shared_leopard_toad/2025/Documents/06.10-13.10.2025/4Z/105MEDIA/DSCF0404.JPG,DSCF0404.JPG,4Z/105MEDIA,0,Other_Amphibian,0.2213,3144.0,2307.2,3276.1,2444.4
/srv/shared_leopard_toad/2025/Documents/06.10-13.10.2025/4Z/105MEDIA/DSCF0404.JPG,DSCF0404.JPG,4Z/105MEDIA,0,Other_Amphibian,0.2093,3154.9,2309.2,3270.4,2449.3
/srv/shared_leopard_toad/2025/Documents/06.10-13.10.2025/4Z/105MEDIA/DSCF0993.JPG,DSCF0993.JPG,4Z/105MEDIA,2,Western_Leopard_Toad,0.3991,3656.9,1656.5,3928.8,1922.3
/srv/shared_leopard_toad/2025/Documents/06.10-13.10.2025/4Z/105MEDIA/DSCF0993.JPG,DSCF0993.JPG,4Z/105MEDIA,0,Other_Amphibian,0.2097,3222.9,1967.6,3348.0,2106.5
/srv/shared_leopard_toad/2025/Documents/06.10-13.10.2025/4Z/105MEDIA/DSCF0358.JPG,DSCF0358.JPG,4Z/105MEDIA,0,Other_Amphibian,0.2543,2594.0,2695.4,2742.4,2853.8
/srv/shared_leopard_toad/2025/Documents/06.10-13.10.2025/4Z/105MEDIA/DSCF0358.JPG,DSCF0358.JPG,4Z/105MEDIA,0,Other_Amphibian,0.2385,3148.6,2306.0,3274.0,2445.3
/srv/shared_leopard_toad/2025/Documents/06.10-13.10.2025/4Z/105MEDIA/DSCF0012.JPG,DSCF0012.JPG,4Z/105MEDIA,0,Other_Amphibian,0.2961,2598.1,2695.2,2744.4,2854.5
/srv/shared_leopard_toad/2025/Documents/06.10-13.10.2025/4Z/105MEDIA/DSCF0012.JPG,DSCF0012.JPG,4Z/105MEDIA,0,Other_Amphibian,0.2834,3146.1,2303.8,3272.8,2445.0
/srv/shared_leopard_toad/2025/Documents/06.10-13.10.2025/4Z/105MEDIA/DSCF0012.JPG,DSCF0012.JPG,4Z/105MEDIA,0,Other_Amphibian,0.2227,2597.9,2694.9,2746.3,2853.8
/srv/shared_leopard_toad/2025/Documents/06.10-13.10.2025/4Z/105MEDIA/DSCF0488.JPG,DSCF0488.JPG,4Z/105MEDIA,2,Western_Leopard_Toad,0.2307,3549.9,1962.4,3835.3,2234.8
/srv/shared_leopard_toad/2025/Documents/06.10-13.10.2025/4Z/105MEDIA/DSCF0519.JPG,DSCF0519.JPG,4Z/105MEDIA,0,Other_Amphibian,0.2460,3.7,852.4,143.5,1001.4
/srv/shared_leopard_toad/2025/Documents/06.10-13.10.2025/4Z/105MEDIA/DSCF0589.JPG,DSCF0589.JPG,4Z/105MEDIA,2,Western_Leopard_Toad,0.3733,3642.5,1673.3,3920.4,1940.1
/srv/shared_leopard_toad/2025/Documents/06.10-13.10.2025/4Z/105MEDIA/DSCF0443.JPG,DSCF0443.JPG,4Z/105MEDIA,0,Other_Amphibian,0.3453,2601.9,2694.2,2752.7,2854.1
/srv/shared_leopard_toad/2025/Documents/06.10-13.10.2025/4Z/105MEDIA/DSCF0443.JPG,DSCF0443.JPG,4Z/105MEDIA,0,Other_Amphibian,0.2231,2605.4,2693.5,2758.2,2853.8
/srv/shared_leopard_toad/2025/Documents/06.10-13.10.2025/4Z/105MEDIA/DSCF0911.JPG,DSCF0911.JPG,4Z/105MEDIA,2,Western_Leopard_Toad,0.4184,3655.8,1656.6,3929.0,1922.8
/srv/shared_leopard_toad/2025/Documents/06.10-13.10.2025/4Z/105MEDIA/DSCF0911.JPG,DSCF0911.JPG,4Z/105MEDIA,0,Other_Amphibian,0.2041,3223.8,1968.3,3347.8,2106.4
/srv/shared_leopard_toad/2025/Documents/06.10-13.10.2025/4Z/105MEDIA/DSCF0215.JPG,DSCF0215.JPG,4Z/105MEDIA,0,Other_Amphibian,0.2253,3148.1,2306.6,3274.4,2445.3
/srv/shared_leopard_toad/2025/Documents/06.10-13.10.2025/4Z/105MEDIA/DSCF0173.JPG,DSCF0173.JPG,4Z/105MEDIA,0,Other_Amphibian,0.2077,2598.6,2695.6,2744.1,2853.8
/srv/shared_leopard_toad/2025/Documents/06.10-13.10.2025/4Z/105MEDIA/DSCF0173.JPG,DSCF0173.JPG,4Z/105MEDIA,0,Other_Amphibian,0.2015,3148.8,2307.8,3274.7,2446.5
/srv/shared_leopard_toad/2025/Documents/06.10-13.10.2025/4Z/105MEDIA/DSCF0464.JPG,DSCF0464.JPG,4Z/105MEDIA,0,Other_Amphibian,0.2234,3153.5,2307.3,3270.3,2448.6
/srv/shared_leopard_toad/2025/Documents/06.10-13.10.2025/4Z/105MEDIA/DSCF0464.JPG,DSCF0464.JPG,4Z/105MEDIA,0,Other_Amphibian,0.2005,3147.1,2305.1,3276.9,2448.1
/srv/shared_leopard_toad/2025/Documents/06.10-13.10.2025/4Z/105MEDIA/DSCF0455.JPG,DSCF0455.JPG,4Z/105MEDIA,0,Other_Amphibian,0.2563,2594.2,2693.1,2750.4,2855.0
/srv/shared_leopard_toad/2025/Documents/06.10-13.10.2025/4Z/105MEDIA/DSCF0001.JPG,DSCF0001.JPG,4Z/105MEDIA,0,Other_Amphibian,0.2578,2596.9,2694.4,2744.3,2854.3
/srv/shared_leopard_toad/2025/Documents/06.10-13.10.2025/4Z/105MEDIA/DSCF0407.JPG,DSCF0407.JPG,4Z/105MEDIA,0,Other_Amphibian,0.2317,3147.7,2305.3,3274.5,2446.3
/srv/shared_leopard_toad/2025/Documents/06.10-13.10.2025/4Z/105MEDIA/DSCF0416.JPG,DSCF0416.JPG,4Z/105MEDIA,0,Other_Amphibian,0.2262,2603.4,2694.9,2746.5,2852.9
/srv/shared_leopard_toad/2025/Documents/06.10-13.10.2025/4Z/105MEDIA/DSCF0416.JPG,DSCF0416.JPG,4Z/105MEDIA,0,Other_Amphibian,0.2075,3146.9,2305.6,3271.4,2445.2
/srv/shared_leopard_toad/2025/Documents/06.10-13.10.2025/4Z/105MEDIA/DSCF0922.JPG,DSCF0922.JPG,4Z/105MEDIA,0,Other_Amphibian,0.3437,3657.3,1653.6,3927.8,1922.7
/srv/shared_leopard_toad/2025/Documents/06.10-13.10.2025/4Z/105MEDIA/DSCF0922.JPG,DSCF0922.JPG,4Z/105MEDIA,0,Other_Amphibian,0.2454,3221.9,1967.1,3348.3,2108.1
/srv/shared_leopard_toad/2025/Documents/06.10-13.10.2025/4Z/105MEDIA/DSCF0922.JPG,DSCF0922.JPG,4Z/105MEDIA,0,Other_Amphibian,0.2395,3228.0,1969.7,3351.2,2110.9
/srv/shared_leopard_toad/2025/Documents/06.10-13.10.2025/4Z/105MEDIA/DSCF0678.JPG,DSCF0678.JPG,4Z/105MEDIA,0,Other_Amphibian,0.3023,2568.7,1980.9,2864.1,2251.5
/srv/shared_leopard_toad/2025/Documents/06.10-13.10.2025/4Z/105MEDIA/DSCF0678.JPG,DSCF0678.JPG,4Z/105MEDIA,2,Western_Leopard_Toad,0.2068,3654.1,1659.1,3926.0,1925.1
/srv/shared_leopard_toad/2025/Documents/06.10-13.10.2025/4Z/105MEDIA/DSCF0651.JPG,DSCF0651.JPG,4Z/105MEDIA,0,Other_Amphibian,0.2595,2564.9,1978.6,2849.0,2252.7
/srv/shared_leopard_toad/2025/Documents/06.10-13.10.2025/4Z/105MEDIA/DSCF0651.JPG,DSCF0651.JPG,4Z/105MEDIA,0,Other_Amphibian,0.2479,3222.0,1967.0,3350.1,2107.8
/srv/shared_leopard_toad/2025/Documents/06.10-13.10.2025/4Z/105MEDIA/DSCF0651.JPG,DSCF0651.JPG,4Z/105MEDIA,0,Other_Amphibian,0.2419,3226.0,1969.1,3350.8,2109.8
/srv/shared_leopard_toad/2025/Documents/06.10-13.10.2025/4Z/105MEDIA/DSCF0651.JPG,DSCF0651.JPG,4Z/105MEDIA,0,Other_Amphibian,0.2113,3655.9,1657.8,3925.7,1924.8
/srv/shared_leopard_toad/2025/Documents/06.10-13.10.2025/4Z/105MEDIA/DSCF0767.JPG,DSCF0767.JPG,4Z/105MEDIA,2,Western_Leopard_Toad,0.3021,3654.4,1656.9,3928.2,1923.3
/srv/shared_leopard_toad/2025/Documents/06.10-13.10.2025/4Z/105MEDIA/DSCF0767.JPG,DSCF0767.JPG,4Z/105MEDIA,0,Other_Amphibian,0.2821,2570.7,1976.4,2859.2,2250.3
/srv/shared_leopard_toad/2025/Documents/06.10-13.10.2025/4Z/105MEDIA/DSCF0767.JPG,DSCF0767.JPG,4Z/105MEDIA,0,Other_Amphibian,0.2270,3222.6,1967.0,3347.2,2107.3
/srv/shared_leopard_toad/2025/Documents/06.10-13.10.2025/4Z/105MEDIA/DSCF0774.JPG,DSCF0774.JPG,4Z/105MEDIA,0,Other_Amphibian,0.3646,2567.6,1982.0,2865.4,2250.5
/srv/shared_leopard_toad/2025/Documents/06.10-13.10.2025/4Z/105MEDIA/DSCF0774.JPG,DSCF0774.JPG,4Z/105MEDIA,2,Western_Leopard_Toad,0.2612,3656.7,1657.3,3927.5,1923.9
/srv/shared_leopard_toad/2025/Documents/06.10-13.10.2025/4Z/105MEDIA/DSCF0774.JPG,DSCF0774.JPG,4Z/105MEDIA,0,Other_Amphibian,0.2507,3219.0,1965.9,3346.1,2108.3
/srv/shared_leopard_toad/2025/Documents/06.10-13.10.2025/4Z/105MEDIA/DSCF0774.JPG,DSCF0774.JPG,4Z/105MEDIA,0,Other_Amphibian,0.2400,3228.1,1969.2,3349.5,2113.2
/srv/shared_leopard_toad/2025/Documents/06.10-13.10.2025/4Z/105MEDIA/DSCF0298.JPG,DSCF0298.JPG,4Z/105MEDIA,0,Other_Amphibian,0.3863,2600.6,2696.3,2744.6,2853.7
/srv/shared_leopard_toad/2025/Documents/06.10-13.10.2025/4Z/105MEDIA/DSCF0298.JPG,DSCF0298.JPG,4Z/105MEDIA,0,Other_Amphibian,0.2258,3150.6,2305.8,3269.2,2446.4
/srv/shared_leopard_toad/2025/Documents/06.10-13.10.2025/4Z/105MEDIA/DSCF0298.JPG,DSCF0298.JPG,4Z/105MEDIA,0,Other_Amphibian,0.2151,2601.7,2696.2,2746.3,2853.1
/srv/shared_leopard_toad/2025/Documents/06.10-13.10.2025/4Z/105MEDIA/DSCF0784.JPG,DSCF0784.JPG,4Z/105MEDIA,2,Western_Leopard_Toad,0.4010,3656.5,1656.3,3930.7,1922.7
/srv/shared_leopard_toad/2025/Documents/06.10-13.10.2025/4Z/105MEDIA/DSCF0784.JPG,DSCF0784.JPG,4Z/105MEDIA,0,Other_Amphibian,0.3572,3219.8,1967.4,3348.1,2108.9
/srv/shared_leopard_toad/2025/Documents/06.10-13.10.2025/4Z/105MEDIA/DSCF0784.JPG,DSCF0784.JPG,4Z/105MEDIA,0,Other_Amphibian,0.3104,3228.6,1969.9,3351.6,2112.4
/srv/shared_leopard_toad/2025/Documents/06.10-13.10.2025/4Z/105MEDIA/DSCF0784.JPG,DSCF0784.JPG,4Z/105MEDIA,0,Other_Amphibian,0.2702,2567.0,1984.4,2858.3,2250.8
/srv/shared_leopard_toad/2025/Documents/06.10-13.10.2025/4Z/105MEDIA/DSCF0933.JPG,DSCF0933.JPG,4Z/105MEDIA,0,Other_Amphibian,0.2525,3223.1,1967.6,3347.1,2106.8
/srv/shared_leopard_toad/2025/Documents/06.10-13.10.2025/4Z/105MEDIA/DSCF0933.JPG,DSCF0933.JPG,4Z/105MEDIA,0,Other_Amphibian,0.2483,3228.4,1968.0,3348.8,2108.0
/srv/shared_leopard_toad/2025/Documents/06.10-13.10.2025/4Z/105MEDIA/DSCF0933.JPG,DSCF0933.JPG,4Z/105MEDIA,2,Western_Leopard_Toad,0.2461,3656.2,1656.1,3926.6,1923.1
/srv/shared_leopard_toad/2025/Documents/06.10-13.10.2025/4Z/105MEDIA/DSCF0417.JPG,DSCF0417.JPG,4Z/105MEDIA,0,Other_Amphibian,0.2693,3148.0,2302.4,3271.1,2442.8
/srv/shared_leopard_toad/2025/Documents/06.10-13.10.2025/4Z/105MEDIA/DSCF0141.JPG,DSCF0141.JPG,4Z/105MEDIA,0,Other_Amphibian,0.2900,2598.3,2696.3,2745.9,2854.3
/srv/shared_leopard_toad/2025/Documents/06.10-13.10.2025/4Z/105MEDIA/DSCF0141.JPG,DSCF0141.JPG,4Z/105MEDIA,0,Other_Amphibian,0.2628,3150.8,2306.3,3270.1,2444.7
/srv/shared_leopard_toad/2025/Documents/06.10-13.10.2025/4Z/105MEDIA/DSCF0325.JPG,DSCF0325.JPG,4Z/105MEDIA,0,Other_Amphibian,0.3250,3145.7,2303.8,3269.5,2442.1
/srv/shared_leopard_toad/2025/Documents/06.10-13.10.2025/4Z/105MEDIA/DSCF0325.JPG,DSCF0325.JPG,4Z/105MEDIA,0,Other_Amphibian,0.3057,2596.6,2695.6,2745.2,2854.9
/srv/shared_leopard_toad/2025/Documents/06.10-13.10.2025/4Z/105MEDIA/DSCF0325.JPG,DSCF0325.JPG,4Z/105MEDIA,0,Other_Amphibian,0.2754,3152.7,2306.0,3269.2,2444.1
/srv/shared_leopard_toad/2025/Documents/06.10-13.10.2025/4Z/105MEDIA/DSCF0650.JPG,DSCF0650.JPG,4Z/105MEDIA,0,Other_Amphibian,0.3940,2565.4,1978.7,2864.2,2250.7
/srv/shared_leopard_toad/2025/Documents/06.10-13.10.2025/4Z/105MEDIA/DSCF0650.JPG,DSCF0650.JPG,4Z/105MEDIA,0,Other_Amphibian,0.3227,3657.2,1656.8,3929.8,1925.1
/srv/shared_leopard_toad/2025/Documents/06.10-13.10.2025/4Z/105MEDIA/DSCF0650.JPG,DSCF0650.JPG,4Z/105MEDIA,0,Other_Amphibian,0.2725,3219.0,1966.6,3347.3,2110.1
/srv/shared_leopard_toad/2025/Documents/06.10-13.10.2025/4Z/105MEDIA/DSCF0650.JPG,DSCF0650.JPG,4Z/105MEDIA,0,Other_Amphibian,0.2613,3224.8,1965.8,3349.1,2110.3
/srv/shared_leopard_toad/2025/Documents/06.10-13.10.2025/4Z/105MEDIA/DSCF0562.JPG,DSCF0562.JPG,4Z/105MEDIA,2,Western_Leopard_Toad,0.3192,3641.6,1673.8,3919.9,1940.1
/srv/shared_leopard_toad/2025/Documents/06.10-13.10.2025/4Z/105MEDIA/DSCF0446.JPG,DSCF0446.JPG,4Z/105MEDIA,0,Other_Amphibian,0.4094,3551.9,1963.8,3826.7,2181.6
/srv/shared_leopard_toad/2025/Documents/06.10-13.10.2025/4Z/105MEDIA/DSCF0446.JPG,DSCF0446.JPG,4Z/105MEDIA,0,Other_Amphibian,0.2278,2592.5,2695.4,2747.4,2855.3
/srv/shared_leopard_toad/2025/Documents/06.10-13.10.2025/4Z/105MEDIA/DSCF0512.JPG,DSCF0512.JPG,4Z/105MEDIA,2,Western_Leopard_Toad,0.2826,1308.1,1608.9,1546.3,1930.1
/srv/shared_leopard_toad/2025/Documents/06.10-13.10.2025/4Z/105MEDIA/DSCF0512.JPG,DSCF0512.JPG,4Z/105MEDIA,0,Other_Amphibian,0.2239,4530.2,1279.8,4637.1,1410.6
/srv/shared_leopard_toad/2025/Documents/06.10-13.10.2025/4Z/105MEDIA/DSCF0282.JPG,DSCF0282.JPG,4Z/105MEDIA,0,Other_Amphibian,0.2747,3147.1,2304.9,3273.0,2444.6
/srv/shared_leopard_toad/2025/Documents/06.10-13.10.2025/4Z/105MEDIA/DSCF0430.JPG,DSCF0430.JPG,4Z/105MEDIA,0,Other_Amphibian,0.2130,3146.8,2302.8,3268.7,2444.3
/srv/shared_leopard_toad/2025/Documents/06.10-13.10.2025/4Z/105MEDIA/DSCF0430.JPG,DSCF0430.JPG,4Z/105MEDIA,0,Other_Amphibian,0.2083,2599.6,2694.6,2749.6,2854.4
/srv/shared_leopard_toad/2025/Documents/06.10-13.10.2025/4Z/105MEDIA/DSCF0765.JPG,DSCF0765.JPG,4Z/105MEDIA,2,Western_Leopard_Toad,0.3564,3657.3,1655.7,3928.1,1922.9
/srv/shared_leopard_toad/2025/Documents/06.10-13.10.2025/4Z/105MEDIA/DSCF0765.JPG,DSCF0765.JPG,4Z/105MEDIA,0,Other_Amphibian,0.2866,3217.6,1966.7,3346.6,2110.0
/srv/shared_leopard_toad/2025/Documents/06.10-13.10.2025/4Z/105MEDIA/DSCF0765.JPG,DSCF0765.JPG,4Z/105MEDIA,0,Other_Amphibian,0.2744,3226.7,1968.1,3350.5,2113.4
/srv/shared_leopard_toad/2025/Documents/06.10-13.10.2025/4Z/105MEDIA/DSCF0765.JPG,DSCF0765.JPG,4Z/105MEDIA,0,Other_Amphibian,0.2666,2569.4,1978.2,2856.1,2250.9
/srv/shared_leopard_toad/2025/Documents/06.10-13.10.2025/4Z/105MEDIA/DSCF0594.JPG,DSCF0594.JPG,4Z/105MEDIA,2,Western_Leopard_Toad,0.7149,3643.8,1671.1,3921.6,1939.8
/srv/shared_leopard_toad/2025/Documents/06.10-13.10.2025/4Z/105MEDIA/DSCF0956.JPG,DSCF0956.JPG,4Z/105MEDIA,2,Western_Leopard_Toad,0.4125,3656.4,1656.4,3928.5,1922.6
/srv/shared_leopard_toad/2025/Documents/06.10-13.10.2025/4Z/105MEDIA/DSCF0667.JPG,DSCF0667.JPG,4Z/105MEDIA,0,Other_Amphibian,0.3770,2566.7,1978.7,2862.6,2251.4
/srv/shared_leopard_toad/2025/Documents/06.10-13.10.2025/4Z/105MEDIA/DSCF0667.JPG,DSCF0667.JPG,4Z/105MEDIA,0,Other_Amphibian,0.3019,3656.9,1655.6,3930.4,1923.7
/srv/shared_leopard_toad/2025/Documents/06.10-13.10.2025/4Z/105MEDIA/DSCF0812.JPG,DSCF0812.JPG,4Z/105MEDIA,2,Western_Leopard_Toad,0.4267,3656.3,1658.5,3929.2,1923.1
/srv/shared_leopard_toad/2025/Documents/06.10-13.10.2025/4Z/105MEDIA/DSCF0311.JPG,DSCF0311.JPG,4Z/105MEDIA,0,Other_Amphibian,0.2559,2599.1,2696.4,2745.2,2854.0
/srv/shared_leopard_toad/2025/Documents/06.10-13.10.2025/4Z/105MEDIA/DSCF0565.JPG,DSCF0565.JPG,4Z/105MEDIA,2,Western_Leopard_Toad,0.3571,3644.1,1674.6,3917.9,1935.8
/srv/shared_leopard_toad/2025/Documents/06.10-13.10.2025/4Z/105MEDIA/DSCF0565.JPG,DSCF0565.JPG,4Z/105MEDIA,0,Other_Amphibian,0.2354,4797.0,1323.7,4943.9,1562.0
/srv/shared_leopard_toad/2025/Documents/06.10-13.10.2025/4Z/105MEDIA/DSCF0868.JPG,DSCF0868.JPG,4Z/105MEDIA,0,Other_Amphibian,0.3166,3656.2,1656.7,3928.4,1923.5
/srv/shared_leopard_toad/2025/Documents/06.10-13.10.2025/4Z/105MEDIA/DSCF0868.JPG,DSCF0868.JPG,4Z/105MEDIA,0,Other_Amphibian,0.2673,3221.7,1967.3,3348.6,2107.0
/srv/shared_leopard_toad/2025/Documents/06.10-13.10.2025/4Z/105MEDIA/DSCF0868.JPG,DSCF0868.JPG,4Z/105MEDIA,0,Other_Amphibian,0.2480,3230.4,1973.6,3353.5,2114.6
/srv/shared_leopard_toad/2025/Documents/06.10-13.10.2025/4Z/105MEDIA/DSCF0668.JPG,DSCF0668.JPG,4Z/105MEDIA,2,Western_Leopard_Toad,0.4664,3655.9,1657.7,3930.7,1924.4
/srv/shared_leopard_toad/2025/Documents/06.10-13.10.2025/4Z/105MEDIA/DSCF0668.JPG,DSCF0668.JPG,4Z/105MEDIA,0,Other_Amphibian,0.2702,2568.4,1984.7,2856.4,2251.2
/srv/shared_leopard_toad/2025/Documents/06.10-13.10.2025/4Z/105MEDIA/DSCF0668.JPG,DSCF0668.JPG,4Z/105MEDIA,0,Other_Amphibian,0.2187,3228.1,1973.7,3352.8,2114.3
/srv/shared_leopard_toad/2025/Documents/06.10-13.10.2025/4Z/105MEDIA/DSCF0668.JPG,DSCF0668.JPG,4Z/105MEDIA,0,Other_Amphibian,0.2180,3220.5,1970.0,3349.7,2109.8
/srv/shared_leopard_toad/2025/Documents/06.10-13.10.2025/4Z/105MEDIA/DSCF0187.JPG,DSCF0187.JPG,4Z/105MEDIA,0,Other_Amphibian,0.2851,2594.1,2695.9,2744.4,2854.9
/srv/shared_leopard_toad/2025/Documents/06.10-13.10.2025/4Z/105MEDIA/DSCF0187.JPG,DSCF0187.JPG,4Z/105MEDIA,0,Other_Amphibian,0.2361,3148.9,2306.5,3271.0,2444.8
/srv/shared_leopard_toad/2025/Documents/06.10-13.10.2025/4Z/105MEDIA/DSCF0061.JPG,DSCF0061.JPG,4Z/105MEDIA,0,Other_Amphibian,0.2545,3147.0,2304.0,3273.2,2444.2
/srv/shared_leopard_toad/2025/Documents/06.10-13.10.2025/4Z/105MEDIA/DSCF0061.JPG,DSCF0061.JPG,4Z/105MEDIA,0,Other_Amphibian,0.2303,2598.4,2694.6,2745.3,2854.4
/srv/shared_leopard_toad/2025/Documents/06.10-13.10.2025/4Z/105MEDIA/DSCF0980.JPG,DSCF0980.JPG,4Z/105MEDIA,0,Other_Amphibian,0.4177,3475.6,2095.4,3693.6,2331.2
/srv/shared_leopard_toad/2025/Documents/06.10-13.10.2025/4Z/105MEDIA/DSCF0980.JPG,DSCF0980.JPG,4Z/105MEDIA,2,Western_Leopard_Toad,0.2459,3656.6,1655.4,3928.5,1923.3
/srv/shared_leopard_toad/2025/Documents/06.10-13.10.2025/4Z/105MEDIA/DSCF0679.JPG,DSCF0679.JPG,4Z/105MEDIA,0,Other_Amphibian,0.4903,2563.8,1985.4,2860.6,2252.8
/srv/shared_leopard_toad/2025/Documents/06.10-13.10.2025/4Z/105MEDIA/DSCF0679.JPG,DSCF0679.JPG,4Z/105MEDIA,2,Western_Leopard_Toad,0.3304,3654.4,1658.7,3926.3,1924.3
/srv/shared_leopard_toad/2025/Documents/06.10-13.10.2025/4Z/105MEDIA/DSCF0679.JPG,DSCF0679.JPG,4Z/105MEDIA,0,Other_Amphibian,0.2387,3219.0,1966.9,3346.9,2109.0
/srv/shared_leopard_toad/2025/Documents/06.10-13.10.2025/4Z/105MEDIA/DSCF0679.JPG,DSCF0679.JPG,4Z/105MEDIA,0,Other_Amphibian,0.2301,3226.7,1966.7,3350.3,2110.4
/srv/shared_leopard_toad/2025/Documents/06.10-13.10.2025/4Z/105MEDIA/DSCF0752.JPG,DSCF0752.JPG,4Z/105MEDIA,2,Western_Leopard_Toad,0.3151,3656.0,1655.4,3929.2,1924.5
/srv/shared_leopard_toad/2025/Documents/06.10-13.10.2025/4Z/105MEDIA/DSCF0752.JPG,DSCF0752.JPG,4Z/105MEDIA,0,Other_Amphibian,0.2960,2568.8,1977.1,2856.4,2253.9
/srv/shared_leopard_toad/2025/Documents/06.10-13.10.2025/4Z/105MEDIA/DSCF0752.JPG,DSCF0752.JPG,4Z/105MEDIA,0,Other_Amphibian,0.2270,3220.3,1967.2,3346.5,2108.0
/srv/shared_leopard_toad/2025/Documents/06.10-13.10.2025/4Z/105MEDIA/DSCF0193.JPG,DSCF0193.JPG,4Z/105MEDIA,0,Other_Amphibian,0.2944,2595.5,2696.2,2746.3,2854.3
/srv/shared_leopard_toad/2025/Documents/06.10-13.10.2025/4Z/105MEDIA/DSCF0193.JPG,DSCF0193.JPG,4Z/105MEDIA,0,Other_Amphibian,0.2270,2597.2,2695.5,2749.1,2853.9
/srv/shared_leopard_toad/2025/Documents/06.10-13.10.2025/4Z/105MEDIA/DSCF0193.JPG,DSCF0193.JPG,4Z/105MEDIA,0,Other_Amphibian,0.2081,3148.4,2308.4,3275.8,2447.5
/srv/shared_leopard_toad/2025/Documents/06.10-13.10.2025/4Z/105MEDIA/DSCF0640.JPG,DSCF0640.JPG,4Z/105MEDIA,0,Other_Amphibian,0.3166,2569.0,1986.1,2868.3,2252.1
/srv/shared_leopard_toad/2025/Documents/06.10-13.10.2025/4Z/105MEDIA/DSCF0640.JPG,DSCF0640.JPG,4Z/105MEDIA,0,Other_Amphibian,0.2180,3222.6,1967.7,3348.4,2107.9
/srv/shared_leopard_toad/2025/Documents/06.10-13.10.2025/4Z/105MEDIA/DSCF0640.JPG,DSCF0640.JPG,4Z/105MEDIA,0,Other_Amphibian,0.2153,3230.3,1970.9,3352.0,2112.4
/srv/shared_leopard_toad/2025/Documents/06.10-13.10.2025/4Z/105MEDIA/DSCF0623.JPG,DSCF0623.JPG,4Z/105MEDIA,0,Other_Amphibian,0.2765,2569.0,1980.9,2864.5,2252.7
/srv/shared_leopard_toad/2025/Documents/06.10-13.10.2025/4Z/105MEDIA/DSCF0623.JPG,DSCF0623.JPG,4Z/105MEDIA,0,Other_Amphibian,0.2120,3229.0,1971.3,3353.5,2114.9
/srv/shared_leopard_toad/2025/Documents/06.10-13.10.2025/4Z/105MEDIA/DSCF0734.JPG,DSCF0734.JPG,4Z/105MEDIA,0,Other_Amphibian,0.4560,2565.1,1985.4,2856.0,2251.6
/srv/shared_leopard_toad/2025/Documents/06.10-13.10.2025/4Z/105MEDIA/DSCF0734.JPG,DSCF0734.JPG,4Z/105MEDIA,0,Other_Amphibian,0.2594,3653.2,1656.1,3925.4,1923.4
/srv/shared_leopard_toad/2025/Documents/06.10-13.10.2025/4Z/105MEDIA/DSCF0518.JPG,DSCF0518.JPG,4Z/105MEDIA,2,Western_Leopard_Toad,0.2050,1314.4,1591.5,1547.7,1924.2
/srv/shared_leopard_toad/2025/Documents/06.10-13.10.2025/4Z/105MEDIA/DSCF0777.JPG,DSCF0777.JPG,4Z/105MEDIA,2,Western_Leopard_Toad,0.4776,3656.6,1656.3,3929.0,1923.1
/srv/shared_leopard_toad/2025/Documents/06.10-13.10.2025/4Z/105MEDIA/DSCF0777.JPG,DSCF0777.JPG,4Z/105MEDIA,0,Other_Amphibian,0.2403,3220.7,1965.9,3347.3,2108.4
/srv/shared_leopard_toad/2025/Documents/06.10-13.10.2025/4Z/105MEDIA/DSCF0777.JPG,DSCF0777.JPG,4Z/105MEDIA,0,Other_Amphibian,0.2384,2568.0,1977.5,2851.0,2251.5
/srv/shared_leopard_toad/2025/Documents/06.10-13.10.2025/4Z/105MEDIA/DSCF0777.JPG,DSCF0777.JPG,4Z/105MEDIA,0,Other_Amphibian,0.2134,3230.9,1972.1,3351.8,2116.5
/srv/shared_leopard_toad/2025/Documents/06.10-13.10.2025/4Z/105MEDIA/DSCF0167.JPG,DSCF0167.JPG,4Z/105MEDIA,0,Other_Amphibian,0.2963,3145.6,2306.9,3270.8,2444.6
/srv/shared_leopard_toad/2025/Documents/06.10-13.10.2025/4Z/105MEDIA/DSCF0167.JPG,DSCF0167.JPG,4Z/105MEDIA,0,Other_Amphibian,0.2267,2595.0,2696.3,2743.8,2854.5
/srv/shared_leopard_toad/2025/Documents/06.10-13.10.2025/4Z/105MEDIA/DSCF0273.JPG,DSCF0273.JPG,4Z/105MEDIA,0,Other_Amphibian,0.2764,2595.9,2694.3,2745.1,2855.1
/srv/shared_leopard_toad/2025/Documents/06.10-13.10.2025/4Z/105MEDIA/DSCF0273.JPG,DSCF0273.JPG,4Z/105MEDIA,0,Other_Amphibian,0.2053,3148.4,2308.4,3274.3,2448.6
/srv/shared_leopard_toad/2025/Documents/06.10-13.10.2025/4Z/105MEDIA/DSCF0038.JPG,DSCF0038.JPG,4Z/105MEDIA,0,Other_Amphibian,0.3009,3145.9,2304.9,3271.4,2443.5
/srv/shared_leopard_toad/2025/Documents/06.10-13.10.2025/4Z/105MEDIA/DSCF0038.JPG,DSCF0038.JPG,4Z/105MEDIA,0,Other_Amphibian,0.3005,2598.2,2696.2,2744.0,2854.2
/srv/shared_leopard_toad/2025/Documents/06.10-13.10.2025/4Z/105MEDIA/DSCF0891.JPG,DSCF0891.JPG,4Z/105MEDIA,2,Western_Leopard_Toad,0.4466,3657.3,1655.7,3929.8,1922.2
/srv/shared_leopard_toad/2025/Documents/06.10-13.10.2025/4Z/105MEDIA/DSCF0891.JPG,DSCF0891.JPG,4Z/105MEDIA,0,Other_Amphibian,0.2950,3221.2,1966.1,3347.1,2108.9
/srv/shared_leopard_toad/2025/Documents/06.10-13.10.2025/4Z/105MEDIA/DSCF0891.JPG,DSCF0891.JPG,4Z/105MEDIA,0,Other_Amphibian,0.2583,3228.7,1969.3,3350.0,2113.0
/srv/shared_leopard_toad/2025/Documents/06.10-13.10.2025/4Z/105MEDIA/DSCF0636.JPG,DSCF0636.JPG,4Z/105MEDIA,0,Other_Amphibian,0.3369,2568.4,1979.3,2864.9,2251.5
/srv/shared_leopard_toad/2025/Documents/06.10-13.10.2025/4Z/105MEDIA/DSCF0636.JPG,DSCF0636.JPG,4Z/105MEDIA,0,Other_Amphibian,0.2584,3220.9,1966.8,3347.9,2107.4
/srv/shared_leopard_toad/2025/Documents/06.10-13.10.2025/4Z/105MEDIA/DSCF0636.JPG,DSCF0636.JPG,4Z/105MEDIA,0,Other_Amphibian,0.2367,3654.0,1656.3,3927.3,1925.8
/srv/shared_leopard_toad/2025/Documents/06.10-13.10.2025/4Z/105MEDIA/DSCF0636.JPG,DSCF0636.JPG,4Z/105MEDIA,0,Other_Amphibian,0.2329,3229.0,1972.3,3351.2,2113.9
/srv/shared_leopard_toad/2025/Documents/06.10-13.10.2025/4Z/105MEDIA/DSCF0827.JPG,DSCF0827.JPG,4Z/105MEDIA,2,Western_Leopard_Toad,0.4154,3656.2,1656.0,3930.5,1923.2
/srv/shared_leopard_toad/2025/Documents/06.10-13.10.2025/4Z/105MEDIA/DSCF0827.JPG,DSCF0827.JPG,4Z/105MEDIA,0,Other_Amphibian,0.3240,3218.5,1967.7,3345.5,2107.9
/srv/shared_leopard_toad/2025/Documents/06.10-13.10.2025/4Z/105MEDIA/DSCF0827.JPG,DSCF0827.JPG,4Z/105MEDIA,0,Other_Amphibian,0.2628,3228.0,1970.9,3349.9,2111.8
/srv/shared_leopard_toad/2025/Documents/06.10-13.10.2025/4Z/105MEDIA/DSCF0802.JPG,DSCF0802.JPG,4Z/105MEDIA,2,Western_Leopard_Toad,0.3839,3656.2,1658.3,3928.0,1923.8
/srv/shared_leopard_toad/2025/Documents/06.10-13.10.2025/4Z/105MEDIA/DSCF0802.JPG,DSCF0802.JPG,4Z/105MEDIA,0,Other_Amphibian,0.2125,3219.1,1968.5,3347.2,2108.1
/srv/shared_leopard_toad/2025/Documents/06.10-13.10.2025/4Z/105MEDIA/DSCF0720.JPG,DSCF0720.JPG,4Z/105MEDIA,0,Other_Amphibian,0.2783,2570.8,1984.2,2863.9,2253.1
/srv/shared_leopard_toad/2025/Documents/06.10-13.10.2025/4Z/105MEDIA/DSCF0720.JPG,DSCF0720.JPG,4Z/105MEDIA,2,Western_Leopard_Toad,0.2712,3657.0,1656.2,3928.4,1924.3
/srv/shared_leopard_toad/2025/Documents/06.10-13.10.2025/4Z/105MEDIA/DSCF0339.JPG,DSCF0339.JPG,4Z/105MEDIA,0,Other_Amphibian,0.2244,2598.5,2693.8,2743.9,2854.1
/srv/shared_leopard_toad/2025/Documents/06.10-13.10.2025/4Z/105MEDIA/DSCF0164.JPG,DSCF0164.JPG,4Z/105MEDIA,0,Other_Amphibian,0.2163,2598.8,2693.9,2744.1,2854.2
/srv/shared_leopard_toad/2025/Documents/06.10-13.10.2025/4Z/105MEDIA/DSCF0164.JPG,DSCF0164.JPG,4Z/105MEDIA,0,Other_Amphibian,0.2134,3149.6,2306.3,3279.1,2447.8
/srv/shared_leopard_toad/2025/Documents/06.10-13.10.2025/4Z/105MEDIA/DSCF0983.JPG,DSCF0983.JPG,4Z/105MEDIA,0,Other_Amphibian,0.3185,3220.7,1967.0,3347.1,2109.1
/srv/shared_leopard_toad/2025/Documents/06.10-13.10.2025/4Z/105MEDIA/DSCF0983.JPG,DSCF0983.JPG,4Z/105MEDIA,2,Western_Leopard_Toad,0.2758,3656.1,1656.5,3926.2,1923.3
/srv/shared_leopard_toad/2025/Documents/06.10-13.10.2025/4Z/105MEDIA/DSCF0983.JPG,DSCF0983.JPG,4Z/105MEDIA,0,Other_Amphibian,0.2750,3228.2,1970.0,3351.3,2112.7
/srv/shared_leopard_toad/2025/Documents/06.10-13.10.2025/4Z/105MEDIA/DSCF0336.JPG,DSCF0336.JPG,4Z/105MEDIA,0,Other_Amphibian,0.2540,2599.0,2696.7,2743.2,2854.2
/srv/shared_leopard_toad/2025/Documents/06.10-13.10.2025/4Z/105MEDIA/DSCF0461.JPG,DSCF0461.JPG,4Z/105MEDIA,0,Other_Amphibian,0.2437,3152.2,2306.9,3269.9,2446.4
/srv/shared_leopard_toad/2025/Documents/06.10-13.10.2025/4Z/105MEDIA/DSCF0461.JPG,DSCF0461.JPG,4Z/105MEDIA,0,Other_Amphibian,0.2030,3147.3,2306.4,3274.9,2447.7
/srv/shared_leopard_toad/2025/Documents/06.10-13.10.2025/4Z/105MEDIA/DSCF0458.JPG,DSCF0458.JPG,4Z/105MEDIA,0,Other_Amphibian,0.2118,3552.7,1959.1,3828.0,2234.0
/srv/shared_leopard_toad/2025/Documents/06.10-13.10.2025/4Z/105MEDIA/DSCF0344.JPG,DSCF0344.JPG,4Z/105MEDIA,0,Other_Amphibian,0.3198,2597.4,2696.1,2742.9,2854.0
/srv/shared_leopard_toad/2025/Documents/06.10-13.10.2025/4Z/105MEDIA/DSCF0344.JPG,DSCF0344.JPG,4Z/105MEDIA,0,Other_Amphibian,0.2038,3155.2,2308.5,3270.7,2448.7
/srv/shared_leopard_toad/2025/Documents/06.10-13.10.2025/4Z/105MEDIA/DSCF0194.JPG,DSCF0194.JPG,4Z/105MEDIA,0,Other_Amphibian,0.2716,3146.1,2305.0,3271.7,2444.6
/srv/shared_leopard_toad/2025/Documents/06.10-13.10.2025/4Z/105MEDIA/DSCF0194.JPG,DSCF0194.JPG,4Z/105MEDIA,0,Other_Amphibian,0.2193,2599.5,2695.9,2745.3,2853.8
/srv/shared_leopard_toad/2025/Documents/06.10-13.10.2025/4Z/105MEDIA/DSCF0712.JPG,DSCF0712.JPG,4Z/105MEDIA,0,Other_Amphibian,0.3660,2567.4,1980.5,2857.3,2252.3
/srv/shared_leopard_toad/2025/Documents/06.10-13.10.2025/4Z/105MEDIA/DSCF0712.JPG,DSCF0712.JPG,4Z/105MEDIA,2,Western_Leopard_Toad,0.3233,3656.6,1657.3,3926.6,1923.2
/srv/shared_leopard_toad/2025/Documents/06.10-13.10.2025/4Z/105MEDIA/DSCF0712.JPG,DSCF0712.JPG,4Z/105MEDIA,0,Other_Amphibian,0.2365,3228.7,1970.1,3350.1,2112.2
/srv/shared_leopard_toad/2025/Documents/06.10-13.10.2025/4Z/105MEDIA/DSCF0712.JPG,DSCF0712.JPG,4Z/105MEDIA,0,Other_Amphibian,0.2304,3219.6,1967.5,3346.3,2107.6
/srv/shared_leopard_toad/2025/Documents/06.10-13.10.2025/4Z/105MEDIA/DSCF0501.JPG,DSCF0501.JPG,4Z/105MEDIA,2,Western_Leopard_Toad,0.3274,3534.8,1974.7,3819.3,2244.8
/srv/shared_leopard_toad/2025/Documents/06.10-13.10.2025/4Z/105MEDIA/DSCF0233.JPG,DSCF0233.JPG,4Z/105MEDIA,0,Other_Amphibian,0.2446,3149.7,2306.5,3273.2,2443.9
/srv/shared_leopard_toad/2025/Documents/06.10-13.10.2025/4Z/105MEDIA/DSCF0553.JPG,DSCF0553.JPG,4Z/105MEDIA,0,Other_Amphibian,0.3857,4794.4,1316.4,4949.1,1559.6
/srv/shared_leopard_toad/2025/Documents/06.10-13.10.2025/4Z/105MEDIA/DSCF0553.JPG,DSCF0553.JPG,4Z/105MEDIA,2,Western_Leopard_Toad,0.2661,3646.4,1675.6,3919.9,1937.1
/srv/shared_leopard_toad/2025/Documents/06.10-13.10.2025/4Z/105MEDIA/DSCF0077.JPG,DSCF0077.JPG,4Z/105MEDIA,0,Other_Amphibian,0.2918,3146.7,2302.8,3271.1,2443.6
/srv/shared_leopard_toad/2025/Documents/06.10-13.10.2025/4Z/105MEDIA/DSCF0390.JPG,DSCF0390.JPG,4Z/105MEDIA,0,Other_Amphibian,0.2169,3147.9,2307.0,3275.7,2447.8
/srv/shared_leopard_toad/2025/Documents/06.10-13.10.2025/4Z/105MEDIA/DSCF0390.JPG,DSCF0390.JPG,4Z/105MEDIA,0,Other_Amphibian,0.2082,2597.3,2696.3,2746.1,2854.3
/srv/shared_leopard_toad/2025/Documents/06.10-13.10.2025/4Z/105MEDIA/DSCF0185.JPG,DSCF0185.JPG,4Z/105MEDIA,0,Other_Amphibian,0.2906,2601.0,2695.6,2745.1,2854.0
/srv/shared_leopard_toad/2025/Documents/06.10-13.10.2025/4Z/105MEDIA/DSCF0539.JPG,DSCF0539.JPG,4Z/105MEDIA,0,Other_Amphibian,0.2916,1756.9,1079.0,2016.1,1382.5
/srv/shared_leopard_toad/2025/Documents/06.10-13.10.2025/4Z/105MEDIA/DSCF0051.JPG,DSCF0051.JPG,4Z/105MEDIA,0,Other_Amphibian,0.3010,2596.3,2696.4,2743.8,2853.9
/srv/shared_leopard_toad/2025/Documents/06.10-13.10.2025/4Z/105MEDIA/DSCF0051.JPG,DSCF0051.JPG,4Z/105MEDIA,0,Other_Amphibian,0.2225,3150.4,2308.4,3273.2,2445.8
/srv/shared_leopard_toad/2025/Documents/06.10-13.10.2025/4Z/105MEDIA/DSCF0286.JPG,DSCF0286.JPG,4Z/105MEDIA,0,Other_Amphibian,0.2058,3148.3,2306.6,3274.9,2446.4
/srv/shared_leopard_toad/2025/Documents/06.10-13.10.2025/4Z/105MEDIA/DSCF0292.JPG,DSCF0292.JPG,4Z/105MEDIA,0,Other_Amphibian,0.2366,3148.9,2307.3,3275.3,2445.6
/srv/shared_leopard_toad/2025/Documents/06.10-13.10.2025/4Z/105MEDIA/DSCF0429.JPG,DSCF0429.JPG,4Z/105MEDIA,0,Other_Amphibian,0.2131,3148.5,2307.2,3274.2,2447.9
/srv/shared_leopard_toad/2025/Documents/06.10-13.10.2025/4Z/105MEDIA/DSCF0431.JPG,DSCF0431.JPG,4Z/105MEDIA,0,Other_Amphibian,0.2872,2601.8,2696.9,2748.7,2853.3
/srv/shared_leopard_toad/2025/Documents/06.10-13.10.2025/4Z/105MEDIA/DSCF0834.JPG,DSCF0834.JPG,4Z/105MEDIA,0,Other_Amphibian,0.3240,3219.4,1966.6,3346.9,2107.4
/srv/shared_leopard_toad/2025/Documents/06.10-13.10.2025/4Z/105MEDIA/DSCF0834.JPG,DSCF0834.JPG,4Z/105MEDIA,2,Western_Leopard_Toad,0.3067,3657.0,1655.1,3927.7,1924.0
/srv/shared_leopard_toad/2025/Documents/06.10-13.10.2025/4Z/105MEDIA/DSCF0834.JPG,DSCF0834.JPG,4Z/105MEDIA,0,Other_Amphibian,0.2603,3228.3,1971.3,3351.6,2112.6
/srv/shared_leopard_toad/2025/Documents/06.10-13.10.2025/4Z/105MEDIA/DSCF0822.JPG,DSCF0822.JPG,4Z/105MEDIA,0,Other_Amphibian,0.2297,3222.7,1966.6,3348.6,2107.6
/srv/shared_leopard_toad/2025/Documents/06.10-13.10.2025/4Z/105MEDIA/DSCF0822.JPG,DSCF0822.JPG,4Z/105MEDIA,0,Other_Amphibian,0.2205,3229.9,1973.1,3352.5,2115.1
/srv/shared_leopard_toad/2025/Documents/06.10-13.10.2025/4Z/105MEDIA/DSCF0822.JPG,DSCF0822.JPG,4Z/105MEDIA,2,Western_Leopard_Toad,0.2171,3655.4,1658.1,3926.7,1924.7
/srv/shared_leopard_toad/2025/Documents/06.10-13.10.2025/4Z/105MEDIA/DSCF0792.JPG,DSCF0792.JPG,4Z/105MEDIA,2,Western_Leopard_Toad,0.2960,3656.1,1655.6,3927.5,1923.4
/srv/shared_leopard_toad/2025/Documents/06.10-13.10.2025/4Z/105MEDIA/DSCF0807.JPG,DSCF0807.JPG,4Z/105MEDIA,2,Western_Leopard_Toad,0.4642,3654.3,1657.5,3928.0,1923.0
/srv/shared_leopard_toad/2025/Documents/06.10-13.10.2025/4Z/105MEDIA/DSCF0807.JPG,DSCF0807.JPG,4Z/105MEDIA,0,Other_Amphibian,0.2907,3220.4,1967.3,3347.9,2108.9
/srv/shared_leopard_toad/2025/Documents/06.10-13.10.2025/4Z/105MEDIA/DSCF0807.JPG,DSCF0807.JPG,4Z/105MEDIA,0,Other_Amphibian,0.2592,3229.0,1971.3,3351.9,2113.4
/srv/shared_leopard_toad/2025/Documents/06.10-13.10.2025/4Z/105MEDIA/DSCF0341.JPG,DSCF0341.JPG,4Z/105MEDIA,0,Other_Amphibian,0.3579,2597.8,2694.9,2744.9,2853.8
/srv/shared_leopard_toad/2025/Documents/06.10-13.10.2025/4Z/105MEDIA/DSCF0341.JPG,DSCF0341.JPG,4Z/105MEDIA,0,Other_Amphibian,0.2099,2595.5,2694.9,2742.5,2852.8
/srv/shared_leopard_toad/2025/Documents/06.10-13.10.2025/4Z/105MEDIA/DSCF0304.JPG,DSCF0304.JPG,4Z/105MEDIA,0,Other_Amphibian,0.3030,2594.6,2697.1,2745.4,2854.5
/srv/shared_leopard_toad/2025/Documents/06.10-13.10.2025/4Z/105MEDIA/DSCF0304.JPG,DSCF0304.JPG,4Z/105MEDIA,0,Other_Amphibian,0.2296,3146.2,2306.5,3268.7,2444.6
/srv/shared_leopard_toad/2025/Documents/06.10-13.10.2025/4Z/105MEDIA/DSCF0304.JPG,DSCF0304.JPG,4Z/105MEDIA,0,Other_Amphibian,0.2146,2594.8,2696.8,2746.6,2853.8
/srv/shared_leopard_toad/2025/Documents/06.10-13.10.2025/4Z/105MEDIA/DSCF0681.JPG,DSCF0681.JPG,4Z/105MEDIA,0,Other_Amphibian,0.2639,2570.1,1983.4,2860.3,2251.1
/srv/shared_leopard_toad/2025/Documents/06.10-13.10.2025/4Z/105MEDIA/DSCF0681.JPG,DSCF0681.JPG,4Z/105MEDIA,2,Western_Leopard_Toad,0.2084,3651.2,1659.7,3923.7,1924.8
/srv/shared_leopard_toad/2025/Documents/06.10-13.10.2025/4Z/105MEDIA/DSCF0592.JPG,DSCF0592.JPG,4Z/105MEDIA,2,Western_Leopard_Toad,0.5885,3641.7,1674.6,3921.6,1941.3
/srv/shared_leopard_toad/2025/Documents/06.10-13.10.2025/4Z/105MEDIA/DSCF0592.JPG,DSCF0592.JPG,4Z/105MEDIA,2,Western_Leopard_Toad,0.2237,5241.0,2397.9,5363.5,2849.8
/srv/shared_leopard_toad/2025/Documents/06.10-13.10.2025/4Z/105MEDIA/DSCF0574.JPG,DSCF0574.JPG,4Z/105MEDIA,2,Western_Leopard_Toad,0.6701,3642.4,1673.5,3920.5,1938.2
/srv/shared_leopard_toad/2025/Documents/06.10-13.10.2025/4Z/105MEDIA/DSCF0795.JPG,DSCF0795.JPG,4Z/105MEDIA,2,Western_Leopard_Toad,0.3748,3655.4,1653.8,3927.8,1923.8
/srv/shared_leopard_toad/2025/Documents/06.10-13.10.2025/4Z/105MEDIA/DSCF0795.JPG,DSCF0795.JPG,4Z/105MEDIA,0,Other_Amphibian,0.2409,3221.3,1967.7,3345.9,2108.9
/srv/shared_leopard_toad/2025/Documents/06.10-13.10.2025/4Z/105MEDIA/DSCF0795.JPG,DSCF0795.JPG,4Z/105MEDIA,0,Other_Amphibian,0.2236,3227.9,1970.9,3348.6,2112.6
/srv/shared_leopard_toad/2025/Documents/06.10-13.10.2025/4Z/105MEDIA/DSCF0266.JPG,DSCF0266.JPG,4Z/105MEDIA,0,Other_Amphibian,0.3359,3144.1,2303.7,3271.0,2442.7
/srv/shared_leopard_toad/2025/Documents/06.10-13.10.2025/4Z/105MEDIA/DSCF0266.JPG,DSCF0266.JPG,4Z/105MEDIA,0,Other_Amphibian,0.2298,3143.4,2307.3,3276.1,2444.6
/srv/shared_leopard_toad/2025/Documents/06.10-13.10.2025/4Z/105MEDIA/DSCF0003.JPG,DSCF0003.JPG,4Z/105MEDIA,0,Other_Amphibian,0.3966,3144.7,2303.1,3269.1,2440.8
/srv/shared_leopard_toad/2025/Documents/06.10-13.10.2025/4Z/105MEDIA/DSCF0003.JPG,DSCF0003.JPG,4Z/105MEDIA,0,Other_Amphibian,0.2251,3152.2,2310.5,3267.5,2449.4
/srv/shared_leopard_toad/2025/Documents/06.10-13.10.2025/4Z/105MEDIA/DSCF0207.JPG,DSCF0207.JPG,4Z/105MEDIA,0,Other_Amphibian,0.2358,3147.7,2306.8,3272.7,2446.3
/srv/shared_leopard_toad/2025/Documents/06.10-13.10.2025/4Z/105MEDIA/DSCF0207.JPG,DSCF0207.JPG,4Z/105MEDIA,0,Other_Amphibian,0.2025,2598.1,2695.1,2745.8,2854.5
/srv/shared_leopard_toad/2025/Documents/06.10-13.10.2025/4Z/105MEDIA/DSCF0393.JPG,DSCF0393.JPG,4Z/105MEDIA,0,Other_Amphibian,0.2066,2597.3,2695.5,2745.9,2854.2
/srv/shared_leopard_toad/2025/Documents/06.10-13.10.2025/4Z/105MEDIA/DSCF0780.JPG,DSCF0780.JPG,4Z/105MEDIA,2,Western_Leopard_Toad,0.2801,3656.1,1656.2,3926.3,1922.6
/srv/shared_leopard_toad/2025/Documents/06.10-13.10.2025/4Z/105MEDIA/DSCF0780.JPG,DSCF0780.JPG,4Z/105MEDIA,0,Other_Amphibian,0.2725,3219.9,1968.5,3347.0,2107.9
/srv/shared_leopard_toad/2025/Documents/06.10-13.10.2025/4Z/105MEDIA/DSCF0780.JPG,DSCF0780.JPG,4Z/105MEDIA,0,Other_Amphibian,0.2709,3228.3,1969.3,3349.7,2109.9
/srv/shared_leopard_toad/2025/Documents/06.10-13.10.2025/4Z/105MEDIA/DSCF0780.JPG,DSCF0780.JPG,4Z/105MEDIA,0,Other_Amphibian,0.2464,2574.5,1976.1,2857.7,2253.3
/srv/shared_leopard_toad/2025/Documents/06.10-13.10.2025/4Z/105MEDIA/DSCF0986.JPG,DSCF0986.JPG,4Z/105MEDIA,2,Western_Leopard_Toad,0.3051,3653.1,1659.3,3927.0,1924.7
/srv/shared_leopard_toad/2025/Documents/06.10-13.10.2025/4Z/105MEDIA/DSCF0981.JPG,DSCF0981.JPG,4Z/105MEDIA,2,Western_Leopard_Toad,0.3796,3656.9,1656.5,3930.6,1922.7
/srv/shared_leopard_toad/2025/Documents/06.10-13.10.2025/4Z/105MEDIA/DSCF0981.JPG,DSCF0981.JPG,4Z/105MEDIA,0,Other_Amphibian,0.2979,3219.0,1968.1,3346.6,2107.8
/srv/shared_leopard_toad/2025/Documents/06.10-13.10.2025/4Z/105MEDIA/DSCF0981.JPG,DSCF0981.JPG,4Z/105MEDIA,0,Other_Amphibian,0.2686,3228.3,1970.4,3351.3,2111.0
/srv/shared_leopard_toad/2025/Documents/06.10-13.10.2025/4Z/105MEDIA/DSCF0403.JPG,DSCF0403.JPG,4Z/105MEDIA,0,Other_Amphibian,0.2448,3148.6,2305.5,3275.8,2446.6
/srv/shared_leopard_toad/2025/Documents/06.10-13.10.2025/4Z/105MEDIA/DSCF0369.JPG,DSCF0369.JPG,4Z/105MEDIA,0,Other_Amphibian,0.3087,2595.8,2696.1,2743.1,2853.3
/srv/shared_leopard_toad/2025/Documents/06.10-13.10.2025/4Z/105MEDIA/DSCF0369.JPG,DSCF0369.JPG,4Z/105MEDIA,0,Other_Amphibian,0.2711,3146.1,2303.6,3270.6,2445.5
/srv/shared_leopard_toad/2025/Documents/06.10-13.10.2025/4Z/105MEDIA/DSCF0895.JPG,DSCF0895.JPG,4Z/105MEDIA,0,Other_Amphibian,0.2774,3654.4,1657.0,3929.6,1923.8
/srv/shared_leopard_toad/2025/Documents/06.10-13.10.2025/4Z/105MEDIA/DSCF0422.JPG,DSCF0422.JPG,4Z/105MEDIA,0,Other_Amphibian,0.2262,3146.3,2305.9,3279.6,2446.7
/srv/shared_leopard_toad/2025/Documents/06.10-13.10.2025/4Z/105MEDIA/DSCF0817.JPG,DSCF0817.JPG,4Z/105MEDIA,2,Western_Leopard_Toad,0.2847,3656.3,1656.8,3927.0,1922.6
/srv/shared_leopard_toad/2025/Documents/06.10-13.10.2025/4Z/105MEDIA/DSCF0817.JPG,DSCF0817.JPG,4Z/105MEDIA,0,Other_Amphibian,0.2080,3221.5,1967.7,3346.1,2106.6
/srv/shared_leopard_toad/2025/Documents/06.10-13.10.2025/4Z/105MEDIA/DSCF0649.JPG,DSCF0649.JPG,4Z/105MEDIA,0,Other_Amphibian,0.3656,3657.5,1655.9,3930.9,1925.1
/srv/shared_leopard_toad/2025/Documents/06.10-13.10.2025/4Z/105MEDIA/DSCF0649.JPG,DSCF0649.JPG,4Z/105MEDIA,0,Other_Amphibian,0.3613,3220.0,1967.4,3348.9,2110.4
/srv/shared_leopard_toad/2025/Documents/06.10-13.10.2025/4Z/105MEDIA/DSCF0649.JPG,DSCF0649.JPG,4Z/105MEDIA,0,Other_Amphibian,0.3127,3228.2,1967.4,3352.7,2111.1
/srv/shared_leopard_toad/2025/Documents/06.10-13.10.2025/4Z/105MEDIA/DSCF0649.JPG,DSCF0649.JPG,4Z/105MEDIA,0,Other_Amphibian,0.2283,2570.7,1982.4,2859.0,2250.9
/srv/shared_leopard_toad/2025/Documents/06.10-13.10.2025/4Z/105MEDIA/DSCF0912.JPG,DSCF0912.JPG,4Z/105MEDIA,2,Western_Leopard_Toad,0.2316,3657.2,1657.0,3927.3,1923.9
/srv/shared_leopard_toad/2025/Documents/06.10-13.10.2025/4Z/105MEDIA/DSCF0912.JPG,DSCF0912.JPG,4Z/105MEDIA,0,Other_Amphibian,0.2046,3224.2,1968.5,3348.6,2107.3
/srv/shared_leopard_toad/2025/Documents/06.10-13.10.2025/4Z/105MEDIA/DSCF0899.JPG,DSCF0899.JPG,4Z/105MEDIA,2,Western_Leopard_Toad,0.3538,3656.7,1657.0,3929.5,1923.2
/srv/shared_leopard_toad/2025/Documents/06.10-13.10.2025/4Z/105MEDIA/DSCF0899.JPG,DSCF0899.JPG,4Z/105MEDIA,0,Other_Amphibian,0.2574,3221.4,1968.4,3349.9,2108.5
/srv/shared_leopard_toad/2025/Documents/06.10-13.10.2025/4Z/105MEDIA/DSCF0899.JPG,DSCF0899.JPG,4Z/105MEDIA,0,Other_Amphibian,0.2162,3229.3,1975.2,3353.7,2116.4
/srv/shared_leopard_toad/2025/Documents/06.10-13.10.2025/4Z/105MEDIA/DSCF0353.JPG,DSCF0353.JPG,4Z/105MEDIA,0,Other_Amphibian,0.3835,2596.3,2696.2,2744.8,2854.2
/srv/shared_leopard_toad/2025/Documents/06.10-13.10.2025/4Z/105MEDIA/DSCF0353.JPG,DSCF0353.JPG,4Z/105MEDIA,0,Other_Amphibian,0.2095,2598.8,2696.1,2750.8,2853.4
/srv/shared_leopard_toad/2025/Documents/06.10-13.10.2025/4Z/105MEDIA/DSCF0394.JPG,DSCF0394.JPG,4Z/105MEDIA,0,Other_Amphibian,0.2413,2596.3,2694.7,2746.1,2854.5
/srv/shared_leopard_toad/2025/Documents/06.10-13.10.2025/4Z/105MEDIA/DSCF0759.JPG,DSCF0759.JPG,4Z/105MEDIA,0,Other_Amphibian,0.3003,2568.2,1983.0,2860.4,2251.5
/srv/shared_leopard_toad/2025/Documents/06.10-13.10.2025/4Z/105MEDIA/DSCF0759.JPG,DSCF0759.JPG,4Z/105MEDIA,0,Other_Amphibian,0.2442,3229.8,1968.6,3351.1,2110.5
/srv/shared_leopard_toad/2025/Documents/06.10-13.10.2025/4Z/105MEDIA/DSCF0759.JPG,DSCF0759.JPG,4Z/105MEDIA,0,Other_Amphibian,0.2343,3223.6,1967.8,3349.0,2108.0
/srv/shared_leopard_toad/2025/Documents/06.10-13.10.2025/4Z/105MEDIA/DSCF0759.JPG,DSCF0759.JPG,4Z/105MEDIA,2,Western_Leopard_Toad,0.2141,3655.4,1655.8,3925.7,1925.2
/srv/shared_leopard_toad/2025/Documents/06.10-13.10.2025/4Z/105MEDIA/DSCF0713.JPG,DSCF0713.JPG,4Z/105MEDIA,2,Western_Leopard_Toad,0.4793,3657.0,1657.7,3929.9,1922.9
/srv/shared_leopard_toad/2025/Documents/06.10-13.10.2025/4Z/105MEDIA/DSCF0713.JPG,DSCF0713.JPG,4Z/105MEDIA,0,Other_Amphibian,0.3701,2570.3,1984.3,2866.3,2251.2
/srv/shared_leopard_toad/2025/Documents/06.10-13.10.2025/4Z/105MEDIA/DSCF0713.JPG,DSCF0713.JPG,4Z/105MEDIA,0,Other_Amphibian,0.2478,3229.9,1970.5,3349.5,2111.0
/srv/shared_leopard_toad/2025/Documents/06.10-13.10.2025/4Z/105MEDIA/DSCF0713.JPG,DSCF0713.JPG,4Z/105MEDIA,0,Other_Amphibian,0.2353,3222.4,1968.9,3347.0,2107.9
/srv/shared_leopard_toad/2025/Documents/06.10-13.10.2025/4Z/105MEDIA/DSCF0699.JPG,DSCF0699.JPG,4Z/105MEDIA,0,Other_Amphibian,0.3755,2566.0,1982.5,2859.5,2253.5
/srv/shared_leopard_toad/2025/Documents/06.10-13.10.2025/4Z/105MEDIA/DSCF0699.JPG,DSCF0699.JPG,4Z/105MEDIA,2,Western_Leopard_Toad,0.2777,3652.4,1655.2,3927.9,1923.8
/srv/shared_leopard_toad/2025/Documents/06.10-13.10.2025/4Z/105MEDIA/DSCF0699.JPG,DSCF0699.JPG,4Z/105MEDIA,0,Other_Amphibian,0.2319,3226.9,1971.1,3352.4,2115.0
/srv/shared_leopard_toad/2025/Documents/06.10-13.10.2025/4Z/105MEDIA/DSCF0699.JPG,DSCF0699.JPG,4Z/105MEDIA,0,Other_Amphibian,0.2268,3219.2,1967.3,3349.1,2110.0
/srv/shared_leopard_toad/2025/Documents/06.10-13.10.2025/4Z/105MEDIA/DSCF0146.JPG,DSCF0146.JPG,4Z/105MEDIA,0,Other_Amphibian,0.2663,2595.7,2694.9,2745.1,2854.7
/srv/shared_leopard_toad/2025/Documents/06.10-13.10.2025/4Z/105MEDIA/DSCF0566.JPG,DSCF0566.JPG,4Z/105MEDIA,0,Other_Amphibian,0.7139,4789.5,1317.8,4949.1,1559.3
/srv/shared_leopard_toad/2025/Documents/06.10-13.10.2025/4Z/105MEDIA/DSCF0566.JPG,DSCF0566.JPG,4Z/105MEDIA,2,Western_Leopard_Toad,0.2838,3647.9,1674.3,3923.4,1939.0
/srv/shared_leopard_toad/2025/Documents/06.10-13.10.2025/4Z/105MEDIA/DSCF0445.JPG,DSCF0445.JPG,4Z/105MEDIA,0,Other_Amphibian,0.2115,3147.2,2306.5,3257.1,2449.1
/srv/shared_leopard_toad/2025/Documents/06.10-13.10.2025/4Z/105MEDIA/DSCF0368.JPG,DSCF0368.JPG,4Z/105MEDIA,0,Other_Amphibian,0.2395,2596.9,2694.8,2744.8,2853.8
/srv/shared_leopard_toad/2025/Documents/06.10-13.10.2025/4Z/105MEDIA/DSCF0656.JPG,DSCF0656.JPG,4Z/105MEDIA,0,Other_Amphibian,0.3753,2566.4,1981.0,2861.0,2254.2
/srv/shared_leopard_toad/2025/Documents/06.10-13.10.2025/4Z/105MEDIA/DSCF0656.JPG,DSCF0656.JPG,4Z/105MEDIA,2,Western_Leopard_Toad,0.2693,3654.1,1656.0,3928.9,1925.5
/srv/shared_leopard_toad/2025/Documents/06.10-13.10.2025/4Z/105MEDIA/DSCF0656.JPG,DSCF0656.JPG,4Z/105MEDIA,0,Other_Amphibian,0.2225,3220.1,1967.6,3346.8,2109.4
/srv/shared_leopard_toad/2025/Documents/06.10-13.10.2025/4Z/105MEDIA/DSCF0656.JPG,DSCF0656.JPG,4Z/105MEDIA,0,Other_Amphibian,0.2196,3227.9,1968.0,3350.1,2111.3
/srv/shared_leopard_toad/2025/Documents/06.10-13.10.2025/4Z/105MEDIA/DSCF0994.JPG,DSCF0994.JPG,4Z/105MEDIA,0,Other_Amphibian,0.2956,3653.6,1656.4,3929.4,1925.1
/srv/shared_leopard_toad/2025/Documents/06.10-13.10.2025/4Z/105MEDIA/DSCF0994.JPG,DSCF0994.JPG,4Z/105MEDIA,0,Other_Amphibian,0.2269,3228.2,1969.1,3351.7,2110.7
/srv/shared_leopard_toad/2025/Documents/06.10-13.10.2025/4Z/105MEDIA/DSCF0994.JPG,DSCF0994.JPG,4Z/105MEDIA,0,Other_Amphibian,0.2175,3222.6,1968.9,3350.0,2109.1
/srv/shared_leopard_toad/2025/Documents/06.10-13.10.2025/4Z/105MEDIA/DSCF0366.JPG,DSCF0366.JPG,4Z/105MEDIA,0,Other_Amphibian,0.3022,2593.4,2696.2,2744.9,2854.2
/srv/shared_leopard_toad/2025/Documents/06.10-13.10.2025/4Z/105MEDIA/DSCF0439.JPG,DSCF0439.JPG,4Z/105MEDIA,0,Other_Amphibian,0.3991,3142.0,2297.3,3267.0,2440.4
/srv/shared_leopard_toad/2025/Documents/06.10-13.10.2025/4Z/105MEDIA/DSCF0439.JPG,DSCF0439.JPG,4Z/105MEDIA,0,Other_Amphibian,0.3124,3152.8,2302.7,3269.0,2445.9
/srv/shared_leopard_toad/2025/Documents/06.10-13.10.2025/4Z/105MEDIA/DSCF0755.JPG,DSCF0755.JPG,4Z/105MEDIA,2,Western_Leopard_Toad,0.4328,3656.7,1656.9,3927.6,1923.4
/srv/shared_leopard_toad/2025/Documents/06.10-13.10.2025/4Z/105MEDIA/DSCF0755.JPG,DSCF0755.JPG,4Z/105MEDIA,0,Other_Amphibian,0.3149,2568.5,1979.6,2850.2,2253.5
/srv/shared_leopard_toad/2025/Documents/06.10-13.10.2025/4Z/105MEDIA/DSCF0755.JPG,DSCF0755.JPG,4Z/105MEDIA,0,Other_Amphibian,0.2674,3220.2,1966.4,3346.1,2109.7
/srv/shared_leopard_toad/2025/Documents/06.10-13.10.2025/4Z/105MEDIA/DSCF0755.JPG,DSCF0755.JPG,4Z/105MEDIA,0,Other_Amphibian,0.2477,3226.5,1967.3,3347.2,2110.8
/srv/shared_leopard_toad/2025/Documents/06.10-13.10.2025/4Z/105MEDIA/DSCF0067.JPG,DSCF0067.JPG,4Z/105MEDIA,0,Other_Amphibian,0.3604,3144.4,2301.4,3267.1,2441.8
/srv/shared_leopard_toad/2025/Documents/06.10-13.10.2025/4Z/105MEDIA/DSCF0067.JPG,DSCF0067.JPG,4Z/105MEDIA,0,Other_Amphibian,0.2242,2596.3,2695.5,2746.1,2854.6
/srv/shared_leopard_toad/2025/Documents/06.10-13.10.2025/4Z/105MEDIA/DSCF0251.JPG,DSCF0251.JPG,4Z/105MEDIA,0,Other_Amphibian,0.2672,2595.2,2695.4,2745.0,2854.4
/srv/shared_leopard_toad/2025/Documents/06.10-13.10.2025/4Z/105MEDIA/DSCF0251.JPG,DSCF0251.JPG,4Z/105MEDIA,0,Other_Amphibian,0.2352,3145.8,2304.0,3270.6,2444.0
/srv/shared_leopard_toad/2025/Documents/06.10-13.10.2025/4Z/105MEDIA/DSCF0372.JPG,DSCF0372.JPG,4Z/105MEDIA,0,Other_Amphibian,0.2479,2596.9,2695.4,2744.9,2854.0
/srv/shared_leopard_toad/2025/Documents/06.10-13.10.2025/4Z/105MEDIA/DSCF0342.JPG,DSCF0342.JPG,4Z/105MEDIA,0,Other_Amphibian,0.2030,3149.2,2308.5,3274.6,2447.4
/srv/shared_leopard_toad/2025/Documents/06.10-13.10.2025/4Z/105MEDIA/DSCF0979.JPG,DSCF0979.JPG,4Z/105MEDIA,0,Other_Amphibian,0.3865,3474.4,2100.0,3692.2,2331.0
/srv/shared_leopard_toad/2025/Documents/06.10-13.10.2025/4Z/105MEDIA/DSCF0979.JPG,DSCF0979.JPG,4Z/105MEDIA,2,Western_Leopard_Toad,0.3595,3654.3,1655.1,3929.3,1923.4
/srv/shared_leopard_toad/2025/Documents/06.10-13.10.2025/4Z/105MEDIA/DSCF0979.JPG,DSCF0979.JPG,4Z/105MEDIA,0,Other_Amphibian,0.2497,3220.5,1967.1,3345.3,2107.3
/srv/shared_leopard_toad/2025/Documents/06.10-13.10.2025/4Z/105MEDIA/DSCF0305.JPG,DSCF0305.JPG,4Z/105MEDIA,0,Other_Amphibian,0.3060,3148.2,2302.2,3268.0,2442.0
/srv/shared_leopard_toad/2025/Documents/06.10-13.10.2025/4Z/105MEDIA/DSCF0305.JPG,DSCF0305.JPG,4Z/105MEDIA,0,Other_Amphibian,0.2682,2596.8,2693.8,2744.9,2854.9
/srv/shared_leopard_toad/2025/Documents/06.10-13.10.2025/4Z/105MEDIA/DSCF0880.JPG,DSCF0880.JPG,4Z/105MEDIA,0,Other_Amphibian,0.5146,3657.7,1656.4,3932.5,1922.3
/srv/shared_leopard_toad/2025/Documents/06.10-13.10.2025/4Z/105MEDIA/DSCF0880.JPG,DSCF0880.JPG,4Z/105MEDIA,0,Other_Amphibian,0.2887,3219.1,1968.1,3348.1,2106.9
/srv/shared_leopard_toad/2025/Documents/06.10-13.10.2025/4Z/105MEDIA/DSCF0880.JPG,DSCF0880.JPG,4Z/105MEDIA,0,Other_Amphibian,0.2775,3226.5,1970.0,3349.8,2110.1
/srv/shared_leopard_toad/2025/Documents/06.10-13.10.2025/4Z/105MEDIA/DSCF0033.JPG,DSCF0033.JPG,4Z/105MEDIA,0,Other_Amphibian,0.2860,2599.5,2695.0,2745.0,2854.4
/srv/shared_leopard_toad/2025/Documents/06.10-13.10.2025/4Z/105MEDIA/DSCF0033.JPG,DSCF0033.JPG,4Z/105MEDIA,0,Other_Amphibian,0.2597,3143.8,2303.6,3272.3,2443.2
/srv/shared_leopard_toad/2025/Documents/06.10-13.10.2025/4Z/105MEDIA/DSCF0033.JPG,DSCF0033.JPG,4Z/105MEDIA,0,Other_Amphibian,0.2086,2602.8,2694.5,2747.6,2854.0
/srv/shared_leopard_toad/2025/Documents/06.10-13.10.2025/4Z/105MEDIA/DSCF0487.JPG,DSCF0487.JPG,4Z/105MEDIA,0,Other_Amphibian,0.2268,3548.0,1964.3,3836.8,2235.0
/srv/shared_leopard_toad/2025/Documents/06.10-13.10.2025/4Z/105MEDIA/DSCF0709.JPG,DSCF0709.JPG,4Z/105MEDIA,0,Other_Amphibian,0.3567,3219.4,1967.4,3347.5,2108.0
/srv/shared_leopard_toad/2025/Documents/06.10-13.10.2025/4Z/105MEDIA/DSCF0709.JPG,DSCF0709.JPG,4Z/105MEDIA,0,Other_Amphibian,0.3363,3655.5,1654.8,3929.0,1923.1
/srv/shared_leopard_toad/2025/Documents/06.10-13.10.2025/4Z/105MEDIA/DSCF0709.JPG,DSCF0709.JPG,4Z/105MEDIA,0,Other_Amphibian,0.3277,3227.7,1966.2,3350.3,2108.1
/srv/shared_leopard_toad/2025/Documents/06.10-13.10.2025/4Z/105MEDIA/DSCF0709.JPG,DSCF0709.JPG,4Z/105MEDIA,0,Other_Amphibian,0.2580,2569.3,1981.4,2861.1,2252.4
/srv/shared_leopard_toad/2025/Documents/06.10-13.10.2025/4Z/105MEDIA/DSCF0168.JPG,DSCF0168.JPG,4Z/105MEDIA,0,Other_Amphibian,0.3102,2601.1,2696.5,2746.0,2853.4
/srv/shared_leopard_toad/2025/Documents/06.10-13.10.2025/4Z/105MEDIA/DSCF0168.JPG,DSCF0168.JPG,4Z/105MEDIA,0,Other_Amphibian,0.2758,3146.6,2303.3,3273.0,2443.6
/srv/shared_leopard_toad/2025/Documents/06.10-13.10.2025/4Z/105MEDIA/DSCF0168.JPG,DSCF0168.JPG,4Z/105MEDIA,0,Other_Amphibian,0.2133,2600.5,2695.8,2746.5,2852.5
/srv/shared_leopard_toad/2025/Documents/06.10-13.10.2025/4Z/105MEDIA/DSCF0670.JPG,DSCF0670.JPG,4Z/105MEDIA,0,Other_Amphibian,0.2948,3218.5,1966.4,3345.8,2108.2
/srv/shared_leopard_toad/2025/Documents/06.10-13.10.2025/4Z/105MEDIA/DSCF0670.JPG,DSCF0670.JPG,4Z/105MEDIA,0,Other_Amphibian,0.2832,2568.2,1982.2,2855.2,2251.3
/srv/shared_leopard_toad/2025/Documents/06.10-13.10.2025/4Z/105MEDIA/DSCF0670.JPG,DSCF0670.JPG,4Z/105MEDIA,0,Other_Amphibian,0.2605,3225.2,1967.4,3347.1,2109.4
/srv/shared_leopard_toad/2025/Documents/06.10-13.10.2025/4Z/105MEDIA/DSCF0870.JPG,DSCF0870.JPG,4Z/105MEDIA,2,Western_Leopard_Toad,0.3612,3655.2,1655.8,3927.7,1923.9
/srv/shared_leopard_toad/2025/Documents/06.10-13.10.2025/4Z/105MEDIA/DSCF0676.JPG,DSCF0676.JPG,4Z/105MEDIA,0,Other_Amphibian,0.3552,2567.4,1981.3,2860.1,2247.3
/srv/shared_leopard_toad/2025/Documents/06.10-13.10.2025/4Z/105MEDIA/DSCF0676.JPG,DSCF0676.JPG,4Z/105MEDIA,2,Western_Leopard_Toad,0.3131,3655.2,1657.7,3928.0,1922.7
/srv/shared_leopard_toad/2025/Documents/06.10-13.10.2025/4Z/105MEDIA/DSCF0676.JPG,DSCF0676.JPG,4Z/105MEDIA,0,Other_Amphibian,0.2698,3220.0,1968.8,3347.3,2109.8
/srv/shared_leopard_toad/2025/Documents/06.10-13.10.2025/4Z/105MEDIA/DSCF0676.JPG,DSCF0676.JPG,4Z/105MEDIA,0,Other_Amphibian,0.2472,3225.7,1972.3,3348.1,2114.6
/srv/shared_leopard_toad/2025/Documents/06.10-13.10.2025/4Z/105MEDIA/DSCF0411.JPG,DSCF0411.JPG,4Z/105MEDIA,0,Other_Amphibian,0.8171,2081.6,2158.7,2278.8,2411.5
/srv/shared_leopard_toad/2025/Documents/06.10-13.10.2025/4Z/105MEDIA/DSCF0700.JPG,DSCF0700.JPG,4Z/105MEDIA,0,Other_Amphibian,0.3860,2564.5,1985.2,2860.0,2250.1
/srv/shared_leopard_toad/2025/Documents/06.10-13.10.2025/4Z/105MEDIA/DSCF0700.JPG,DSCF0700.JPG,4Z/105MEDIA,2,Western_Leopard_Toad,0.3262,3655.1,1656.5,3929.6,1923.9
/srv/shared_leopard_toad/2025/Documents/06.10-13.10.2025/4Z/105MEDIA/DSCF0700.JPG,DSCF0700.JPG,4Z/105MEDIA,0,Other_Amphibian,0.3078,3218.2,1968.7,3344.8,2108.4
/srv/shared_leopard_toad/2025/Documents/06.10-13.10.2025/4Z/105MEDIA/DSCF0700.JPG,DSCF0700.JPG,4Z/105MEDIA,0,Other_Amphibian,0.2673,3226.2,1968.8,3347.6,2108.9
/srv/shared_leopard_toad/2025/Documents/06.10-13.10.2025/4Z/105MEDIA/DSCF0230.JPG,DSCF0230.JPG,4Z/105MEDIA,0,Other_Amphibian,0.2472,3148.6,2304.8,3274.1,2444.8
/srv/shared_leopard_toad/2025/Documents/06.10-13.10.2025/4Z/105MEDIA/DSCF0007.JPG,DSCF0007.JPG,4Z/105MEDIA,0,Other_Amphibian,0.2355,2595.2,2694.3,2743.6,2854.7
/srv/shared_leopard_toad/2025/Documents/06.10-13.10.2025/4Z/105MEDIA/DSCF0007.JPG,DSCF0007.JPG,4Z/105MEDIA,0,Other_Amphibian,0.2126,2596.7,2694.1,2748.2,2854.5
/srv/shared_leopard_toad/2025/Documents/06.10-13.10.2025/4Z/105MEDIA/DSCF0139.JPG,DSCF0139.JPG,4Z/105MEDIA,0,Other_Amphibian,0.3073,3148.8,2302.6,3268.2,2441.1
/srv/shared_leopard_toad/2025/Documents/06.10-13.10.2025/4Z/105MEDIA/DSCF0256.JPG,DSCF0256.JPG,4Z/105MEDIA,0,Other_Amphibian,0.2421,3147.6,2307.3,3275.0,2445.8
/srv/shared_leopard_toad/2025/Documents/06.10-13.10.2025/4Z/105MEDIA/DSCF0923.JPG,DSCF0923.JPG,4Z/105MEDIA,0,Other_Amphibian,0.4080,3656.3,1656.6,3928.6,1922.6
/srv/shared_leopard_toad/2025/Documents/06.10-13.10.2025/4Z/105MEDIA/DSCF0923.JPG,DSCF0923.JPG,4Z/105MEDIA,0,Other_Amphibian,0.3584,3217.5,1967.4,3346.0,2107.5
/srv/shared_leopard_toad/2025/Documents/06.10-13.10.2025/4Z/105MEDIA/DSCF0923.JPG,DSCF0923.JPG,4Z/105MEDIA,0,Other_Amphibian,0.3344,3225.1,1967.0,3348.3,2107.9
/srv/shared_leopard_toad/2025/Documents/06.10-13.10.2025/4Z/105MEDIA/DSCF0936.JPG,DSCF0936.JPG,4Z/105MEDIA,2,Western_Leopard_Toad,0.3213,3656.7,1656.1,3928.8,1924.0
/srv/shared_leopard_toad/2025/Documents/06.10-13.10.2025/4Z/105MEDIA/DSCF0324.JPG,DSCF0324.JPG,4Z/105MEDIA,0,Other_Amphibian,0.2485,2596.9,2696.7,2742.9,2854.7
/srv/shared_leopard_toad/2025/Documents/06.10-13.10.2025/4Z/105MEDIA/DSCF0866.JPG,DSCF0866.JPG,4Z/105MEDIA,2,Western_Leopard_Toad,0.2820,3655.8,1656.3,3925.5,1923.9
/srv/shared_leopard_toad/2025/Documents/06.10-13.10.2025/4Z/105MEDIA/DSCF0866.JPG,DSCF0866.JPG,4Z/105MEDIA,0,Other_Amphibian,0.2736,3219.7,1966.4,3348.8,2107.3
/srv/shared_leopard_toad/2025/Documents/06.10-13.10.2025/4Z/105MEDIA/DSCF0866.JPG,DSCF0866.JPG,4Z/105MEDIA,0,Other_Amphibian,0.2432,3226.9,1971.5,3351.9,2113.1
/srv/shared_leopard_toad/2025/Documents/06.10-13.10.2025/4Z/105MEDIA/DSCF0044.JPG,DSCF0044.JPG,4Z/105MEDIA,0,Other_Amphibian,0.2248,3148.7,2307.4,3273.5,2445.4
/srv/shared_leopard_toad/2025/Documents/06.10-13.10.2025/4Z/105MEDIA/DSCF0730.JPG,DSCF0730.JPG,4Z/105MEDIA,2,Western_Leopard_Toad,0.5584,3655.4,1655.6,3930.0,1922.2
/srv/shared_leopard_toad/2025/Documents/06.10-13.10.2025/4Z/105MEDIA/DSCF0730.JPG,DSCF0730.JPG,4Z/105MEDIA,0,Other_Amphibian,0.2813,3219.2,1967.9,3344.6,2108.7
/srv/shared_leopard_toad/2025/Documents/06.10-13.10.2025/4Z/105MEDIA/DSCF0730.JPG,DSCF0730.JPG,4Z/105MEDIA,0,Other_Amphibian,0.2640,2569.5,1981.3,2859.9,2251.8
/srv/shared_leopard_toad/2025/Documents/06.10-13.10.2025/4Z/105MEDIA/DSCF0730.JPG,DSCF0730.JPG,4Z/105MEDIA,0,Other_Amphibian,0.2363,3227.8,1971.7,3348.0,2112.4
/srv/shared_leopard_toad/2025/Documents/06.10-13.10.2025/4Z/105MEDIA/DSCF0581.JPG,DSCF0581.JPG,4Z/105MEDIA,2,Western_Leopard_Toad,0.2546,3645.3,1674.2,3919.6,1939.2
/srv/shared_leopard_toad/2025/Documents/06.10-13.10.2025/4Z/105MEDIA/DSCF0026.JPG,DSCF0026.JPG,4Z/105MEDIA,0,Other_Amphibian,0.3214,2601.2,2695.0,2744.8,2854.0
/srv/shared_leopard_toad/2025/Documents/06.10-13.10.2025/4Z/105MEDIA/DSCF0026.JPG,DSCF0026.JPG,4Z/105MEDIA,0,Other_Amphibian,0.2164,2601.1,2694.5,2746.0,2853.2
/srv/shared_leopard_toad/2025/Documents/06.10-13.10.2025/4Z/105MEDIA/DSCF0568.JPG,DSCF0568.JPG,4Z/105MEDIA,2,Western_Leopard_Toad,0.5133,3643.7,1676.3,3919.1,1941.0
/srv/shared_leopard_toad/2025/Documents/06.10-13.10.2025/4Z/105MEDIA/DSCF0568.JPG,DSCF0568.JPG,4Z/105MEDIA,0,Other_Amphibian,0.3071,4798.0,1319.5,4949.1,1558.7
/srv/shared_leopard_toad/2025/Documents/06.10-13.10.2025/4Z/105MEDIA/DSCF0982.JPG,DSCF0982.JPG,4Z/105MEDIA,0,Other_Amphibian,0.2477,3654.7,1657.0,3926.8,1924.4
/srv/shared_leopard_toad/2025/Documents/06.10-13.10.2025/4Z/105MEDIA/DSCF0982.JPG,DSCF0982.JPG,4Z/105MEDIA,0,Other_Amphibian,0.2304,3224.9,1966.8,3349.1,2106.9
/srv/shared_leopard_toad/2025/Documents/06.10-13.10.2025/4Z/105MEDIA/DSCF0982.JPG,DSCF0982.JPG,4Z/105MEDIA,0,Other_Amphibian,0.2197,3230.5,1972.9,3351.6,2113.6
/srv/shared_leopard_toad/2025/Documents/06.10-13.10.2025/4Z/105MEDIA/DSCF0854.JPG,DSCF0854.JPG,4Z/105MEDIA,2,Western_Leopard_Toad,0.3334,3657.1,1655.2,3931.2,1923.4
/srv/shared_leopard_toad/2025/Documents/06.10-13.10.2025/4Z/105MEDIA/DSCF0409.JPG,DSCF0409.JPG,4Z/105MEDIA,0,Other_Amphibian,0.5162,2020.3,2195.4,2233.6,2421.0
/srv/shared_leopard_toad/2025/Documents/06.10-13.10.2025/4Z/105MEDIA/DSCF0851.JPG,DSCF0851.JPG,4Z/105MEDIA,0,Other_Amphibian,0.3235,3656.9,1656.4,3928.2,1924.0
/srv/shared_leopard_toad/2025/Documents/06.10-13.10.2025/4Z/105MEDIA/DSCF0851.JPG,DSCF0851.JPG,4Z/105MEDIA,0,Other_Amphibian,0.2609,3226.5,1970.6,3349.6,2112.0
/srv/shared_leopard_toad/2025/Documents/06.10-13.10.2025/4Z/105MEDIA/DSCF0851.JPG,DSCF0851.JPG,4Z/105MEDIA,0,Other_Amphibian,0.2585,3220.4,1967.7,3347.9,2108.0
/srv/shared_leopard_toad/2025/Documents/06.10-13.10.2025/4Z/105MEDIA/DSCF0343.JPG,DSCF0343.JPG,4Z/105MEDIA,0,Other_Amphibian,0.2448,2597.1,2695.4,2743.6,2854.3
/srv/shared_leopard_toad/2025/Documents/06.10-13.10.2025/4Z/105MEDIA/DSCF0906.JPG,DSCF0906.JPG,4Z/105MEDIA,2,Western_Leopard_Toad,0.3813,3653.1,1659.0,3928.9,1923.6
/srv/shared_leopard_toad/2025/Documents/06.10-13.10.2025/4Z/105MEDIA/DSCF0906.JPG,DSCF0906.JPG,4Z/105MEDIA,0,Other_Amphibian,0.2200,3223.0,1967.8,3348.4,2106.9
/srv/shared_leopard_toad/2025/Documents/06.10-13.10.2025/4Z/105MEDIA/DSCF0402.JPG,DSCF0402.JPG,4Z/105MEDIA,0,Other_Amphibian,0.2307,2590.2,2695.4,2748.0,2854.4
/srv/shared_leopard_toad/2025/Documents/06.10-13.10.2025/4Z/105MEDIA/DSCF0572.JPG,DSCF0572.JPG,4Z/105MEDIA,2,Western_Leopard_Toad,0.5895,3643.4,1673.7,3921.0,1938.8
/srv/shared_leopard_toad/2025/Documents/06.10-13.10.2025/4Z/105MEDIA/DSCF0301.JPG,DSCF0301.JPG,4Z/105MEDIA,0,Other_Amphibian,0.4279,2595.0,2696.8,2745.6,2853.9
/srv/shared_leopard_toad/2025/Documents/06.10-13.10.2025/4Z/105MEDIA/DSCF0301.JPG,DSCF0301.JPG,4Z/105MEDIA,0,Other_Amphibian,0.2987,3146.6,2305.4,3270.2,2443.5
/srv/shared_leopard_toad/2025/Documents/06.10-13.10.2025/4Z/105MEDIA/DSCF0301.JPG,DSCF0301.JPG,4Z/105MEDIA,0,Other_Amphibian,0.2226,2596.1,2697.0,2745.5,2853.5
/srv/shared_leopard_toad/2025/Documents/06.10-13.10.2025/4Z/105MEDIA/DSCF0769.JPG,DSCF0769.JPG,4Z/105MEDIA,0,Other_Amphibian,0.2844,3220.0,1967.1,3347.2,2108.8
/srv/shared_leopard_toad/2025/Documents/06.10-13.10.2025/4Z/105MEDIA/DSCF0769.JPG,DSCF0769.JPG,4Z/105MEDIA,0,Other_Amphibian,0.2600,3227.4,1968.2,3349.4,2110.7
/srv/shared_leopard_toad/2025/Documents/06.10-13.10.2025/4Z/105MEDIA/DSCF0769.JPG,DSCF0769.JPG,4Z/105MEDIA,0,Other_Amphibian,0.2574,3655.9,1656.5,3927.4,1924.8
/srv/shared_leopard_toad/2025/Documents/06.10-13.10.2025/4Z/105MEDIA/DSCF0769.JPG,DSCF0769.JPG,4Z/105MEDIA,0,Other_Amphibian,0.2484,2570.5,1984.7,2863.3,2252.0
/srv/shared_leopard_toad/2025/Documents/06.10-13.10.2025/4Z/105MEDIA/DSCF0596.JPG,DSCF0596.JPG,4Z/105MEDIA,2,Western_Leopard_Toad,0.8679,3644.4,1670.7,3929.1,1937.3
/srv/shared_leopard_toad/2025/Documents/06.10-13.10.2025/4Z/105MEDIA/DSCF0924.JPG,DSCF0924.JPG,4Z/105MEDIA,0,Other_Amphibian,0.3396,3656.7,1654.5,3930.3,1923.4
/srv/shared_leopard_toad/2025/Documents/06.10-13.10.2025/4Z/105MEDIA/DSCF0924.JPG,DSCF0924.JPG,4Z/105MEDIA,0,Other_Amphibian,0.2722,3222.4,1967.3,3347.7,2106.6
/srv/shared_leopard_toad/2025/Documents/06.10-13.10.2025/4Z/105MEDIA/DSCF0924.JPG,DSCF0924.JPG,4Z/105MEDIA,0,Other_Amphibian,0.2533,3223.1,1970.3,3344.4,2110.9
/srv/shared_leopard_toad/2025/Documents/06.10-13.10.2025/4Z/105MEDIA/DSCF0184.JPG,DSCF0184.JPG,4Z/105MEDIA,0,Other_Amphibian,0.2304,2601.8,2693.9,2744.4,2853.4
/srv/shared_leopard_toad/2025/Documents/06.10-13.10.2025/4Z/105MEDIA/DSCF0184.JPG,DSCF0184.JPG,4Z/105MEDIA,0,Other_Amphibian,0.2234,3148.7,2308.8,3272.3,2444.4
/srv/shared_leopard_toad/2025/Documents/06.10-13.10.2025/4Z/105MEDIA/DSCF0237.JPG,DSCF0237.JPG,4Z/105MEDIA,0,Other_Amphibian,0.2307,3148.7,2308.0,3273.0,2447.0
/srv/shared_leopard_toad/2025/Documents/06.10-13.10.2025/4Z/105MEDIA/DSCF0373.JPG,DSCF0373.JPG,4Z/105MEDIA,0,Other_Amphibian,0.2287,3144.8,2304.2,3270.2,2445.4
/srv/shared_leopard_toad/2025/Documents/06.10-13.10.2025/4Z/105MEDIA/DSCF0871.JPG,DSCF0871.JPG,4Z/105MEDIA,2,Western_Leopard_Toad,0.2334,3657.3,1656.6,3924.3,1922.9
/srv/shared_leopard_toad/2025/Documents/06.10-13.10.2025/4Z/105MEDIA/DSCF0118.JPG,DSCF0118.JPG,4Z/105MEDIA,0,Other_Amphibian,0.2885,3146.1,2306.8,3268.4,2444.9
/srv/shared_leopard_toad/2025/Documents/06.10-13.10.2025/4Z/105MEDIA/DSCF0118.JPG,DSCF0118.JPG,4Z/105MEDIA,0,Other_Amphibian,0.2216,2599.2,2695.7,2744.5,2854.0
/srv/shared_leopard_toad/2025/Documents/06.10-13.10.2025/4Z/105MEDIA/DSCF0944.JPG,DSCF0944.JPG,4Z/105MEDIA,2,Western_Leopard_Toad,0.5261,3655.7,1655.9,3931.6,1922.9
/srv/shared_leopard_toad/2025/Documents/06.10-13.10.2025/4Z/105MEDIA/DSCF0944.JPG,DSCF0944.JPG,4Z/105MEDIA,0,Other_Amphibian,0.2513,3221.8,1967.2,3349.9,2108.3
/srv/shared_leopard_toad/2025/Documents/06.10-13.10.2025/4Z/105MEDIA/DSCF0944.JPG,DSCF0944.JPG,4Z/105MEDIA,0,Other_Amphibian,0.2107,3230.5,1974.3,3354.3,2116.7
/srv/shared_leopard_toad/2025/Documents/06.10-13.10.2025/4Z/105MEDIA/DSCF0580.JPG,DSCF0580.JPG,4Z/105MEDIA,2,Western_Leopard_Toad,0.4463,3645.0,1674.2,3917.9,1940.6
/srv/shared_leopard_toad/2025/Documents/06.10-13.10.2025/4Z/105MEDIA/DSCF0060.JPG,DSCF0060.JPG,4Z/105MEDIA,0,Other_Amphibian,0.2849,2598.9,2694.6,2744.9,2854.3
/srv/shared_leopard_toad/2025/Documents/06.10-13.10.2025/4Z/105MEDIA/DSCF0060.JPG,DSCF0060.JPG,4Z/105MEDIA,0,Other_Amphibian,0.2062,2601.1,2694.2,2746.5,2853.9
/srv/shared_leopard_toad/2025/Documents/06.10-13.10.2025/4Z/105MEDIA/DSCF0949.JPG,DSCF0949.JPG,4Z/105MEDIA,2,Western_Leopard_Toad,0.3719,3655.4,1657.6,3930.2,1924.1
/srv/shared_leopard_toad/2025/Documents/06.10-13.10.2025/4Z/105MEDIA/DSCF0949.JPG,DSCF0949.JPG,4Z/105MEDIA,0,Other_Amphibian,0.2389,3222.3,1968.1,3347.5,2108.0
/srv/shared_leopard_toad/2025/Documents/06.10-13.10.2025/4Z/105MEDIA/DSCF0949.JPG,DSCF0949.JPG,4Z/105MEDIA,0,Other_Amphibian,0.2375,3230.1,1972.0,3351.0,2112.6
/srv/shared_leopard_toad/2025/Documents/06.10-13.10.2025/4Z/105MEDIA/DSCF0736.JPG,DSCF0736.JPG,4Z/105MEDIA,0,Other_Amphibian,0.4204,2568.9,1974.0,2864.4,2249.6
/srv/shared_leopard_toad/2025/Documents/06.10-13.10.2025/4Z/105MEDIA/DSCF0736.JPG,DSCF0736.JPG,4Z/105MEDIA,0,Other_Amphibian,0.3865,3656.1,1655.5,3930.2,1923.6
/srv/shared_leopard_toad/2025/Documents/06.10-13.10.2025/4Z/105MEDIA/DSCF0736.JPG,DSCF0736.JPG,4Z/105MEDIA,0,Other_Amphibian,0.2735,3220.1,1967.1,3347.3,2108.5
/srv/shared_leopard_toad/2025/Documents/06.10-13.10.2025/4Z/105MEDIA/DSCF0736.JPG,DSCF0736.JPG,4Z/105MEDIA,0,Other_Amphibian,0.2354,3230.3,1973.9,3351.9,2116.7
/srv/shared_leopard_toad/2025/Documents/06.10-13.10.2025/4Z/105MEDIA/DSCF0943.JPG,DSCF0943.JPG,4Z/105MEDIA,2,Western_Leopard_Toad,0.2887,3655.2,1655.9,3929.9,1923.6
/srv/shared_leopard_toad/2025/Documents/06.10-13.10.2025/4Z/105MEDIA/DSCF0943.JPG,DSCF0943.JPG,4Z/105MEDIA,0,Other_Amphibian,0.2414,3222.2,1966.8,3349.3,2108.2
/srv/shared_leopard_toad/2025/Documents/06.10-13.10.2025/4Z/105MEDIA/DSCF0943.JPG,DSCF0943.JPG,4Z/105MEDIA,0,Other_Amphibian,0.2379,3229.9,1971.5,3352.9,2114.0
/srv/shared_leopard_toad/2025/Documents/06.10-13.10.2025/4Z/105MEDIA/DSCF0873.JPG,DSCF0873.JPG,4Z/105MEDIA,2,Western_Leopard_Toad,0.2804,3655.9,1657.7,3926.8,1924.1
/srv/shared_leopard_toad/2025/Documents/06.10-13.10.2025/4Z/105MEDIA/DSCF0873.JPG,DSCF0873.JPG,4Z/105MEDIA,0,Other_Amphibian,0.2485,3223.9,1967.0,3348.6,2106.3
/srv/shared_leopard_toad/2025/Documents/06.10-13.10.2025/4Z/105MEDIA/DSCF0873.JPG,DSCF0873.JPG,4Z/105MEDIA,0,Other_Amphibian,0.2139,3225.4,1972.6,3346.5,2112.4
/srv/shared_leopard_toad/2025/Documents/06.10-13.10.2025/4Z/105MEDIA/DSCF0917.JPG,DSCF0917.JPG,4Z/105MEDIA,2,Western_Leopard_Toad,0.2932,3655.6,1658.6,3928.2,1923.5
/srv/shared_leopard_toad/2025/Documents/06.10-13.10.2025/4Z/105MEDIA/DSCF0917.JPG,DSCF0917.JPG,4Z/105MEDIA,0,Other_Amphibian,0.2919,3221.3,1967.6,3348.3,2108.2
/srv/shared_leopard_toad/2025/Documents/06.10-13.10.2025/4Z/105MEDIA/DSCF0917.JPG,DSCF0917.JPG,4Z/105MEDIA,0,Other_Amphibian,0.2538,3231.1,1972.8,3352.9,2114.1
/srv/shared_leopard_toad/2025/Documents/06.10-13.10.2025/4Z/105MEDIA/DSCF0672.JPG,DSCF0672.JPG,4Z/105MEDIA,2,Western_Leopard_Toad,0.3191,3656.7,1657.7,3928.1,1924.2
/srv/shared_leopard_toad/2025/Documents/06.10-13.10.2025/4Z/105MEDIA/DSCF0672.JPG,DSCF0672.JPG,4Z/105MEDIA,0,Other_Amphibian,0.2898,2573.1,1985.8,2861.9,2251.9
/srv/shared_leopard_toad/2025/Documents/06.10-13.10.2025/4Z/105MEDIA/DSCF0662.JPG,DSCF0662.JPG,4Z/105MEDIA,2,Western_Leopard_Toad,0.3194,3655.5,1657.6,3929.0,1924.9
/srv/shared_leopard_toad/2025/Documents/06.10-13.10.2025/4Z/105MEDIA/DSCF0662.JPG,DSCF0662.JPG,4Z/105MEDIA,0,Other_Amphibian,0.2251,2570.6,1979.2,2858.9,2250.1
/srv/shared_leopard_toad/2025/Documents/06.10-13.10.2025/4Z/105MEDIA/DSCF0662.JPG,DSCF0662.JPG,4Z/105MEDIA,0,Other_Amphibian,0.2026,3223.0,1972.8,3346.7,2115.3
/srv/shared_leopard_toad/2025/Documents/06.10-13.10.2025/4Z/105MEDIA/DSCF0143.JPG,DSCF0143.JPG,4Z/105MEDIA,0,Other_Amphibian,0.2820,2599.5,2696.4,2742.6,2854.1
/srv/shared_leopard_toad/2025/Documents/06.10-13.10.2025/4Z/105MEDIA/DSCF0998.JPG,DSCF0998.JPG,4Z/105MEDIA,2,Western_Leopard_Toad,0.3281,3654.9,1656.4,3929.8,1923.2
/srv/shared_leopard_toad/2025/Documents/06.10-13.10.2025/4Z/105MEDIA/DSCF0998.JPG,DSCF0998.JPG,4Z/105MEDIA,0,Other_Amphibian,0.2058,3225.8,1971.5,3350.5,2112.3
/srv/shared_leopard_toad/2025/Documents/06.10-13.10.2025/4Z/105MEDIA/DSCF0308.JPG,DSCF0308.JPG,4Z/105MEDIA,0,Other_Amphibian,0.4012,2591.8,2695.6,2745.5,2854.5
/srv/shared_leopard_toad/2025/Documents/06.10-13.10.2025/4Z/105MEDIA/DSCF0308.JPG,DSCF0308.JPG,4Z/105MEDIA,0,Other_Amphibian,0.2750,2593.1,2696.1,2746.9,2854.1
/srv/shared_leopard_toad/2025/Documents/06.10-13.10.2025/4Z/105MEDIA/DSCF0308.JPG,DSCF0308.JPG,4Z/105MEDIA,0,Other_Amphibian,0.2599,3148.2,2306.3,3274.4,2445.5
/srv/shared_leopard_toad/2025/Documents/06.10-13.10.2025/4Z/105MEDIA/DSCF0312.JPG,DSCF0312.JPG,4Z/105MEDIA,0,Other_Amphibian,0.3916,2600.0,2697.0,2745.8,2853.9
/srv/shared_leopard_toad/2025/Documents/06.10-13.10.2025/4Z/105MEDIA/DSCF0312.JPG,DSCF0312.JPG,4Z/105MEDIA,0,Other_Amphibian,0.2032,3153.6,2307.3,3271.4,2448.4
/srv/shared_leopard_toad/2025/Documents/06.10-13.10.2025/4Z/105MEDIA/DSCF0385.JPG,DSCF0385.JPG,4Z/105MEDIA,0,Other_Amphibian,0.3177,3143.2,2301.4,3270.3,2442.4
/srv/shared_leopard_toad/2025/Documents/06.10-13.10.2025/4Z/105MEDIA/DSCF0151.JPG,DSCF0151.JPG,4Z/105MEDIA,0,Other_Amphibian,0.2704,2596.5,2696.6,2744.9,2854.6
/srv/shared_leopard_toad/2025/Documents/06.10-13.10.2025/4Z/105MEDIA/DSCF0151.JPG,DSCF0151.JPG,4Z/105MEDIA,0,Other_Amphibian,0.2527,3147.9,2307.0,3272.2,2445.9
/srv/shared_leopard_toad/2025/Documents/06.10-13.10.2025/4Z/105MEDIA/DSCF0426.JPG,DSCF0426.JPG,4Z/105MEDIA,0,Other_Amphibian,0.3287,2596.7,2694.7,2748.7,2854.5
/srv/shared_leopard_toad/2025/Documents/06.10-13.10.2025/4Z/105MEDIA/DSCF0426.JPG,DSCF0426.JPG,4Z/105MEDIA,0,Other_Amphibian,0.2706,3142.9,2302.9,3270.4,2443.6
/srv/shared_leopard_toad/2025/Documents/06.10-13.10.2025/4Z/105MEDIA/DSCF0426.JPG,DSCF0426.JPG,4Z/105MEDIA,0,Other_Amphibian,0.2204,2595.0,2694.0,2748.7,2853.9
/srv/shared_leopard_toad/2025/Documents/06.10-13.10.2025/4Z/105MEDIA/DSCF0534.JPG,DSCF0534.JPG,4Z/105MEDIA,0,Other_Amphibian,0.2723,139.4,1333.6,277.7,1476.6
/srv/shared_leopard_toad/2025/Documents/06.10-13.10.2025/4Z/105MEDIA/DSCF0534.JPG,DSCF0534.JPG,4Z/105MEDIA,0,Other_Amphibian,0.2668,139.0,1336.7,277.3,1478.2
/srv/shared_leopard_toad/2025/Documents/06.10-13.10.2025/4Z/105MEDIA/DSCF0041.JPG,DSCF0041.JPG,4Z/105MEDIA,0,Other_Amphibian,0.3501,3149.8,2304.3,3272.5,2444.9
/srv/shared_leopard_toad/2025/Documents/06.10-13.10.2025/4Z/105MEDIA/DSCF0254.JPG,DSCF0254.JPG,4Z/105MEDIA,0,Other_Amphibian,0.2868,3147.2,2304.9,3268.0,2443.4
/srv/shared_leopard_toad/2025/Documents/06.10-13.10.2025/4Z/105MEDIA/DSCF0254.JPG,DSCF0254.JPG,4Z/105MEDIA,0,Other_Amphibian,0.2466,2599.9,2694.9,2743.5,2854.5
/srv/shared_leopard_toad/2025/Documents/06.10-13.10.2025/4Z/105MEDIA/DSCF0970.JPG,DSCF0970.JPG,4Z/105MEDIA,2,Western_Leopard_Toad,0.2859,3658.1,1657.4,3929.2,1923.8
/srv/shared_leopard_toad/2025/Documents/06.10-13.10.2025/4Z/105MEDIA/DSCF0970.JPG,DSCF0970.JPG,4Z/105MEDIA,0,Other_Amphibian,0.2435,3220.8,1966.9,3346.2,2107.6
/srv/shared_leopard_toad/2025/Documents/06.10-13.10.2025/4Z/105MEDIA/DSCF0509.JPG,DSCF0509.JPG,4Z/105MEDIA,0,Other_Amphibian,0.2402,138.1,1329.2,266.7,1470.6
/srv/shared_leopard_toad/2025/Documents/06.10-13.10.2025/4Z/105MEDIA/DSCF0509.JPG,DSCF0509.JPG,4Z/105MEDIA,0,Other_Amphibian,0.2368,137.4,1333.7,270.8,1474.4
/srv/shared_leopard_toad/2025/Documents/06.10-13.10.2025/4Z/105MEDIA/DSCF0157.JPG,DSCF0157.JPG,4Z/105MEDIA,0,Other_Amphibian,0.3455,3144.9,2303.9,3271.7,2443.5
/srv/shared_leopard_toad/2025/Documents/06.10-13.10.2025/4Z/105MEDIA/DSCF0157.JPG,DSCF0157.JPG,4Z/105MEDIA,0,Other_Amphibian,0.2068,3153.6,2310.2,3272.7,2450.6
/srv/shared_leopard_toad/2025/Documents/06.10-13.10.2025/4Z/105MEDIA/DSCF0732.JPG,DSCF0732.JPG,4Z/105MEDIA,0,Other_Amphibian,0.3061,3225.2,1966.5,3349.7,2111.6
/srv/shared_leopard_toad/2025/Documents/06.10-13.10.2025/4Z/105MEDIA/DSCF0732.JPG,DSCF0732.JPG,4Z/105MEDIA,0,Other_Amphibian,0.2883,2569.1,1975.5,2849.8,2251.2
/srv/shared_leopard_toad/2025/Documents/06.10-13.10.2025/4Z/105MEDIA/DSCF0732.JPG,DSCF0732.JPG,4Z/105MEDIA,0,Other_Amphibian,0.2856,3216.5,1967.5,3346.7,2110.6
/srv/shared_leopard_toad/2025/Documents/06.10-13.10.2025/4Z/105MEDIA/DSCF0732.JPG,DSCF0732.JPG,4Z/105MEDIA,2,Western_Leopard_Toad,0.2003,3654.2,1657.0,3925.3,1924.0
/srv/shared_leopard_toad/2025/Documents/06.10-13.10.2025/4Z/105MEDIA/DSCF0781.JPG,DSCF0781.JPG,4Z/105MEDIA,0,Other_Amphibian,0.3414,2566.6,1977.8,2851.9,2252.8
/srv/shared_leopard_toad/2025/Documents/06.10-13.10.2025/4Z/105MEDIA/DSCF0634.JPG,DSCF0634.JPG,4Z/105MEDIA,2,Western_Leopard_Toad,0.3904,3657.1,1657.7,3931.8,1924.2
/srv/shared_leopard_toad/2025/Documents/06.10-13.10.2025/4Z/105MEDIA/DSCF0634.JPG,DSCF0634.JPG,4Z/105MEDIA,0,Other_Amphibian,0.3877,2568.3,1987.5,2866.3,2254.1
/srv/shared_leopard_toad/2025/Documents/06.10-13.10.2025/4Z/105MEDIA/DSCF0896.JPG,DSCF0896.JPG,4Z/105MEDIA,0,Other_Amphibian,0.2520,3653.6,1657.0,3927.1,1924.5
/srv/shared_leopard_toad/2025/Documents/06.10-13.10.2025/4Z/105MEDIA/DSCF0896.JPG,DSCF0896.JPG,4Z/105MEDIA,0,Other_Amphibian,0.2052,3229.4,1972.1,3352.8,2113.8
/srv/shared_leopard_toad/2025/Documents/06.10-13.10.2025/4Z/105MEDIA/DSCF0925.JPG,DSCF0925.JPG,4Z/105MEDIA,2,Western_Leopard_Toad,0.4012,3657.0,1655.3,3929.8,1923.3
/srv/shared_leopard_toad/2025/Documents/06.10-13.10.2025/4Z/105MEDIA/DSCF0925.JPG,DSCF0925.JPG,4Z/105MEDIA,0,Other_Amphibian,0.2854,3221.2,1967.0,3348.5,2106.7
/srv/shared_leopard_toad/2025/Documents/06.10-13.10.2025/4Z/105MEDIA/DSCF0925.JPG,DSCF0925.JPG,4Z/105MEDIA,0,Other_Amphibian,0.2333,3228.6,1971.2,3352.7,2111.6
/srv/shared_leopard_toad/2025/Documents/06.10-13.10.2025/4Z/105MEDIA/DSCF0419.JPG,DSCF0419.JPG,4Z/105MEDIA,0,Other_Amphibian,0.3362,2605.5,2696.1,2749.5,2853.6
/srv/shared_leopard_toad/2025/Documents/06.10-13.10.2025/4Z/105MEDIA/DSCF0419.JPG,DSCF0419.JPG,4Z/105MEDIA,0,Other_Amphibian,0.2698,3145.9,2305.2,3272.8,2445.5
/srv/shared_leopard_toad/2025/Documents/06.10-13.10.2025/4Z/105MEDIA/DSCF0419.JPG,DSCF0419.JPG,4Z/105MEDIA,0,Other_Amphibian,0.2137,3150.0,2308.4,3265.6,2448.3
/srv/shared_leopard_toad/2025/Documents/06.10-13.10.2025/4Z/105MEDIA/DSCF0419.JPG,DSCF0419.JPG,4Z/105MEDIA,0,Other_Amphibian,0.2045,2602.8,2695.4,2749.7,2853.2
/srv/shared_leopard_toad/2025/Documents/06.10-13.10.2025/4Z/105MEDIA/DSCF0008.JPG,DSCF0008.JPG,4Z/105MEDIA,0,Other_Amphibian,0.2722,2600.2,2695.0,2744.3,2854.5
/srv/shared_leopard_toad/2025/Documents/06.10-13.10.2025/4Z/105MEDIA/DSCF0008.JPG,DSCF0008.JPG,4Z/105MEDIA,0,Other_Amphibian,0.2095,3149.8,2305.9,3274.6,2447.4
/srv/shared_leopard_toad/2025/Documents/06.10-13.10.2025/4Z/105MEDIA/DSCF0564.JPG,DSCF0564.JPG,4Z/105MEDIA,2,Western_Leopard_Toad,0.2816,3642.2,1674.6,3919.4,1937.9
/srv/shared_leopard_toad/2025/Documents/06.10-13.10.2025/4Z/105MEDIA/DSCF0564.JPG,DSCF0564.JPG,4Z/105MEDIA,0,Other_Amphibian,0.2059,4796.7,1315.8,4943.2,1561.8
/srv/shared_leopard_toad/2025/Documents/06.10-13.10.2025/4Z/105MEDIA/DSCF0303.JPG,DSCF0303.JPG,4Z/105MEDIA,0,Other_Amphibian,0.3853,2599.2,2696.4,2746.7,2854.3
/srv/shared_leopard_toad/2025/Documents/06.10-13.10.2025/4Z/105MEDIA/DSCF0303.JPG,DSCF0303.JPG,4Z/105MEDIA,0,Other_Amphibian,0.2287,2600.7,2696.5,2749.6,2854.2
/srv/shared_leopard_toad/2025/Documents/06.10-13.10.2025/4Z/105MEDIA/DSCF0303.JPG,DSCF0303.JPG,4Z/105MEDIA,0,Other_Amphibian,0.2141,3149.7,2309.3,3273.5,2447.4
/srv/shared_leopard_toad/2025/Documents/06.10-13.10.2025/4Z/105MEDIA/DSCF0155.JPG,DSCF0155.JPG,4Z/105MEDIA,0,Other_Amphibian,0.2503,2601.6,2695.0,2743.6,2853.7
/srv/shared_leopard_toad/2025/Documents/06.10-13.10.2025/4Z/105MEDIA/DSCF0644.JPG,DSCF0644.JPG,4Z/105MEDIA,0,Other_Amphibian,0.3455,2565.3,1983.3,2864.2,2252.5
/srv/shared_leopard_toad/2025/Documents/06.10-13.10.2025/4Z/105MEDIA/DSCF0644.JPG,DSCF0644.JPG,4Z/105MEDIA,0,Other_Amphibian,0.2646,3228.4,1965.5,3350.6,2111.5
/srv/shared_leopard_toad/2025/Documents/06.10-13.10.2025/4Z/105MEDIA/DSCF0644.JPG,DSCF0644.JPG,4Z/105MEDIA,0,Other_Amphibian,0.2515,3218.3,1966.6,3346.9,2110.7
/srv/shared_leopard_toad/2025/Documents/06.10-13.10.2025/4Z/105MEDIA/DSCF0220.JPG,DSCF0220.JPG,4Z/105MEDIA,0,Other_Amphibian,0.2178,2598.6,2694.9,2742.7,2854.6
/srv/shared_leopard_toad/2025/Documents/06.10-13.10.2025/4Z/105MEDIA/DSCF0515.JPG,DSCF0515.JPG,4Z/105MEDIA,0,Other_Amphibian,0.2079,9.9,827.8,137.7,998.4
/srv/shared_leopard_toad/2025/Documents/06.10-13.10.2025/4Z/105MEDIA/DSCF0837.JPG,DSCF0837.JPG,4Z/105MEDIA,2,Western_Leopard_Toad,0.4043,3653.9,1655.5,3929.1,1923.0
/srv/shared_leopard_toad/2025/Documents/06.10-13.10.2025/4Z/105MEDIA/DSCF0837.JPG,DSCF0837.JPG,4Z/105MEDIA,0,Other_Amphibian,0.2818,3220.3,1967.2,3344.9,2108.7
/srv/shared_leopard_toad/2025/Documents/06.10-13.10.2025/4Z/105MEDIA/DSCF0837.JPG,DSCF0837.JPG,4Z/105MEDIA,0,Other_Amphibian,0.2361,3228.0,1970.6,3348.7,2112.8
/srv/shared_leopard_toad/2025/Documents/06.10-13.10.2025/4Z/105MEDIA/DSCF0125.JPG,DSCF0125.JPG,4Z/105MEDIA,0,Other_Amphibian,0.2461,3145.9,2306.1,3273.8,2444.8
/srv/shared_leopard_toad/2025/Documents/06.10-13.10.2025/4Z/105MEDIA/DSCF0853.JPG,DSCF0853.JPG,4Z/105MEDIA,2,Western_Leopard_Toad,0.3544,3657.5,1656.1,3928.8,1921.9
/srv/shared_leopard_toad/2025/Documents/06.10-13.10.2025/4Z/105MEDIA/DSCF0853.JPG,DSCF0853.JPG,4Z/105MEDIA,0,Other_Amphibian,0.2360,3227.9,1969.2,3350.3,2113.1
/srv/shared_leopard_toad/2025/Documents/06.10-13.10.2025/4Z/105MEDIA/DSCF0853.JPG,DSCF0853.JPG,4Z/105MEDIA,0,Other_Amphibian,0.2175,3220.7,1967.2,3346.7,2109.4
/srv/shared_leopard_toad/2025/Documents/06.10-13.10.2025/4Z/105MEDIA/DSCF0661.JPG,DSCF0661.JPG,4Z/105MEDIA,2,Western_Leopard_Toad,0.3435,3655.4,1657.2,3928.8,1922.9
/srv/shared_leopard_toad/2025/Documents/06.10-13.10.2025/4Z/105MEDIA/DSCF0661.JPG,DSCF0661.JPG,4Z/105MEDIA,0,Other_Amphibian,0.2705,2570.6,1982.9,2857.9,2251.8
/srv/shared_leopard_toad/2025/Documents/06.10-13.10.2025/4Z/105MEDIA/DSCF0661.JPG,DSCF0661.JPG,4Z/105MEDIA,0,Other_Amphibian,0.2411,3221.4,1967.4,3348.0,2110.0
/srv/shared_leopard_toad/2025/Documents/06.10-13.10.2025/4Z/105MEDIA/DSCF0661.JPG,DSCF0661.JPG,4Z/105MEDIA,0,Other_Amphibian,0.2384,3229.2,1969.8,3351.9,2113.9
/srv/shared_leopard_toad/2025/Documents/06.10-13.10.2025/4Z/105MEDIA/DSCF0722.JPG,DSCF0722.JPG,4Z/105MEDIA,2,Western_Leopard_Toad,0.3235,3656.5,1657.6,3929.6,1923.7
/srv/shared_leopard_toad/2025/Documents/06.10-13.10.2025/4Z/105MEDIA/DSCF0722.JPG,DSCF0722.JPG,4Z/105MEDIA,0,Other_Amphibian,0.2800,2567.0,1980.7,2856.2,2253.0
/srv/shared_leopard_toad/2025/Documents/06.10-13.10.2025/4Z/105MEDIA/DSCF0722.JPG,DSCF0722.JPG,4Z/105MEDIA,0,Other_Amphibian,0.2378,3220.4,1967.0,3347.1,2108.2
/srv/shared_leopard_toad/2025/Documents/06.10-13.10.2025/4Z/105MEDIA/DSCF0722.JPG,DSCF0722.JPG,4Z/105MEDIA,0,Other_Amphibian,0.2281,3228.2,1971.1,3351.0,2113.4
/srv/shared_leopard_toad/2025/Documents/06.10-13.10.2025/4Z/105MEDIA/DSCF0006.JPG,DSCF0006.JPG,4Z/105MEDIA,0,Other_Amphibian,0.3228,2596.4,2695.4,2744.0,2854.7
/srv/shared_leopard_toad/2025/Documents/06.10-13.10.2025/4Z/105MEDIA/DSCF0959.JPG,DSCF0959.JPG,4Z/105MEDIA,2,Western_Leopard_Toad,0.2256,3654.3,1655.9,3927.5,1924.9
/srv/shared_leopard_toad/2025/Documents/06.10-13.10.2025/4Z/105MEDIA/DSCF0959.JPG,DSCF0959.JPG,4Z/105MEDIA,0,Other_Amphibian,0.2099,3230.0,1971.0,3353.2,2114.2
/srv/shared_leopard_toad/2025/Documents/06.10-13.10.2025/4Z/105MEDIA/DSCF0959.JPG,DSCF0959.JPG,4Z/105MEDIA,0,Other_Amphibian,0.2081,3224.6,1966.3,3349.8,2108.6
/srv/shared_leopard_toad/2025/Documents/06.10-13.10.2025/4Z/105MEDIA/DSCF0608.JPG,DSCF0608.JPG,4Z/105MEDIA,2,Western_Leopard_Toad,0.8443,3643.9,1667.7,3926.5,1936.4
/srv/shared_leopard_toad/2025/Documents/06.10-13.10.2025/4Z/105MEDIA/DSCF0451.JPG,DSCF0451.JPG,4Z/105MEDIA,0,Other_Amphibian,0.2734,2592.3,2695.1,2747.1,2855.5
/srv/shared_leopard_toad/2025/Documents/06.10-13.10.2025/4Z/105MEDIA/DSCF0290.JPG,DSCF0290.JPG,4Z/105MEDIA,0,Other_Amphibian,0.3086,2594.8,2695.4,2743.5,2854.6
/srv/shared_leopard_toad/2025/Documents/06.10-13.10.2025/4Z/105MEDIA/DSCF0290.JPG,DSCF0290.JPG,4Z/105MEDIA,0,Other_Amphibian,0.2477,3148.5,2308.1,3277.4,2447.1
/srv/shared_leopard_toad/2025/Documents/06.10-13.10.2025/4Z/105MEDIA/DSCF0556.JPG,DSCF0556.JPG,4Z/105MEDIA,2,Western_Leopard_Toad,0.3296,3640.0,1674.3,3920.7,1938.8
/srv/shared_leopard_toad/2025/Documents/06.10-13.10.2025/4Z/105MEDIA/DSCF0556.JPG,DSCF0556.JPG,4Z/105MEDIA,0,Other_Amphibian,0.2872,4792.2,1324.4,4943.7,1558.5
/srv/shared_leopard_toad/2025/Documents/06.10-13.10.2025/4Z/105MEDIA/DSCF0862.JPG,DSCF0862.JPG,4Z/105MEDIA,2,Western_Leopard_Toad,0.3992,3654.7,1657.3,3929.3,1923.3
/srv/shared_leopard_toad/2025/Documents/06.10-13.10.2025/4Z/105MEDIA/DSCF0862.JPG,DSCF0862.JPG,4Z/105MEDIA,0,Other_Amphibian,0.2498,3221.9,1968.1,3350.0,2108.9
/srv/shared_leopard_toad/2025/Documents/06.10-13.10.2025/4Z/105MEDIA/DSCF0057.JPG,DSCF0057.JPG,4Z/105MEDIA,0,Other_Amphibian,0.3061,2596.5,2696.7,2743.3,2854.3
/srv/shared_leopard_toad/2025/Documents/06.10-13.10.2025/4Z/105MEDIA/DSCF0057.JPG,DSCF0057.JPG,4Z/105MEDIA,0,Other_Amphibian,0.2776,3146.3,2305.7,3274.0,2446.7
/srv/shared_leopard_toad/2025/Documents/06.10-13.10.2025/4Z/105MEDIA/DSCF0057.JPG,DSCF0057.JPG,4Z/105MEDIA,0,Other_Amphibian,0.2300,2599.5,2696.3,2747.2,2854.0
/srv/shared_leopard_toad/2025/Documents/06.10-13.10.2025/4Z/105MEDIA/DSCF0758.JPG,DSCF0758.JPG,4Z/105MEDIA,0,Other_Amphibian,0.3400,2567.4,1968.9,2856.0,2251.8
/srv/shared_leopard_toad/2025/Documents/06.10-13.10.2025/4Z/105MEDIA/DSCF0758.JPG,DSCF0758.JPG,4Z/105MEDIA,2,Western_Leopard_Toad,0.2973,3655.3,1656.6,3927.8,1924.0
/srv/shared_leopard_toad/2025/Documents/06.10-13.10.2025/4Z/105MEDIA/DSCF0758.JPG,DSCF0758.JPG,4Z/105MEDIA,0,Other_Amphibian,0.2363,3219.7,1967.3,3348.1,2109.8
/srv/shared_leopard_toad/2025/Documents/06.10-13.10.2025/4Z/105MEDIA/DSCF0758.JPG,DSCF0758.JPG,4Z/105MEDIA,0,Other_Amphibian,0.2096,3229.5,1974.5,3353.1,2118.2
/srv/shared_leopard_toad/2025/Documents/06.10-13.10.2025/4Z/105MEDIA/DSCF0652.JPG,DSCF0652.JPG,4Z/105MEDIA,0,Other_Amphibian,0.4258,2563.4,1982.6,2862.4,2250.7
/srv/shared_leopard_toad/2025/Documents/06.10-13.10.2025/4Z/105MEDIA/DSCF0652.JPG,DSCF0652.JPG,4Z/105MEDIA,2,Western_Leopard_Toad,0.3781,3656.3,1657.5,3929.1,1923.3
/srv/shared_leopard_toad/2025/Documents/06.10-13.10.2025/4Z/105MEDIA/DSCF0652.JPG,DSCF0652.JPG,4Z/105MEDIA,0,Other_Amphibian,0.2111,3220.9,1967.8,3346.7,2108.5
/srv/shared_leopard_toad/2025/Documents/06.10-13.10.2025/4Z/105MEDIA/DSCF0652.JPG,DSCF0652.JPG,4Z/105MEDIA,0,Other_Amphibian,0.2072,3230.5,1972.5,3351.2,2114.8
/srv/shared_leopard_toad/2025/Documents/06.10-13.10.2025/4Z/105MEDIA/DSCF0165.JPG,DSCF0165.JPG,4Z/105MEDIA,0,Other_Amphibian,0.2633,3146.1,2305.1,3274.2,2443.9
/srv/shared_leopard_toad/2025/Documents/06.10-13.10.2025/4Z/105MEDIA/DSCF0615.JPG,DSCF0615.JPG,4Z/105MEDIA,2,Western_Leopard_Toad,0.7757,3641.1,1668.5,3924.7,1940.0
/srv/shared_leopard_toad/2025/Documents/06.10-13.10.2025/4Z/105MEDIA/DSCF0346.JPG,DSCF0346.JPG,4Z/105MEDIA,0,Other_Amphibian,0.2865,2593.0,2694.5,2742.8,2853.5
/srv/shared_leopard_toad/2025/Documents/06.10-13.10.2025/4Z/105MEDIA/DSCF0346.JPG,DSCF0346.JPG,4Z/105MEDIA,0,Other_Amphibian,0.2718,3145.1,2305.5,3270.8,2444.2
/srv/shared_leopard_toad/2025/Documents/06.10-13.10.2025/4Z/105MEDIA/DSCF0346.JPG,DSCF0346.JPG,4Z/105MEDIA,0,Other_Amphibian,0.2142,2594.5,2694.1,2748.2,2853.1
/srv/shared_leopard_toad/2025/Documents/06.10-13.10.2025/4Z/105MEDIA/DSCF0723.JPG,DSCF0723.JPG,4Z/105MEDIA,0,Other_Amphibian,0.3850,2568.4,1979.5,2868.3,2253.1
/srv/shared_leopard_toad/2025/Documents/06.10-13.10.2025/4Z/105MEDIA/DSCF0723.JPG,DSCF0723.JPG,4Z/105MEDIA,0,Other_Amphibian,0.3070,3217.0,1967.5,3346.1,2109.0
/srv/shared_leopard_toad/2025/Documents/06.10-13.10.2025/4Z/105MEDIA/DSCF0723.JPG,DSCF0723.JPG,4Z/105MEDIA,0,Other_Amphibian,0.3038,3226.0,1966.4,3349.2,2109.5
/srv/shared_leopard_toad/2025/Documents/06.10-13.10.2025/4Z/105MEDIA/DSCF0723.JPG,DSCF0723.JPG,4Z/105MEDIA,0,Other_Amphibian,0.3029,3655.9,1655.7,3930.3,1924.3
/srv/shared_leopard_toad/2025/Documents/06.10-13.10.2025/4Z/105MEDIA/DSCF0878.JPG,DSCF0878.JPG,4Z/105MEDIA,0,Other_Amphibian,0.3356,3657.3,1653.0,3928.9,1923.9
/srv/shared_leopard_toad/2025/Documents/06.10-13.10.2025/4Z/105MEDIA/DSCF0432.JPG,DSCF0432.JPG,4Z/105MEDIA,0,Other_Amphibian,0.3459,2597.9,2695.1,2746.7,2854.5
/srv/shared_leopard_toad/2025/Documents/06.10-13.10.2025/4Z/105MEDIA/DSCF0432.JPG,DSCF0432.JPG,4Z/105MEDIA,0,Other_Amphibian,0.2689,3146.8,2307.7,3273.6,2445.8
/srv/shared_leopard_toad/2025/Documents/06.10-13.10.2025/4Z/105MEDIA/DSCF0174.JPG,DSCF0174.JPG,4Z/105MEDIA,0,Other_Amphibian,0.2740,2597.7,2695.0,2747.1,2854.9
/srv/shared_leopard_toad/2025/Documents/06.10-13.10.2025/4Z/105MEDIA/DSCF0174.JPG,DSCF0174.JPG,4Z/105MEDIA,0,Other_Amphibian,0.2604,3146.9,2305.8,3271.8,2444.5
/srv/shared_leopard_toad/2025/Documents/06.10-13.10.2025/4Z/105MEDIA/DSCF0174.JPG,DSCF0174.JPG,4Z/105MEDIA,0,Other_Amphibian,0.2157,2598.1,2694.5,2747.7,2854.3
/srv/shared_leopard_toad/2025/Documents/06.10-13.10.2025/4Z/105MEDIA/DSCF0864.JPG,DSCF0864.JPG,4Z/105MEDIA,2,Western_Leopard_Toad,0.3654,3656.0,1656.8,3928.4,1923.1
/srv/shared_leopard_toad/2025/Documents/06.10-13.10.2025/4Z/105MEDIA/DSCF0864.JPG,DSCF0864.JPG,4Z/105MEDIA,0,Other_Amphibian,0.3329,3221.0,1966.9,3346.2,2107.2
/srv/shared_leopard_toad/2025/Documents/06.10-13.10.2025/4Z/105MEDIA/DSCF0864.JPG,DSCF0864.JPG,4Z/105MEDIA,0,Other_Amphibian,0.2856,3227.1,1968.8,3349.0,2109.6
/srv/shared_leopard_toad/2025/Documents/06.10-13.10.2025/4Z/105MEDIA/DSCF0697.JPG,DSCF0697.JPG,4Z/105MEDIA,0,Other_Amphibian,0.3529,2566.4,1980.3,2860.0,2252.6
/srv/shared_leopard_toad/2025/Documents/06.10-13.10.2025/4Z/105MEDIA/DSCF0697.JPG,DSCF0697.JPG,4Z/105MEDIA,2,Western_Leopard_Toad,0.3146,3654.3,1657.5,3928.5,1925.3
/srv/shared_leopard_toad/2025/Documents/06.10-13.10.2025/4Z/105MEDIA/DSCF0761.JPG,DSCF0761.JPG,4Z/105MEDIA,0,Other_Amphibian,0.3691,2566.6,1980.5,2859.7,2251.1
/srv/shared_leopard_toad/2025/Documents/06.10-13.10.2025/4Z/105MEDIA/DSCF0761.JPG,DSCF0761.JPG,4Z/105MEDIA,0,Other_Amphibian,0.2536,3653.1,1656.1,3928.3,1924.5
/srv/shared_leopard_toad/2025/Documents/06.10-13.10.2025/4Z/105MEDIA/DSCF0761.JPG,DSCF0761.JPG,4Z/105MEDIA,0,Other_Amphibian,0.2431,3225.4,1969.8,3349.4,2109.3
/srv/shared_leopard_toad/2025/Documents/06.10-13.10.2025/4Z/105MEDIA/DSCF0761.JPG,DSCF0761.JPG,4Z/105MEDIA,0,Other_Amphibian,0.2358,3219.7,1969.1,3348.1,2107.8
/srv/shared_leopard_toad/2025/Documents/06.10-13.10.2025/4Z/105MEDIA/DSCF0248.JPG,DSCF0248.JPG,4Z/105MEDIA,0,Other_Amphibian,0.2826,3145.2,2302.9,3269.1,2443.3
/srv/shared_leopard_toad/2025/Documents/06.10-13.10.2025/4Z/105MEDIA/DSCF0248.JPG,DSCF0248.JPG,4Z/105MEDIA,0,Other_Amphibian,0.2163,3154.2,2307.9,3271.3,2448.3
/srv/shared_leopard_toad/2025/Documents/06.10-13.10.2025/4Z/105MEDIA/DSCF0117.JPG,DSCF0117.JPG,4Z/105MEDIA,0,Other_Amphibian,0.4056,2595.2,2694.7,2745.6,2854.1
/srv/shared_leopard_toad/2025/Documents/06.10-13.10.2025/4Z/105MEDIA/DSCF0117.JPG,DSCF0117.JPG,4Z/105MEDIA,0,Other_Amphibian,0.2166,3149.7,2307.7,3269.9,2447.5
/srv/shared_leopard_toad/2025/Documents/06.10-13.10.2025/4Z/105MEDIA/DSCF0117.JPG,DSCF0117.JPG,4Z/105MEDIA,0,Other_Amphibian,0.2142,2591.9,2694.1,2741.1,2852.9
/srv/shared_leopard_toad/2025/Documents/06.10-13.10.2025/4Z/105MEDIA/DSCF0833.JPG,DSCF0833.JPG,4Z/105MEDIA,2,Western_Leopard_Toad,0.3964,3658.5,1657.1,3930.3,1923.8
/srv/shared_leopard_toad/2025/Documents/06.10-13.10.2025/4Z/105MEDIA/DSCF0945.JPG,DSCF0945.JPG,4Z/105MEDIA,2,Western_Leopard_Toad,0.4670,3653.9,1658.4,3930.3,1923.2
/srv/shared_leopard_toad/2025/Documents/06.10-13.10.2025/4Z/105MEDIA/DSCF0945.JPG,DSCF0945.JPG,4Z/105MEDIA,0,Other_Amphibian,0.2253,3222.8,1968.8,3348.3,2108.4
/srv/shared_leopard_toad/2025/Documents/06.10-13.10.2025/4Z/105MEDIA/DSCF0063.JPG,DSCF0063.JPG,4Z/105MEDIA,0,Other_Amphibian,0.3218,3145.8,2304.4,3272.6,2444.1
/srv/shared_leopard_toad/2025/Documents/06.10-13.10.2025/4Z/105MEDIA/DSCF0412.JPG,DSCF0412.JPG,4Z/105MEDIA,0,Other_Amphibian,0.2123,2597.8,2695.2,2747.6,2854.3
/srv/shared_leopard_toad/2025/Documents/06.10-13.10.2025/4Z/105MEDIA/DSCF0152.JPG,DSCF0152.JPG,4Z/105MEDIA,0,Other_Amphibian,0.2300,2596.8,2695.3,2744.1,2854.4
/srv/shared_leopard_toad/2025/Documents/06.10-13.10.2025/4Z/105MEDIA/DSCF0405.JPG,DSCF0405.JPG,4Z/105MEDIA,0,Other_Amphibian,0.2350,3147.6,2308.4,3271.3,2446.7
/srv/shared_leopard_toad/2025/Documents/06.10-13.10.2025/4Z/105MEDIA/DSCF0405.JPG,DSCF0405.JPG,4Z/105MEDIA,0,Other_Amphibian,0.2137,3147.3,2309.4,3262.5,2448.0
/srv/shared_leopard_toad/2025/Documents/06.10-13.10.2025/4Z/105MEDIA/DSCF0989.JPG,DSCF0989.JPG,4Z/105MEDIA,0,Other_Amphibian,0.2852,3656.2,1656.6,3929.3,1923.0
/srv/shared_leopard_toad/2025/Documents/06.10-13.10.2025/4Z/105MEDIA/DSCF0989.JPG,DSCF0989.JPG,4Z/105MEDIA,0,Other_Amphibian,0.2468,3229.3,1972.1,3353.3,2114.6
/srv/shared_leopard_toad/2025/Documents/06.10-13.10.2025/4Z/105MEDIA/DSCF0989.JPG,DSCF0989.JPG,4Z/105MEDIA,0,Other_Amphibian,0.2439,3222.0,1967.7,3349.8,2108.9
/srv/shared_leopard_toad/2025/Documents/06.10-13.10.2025/4Z/105MEDIA/DSCF0036.JPG,DSCF0036.JPG,4Z/105MEDIA,0,Other_Amphibian,0.2744,2598.3,2693.6,2742.4,2854.1
/srv/shared_leopard_toad/2025/Documents/06.10-13.10.2025/4Z/105MEDIA/DSCF0036.JPG,DSCF0036.JPG,4Z/105MEDIA,0,Other_Amphibian,0.2335,2596.8,2693.1,2744.7,2853.7
/srv/shared_leopard_toad/2025/Documents/06.10-13.10.2025/4Z/105MEDIA/DSCF0036.JPG,DSCF0036.JPG,4Z/105MEDIA,0,Other_Amphibian,0.2232,3146.8,2307.4,3272.5,2445.9
/srv/shared_leopard_toad/2025/Documents/06.10-13.10.2025/4Z/105MEDIA/DSCF0036.JPG,DSCF0036.JPG,4Z/105MEDIA,0,Other_Amphibian,0.2096,3586.7,1906.2,3842.3,2183.7
/srv/shared_leopard_toad/2025/Documents/06.10-13.10.2025/4Z/105MEDIA/DSCF0052.JPG,DSCF0052.JPG,4Z/105MEDIA,0,Other_Amphibian,0.3259,3144.9,2302.9,3269.2,2442.5
/srv/shared_leopard_toad/2025/Documents/06.10-13.10.2025/4Z/105MEDIA/DSCF0052.JPG,DSCF0052.JPG,4Z/105MEDIA,0,Other_Amphibian,0.2191,2597.7,2695.2,2744.2,2854.3
/srv/shared_leopard_toad/2025/Documents/06.10-13.10.2025/4Z/105MEDIA/DSCF0653.JPG,DSCF0653.JPG,4Z/105MEDIA,2,Western_Leopard_Toad,0.3115,3657.3,1655.8,3927.6,1923.5
/srv/shared_leopard_toad/2025/Documents/06.10-13.10.2025/4Z/105MEDIA/DSCF0653.JPG,DSCF0653.JPG,4Z/105MEDIA,0,Other_Amphibian,0.3033,3218.6,1967.5,3347.3,2109.6
/srv/shared_leopard_toad/2025/Documents/06.10-13.10.2025/4Z/105MEDIA/DSCF0653.JPG,DSCF0653.JPG,4Z/105MEDIA,0,Other_Amphibian,0.2866,3224.9,1967.7,3349.3,2110.3
/srv/shared_leopard_toad/2025/Documents/06.10-13.10.2025/4Z/105MEDIA/DSCF0653.JPG,DSCF0653.JPG,4Z/105MEDIA,0,Other_Amphibian,0.2398,2568.6,1984.1,2854.1,2253.6
/srv/shared_leopard_toad/2025/Documents/06.10-13.10.2025/4Z/105MEDIA/DSCF0754.JPG,DSCF0754.JPG,4Z/105MEDIA,2,Western_Leopard_Toad,0.2864,3654.7,1658.6,3929.2,1923.6
/srv/shared_leopard_toad/2025/Documents/06.10-13.10.2025/4Z/105MEDIA/DSCF0754.JPG,DSCF0754.JPG,4Z/105MEDIA,0,Other_Amphibian,0.2572,2568.4,1983.7,2862.2,2252.9
/srv/shared_leopard_toad/2025/Documents/06.10-13.10.2025/4Z/105MEDIA/DSCF0754.JPG,DSCF0754.JPG,4Z/105MEDIA,0,Other_Amphibian,0.2354,3220.2,1967.9,3347.6,2107.4
/srv/shared_leopard_toad/2025/Documents/06.10-13.10.2025/4Z/105MEDIA/DSCF0754.JPG,DSCF0754.JPG,4Z/105MEDIA,0,Other_Amphibian,0.2308,3225.5,1971.9,3349.1,2112.4
/srv/shared_leopard_toad/2025/Documents/06.10-13.10.2025/4Z/105MEDIA/DSCF0838.JPG,DSCF0838.JPG,4Z/105MEDIA,2,Western_Leopard_Toad,0.2889,3657.2,1655.4,3928.9,1923.1
/srv/shared_leopard_toad/2025/Documents/06.10-13.10.2025/4Z/105MEDIA/DSCF0838.JPG,DSCF0838.JPG,4Z/105MEDIA,0,Other_Amphibian,0.2376,3227.5,1972.3,3349.5,2113.9
/srv/shared_leopard_toad/2025/Documents/06.10-13.10.2025/4Z/105MEDIA/DSCF0838.JPG,DSCF0838.JPG,4Z/105MEDIA,0,Other_Amphibian,0.2316,3220.3,1967.5,3348.1,2107.5
/srv/shared_leopard_toad/2025/Documents/06.10-13.10.2025/4Z/105MEDIA/DSCF0189.JPG,DSCF0189.JPG,4Z/105MEDIA,0,Other_Amphibian,0.2045,2603.1,2696.0,2746.2,2854.4
/srv/shared_leopard_toad/2025/Documents/06.10-13.10.2025/4Z/105MEDIA/DSCF0171.JPG,DSCF0171.JPG,4Z/105MEDIA,0,Other_Amphibian,0.3114,2600.2,2697.9,2742.1,2853.5
/srv/shared_leopard_toad/2025/Documents/06.10-13.10.2025/4Z/105MEDIA/DSCF0171.JPG,DSCF0171.JPG,4Z/105MEDIA,0,Other_Amphibian,0.2857,3147.1,2305.4,3271.9,2445.2
/srv/shared_leopard_toad/2025/Documents/06.10-13.10.2025/4Z/105MEDIA/DSCF0171.JPG,DSCF0171.JPG,4Z/105MEDIA,0,Other_Amphibian,0.2057,3155.3,2309.6,3271.1,2448.7
/srv/shared_leopard_toad/2025/Documents/06.10-13.10.2025/4Z/105MEDIA/DSCF0040.JPG,DSCF0040.JPG,4Z/105MEDIA,0,Other_Amphibian,0.3864,2601.4,2696.4,2745.8,2853.7
/srv/shared_leopard_toad/2025/Documents/06.10-13.10.2025/4Z/105MEDIA/DSCF0040.JPG,DSCF0040.JPG,4Z/105MEDIA,0,Other_Amphibian,0.2260,2604.9,2696.3,2748.4,2853.2
/srv/shared_leopard_toad/2025/Documents/06.10-13.10.2025/4Z/105MEDIA/DSCF0729.JPG,DSCF0729.JPG,4Z/105MEDIA,0,Other_Amphibian,0.2719,3222.5,1966.9,3348.6,2106.4
/srv/shared_leopard_toad/2025/Documents/06.10-13.10.2025/4Z/105MEDIA/DSCF0729.JPG,DSCF0729.JPG,4Z/105MEDIA,0,Other_Amphibian,0.2718,3227.4,1966.4,3350.8,2107.2
/srv/shared_leopard_toad/2025/Documents/06.10-13.10.2025/4Z/105MEDIA/DSCF0729.JPG,DSCF0729.JPG,4Z/105MEDIA,0,Other_Amphibian,0.2623,2568.5,1975.2,2854.5,2252.0
/srv/shared_leopard_toad/2025/Documents/06.10-13.10.2025/4Z/105MEDIA/DSCF0315.JPG,DSCF0315.JPG,4Z/105MEDIA,0,Other_Amphibian,0.3451,2597.0,2697.9,2744.8,2854.3
/srv/shared_leopard_toad/2025/Documents/06.10-13.10.2025/4Z/105MEDIA/DSCF0315.JPG,DSCF0315.JPG,4Z/105MEDIA,0,Other_Amphibian,0.2628,3147.6,2306.4,3272.7,2445.6
/srv/shared_leopard_toad/2025/Documents/06.10-13.10.2025/4Z/105MEDIA/DSCF0045.JPG,DSCF0045.JPG,4Z/105MEDIA,0,Other_Amphibian,0.2733,2600.3,2697.2,2743.2,2853.8
/srv/shared_leopard_toad/2025/Documents/06.10-13.10.2025/4Z/105MEDIA/DSCF0045.JPG,DSCF0045.JPG,4Z/105MEDIA,0,Other_Amphibian,0.2107,3150.0,2310.1,3271.1,2446.0
/srv/shared_leopard_toad/2025/Documents/06.10-13.10.2025/4Z/105MEDIA/DSCF0264.JPG,DSCF0264.JPG,4Z/105MEDIA,0,Other_Amphibian,0.3331,3144.0,2303.3,3270.4,2442.8
/srv/shared_leopard_toad/2025/Documents/06.10-13.10.2025/4Z/105MEDIA/DSCF0848.JPG,DSCF0848.JPG,4Z/105MEDIA,0,Other_Amphibian,0.3004,3655.9,1656.8,3926.2,1924.2
/srv/shared_leopard_toad/2025/Documents/06.10-13.10.2025/4Z/105MEDIA/DSCF0848.JPG,DSCF0848.JPG,4Z/105MEDIA,0,Other_Amphibian,0.2258,3219.9,1967.3,3348.7,2107.9
/srv/shared_leopard_toad/2025/Documents/06.10-13.10.2025/4Z/105MEDIA/DSCF0848.JPG,DSCF0848.JPG,4Z/105MEDIA,0,Other_Amphibian,0.2190,3227.1,1972.2,3351.9,2113.9
/srv/shared_leopard_toad/2025/Documents/06.10-13.10.2025/4Z/105MEDIA/DSCF0145.JPG,DSCF0145.JPG,4Z/105MEDIA,0,Other_Amphibian,0.2459,3147.6,2303.4,3267.5,2443.6
/srv/shared_leopard_toad/2025/Documents/06.10-13.10.2025/4Z/105MEDIA/DSCF0145.JPG,DSCF0145.JPG,4Z/105MEDIA,0,Other_Amphibian,0.2095,2599.4,2695.0,2743.0,2853.3
/srv/shared_leopard_toad/2025/Documents/06.10-13.10.2025/4Z/105MEDIA/DSCF0284.JPG,DSCF0284.JPG,4Z/105MEDIA,0,Other_Amphibian,0.3078,3144.8,2301.9,3269.6,2443.4
/srv/shared_leopard_toad/2025/Documents/06.10-13.10.2025/4Z/105MEDIA/DSCF0284.JPG,DSCF0284.JPG,4Z/105MEDIA,0,Other_Amphibian,0.2350,2598.9,2695.6,2745.9,2853.9
/srv/shared_leopard_toad/2025/Documents/06.10-13.10.2025/4Z/105MEDIA/DSCF0504.JPG,DSCF0504.JPG,4Z/105MEDIA,0,Other_Amphibian,0.2282,9.0,868.7,142.4,1001.8
/srv/shared_leopard_toad/2025/Documents/06.10-13.10.2025/4Z/105MEDIA/DSCF0504.JPG,DSCF0504.JPG,4Z/105MEDIA,2,Western_Leopard_Toad,0.2211,1301.7,1605.6,1547.9,1930.3
/srv/shared_leopard_toad/2025/Documents/06.10-13.10.2025/4Z/105MEDIA/DSCF0504.JPG,DSCF0504.JPG,4Z/105MEDIA,2,Western_Leopard_Toad,0.2105,3537.9,1978.1,3820.3,2249.3
/srv/shared_leopard_toad/2025/Documents/06.10-13.10.2025/4Z/105MEDIA/DSCF0637.JPG,DSCF0637.JPG,4Z/105MEDIA,0,Other_Amphibian,0.3104,2566.2,1981.3,2861.2,2252.3
/srv/shared_leopard_toad/2025/Documents/06.10-13.10.2025/4Z/105MEDIA/DSCF0637.JPG,DSCF0637.JPG,4Z/105MEDIA,2,Western_Leopard_Toad,0.2274,3656.0,1657.4,3928.0,1925.3
/srv/shared_leopard_toad/2025/Documents/06.10-13.10.2025/4Z/105MEDIA/DSCF0637.JPG,DSCF0637.JPG,4Z/105MEDIA,0,Other_Amphibian,0.2242,3219.6,1968.0,3348.7,2109.0
/srv/shared_leopard_toad/2025/Documents/06.10-13.10.2025/4Z/105MEDIA/DSCF0637.JPG,DSCF0637.JPG,4Z/105MEDIA,0,Other_Amphibian,0.2214,3226.9,1970.8,3352.0,2113.1
/srv/shared_leopard_toad/2025/Documents/06.10-13.10.2025/4Z/105MEDIA/DSCF0271.JPG,DSCF0271.JPG,4Z/105MEDIA,0,Other_Amphibian,0.2800,3147.4,2304.5,3271.8,2443.5
/srv/shared_leopard_toad/2025/Documents/06.10-13.10.2025/4Z/105MEDIA/DSCF0861.JPG,DSCF0861.JPG,4Z/105MEDIA,2,Western_Leopard_Toad,0.4665,3657.6,1656.0,3928.2,1923.0
/srv/shared_leopard_toad/2025/Documents/06.10-13.10.2025/4Z/105MEDIA/DSCF0861.JPG,DSCF0861.JPG,4Z/105MEDIA,0,Other_Amphibian,0.3079,3221.4,1967.2,3348.5,2108.1
/srv/shared_leopard_toad/2025/Documents/06.10-13.10.2025/4Z/105MEDIA/DSCF0861.JPG,DSCF0861.JPG,4Z/105MEDIA,0,Other_Amphibian,0.2735,3228.4,1970.1,3352.4,2111.7
/srv/shared_leopard_toad/2025/Documents/06.10-13.10.2025/4Z/105MEDIA/DSCF0648.JPG,DSCF0648.JPG,4Z/105MEDIA,2,Western_Leopard_Toad,0.4565,3656.4,1658.4,3931.7,1923.6
/srv/shared_leopard_toad/2025/Documents/06.10-13.10.2025/4Z/105MEDIA/DSCF0648.JPG,DSCF0648.JPG,4Z/105MEDIA,0,Other_Amphibian,0.4417,2565.4,1979.7,2865.0,2251.3
/srv/shared_leopard_toad/2025/Documents/06.10-13.10.2025/4Z/105MEDIA/DSCF0648.JPG,DSCF0648.JPG,4Z/105MEDIA,0,Other_Amphibian,0.2496,3219.5,1967.6,3346.8,2110.3
/srv/shared_leopard_toad/2025/Documents/06.10-13.10.2025/4Z/105MEDIA/DSCF0648.JPG,DSCF0648.JPG,4Z/105MEDIA,0,Other_Amphibian,0.2191,3229.6,1972.3,3352.0,2116.1
/srv/shared_leopard_toad/2025/Documents/06.10-13.10.2025/4Z/105MEDIA/DSCF0659.JPG,DSCF0659.JPG,4Z/105MEDIA,0,Other_Amphibian,0.4367,2566.2,1981.9,2865.6,2250.8
/srv/shared_leopard_toad/2025/Documents/06.10-13.10.2025/4Z/105MEDIA/DSCF0659.JPG,DSCF0659.JPG,4Z/105MEDIA,2,Western_Leopard_Toad,0.3876,3655.7,1656.3,3931.1,1924.5
/srv/shared_leopard_toad/2025/Documents/06.10-13.10.2025/4Z/105MEDIA/DSCF0659.JPG,DSCF0659.JPG,4Z/105MEDIA,0,Other_Amphibian,0.2487,3219.2,1967.9,3346.9,2108.4
/srv/shared_leopard_toad/2025/Documents/06.10-13.10.2025/4Z/105MEDIA/DSCF0659.JPG,DSCF0659.JPG,4Z/105MEDIA,0,Other_Amphibian,0.2261,3228.4,1970.9,3350.0,2112.6
/srv/shared_leopard_toad/2025/Documents/06.10-13.10.2025/4Z/105MEDIA/DSCF0096.JPG,DSCF0096.JPG,4Z/105MEDIA,0,Other_Amphibian,0.2919,2598.4,2695.8,2746.3,2853.9
/srv/shared_leopard_toad/2025/Documents/06.10-13.10.2025/4Z/105MEDIA/DSCF0096.JPG,DSCF0096.JPG,4Z/105MEDIA,0,Other_Amphibian,0.2564,3148.4,2307.9,3274.5,2445.3
/srv/shared_leopard_toad/2025/Documents/06.10-13.10.2025/4Z/105MEDIA/DSCF0295.JPG,DSCF0295.JPG,4Z/105MEDIA,0,Other_Amphibian,0.2792,2596.2,2696.0,2744.6,2854.1
/srv/shared_leopard_toad/2025/Documents/06.10-13.10.2025/4Z/105MEDIA/DSCF0053.JPG,DSCF0053.JPG,4Z/105MEDIA,0,Other_Amphibian,0.2226,3146.5,2303.9,3271.7,2443.8
/srv/shared_leopard_toad/2025/Documents/06.10-13.10.2025/4Z/105MEDIA/DSCF0053.JPG,DSCF0053.JPG,4Z/105MEDIA,0,Other_Amphibian,0.2216,2598.3,2695.7,2745.9,2854.9
/srv/shared_leopard_toad/2025/Documents/06.10-13.10.2025/4Z/105MEDIA/DSCF0740.JPG,DSCF0740.JPG,4Z/105MEDIA,0,Other_Amphibian,0.3022,2568.3,1982.1,2856.9,2250.6
/srv/shared_leopard_toad/2025/Documents/06.10-13.10.2025/4Z/105MEDIA/DSCF0740.JPG,DSCF0740.JPG,4Z/105MEDIA,2,Western_Leopard_Toad,0.2837,3656.2,1656.1,3928.2,1923.8
/srv/shared_leopard_toad/2025/Documents/06.10-13.10.2025/4Z/105MEDIA/DSCF0740.JPG,DSCF0740.JPG,4Z/105MEDIA,0,Other_Amphibian,0.2441,3220.9,1966.9,3346.6,2107.8
/srv/shared_leopard_toad/2025/Documents/06.10-13.10.2025/4Z/105MEDIA/DSCF0740.JPG,DSCF0740.JPG,4Z/105MEDIA,0,Other_Amphibian,0.2211,3226.6,1969.9,3348.7,2111.4
/srv/shared_leopard_toad/2025/Documents/06.10-13.10.2025/4Z/105MEDIA/DSCF0384.JPG,DSCF0384.JPG,4Z/105MEDIA,0,Other_Amphibian,0.2557,3142.7,2303.2,3269.5,2442.8
/srv/shared_leopard_toad/2025/Documents/06.10-13.10.2025/4Z/105MEDIA/DSCF0955.JPG,DSCF0955.JPG,4Z/105MEDIA,0,Other_Amphibian,0.2764,3656.6,1654.4,3929.5,1923.4
/srv/shared_leopard_toad/2025/Documents/06.10-13.10.2025/4Z/105MEDIA/DSCF0149.JPG,DSCF0149.JPG,4Z/105MEDIA,0,Other_Amphibian,0.2882,2598.5,2695.4,2743.6,2854.7
/srv/shared_leopard_toad/2025/Documents/06.10-13.10.2025/4Z/105MEDIA/DSCF0231.JPG,DSCF0231.JPG,4Z/105MEDIA,0,Other_Amphibian,0.2667,3147.0,2306.8,3270.1,2445.2
/srv/shared_leopard_toad/2025/Documents/06.10-13.10.2025/4Z/105MEDIA/DSCF0231.JPG,DSCF0231.JPG,4Z/105MEDIA,0,Other_Amphibian,0.2227,2596.3,2694.8,2745.4,2854.6
/srv/shared_leopard_toad/2025/Documents/06.10-13.10.2025/4Z/105MEDIA/DSCF0930.JPG,DSCF0930.JPG,4Z/105MEDIA,0,Other_Amphibian,0.2560,3222.5,1966.2,3348.6,2106.6
/srv/shared_leopard_toad/2025/Documents/06.10-13.10.2025/4Z/105MEDIA/DSCF0930.JPG,DSCF0930.JPG,4Z/105MEDIA,0,Other_Amphibian,0.2414,3228.7,1970.8,3351.6,2111.9
/srv/shared_leopard_toad/2025/Documents/06.10-13.10.2025/4Z/105MEDIA/DSCF0320.JPG,DSCF0320.JPG,4Z/105MEDIA,0,Other_Amphibian,0.3429,2595.4,2696.6,2745.7,2854.1
/srv/shared_leopard_toad/2025/Documents/06.10-13.10.2025/4Z/105MEDIA/DSCF0320.JPG,DSCF0320.JPG,4Z/105MEDIA,0,Other_Amphibian,0.2237,2596.2,2696.4,2746.2,2853.6
/srv/shared_leopard_toad/2025/Documents/06.10-13.10.2025/4Z/105MEDIA/DSCF0731.JPG,DSCF0731.JPG,4Z/105MEDIA,2,Western_Leopard_Toad,0.4485,3654.6,1656.6,3927.9,1922.6
/srv/shared_leopard_toad/2025/Documents/06.10-13.10.2025/4Z/105MEDIA/DSCF0731.JPG,DSCF0731.JPG,4Z/105MEDIA,0,Other_Amphibian,0.2493,3219.7,1966.3,3345.5,2108.6
/srv/shared_leopard_toad/2025/Documents/06.10-13.10.2025/4Z/105MEDIA/DSCF0731.JPG,DSCF0731.JPG,4Z/105MEDIA,0,Other_Amphibian,0.2318,3227.7,1969.1,3349.6,2112.2
/srv/shared_leopard_toad/2025/Documents/06.10-13.10.2025/4Z/105MEDIA/DSCF0731.JPG,DSCF0731.JPG,4Z/105MEDIA,0,Other_Amphibian,0.2060,2572.6,1979.0,2858.4,2249.9
/srv/shared_leopard_toad/2025/Documents/06.10-13.10.2025/4Z/105MEDIA/DSCF0479.JPG,DSCF0479.JPG,4Z/105MEDIA,0,Other_Amphibian,0.3052,2601.8,2695.6,2748.6,2853.6
/srv/shared_leopard_toad/2025/Documents/06.10-13.10.2025/4Z/105MEDIA/DSCF0479.JPG,DSCF0479.JPG,4Z/105MEDIA,0,Other_Amphibian,0.3046,3143.1,2301.2,3274.7,2439.7
/srv/shared_leopard_toad/2025/Documents/06.10-13.10.2025/4Z/105MEDIA/DSCF0479.JPG,DSCF0479.JPG,4Z/105MEDIA,0,Other_Amphibian,0.2432,3151.1,2305.7,3266.4,2446.4
/srv/shared_leopard_toad/2025/Documents/06.10-13.10.2025/4Z/105MEDIA/DSCF0479.JPG,DSCF0479.JPG,4Z/105MEDIA,0,Other_Amphibian,0.2408,3145.8,2303.6,3273.4,2444.9
/srv/shared_leopard_toad/2025/Documents/06.10-13.10.2025/4Z/105MEDIA/DSCF0898.JPG,DSCF0898.JPG,4Z/105MEDIA,2,Western_Leopard_Toad,0.3625,3656.7,1656.6,3930.1,1923.0
/srv/shared_leopard_toad/2025/Documents/06.10-13.10.2025/4Z/105MEDIA/DSCF0307.JPG,DSCF0307.JPG,4Z/105MEDIA,0,Other_Amphibian,0.2739,2599.3,2696.2,2747.0,2853.5
/srv/shared_leopard_toad/2025/Documents/06.10-13.10.2025/4Z/105MEDIA/DSCF0307.JPG,DSCF0307.JPG,4Z/105MEDIA,0,Other_Amphibian,0.2226,3148.1,2308.6,3271.2,2445.6
/srv/shared_leopard_toad/2025/Documents/06.10-13.10.2025/4Z/105MEDIA/DSCF0268.JPG,DSCF0268.JPG,4Z/105MEDIA,0,Other_Amphibian,0.2184,2605.3,2694.3,2746.1,2854.0
/srv/shared_leopard_toad/2025/Documents/06.10-13.10.2025/4Z/105MEDIA/DSCF0582.JPG,DSCF0582.JPG,4Z/105MEDIA,2,Western_Leopard_Toad,0.2429,3643.9,1673.0,3918.9,1937.4
/srv/shared_leopard_toad/2025/Documents/06.10-13.10.2025/4Z/105MEDIA/DSCF0716.JPG,DSCF0716.JPG,4Z/105MEDIA,2,Western_Leopard_Toad,0.3710,3657.6,1655.7,3928.8,1924.4
/srv/shared_leopard_toad/2025/Documents/06.10-13.10.2025/4Z/105MEDIA/DSCF0716.JPG,DSCF0716.JPG,4Z/105MEDIA,0,Other_Amphibian,0.2140,2571.5,1979.7,2858.7,2249.9
/srv/shared_leopard_toad/2025/Documents/06.10-13.10.2025/4Z/105MEDIA/DSCF0716.JPG,DSCF0716.JPG,4Z/105MEDIA,0,Other_Amphibian,0.2062,3229.7,1973.7,3350.6,2114.3
/srv/shared_leopard_toad/2025/Documents/06.10-13.10.2025/4Z/105MEDIA/DSCF0716.JPG,DSCF0716.JPG,4Z/105MEDIA,0,Other_Amphibian,0.2027,3221.4,1969.0,3347.9,2108.6
/srv/shared_leopard_toad/2025/Documents/06.10-13.10.2025/4Z/105MEDIA/DSCF0963.JPG,DSCF0963.JPG,4Z/105MEDIA,2,Western_Leopard_Toad,0.2598,3655.4,1655.6,3927.1,1923.2
/srv/shared_leopard_toad/2025/Documents/06.10-13.10.2025/4Z/105MEDIA/DSCF0963.JPG,DSCF0963.JPG,4Z/105MEDIA,0,Other_Amphibian,0.2154,3222.6,1968.4,3347.5,2106.8
/srv/shared_leopard_toad/2025/Documents/06.10-13.10.2025/4Z/105MEDIA/DSCF0663.JPG,DSCF0663.JPG,4Z/105MEDIA,0,Other_Amphibian,0.2829,3219.5,1966.6,3347.6,2109.4
/srv/shared_leopard_toad/2025/Documents/06.10-13.10.2025/4Z/105MEDIA/DSCF0663.JPG,DSCF0663.JPG,4Z/105MEDIA,0,Other_Amphibian,0.2753,3227.8,1966.7,3352.1,2111.1
/srv/shared_leopard_toad/2025/Documents/06.10-13.10.2025/4Z/105MEDIA/DSCF0663.JPG,DSCF0663.JPG,4Z/105MEDIA,0,Other_Amphibian,0.2274,2569.1,1975.7,2857.2,2252.8
/srv/shared_leopard_toad/2025/Documents/06.10-13.10.2025/4Z/105MEDIA/DSCF0931.JPG,DSCF0931.JPG,4Z/105MEDIA,2,Western_Leopard_Toad,0.3100,3656.2,1655.5,3929.3,1923.6
/srv/shared_leopard_toad/2025/Documents/06.10-13.10.2025/4Z/105MEDIA/DSCF0106.JPG,DSCF0106.JPG,4Z/105MEDIA,0,Other_Amphibian,0.2572,3149.4,2305.0,3270.7,2445.8
/srv/shared_leopard_toad/2025/Documents/06.10-13.10.2025/4Z/105MEDIA/DSCF0246.JPG,DSCF0246.JPG,4Z/105MEDIA,0,Other_Amphibian,0.2567,2594.2,2695.6,2744.6,2854.6
/srv/shared_leopard_toad/2025/Documents/06.10-13.10.2025/4Z/105MEDIA/DSCF0246.JPG,DSCF0246.JPG,4Z/105MEDIA,0,Other_Amphibian,0.2545,3146.9,2308.9,3270.9,2444.6
/srv/shared_leopard_toad/2025/Documents/06.10-13.10.2025/4Z/105MEDIA/DSCF0978.JPG,DSCF0978.JPG,4Z/105MEDIA,0,Other_Amphibian,0.4676,3471.8,2091.2,3691.3,2329.6
/srv/shared_leopard_toad/2025/Documents/06.10-13.10.2025/4Z/105MEDIA/DSCF0978.JPG,DSCF0978.JPG,4Z/105MEDIA,2,Western_Leopard_Toad,0.2211,3655.2,1655.6,3925.5,1921.4
/srv/shared_leopard_toad/2025/Documents/06.10-13.10.2025/4Z/105MEDIA/DSCF0378.JPG,DSCF0378.JPG,4Z/105MEDIA,0,Other_Amphibian,0.2899,3143.2,2301.3,3268.1,2441.2
/srv/shared_leopard_toad/2025/Documents/06.10-13.10.2025/4Z/105MEDIA/DSCF0378.JPG,DSCF0378.JPG,4Z/105MEDIA,0,Other_Amphibian,0.2148,3139.6,2302.7,3272.7,2441.1
/srv/shared_leopard_toad/2025/Documents/06.10-13.10.2025/4Z/105MEDIA/DSCF0378.JPG,DSCF0378.JPG,4Z/105MEDIA,0,Other_Amphibian,0.2067,3143.2,2305.9,3258.3,2446.2
/srv/shared_leopard_toad/2025/Documents/06.10-13.10.2025/4Z/105MEDIA/DSCF0704.JPG,DSCF0704.JPG,4Z/105MEDIA,2,Western_Leopard_Toad,0.3579,3657.0,1655.7,3928.4,1924.2
/srv/shared_leopard_toad/2025/Documents/06.10-13.10.2025/4Z/105MEDIA/DSCF0704.JPG,DSCF0704.JPG,4Z/105MEDIA,0,Other_Amphibian,0.3240,2567.8,1979.5,2859.6,2250.0
/srv/shared_leopard_toad/2025/Documents/06.10-13.10.2025/4Z/105MEDIA/DSCF0704.JPG,DSCF0704.JPG,4Z/105MEDIA,0,Other_Amphibian,0.2796,3221.3,1967.2,3346.4,2109.4
/srv/shared_leopard_toad/2025/Documents/06.10-13.10.2025/4Z/105MEDIA/DSCF0704.JPG,DSCF0704.JPG,4Z/105MEDIA,0,Other_Amphibian,0.2360,3230.3,1971.2,3350.3,2114.0
/srv/shared_leopard_toad/2025/Documents/06.10-13.10.2025/4Z/105MEDIA/DSCF0148.JPG,DSCF0148.JPG,4Z/105MEDIA,0,Other_Amphibian,0.3230,3145.5,2302.8,3269.3,2441.6
/srv/shared_leopard_toad/2025/Documents/06.10-13.10.2025/4Z/105MEDIA/DSCF0148.JPG,DSCF0148.JPG,4Z/105MEDIA,0,Other_Amphibian,0.2733,2596.4,2693.9,2745.8,2854.4
/srv/shared_leopard_toad/2025/Documents/06.10-13.10.2025/4Z/105MEDIA/DSCF0842.JPG,DSCF0842.JPG,4Z/105MEDIA,0,Other_Amphibian,0.4302,3650.2,1656.3,3931.8,1922.5
/srv/shared_leopard_toad/2025/Documents/06.10-13.10.2025/4Z/105MEDIA/DSCF0178.JPG,DSCF0178.JPG,4Z/105MEDIA,0,Other_Amphibian,0.3135,2594.9,2695.8,2745.5,2854.7
/srv/shared_leopard_toad/2025/Documents/06.10-13.10.2025/4Z/105MEDIA/DSCF0738.JPG,DSCF0738.JPG,4Z/105MEDIA,2,Western_Leopard_Toad,0.4275,3655.8,1656.4,3928.3,1923.1
/srv/shared_leopard_toad/2025/Documents/06.10-13.10.2025/4Z/105MEDIA/DSCF0738.JPG,DSCF0738.JPG,4Z/105MEDIA,0,Other_Amphibian,0.3476,2566.5,1983.3,2862.9,2253.4
/srv/shared_leopard_toad/2025/Documents/06.10-13.10.2025/4Z/105MEDIA/DSCF0738.JPG,DSCF0738.JPG,4Z/105MEDIA,0,Other_Amphibian,0.2408,3223.0,1967.8,3348.1,2108.9
/srv/shared_leopard_toad/2025/Documents/06.10-13.10.2025/4Z/105MEDIA/DSCF0738.JPG,DSCF0738.JPG,4Z/105MEDIA,0,Other_Amphibian,0.2299,3229.8,1972.2,3350.5,2113.3
/srv/shared_leopard_toad/2025/Documents/06.10-13.10.2025/4Z/105MEDIA/DSCF0739.JPG,DSCF0739.JPG,4Z/105MEDIA,2,Western_Leopard_Toad,0.4132,3659.0,1655.1,3929.7,1923.8
/srv/shared_leopard_toad/2025/Documents/06.10-13.10.2025/4Z/105MEDIA/DSCF0739.JPG,DSCF0739.JPG,4Z/105MEDIA,0,Other_Amphibian,0.2924,2574.0,1985.5,2863.7,2253.0
/srv/shared_leopard_toad/2025/Documents/06.10-13.10.2025/4Z/105MEDIA/DSCF0739.JPG,DSCF0739.JPG,4Z/105MEDIA,0,Other_Amphibian,0.2451,3220.9,1967.5,3345.9,2109.0
/srv/shared_leopard_toad/2025/Documents/06.10-13.10.2025/4Z/105MEDIA/DSCF0739.JPG,DSCF0739.JPG,4Z/105MEDIA,0,Other_Amphibian,0.2238,3229.0,1971.1,3348.4,2113.4
/srv/shared_leopard_toad/2025/Documents/06.10-13.10.2025/4Z/105MEDIA/DSCF0875.JPG,DSCF0875.JPG,4Z/105MEDIA,2,Western_Leopard_Toad,0.2486,3654.6,1657.1,3928.6,1923.8
/srv/shared_leopard_toad/2025/Documents/06.10-13.10.2025/4Z/105MEDIA/DSCF0875.JPG,DSCF0875.JPG,4Z/105MEDIA,0,Other_Amphibian,0.2144,3221.8,1967.5,3346.8,2108.2
/srv/shared_leopard_toad/2025/Documents/06.10-13.10.2025/4Z/105MEDIA/DSCF0875.JPG,DSCF0875.JPG,4Z/105MEDIA,0,Other_Amphibian,0.2113,3229.0,1972.5,3350.6,2114.3
/srv/shared_leopard_toad/2025/Documents/06.10-13.10.2025/4Z/105MEDIA/DSCF0576.JPG,DSCF0576.JPG,4Z/105MEDIA,2,Western_Leopard_Toad,0.3599,3639.5,1673.2,3920.0,1939.5
/srv/shared_leopard_toad/2025/Documents/06.10-13.10.2025/4Z/105MEDIA/DSCF0576.JPG,DSCF0576.JPG,4Z/105MEDIA,0,Other_Amphibian,0.3086,4792.1,1323.9,4941.8,1558.5
/srv/shared_leopard_toad/2025/Documents/06.10-13.10.2025/4Z/105MEDIA/DSCF0856.JPG,DSCF0856.JPG,4Z/105MEDIA,0,Other_Amphibian,0.2271,3654.5,1658.5,3926.3,1925.2
/srv/shared_leopard_toad/2025/Documents/06.10-13.10.2025/4Z/105MEDIA/DSCF0856.JPG,DSCF0856.JPG,4Z/105MEDIA,0,Other_Amphibian,0.2099,3229.0,1971.2,3351.2,2112.8
/srv/shared_leopard_toad/2025/Documents/06.10-13.10.2025/4Z/105MEDIA/DSCF0856.JPG,DSCF0856.JPG,4Z/105MEDIA,0,Other_Amphibian,0.2090,3221.9,1967.3,3347.7,2107.7
/srv/shared_leopard_toad/2025/Documents/06.10-13.10.2025/4Z/105MEDIA/DSCF0607.JPG,DSCF0607.JPG,4Z/105MEDIA,2,Western_Leopard_Toad,0.7966,3643.8,1666.6,3926.2,1939.6
/srv/shared_leopard_toad/2025/Documents/06.10-13.10.2025/4Z/105MEDIA/DSCF0607.JPG,DSCF0607.JPG,4Z/105MEDIA,2,Western_Leopard_Toad,0.2033,5183.7,152.2,5378.4,501.2
/srv/shared_leopard_toad/2025/Documents/06.10-13.10.2025/4Z/105MEDIA/DSCF0097.JPG,DSCF0097.JPG,4Z/105MEDIA,0,Other_Amphibian,0.2714,2599.0,2695.6,2743.9,2854.1
/srv/shared_leopard_toad/2025/Documents/06.10-13.10.2025/4Z/105MEDIA/DSCF0097.JPG,DSCF0097.JPG,4Z/105MEDIA,0,Other_Amphibian,0.2676,3148.7,2307.2,3271.7,2444.5
/srv/shared_leopard_toad/2025/Documents/06.10-13.10.2025/4Z/105MEDIA/DSCF0252.JPG,DSCF0252.JPG,4Z/105MEDIA,0,Other_Amphibian,0.2476,3146.8,2305.3,3274.8,2445.8
/srv/shared_leopard_toad/2025/Documents/06.10-13.10.2025/4Z/105MEDIA/DSCF0472.JPG,DSCF0472.JPG,4Z/105MEDIA,0,Other_Amphibian,0.2120,2600.2,2695.3,2748.1,2854.0
/srv/shared_leopard_toad/2025/Documents/06.10-13.10.2025/4Z/105MEDIA/DSCF0788.JPG,DSCF0788.JPG,4Z/105MEDIA,0,Other_Amphibian,0.3199,2565.8,1984.1,2855.6,2252.2
/srv/shared_leopard_toad/2025/Documents/06.10-13.10.2025/4Z/105MEDIA/DSCF0788.JPG,DSCF0788.JPG,4Z/105MEDIA,2,Western_Leopard_Toad,0.2105,3654.9,1657.9,3925.3,1924.7
/srv/shared_leopard_toad/2025/Documents/06.10-13.10.2025/4Z/105MEDIA/DSCF0721.JPG,DSCF0721.JPG,4Z/105MEDIA,0,Other_Amphibian,0.5474,2564.4,1976.4,2862.5,2250.4
/srv/shared_leopard_toad/2025/Documents/06.10-13.10.2025/4Z/105MEDIA/DSCF0721.JPG,DSCF0721.JPG,4Z/105MEDIA,2,Western_Leopard_Toad,0.2756,3654.0,1656.6,3926.2,1923.9
/srv/shared_leopard_toad/2025/Documents/06.10-13.10.2025/4Z/105MEDIA/DSCF0721.JPG,DSCF0721.JPG,4Z/105MEDIA,0,Other_Amphibian,0.2670,3218.1,1966.9,3345.1,2107.7
/srv/shared_leopard_toad/2025/Documents/06.10-13.10.2025/4Z/105MEDIA/DSCF0927.JPG,DSCF0927.JPG,4Z/105MEDIA,2,Western_Leopard_Toad,0.2888,3655.9,1657.4,3927.1,1923.4
/srv/shared_leopard_toad/2025/Documents/06.10-13.10.2025/4Z/105MEDIA/DSCF0448.JPG,DSCF0448.JPG,4Z/105MEDIA,0,Other_Amphibian,0.5739,3369.8,2417.0,3664.3,2853.5
/srv/shared_leopard_toad/2025/Documents/06.10-13.10.2025/4Z/105MEDIA/DSCF0448.JPG,DSCF0448.JPG,4Z/105MEDIA,0,Other_Amphibian,0.2287,3148.9,2308.2,3269.4,2446.0
/srv/shared_leopard_toad/2025/Documents/06.10-13.10.2025/4Z/105MEDIA/DSCF0683.JPG,DSCF0683.JPG,4Z/105MEDIA,0,Other_Amphibian,0.4701,2564.1,1984.3,2858.9,2251.5
/srv/shared_leopard_toad/2025/Documents/06.10-13.10.2025/4Z/105MEDIA/DSCF0683.JPG,DSCF0683.JPG,4Z/105MEDIA,2,Western_Leopard_Toad,0.2728,3653.8,1658.1,3925.4,1923.9
/srv/shared_leopard_toad/2025/Documents/06.10-13.10.2025/4Z/105MEDIA/DSCF0683.JPG,DSCF0683.JPG,4Z/105MEDIA,0,Other_Amphibian,0.2178,3218.4,1966.8,3345.9,2110.2
/srv/shared_leopard_toad/2025/Documents/06.10-13.10.2025/4Z/105MEDIA/DSCF0683.JPG,DSCF0683.JPG,4Z/105MEDIA,0,Other_Amphibian,0.2101,3226.7,1969.4,3349.4,2114.0
/srv/shared_leopard_toad/2025/Documents/06.10-13.10.2025/4Z/105MEDIA/DSCF0449.JPG,DSCF0449.JPG,4Z/105MEDIA,0,Other_Amphibian,0.3427,2597.7,2695.0,2750.9,2855.1
/srv/shared_leopard_toad/2025/Documents/06.10-13.10.2025/4Z/105MEDIA/DSCF0449.JPG,DSCF0449.JPG,4Z/105MEDIA,0,Other_Amphibian,0.3124,3300.3,2666.6,3553.3,2855.9
/srv/shared_leopard_toad/2025/Documents/06.10-13.10.2025/4Z/105MEDIA/DSCF0888.JPG,DSCF0888.JPG,4Z/105MEDIA,0,Other_Amphibian,0.2379,3227.3,1967.9,3351.4,2110.7
/srv/shared_leopard_toad/2025/Documents/06.10-13.10.2025/4Z/105MEDIA/DSCF0888.JPG,DSCF0888.JPG,4Z/105MEDIA,0,Other_Amphibian,0.2219,3221.8,1966.4,3348.9,2107.8
/srv/shared_leopard_toad/2025/Documents/06.10-13.10.2025/4Z/105MEDIA/DSCF0287.JPG,DSCF0287.JPG,4Z/105MEDIA,0,Other_Amphibian,0.3806,2594.6,2696.4,2746.3,2854.7
/srv/shared_leopard_toad/2025/Documents/06.10-13.10.2025/4Z/105MEDIA/DSCF0287.JPG,DSCF0287.JPG,4Z/105MEDIA,0,Other_Amphibian,0.2400,2596.6,2695.8,2747.1,2854.5
/srv/shared_leopard_toad/2025/Documents/06.10-13.10.2025/4Z/105MEDIA/DSCF0908.JPG,DSCF0908.JPG,4Z/105MEDIA,0,Other_Amphibian,0.2563,3223.1,1967.4,3348.1,2107.0
/srv/shared_leopard_toad/2025/Documents/06.10-13.10.2025/4Z/105MEDIA/DSCF0908.JPG,DSCF0908.JPG,4Z/105MEDIA,2,Western_Leopard_Toad,0.2431,3655.2,1657.9,3926.3,1925.1
/srv/shared_leopard_toad/2025/Documents/06.10-13.10.2025/4Z/105MEDIA/DSCF0386.JPG,DSCF0386.JPG,4Z/105MEDIA,0,Other_Amphibian,0.2146,3151.2,2304.4,3269.0,2446.6
/srv/shared_leopard_toad/2025/Documents/06.10-13.10.2025/4Z/105MEDIA/DSCF0072.JPG,DSCF0072.JPG,4Z/105MEDIA,0,Other_Amphibian,0.3610,3145.3,2302.1,3269.0,2441.9
/srv/shared_leopard_toad/2025/Documents/06.10-13.10.2025/4Z/105MEDIA/DSCF0072.JPG,DSCF0072.JPG,4Z/105MEDIA,0,Other_Amphibian,0.2240,2596.0,2694.5,2744.8,2854.5
/srv/shared_leopard_toad/2025/Documents/06.10-13.10.2025/4Z/105MEDIA/DSCF0134.JPG,DSCF0134.JPG,4Z/105MEDIA,0,Other_Amphibian,0.2430,3144.6,2304.4,3268.2,2443.2
/srv/shared_leopard_toad/2025/Documents/06.10-13.10.2025/4Z/105MEDIA/DSCF0023.JPG,DSCF0023.JPG,4Z/105MEDIA,0,Other_Amphibian,0.2426,3147.1,2303.5,3268.7,2444.3
/srv/shared_leopard_toad/2025/Documents/06.10-13.10.2025/4Z/105MEDIA/DSCF0023.JPG,DSCF0023.JPG,4Z/105MEDIA,0,Other_Amphibian,0.2252,2596.2,2695.5,2744.0,2854.6
/srv/shared_leopard_toad/2025/Documents/06.10-13.10.2025/4Z/105MEDIA/DSCF0158.JPG,DSCF0158.JPG,4Z/105MEDIA,0,Other_Amphibian,0.2741,2595.0,2695.8,2746.8,2854.8
/srv/shared_leopard_toad/2025/Documents/06.10-13.10.2025/4Z/105MEDIA/DSCF0474.JPG,DSCF0474.JPG,4Z/105MEDIA,0,Other_Amphibian,0.2621,3151.7,2307.1,3266.7,2447.6
/srv/shared_leopard_toad/2025/Documents/06.10-13.10.2025/4Z/105MEDIA/DSCF0474.JPG,DSCF0474.JPG,4Z/105MEDIA,0,Other_Amphibian,0.2480,3144.9,2305.0,3272.3,2445.5
/srv/shared_leopard_toad/2025/Documents/06.10-13.10.2025/4Z/105MEDIA/DSCF0474.JPG,DSCF0474.JPG,4Z/105MEDIA,0,Other_Amphibian,0.2025,2593.3,2694.4,2749.8,2854.4
/srv/shared_leopard_toad/2025/Documents/06.10-13.10.2025/4Z/105MEDIA/DSCF0567.JPG,DSCF0567.JPG,4Z/105MEDIA,2,Western_Leopard_Toad,0.4809,3640.9,1675.0,3919.8,1936.1
/srv/shared_leopard_toad/2025/Documents/06.10-13.10.2025/4Z/105MEDIA/DSCF0567.JPG,DSCF0567.JPG,4Z/105MEDIA,0,Other_Amphibian,0.3883,4792.3,1324.2,4947.9,1560.6
/srv/shared_leopard_toad/2025/Documents/06.10-13.10.2025/4Z/105MEDIA/DSCF0872.JPG,DSCF0872.JPG,4Z/105MEDIA,2,Western_Leopard_Toad,0.3340,3655.8,1655.5,3927.8,1924.1
/srv/shared_leopard_toad/2025/Documents/06.10-13.10.2025/4Z/105MEDIA/DSCF0872.JPG,DSCF0872.JPG,4Z/105MEDIA,0,Other_Amphibian,0.2741,3219.5,1968.2,3347.7,2107.6
/srv/shared_leopard_toad/2025/Documents/06.10-13.10.2025/4Z/105MEDIA/DSCF0872.JPG,DSCF0872.JPG,4Z/105MEDIA,0,Other_Amphibian,0.2493,3229.6,1973.4,3352.1,2114.1
/srv/shared_leopard_toad/2025/Documents/06.10-13.10.2025/4Z/105MEDIA/DSCF0892.JPG,DSCF0892.JPG,4Z/105MEDIA,2,Western_Leopard_Toad,0.2990,3655.6,1654.1,3930.1,1923.3
/srv/shared_leopard_toad/2025/Documents/06.10-13.10.2025/4Z/105MEDIA/DSCF0892.JPG,DSCF0892.JPG,4Z/105MEDIA,0,Other_Amphibian,0.2005,3224.0,1968.3,3348.1,2108.1
/srv/shared_leopard_toad/2025/Documents/06.10-13.10.2025/4Z/105MEDIA/DSCF0900.JPG,DSCF0900.JPG,4Z/105MEDIA,2,Western_Leopard_Toad,0.4327,3653.8,1657.5,3930.0,1923.3
/srv/shared_leopard_toad/2025/Documents/06.10-13.10.2025/4Z/105MEDIA/DSCF0900.JPG,DSCF0900.JPG,4Z/105MEDIA,0,Other_Amphibian,0.3053,3219.6,1968.0,3349.0,2108.3
/srv/shared_leopard_toad/2025/Documents/06.10-13.10.2025/4Z/105MEDIA/DSCF0900.JPG,DSCF0900.JPG,4Z/105MEDIA,0,Other_Amphibian,0.2684,3228.2,1971.0,3353.0,2112.1
/srv/shared_leopard_toad/2025/Documents/06.10-13.10.2025/4Z/105MEDIA/DSCF0768.JPG,DSCF0768.JPG,4Z/105MEDIA,0,Other_Amphibian,0.3507,2572.1,1978.8,2864.9,2253.8
/srv/shared_leopard_toad/2025/Documents/06.10-13.10.2025/4Z/105MEDIA/DSCF0768.JPG,DSCF0768.JPG,4Z/105MEDIA,0,Other_Amphibian,0.3146,3217.5,1968.2,3349.3,2109.5
/srv/shared_leopard_toad/2025/Documents/06.10-13.10.2025/4Z/105MEDIA/DSCF0768.JPG,DSCF0768.JPG,4Z/105MEDIA,0,Other_Amphibian,0.3003,3227.1,1968.6,3353.3,2111.5
/srv/shared_leopard_toad/2025/Documents/06.10-13.10.2025/4Z/105MEDIA/DSCF0768.JPG,DSCF0768.JPG,4Z/105MEDIA,2,Western_Leopard_Toad,0.2674,3656.0,1656.7,3927.7,1924.9
/srv/shared_leopard_toad/2025/Documents/06.10-13.10.2025/4Z/105MEDIA/DSCF0335.JPG,DSCF0335.JPG,4Z/105MEDIA,0,Other_Amphibian,0.2424,2603.9,2696.2,2746.8,2853.8
/srv/shared_leopard_toad/2025/Documents/06.10-13.10.2025/4Z/105MEDIA/DSCF0877.JPG,DSCF0877.JPG,4Z/105MEDIA,2,Western_Leopard_Toad,0.3694,3657.8,1655.5,3930.2,1923.1
/srv/shared_leopard_toad/2025/Documents/06.10-13.10.2025/4Z/105MEDIA/DSCF0877.JPG,DSCF0877.JPG,4Z/105MEDIA,0,Other_Amphibian,0.2530,3220.0,1967.2,3348.4,2108.3
/srv/shared_leopard_toad/2025/Documents/06.10-13.10.2025/4Z/105MEDIA/DSCF0877.JPG,DSCF0877.JPG,4Z/105MEDIA,0,Other_Amphibian,0.2525,3228.3,1970.6,3352.2,2113.2
/srv/shared_leopard_toad/2025/Documents/06.10-13.10.2025/4Z/105MEDIA/DSCF0890.JPG,DSCF0890.JPG,4Z/105MEDIA,2,Western_Leopard_Toad,0.3716,3656.8,1656.5,3929.7,1923.8
/srv/shared_leopard_toad/2025/Documents/06.10-13.10.2025/4Z/105MEDIA/DSCF0890.JPG,DSCF0890.JPG,4Z/105MEDIA,0,Other_Amphibian,0.2487,3222.6,1967.6,3346.9,2107.8
/srv/shared_leopard_toad/2025/Documents/06.10-13.10.2025/4Z/105MEDIA/DSCF0890.JPG,DSCF0890.JPG,4Z/105MEDIA,0,Other_Amphibian,0.2340,3229.9,1971.2,3351.0,2112.3
/srv/shared_leopard_toad/2025/Documents/06.10-13.10.2025/4Z/105MEDIA/DSCF0655.JPG,DSCF0655.JPG,4Z/105MEDIA,0,Other_Amphibian,0.4124,2566.2,1980.6,2864.2,2251.9
/srv/shared_leopard_toad/2025/Documents/06.10-13.10.2025/4Z/105MEDIA/DSCF0655.JPG,DSCF0655.JPG,4Z/105MEDIA,2,Western_Leopard_Toad,0.3620,3656.7,1655.9,3929.5,1924.3
/srv/shared_leopard_toad/2025/Documents/06.10-13.10.2025/4Z/105MEDIA/DSCF0655.JPG,DSCF0655.JPG,4Z/105MEDIA,0,Other_Amphibian,0.2901,3225.7,1967.5,3351.5,2111.1
/srv/shared_leopard_toad/2025/Documents/06.10-13.10.2025/4Z/105MEDIA/DSCF0655.JPG,DSCF0655.JPG,4Z/105MEDIA,0,Other_Amphibian,0.2746,3217.7,1968.1,3347.8,2110.1
/srv/shared_leopard_toad/2025/Documents/06.10-13.10.2025/4Z/105MEDIA/DSCF0965.JPG,DSCF0965.JPG,4Z/105MEDIA,0,Other_Amphibian,0.2724,3221.8,1967.5,3348.3,2106.9
/srv/shared_leopard_toad/2025/Documents/06.10-13.10.2025/4Z/105MEDIA/DSCF0965.JPG,DSCF0965.JPG,4Z/105MEDIA,0,Other_Amphibian,0.2516,3226.7,1969.4,3349.5,2110.3
/srv/shared_leopard_toad/2025/Documents/06.10-13.10.2025/4Z/105MEDIA/DSCF0965.JPG,DSCF0965.JPG,4Z/105MEDIA,0,Other_Amphibian,0.2484,3654.4,1657.5,3928.1,1923.5
/srv/shared_leopard_toad/2025/Documents/06.10-13.10.2025/4Z/105MEDIA/DSCF0750.JPG,DSCF0750.JPG,4Z/105MEDIA,0,Other_Amphibian,0.3051,3220.7,1968.5,3346.6,2107.7
/srv/shared_leopard_toad/2025/Documents/06.10-13.10.2025/4Z/105MEDIA/DSCF0750.JPG,DSCF0750.JPG,4Z/105MEDIA,0,Other_Amphibian,0.2996,3655.3,1655.4,3927.9,1924.2
/srv/shared_leopard_toad/2025/Documents/06.10-13.10.2025/4Z/105MEDIA/DSCF0750.JPG,DSCF0750.JPG,4Z/105MEDIA,0,Other_Amphibian,0.2956,2569.7,1979.0,2862.4,2252.2
/srv/shared_leopard_toad/2025/Documents/06.10-13.10.2025/4Z/105MEDIA/DSCF0750.JPG,DSCF0750.JPG,4Z/105MEDIA,0,Other_Amphibian,0.2785,3227.0,1968.1,3348.0,2107.6
/srv/shared_leopard_toad/2025/Documents/06.10-13.10.2025/4Z/105MEDIA/DSCF0223.JPG,DSCF0223.JPG,4Z/105MEDIA,0,Other_Amphibian,0.2894,3145.1,2305.7,3271.4,2444.5
/srv/shared_leopard_toad/2025/Documents/06.10-13.10.2025/4Z/105MEDIA/DSCF0223.JPG,DSCF0223.JPG,4Z/105MEDIA,0,Other_Amphibian,0.2402,2596.4,2695.0,2745.7,2854.9
/srv/shared_leopard_toad/2025/Documents/06.10-13.10.2025/4Z/105MEDIA/DSCF0669.JPG,DSCF0669.JPG,4Z/105MEDIA,2,Western_Leopard_Toad,0.4472,3655.1,1656.3,3933.0,1923.2
/srv/shared_leopard_toad/2025/Documents/06.10-13.10.2025/4Z/105MEDIA/DSCF0669.JPG,DSCF0669.JPG,4Z/105MEDIA,0,Other_Amphibian,0.2794,2567.6,1980.4,2865.8,2252.7
/srv/shared_leopard_toad/2025/Documents/06.10-13.10.2025/4Z/105MEDIA/DSCF0669.JPG,DSCF0669.JPG,4Z/105MEDIA,0,Other_Amphibian,0.2490,3225.8,1970.6,3351.4,2114.3
/srv/shared_leopard_toad/2025/Documents/06.10-13.10.2025/4Z/105MEDIA/DSCF0669.JPG,DSCF0669.JPG,4Z/105MEDIA,0,Other_Amphibian,0.2330,3219.8,1969.4,3350.7,2111.4
/srv/shared_leopard_toad/2025/Documents/06.10-13.10.2025/4Z/105MEDIA/DSCF0745.JPG,DSCF0745.JPG,4Z/105MEDIA,0,Other_Amphibian,0.3968,2566.9,1984.8,2861.1,2251.4
/srv/shared_leopard_toad/2025/Documents/06.10-13.10.2025/4Z/105MEDIA/DSCF0745.JPG,DSCF0745.JPG,4Z/105MEDIA,2,Western_Leopard_Toad,0.2826,3653.5,1656.7,3926.9,1924.2
/srv/shared_leopard_toad/2025/Documents/06.10-13.10.2025/4Z/105MEDIA/DSCF0745.JPG,DSCF0745.JPG,4Z/105MEDIA,0,Other_Amphibian,0.2539,3221.7,1967.1,3347.6,2109.5
/srv/shared_leopard_toad/2025/Documents/06.10-13.10.2025/4Z/105MEDIA/DSCF0745.JPG,DSCF0745.JPG,4Z/105MEDIA,0,Other_Amphibian,0.2241,3228.9,1969.5,3351.4,2112.8
/srv/shared_leopard_toad/2025/Documents/06.10-13.10.2025/4Z/105MEDIA/DSCF0127.JPG,DSCF0127.JPG,4Z/105MEDIA,0,Other_Amphibian,0.2949,2597.7,2693.3,2744.8,2854.3
/srv/shared_leopard_toad/2025/Documents/06.10-13.10.2025/4Z/105MEDIA/DSCF0127.JPG,DSCF0127.JPG,4Z/105MEDIA,0,Other_Amphibian,0.2501,3153.8,2306.6,3269.5,2446.8
/srv/shared_leopard_toad/2025/Documents/06.10-13.10.2025/4Z/105MEDIA/DSCF0127.JPG,DSCF0127.JPG,4Z/105MEDIA,0,Other_Amphibian,0.2399,3149.1,2304.6,3269.0,2444.9
/srv/shared_leopard_toad/2025/Documents/06.10-13.10.2025/4Z/105MEDIA/DSCF0601.JPG,DSCF0601.JPG,4Z/105MEDIA,2,Western_Leopard_Toad,0.8420,3647.5,1671.7,3923.8,1935.5
/srv/shared_leopard_toad/2025/Documents/06.10-13.10.2025/4Z/105MEDIA/DSCF0601.JPG,DSCF0601.JPG,4Z/105MEDIA,2,Western_Leopard_Toad,0.4291,5030.8,968.7,5347.3,1324.2
/srv/shared_leopard_toad/2025/Documents/06.10-13.10.2025/4Z/105MEDIA/DSCF0601.JPG,DSCF0601.JPG,4Z/105MEDIA,2,Western_Leopard_Toad,0.2218,5234.7,2400.0,5362.0,2847.7
/srv/shared_leopard_toad/2025/Documents/06.10-13.10.2025/4Z/105MEDIA/DSCF0753.JPG,DSCF0753.JPG,4Z/105MEDIA,0,Other_Amphibian,0.3021,3218.7,1967.5,3345.8,2107.5
/srv/shared_leopard_toad/2025/Documents/06.10-13.10.2025/4Z/105MEDIA/DSCF0753.JPG,DSCF0753.JPG,4Z/105MEDIA,0,Other_Amphibian,0.3002,2569.9,1980.9,2860.7,2251.9
/srv/shared_leopard_toad/2025/Documents/06.10-13.10.2025/4Z/105MEDIA/DSCF0753.JPG,DSCF0753.JPG,4Z/105MEDIA,0,Other_Amphibian,0.2708,3228.1,1968.2,3348.9,2109.4
/srv/shared_leopard_toad/2025/Documents/06.10-13.10.2025/4Z/105MEDIA/DSCF0753.JPG,DSCF0753.JPG,4Z/105MEDIA,0,Other_Amphibian,0.2663,3655.4,1654.5,3925.8,1923.7
/srv/shared_leopard_toad/2025/Documents/06.10-13.10.2025/4Z/105MEDIA/DSCF0095.JPG,DSCF0095.JPG,4Z/105MEDIA,0,Other_Amphibian,0.3556,2599.1,2695.1,2746.4,2853.8
/srv/shared_leopard_toad/2025/Documents/06.10-13.10.2025/4Z/105MEDIA/DSCF0095.JPG,DSCF0095.JPG,4Z/105MEDIA,0,Other_Amphibian,0.2329,3149.0,2304.4,3268.0,2444.4
/srv/shared_leopard_toad/2025/Documents/06.10-13.10.2025/4Z/105MEDIA/DSCF0363.JPG,DSCF0363.JPG,4Z/105MEDIA,0,Other_Amphibian,0.2875,3146.5,2304.7,3273.8,2444.9
/srv/shared_leopard_toad/2025/Documents/06.10-13.10.2025/4Z/105MEDIA/DSCF0363.JPG,DSCF0363.JPG,4Z/105MEDIA,0,Other_Amphibian,0.2149,2592.4,2696.0,2744.0,2854.3
/srv/shared_leopard_toad/2025/Documents/06.10-13.10.2025/4Z/105MEDIA/DSCF0823.JPG,DSCF0823.JPG,4Z/105MEDIA,2,Western_Leopard_Toad,0.2404,3654.4,1657.8,3926.6,1924.0
/srv/shared_leopard_toad/2025/Documents/06.10-13.10.2025/4Z/105MEDIA/DSCF0823.JPG,DSCF0823.JPG,4Z/105MEDIA,0,Other_Amphibian,0.2388,3221.2,1968.1,3347.7,2106.5
/srv/shared_leopard_toad/2025/Documents/06.10-13.10.2025/4Z/105MEDIA/DSCF0823.JPG,DSCF0823.JPG,4Z/105MEDIA,0,Other_Amphibian,0.2194,3230.6,1973.9,3351.4,2113.9
/srv/shared_leopard_toad/2025/Documents/06.10-13.10.2025/4Z/105MEDIA/DSCF0154.JPG,DSCF0154.JPG,4Z/105MEDIA,0,Other_Amphibian,0.2566,2600.2,2696.9,2745.1,2854.2
/srv/shared_leopard_toad/2025/Documents/06.10-13.10.2025/4Z/105MEDIA/DSCF0376.JPG,DSCF0376.JPG,4Z/105MEDIA,0,Other_Amphibian,0.2875,3146.1,2303.5,3267.8,2442.7
/srv/shared_leopard_toad/2025/Documents/06.10-13.10.2025/4Z/105MEDIA/DSCF0376.JPG,DSCF0376.JPG,4Z/105MEDIA,0,Other_Amphibian,0.2734,2591.9,2695.9,2745.4,2854.3
/srv/shared_leopard_toad/2025/Documents/06.10-13.10.2025/4Z/105MEDIA/DSCF0186.JPG,DSCF0186.JPG,4Z/105MEDIA,0,Other_Amphibian,0.2804,3146.5,2305.2,3270.1,2443.1
/srv/shared_leopard_toad/2025/Documents/06.10-13.10.2025/4Z/105MEDIA/DSCF0196.JPG,DSCF0196.JPG,4Z/105MEDIA,0,Other_Amphibian,0.2597,3145.9,2303.7,3275.9,2444.6
/srv/shared_leopard_toad/2025/Documents/06.10-13.10.2025/4Z/105MEDIA/DSCF0577.JPG,DSCF0577.JPG,4Z/105MEDIA,2,Western_Leopard_Toad,0.4657,3641.2,1673.5,3919.8,1940.0
/srv/shared_leopard_toad/2025/Documents/06.10-13.10.2025/4Z/105MEDIA/DSCF0478.JPG,DSCF0478.JPG,4Z/105MEDIA,0,Other_Amphibian,0.6402,3233.1,1448.7,3453.0,1665.9
/srv/shared_leopard_toad/2025/Documents/06.10-13.10.2025/4Z/105MEDIA/DSCF0123.JPG,DSCF0123.JPG,4Z/105MEDIA,0,Other_Amphibian,0.3538,2597.6,2696.8,2744.7,2854.0
/srv/shared_leopard_toad/2025/Documents/06.10-13.10.2025/4Z/105MEDIA/DSCF0666.JPG,DSCF0666.JPG,4Z/105MEDIA,0,Other_Amphibian,0.4466,2565.1,1985.1,2867.3,2253.4
/srv/shared_leopard_toad/2025/Documents/06.10-13.10.2025/4Z/105MEDIA/DSCF0666.JPG,DSCF0666.JPG,4Z/105MEDIA,2,Western_Leopard_Toad,0.2686,3655.2,1657.5,3928.5,1923.9
/srv/shared_leopard_toad/2025/Documents/06.10-13.10.2025/4Z/105MEDIA/DSCF0666.JPG,DSCF0666.JPG,4Z/105MEDIA,0,Other_Amphibian,0.2609,3227.0,1967.8,3350.3,2112.3
/srv/shared_leopard_toad/2025/Documents/06.10-13.10.2025/4Z/105MEDIA/DSCF0666.JPG,DSCF0666.JPG,4Z/105MEDIA,0,Other_Amphibian,0.2526,3219.1,1967.0,3348.1,2109.4
/srv/shared_leopard_toad/2025/Documents/06.10-13.10.2025/4Z/105MEDIA/DSCF0280.JPG,DSCF0280.JPG,4Z/105MEDIA,0,Other_Amphibian,0.2215,3149.8,2308.8,3275.2,2447.9
/srv/shared_leopard_toad/2025/Documents/06.10-13.10.2025/4Z/105MEDIA/DSCF0280.JPG,DSCF0280.JPG,4Z/105MEDIA,0,Other_Amphibian,0.2052,2595.1,2694.4,2744.5,2854.4
/srv/shared_leopard_toad/2025/Documents/06.10-13.10.2025/4Z/105MEDIA/DSCF0629.JPG,DSCF0629.JPG,4Z/105MEDIA,0,Other_Amphibian,0.2629,2571.1,1984.1,2861.1,2251.7
/srv/shared_leopard_toad/2025/Documents/06.10-13.10.2025/4Z/105MEDIA/DSCF0629.JPG,DSCF0629.JPG,4Z/105MEDIA,2,Western_Leopard_Toad,0.2315,3655.7,1658.3,3928.4,1924.1
/srv/shared_leopard_toad/2025/Documents/06.10-13.10.2025/4Z/105MEDIA/DSCF0675.JPG,DSCF0675.JPG,4Z/105MEDIA,2,Western_Leopard_Toad,0.3909,3656.1,1657.6,3929.6,1924.0
/srv/shared_leopard_toad/2025/Documents/06.10-13.10.2025/4Z/105MEDIA/DSCF0675.JPG,DSCF0675.JPG,4Z/105MEDIA,0,Other_Amphibian,0.3219,2571.5,1979.2,2859.0,2249.8
/srv/shared_leopard_toad/2025/Documents/06.10-13.10.2025/4Z/105MEDIA/DSCF0675.JPG,DSCF0675.JPG,4Z/105MEDIA,0,Other_Amphibian,0.2952,3220.1,1967.7,3345.9,2107.2
/srv/shared_leopard_toad/2025/Documents/06.10-13.10.2025/4Z/105MEDIA/DSCF0675.JPG,DSCF0675.JPG,4Z/105MEDIA,0,Other_Amphibian,0.2475,3228.9,1969.6,3350.4,2109.4
/srv/shared_leopard_toad/2025/Documents/06.10-13.10.2025/4Z/105MEDIA/DSCF0049.JPG,DSCF0049.JPG,4Z/105MEDIA,0,Other_Amphibian,0.2467,2599.9,2695.6,2744.5,2854.3
/srv/shared_leopard_toad/2025/Documents/06.10-13.10.2025/4Z/105MEDIA/DSCF0208.JPG,DSCF0208.JPG,4Z/105MEDIA,0,Other_Amphibian,0.3370,3143.2,2301.4,3273.0,2441.5
/srv/shared_leopard_toad/2025/Documents/06.10-13.10.2025/4Z/105MEDIA/DSCF0208.JPG,DSCF0208.JPG,4Z/105MEDIA,0,Other_Amphibian,0.2179,3154.6,2307.9,3271.2,2447.6
/srv/shared_leopard_toad/2025/Documents/06.10-13.10.2025/4Z/105MEDIA/DSCF0635.JPG,DSCF0635.JPG,4Z/105MEDIA,2,Western_Leopard_Toad,0.3329,3655.2,1656.9,3929.1,1923.8
/srv/shared_leopard_toad/2025/Documents/06.10-13.10.2025/4Z/105MEDIA/DSCF0635.JPG,DSCF0635.JPG,4Z/105MEDIA,0,Other_Amphibian,0.2494,2570.0,1977.1,2853.3,2249.9
/srv/shared_leopard_toad/2025/Documents/06.10-13.10.2025/4Z/105MEDIA/DSCF0065.JPG,DSCF0065.JPG,4Z/105MEDIA,0,Other_Amphibian,0.2780,3148.4,2306.1,3269.3,2443.4
/srv/shared_leopard_toad/2025/Documents/06.10-13.10.2025/4Z/105MEDIA/DSCF0065.JPG,DSCF0065.JPG,4Z/105MEDIA,0,Other_Amphibian,0.2137,2596.4,2693.5,2742.6,2853.7
/srv/shared_leopard_toad/2025/Documents/06.10-13.10.2025/4Z/105MEDIA/DSCF0414.JPG,DSCF0414.JPG,4Z/105MEDIA,0,Other_Amphibian,0.3546,3146.6,2301.0,3268.0,2442.4
/srv/shared_leopard_toad/2025/Documents/06.10-13.10.2025/4Z/105MEDIA/DSCF0414.JPG,DSCF0414.JPG,4Z/105MEDIA,0,Other_Amphibian,0.2834,3147.8,2306.3,3262.1,2447.5
/srv/shared_leopard_toad/2025/Documents/06.10-13.10.2025/4Z/105MEDIA/DSCF0414.JPG,DSCF0414.JPG,4Z/105MEDIA,0,Other_Amphibian,0.2398,2593.0,2694.2,2747.8,2854.6
/srv/shared_leopard_toad/2025/Documents/06.10-13.10.2025/4Z/105MEDIA/DSCF0820.JPG,DSCF0820.JPG,4Z/105MEDIA,0,Other_Amphibian,0.3497,3218.4,1967.8,3345.7,2108.4
/srv/shared_leopard_toad/2025/Documents/06.10-13.10.2025/4Z/105MEDIA/DSCF0820.JPG,DSCF0820.JPG,4Z/105MEDIA,0,Other_Amphibian,0.3337,3656.2,1655.4,3928.8,1922.9
/srv/shared_leopard_toad/2025/Documents/06.10-13.10.2025/4Z/105MEDIA/DSCF0820.JPG,DSCF0820.JPG,4Z/105MEDIA,0,Other_Amphibian,0.3012,3227.5,1969.6,3348.7,2111.4
/srv/shared_leopard_toad/2025/Documents/06.10-13.10.2025/4Z/105MEDIA/DSCF0782.JPG,DSCF0782.JPG,4Z/105MEDIA,0,Other_Amphibian,0.4342,2567.4,1983.3,2863.9,2249.7
/srv/shared_leopard_toad/2025/Documents/06.10-13.10.2025/4Z/105MEDIA/DSCF0782.JPG,DSCF0782.JPG,4Z/105MEDIA,0,Other_Amphibian,0.3203,3219.6,1966.5,3346.1,2108.9
/srv/shared_leopard_toad/2025/Documents/06.10-13.10.2025/4Z/105MEDIA/DSCF0782.JPG,DSCF0782.JPG,4Z/105MEDIA,2,Western_Leopard_Toad,0.2871,3653.2,1655.9,3925.9,1923.8
/srv/shared_leopard_toad/2025/Documents/06.10-13.10.2025/4Z/105MEDIA/DSCF0782.JPG,DSCF0782.JPG,4Z/105MEDIA,0,Other_Amphibian,0.2857,3228.3,1965.7,3350.4,2109.1
/srv/shared_leopard_toad/2025/Documents/06.10-13.10.2025/4Z/105MEDIA/DSCF0074.JPG,DSCF0074.JPG,4Z/105MEDIA,0,Other_Amphibian,0.2987,3147.1,2302.1,3270.2,2443.1
/srv/shared_leopard_toad/2025/Documents/06.10-13.10.2025/4Z/105MEDIA/DSCF0074.JPG,DSCF0074.JPG,4Z/105MEDIA,0,Other_Amphibian,0.2435,2601.5,2693.7,2743.7,2854.5
/srv/shared_leopard_toad/2025/Documents/06.10-13.10.2025/4Z/105MEDIA/DSCF0110.JPG,DSCF0110.JPG,4Z/105MEDIA,0,Other_Amphibian,0.3659,3145.6,2304.5,3270.2,2441.3
/srv/shared_leopard_toad/2025/Documents/06.10-13.10.2025/4Z/105MEDIA/DSCF0421.JPG,DSCF0421.JPG,4Z/105MEDIA,0,Other_Amphibian,0.2064,3148.1,2307.2,3273.7,2446.7
/srv/shared_leopard_toad/2025/Documents/06.10-13.10.2025/4Z/105MEDIA/DSCF0511.JPG,DSCF0511.JPG,4Z/105MEDIA,0,Other_Amphibian,0.2294,133.4,1319.1,271.5,1474.4
/srv/shared_leopard_toad/2025/Documents/06.10-13.10.2025/4Z/105MEDIA/DSCF0511.JPG,DSCF0511.JPG,4Z/105MEDIA,0,Other_Amphibian,0.2070,4524.7,1284.1,4630.0,1399.5
/srv/shared_leopard_toad/2025/Documents/06.10-13.10.2025/4Z/105MEDIA/DSCF0503.JPG,DSCF0503.JPG,4Z/105MEDIA,2,Western_Leopard_Toad,0.2665,3532.1,1976.7,3818.1,2246.8
/srv/shared_leopard_toad/2025/Documents/06.10-13.10.2025/4Z/105MEDIA/DSCF0885.JPG,DSCF0885.JPG,4Z/105MEDIA,0,Other_Amphibian,0.2281,3224.9,1968.0,3347.0,2107.2
/srv/shared_leopard_toad/2025/Documents/06.10-13.10.2025/4Z/105MEDIA/DSCF0885.JPG,DSCF0885.JPG,4Z/105MEDIA,0,Other_Amphibian,0.2046,3230.7,1972.3,3350.8,2111.7
/srv/shared_leopard_toad/2025/Documents/06.10-13.10.2025/4Z/105MEDIA/DSCF0622.JPG,DSCF0622.JPG,4Z/105MEDIA,0,Other_Amphibian,0.2779,2568.6,1982.6,2864.5,2251.7
/srv/shared_leopard_toad/2025/Documents/06.10-13.10.2025/4Z/105MEDIA/DSCF0622.JPG,DSCF0622.JPG,4Z/105MEDIA,0,Other_Amphibian,0.2435,3228.9,1970.6,3352.9,2115.5
/srv/shared_leopard_toad/2025/Documents/06.10-13.10.2025/4Z/105MEDIA/DSCF0622.JPG,DSCF0622.JPG,4Z/105MEDIA,0,Other_Amphibian,0.2299,3218.2,1968.5,3347.6,2111.7
/srv/shared_leopard_toad/2025/Documents/06.10-13.10.2025/4Z/105MEDIA/DSCF0418.JPG,DSCF0418.JPG,4Z/105MEDIA,0,Other_Amphibian,0.3007,3145.7,2303.4,3270.3,2442.1
/srv/shared_leopard_toad/2025/Documents/06.10-13.10.2025/4Z/105MEDIA/DSCF0211.JPG,DSCF0211.JPG,4Z/105MEDIA,0,Other_Amphibian,0.4522,2599.9,2696.3,2745.6,2854.0
/srv/shared_leopard_toad/2025/Documents/06.10-13.10.2025/4Z/105MEDIA/DSCF0211.JPG,DSCF0211.JPG,4Z/105MEDIA,0,Other_Amphibian,0.2552,2603.8,2696.0,2746.8,2853.7
/srv/shared_leopard_toad/2025/Documents/06.10-13.10.2025/4Z/105MEDIA/DSCF0621.JPG,DSCF0621.JPG,4Z/105MEDIA,0,Other_Amphibian,0.2557,2566.3,1983.1,2858.5,2255.4
/srv/shared_leopard_toad/2025/Documents/06.10-13.10.2025/4Z/105MEDIA/DSCF0030.JPG,DSCF0030.JPG,4Z/105MEDIA,0,Other_Amphibian,0.2358,2595.5,2695.5,2745.1,2854.6
/srv/shared_leopard_toad/2025/Documents/06.10-13.10.2025/4Z/105MEDIA/DSCF0483.JPG,DSCF0483.JPG,4Z/105MEDIA,0,Other_Amphibian,0.2691,3142.9,2302.5,3275.2,2440.2
/srv/shared_leopard_toad/2025/Documents/06.10-13.10.2025/4Z/105MEDIA/DSCF0483.JPG,DSCF0483.JPG,4Z/105MEDIA,0,Other_Amphibian,0.2118,3152.3,2307.1,3269.2,2446.2
/srv/shared_leopard_toad/2025/Documents/06.10-13.10.2025/4Z/105MEDIA/DSCF0121.JPG,DSCF0121.JPG,4Z/105MEDIA,0,Other_Amphibian,0.2633,3145.1,2305.7,3271.4,2443.4
/srv/shared_leopard_toad/2025/Documents/06.10-13.10.2025/4Z/105MEDIA/DSCF0121.JPG,DSCF0121.JPG,4Z/105MEDIA,0,Other_Amphibian,0.2083,2596.0,2694.7,2744.9,2854.9
/srv/shared_leopard_toad/2025/Documents/06.10-13.10.2025/4Z/105MEDIA/DSCF0937.JPG,DSCF0937.JPG,4Z/105MEDIA,0,Other_Amphibian,0.2742,3221.2,1966.6,3347.7,2106.9
/srv/shared_leopard_toad/2025/Documents/06.10-13.10.2025/4Z/105MEDIA/DSCF0937.JPG,DSCF0937.JPG,4Z/105MEDIA,0,Other_Amphibian,0.2430,3227.7,1969.5,3350.5,2110.8
/srv/shared_leopard_toad/2025/Documents/06.10-13.10.2025/4Z/105MEDIA/DSCF0937.JPG,DSCF0937.JPG,4Z/105MEDIA,2,Western_Leopard_Toad,0.2228,3656.0,1658.7,3925.8,1923.3
/srv/shared_leopard_toad/2025/Documents/06.10-13.10.2025/4Z/105MEDIA/DSCF0686.JPG,DSCF0686.JPG,4Z/105MEDIA,0,Other_Amphibian,0.3445,2567.7,1983.6,2859.8,2252.7
/srv/shared_leopard_toad/2025/Documents/06.10-13.10.2025/4Z/105MEDIA/DSCF0686.JPG,DSCF0686.JPG,4Z/105MEDIA,0,Other_Amphibian,0.3409,3218.5,1968.4,3347.6,2109.5
/srv/shared_leopard_toad/2025/Documents/06.10-13.10.2025/4Z/105MEDIA/DSCF0686.JPG,DSCF0686.JPG,4Z/105MEDIA,0,Other_Amphibian,0.3277,3228.4,1967.0,3351.9,2109.6
/srv/shared_leopard_toad/2025/Documents/06.10-13.10.2025/4Z/105MEDIA/DSCF0686.JPG,DSCF0686.JPG,4Z/105MEDIA,0,Other_Amphibian,0.2463,3655.8,1656.3,3926.9,1925.6
/srv/shared_leopard_toad/2025/Documents/06.10-13.10.2025/4Z/105MEDIA/DSCF0790.JPG,DSCF0790.JPG,4Z/105MEDIA,2,Western_Leopard_Toad,0.3932,3657.9,1657.0,3930.5,1923.7
/srv/shared_leopard_toad/2025/Documents/06.10-13.10.2025/4Z/105MEDIA/DSCF0790.JPG,DSCF0790.JPG,4Z/105MEDIA,0,Other_Amphibian,0.3532,2568.7,1981.2,2862.2,2250.0
/srv/shared_leopard_toad/2025/Documents/06.10-13.10.2025/4Z/105MEDIA/DSCF0790.JPG,DSCF0790.JPG,4Z/105MEDIA,0,Other_Amphibian,0.2402,3227.2,1968.6,3350.8,2112.1
/srv/shared_leopard_toad/2025/Documents/06.10-13.10.2025/4Z/105MEDIA/DSCF0790.JPG,DSCF0790.JPG,4Z/105MEDIA,0,Other_Amphibian,0.2259,3219.2,1968.0,3347.8,2109.8
/srv/shared_leopard_toad/2025/Documents/06.10-13.10.2025/4Z/105MEDIA/DSCF0333.JPG,DSCF0333.JPG,4Z/105MEDIA,0,Other_Amphibian,0.2674,3145.1,2305.8,3268.3,2443.0
/srv/shared_leopard_toad/2025/Documents/06.10-13.10.2025/4Z/105MEDIA/DSCF0333.JPG,DSCF0333.JPG,4Z/105MEDIA,0,Other_Amphibian,0.2389,2597.1,2695.2,2745.0,2854.2
/srv/shared_leopard_toad/2025/Documents/06.10-13.10.2025/4Z/105MEDIA/DSCF0482.JPG,DSCF0482.JPG,4Z/105MEDIA,0,Other_Amphibian,0.2219,2599.5,2695.4,2751.1,2854.1
/srv/shared_leopard_toad/2025/Documents/06.10-13.10.2025/4Z/105MEDIA/DSCF0482.JPG,DSCF0482.JPG,4Z/105MEDIA,0,Other_Amphibian,0.2215,3144.6,2303.7,3274.9,2446.3
/srv/shared_leopard_toad/2025/Documents/06.10-13.10.2025/4Z/105MEDIA/DSCF0482.JPG,DSCF0482.JPG,4Z/105MEDIA,0,Other_Amphibian,0.2152,3153.6,2307.0,3269.8,2448.6
/srv/shared_leopard_toad/2025/Documents/06.10-13.10.2025/4Z/105MEDIA/DSCF0805.JPG,DSCF0805.JPG,4Z/105MEDIA,2,Western_Leopard_Toad,0.3416,3655.4,1657.3,3927.9,1923.2
/srv/shared_leopard_toad/2025/Documents/06.10-13.10.2025/4Z/105MEDIA/DSCF0805.JPG,DSCF0805.JPG,4Z/105MEDIA,0,Other_Amphibian,0.2743,3219.4,1967.0,3344.6,2107.0
/srv/shared_leopard_toad/2025/Documents/06.10-13.10.2025/4Z/105MEDIA/DSCF0805.JPG,DSCF0805.JPG,4Z/105MEDIA,0,Other_Amphibian,0.2251,3227.3,1972.1,3347.6,2111.7
/srv/shared_leopard_toad/2025/Documents/06.10-13.10.2025/4Z/105MEDIA/DSCF0113.JPG,DSCF0113.JPG,4Z/105MEDIA,0,Other_Amphibian,0.3275,3146.9,2301.2,3269.1,2442.0
/srv/shared_leopard_toad/2025/Documents/06.10-13.10.2025/4Z/105MEDIA/DSCF0387.JPG,DSCF0387.JPG,4Z/105MEDIA,0,Other_Amphibian,0.2576,2592.0,2697.1,2745.0,2854.3
/srv/shared_leopard_toad/2025/Documents/06.10-13.10.2025/4Z/105MEDIA/DSCF0387.JPG,DSCF0387.JPG,4Z/105MEDIA,0,Other_Amphibian,0.2438,3147.4,2305.9,3273.3,2447.1
/srv/shared_leopard_toad/2025/Documents/06.10-13.10.2025/4Z/105MEDIA/DSCF0962.JPG,DSCF0962.JPG,4Z/105MEDIA,2,Western_Leopard_Toad,0.2741,3655.8,1656.5,3928.1,1922.6
/srv/shared_leopard_toad/2025/Documents/06.10-13.10.2025/4Z/105MEDIA/DSCF0962.JPG,DSCF0962.JPG,4Z/105MEDIA,0,Other_Amphibian,0.2422,3230.7,1972.7,3353.4,2114.6
/srv/shared_leopard_toad/2025/Documents/06.10-13.10.2025/4Z/105MEDIA/DSCF0962.JPG,DSCF0962.JPG,4Z/105MEDIA,0,Other_Amphibian,0.2385,3222.1,1968.1,3349.4,2108.4
/srv/shared_leopard_toad/2025/Documents/06.10-13.10.2025/4Z/105MEDIA/DSCF0867.JPG,DSCF0867.JPG,4Z/105MEDIA,0,Other_Amphibian,0.2145,3656.6,1655.0,3926.4,1924.7
/srv/shared_leopard_toad/2025/Documents/06.10-13.10.2025/4Z/105MEDIA/DSCF0867.JPG,DSCF0867.JPG,4Z/105MEDIA,0,Other_Amphibian,0.2114,3224.0,1967.3,3349.8,2108.4
/srv/shared_leopard_toad/2025/Documents/06.10-13.10.2025/4Z/105MEDIA/DSCF0867.JPG,DSCF0867.JPG,4Z/105MEDIA,0,Other_Amphibian,0.2028,3229.9,1975.5,3352.1,2118.3
/srv/shared_leopard_toad/2025/Documents/06.10-13.10.2025/4Z/105MEDIA/DSCF0874.JPG,DSCF0874.JPG,4Z/105MEDIA,2,Western_Leopard_Toad,0.3316,3656.0,1655.6,3929.8,1924.6
/srv/shared_leopard_toad/2025/Documents/06.10-13.10.2025/4Z/105MEDIA/DSCF0874.JPG,DSCF0874.JPG,4Z/105MEDIA,0,Other_Amphibian,0.2014,3227.8,1971.1,3352.4,2114.1
/srv/shared_leopard_toad/2025/Documents/06.10-13.10.2025/4Z/105MEDIA/DSCF0786.JPG,DSCF0786.JPG,4Z/105MEDIA,0,Other_Amphibian,0.3630,2567.4,1986.3,2858.0,2248.4
/srv/shared_leopard_toad/2025/Documents/06.10-13.10.2025/4Z/105MEDIA/DSCF0786.JPG,DSCF0786.JPG,4Z/105MEDIA,0,Other_Amphibian,0.3184,3654.3,1656.4,3926.6,1924.2
/srv/shared_leopard_toad/2025/Documents/06.10-13.10.2025/4Z/105MEDIA/DSCF0786.JPG,DSCF0786.JPG,4Z/105MEDIA,0,Other_Amphibian,0.2132,3222.0,1967.2,3347.0,2107.1
/srv/shared_leopard_toad/2025/Documents/06.10-13.10.2025/4Z/105MEDIA/DSCF0091.JPG,DSCF0091.JPG,4Z/105MEDIA,0,Other_Amphibian,0.3443,3143.7,2304.2,3266.8,2442.0
/srv/shared_leopard_toad/2025/Documents/06.10-13.10.2025/4Z/105MEDIA/DSCF0091.JPG,DSCF0091.JPG,4Z/105MEDIA,0,Other_Amphibian,0.2460,3155.9,2310.1,3270.7,2449.1
/srv/shared_leopard_toad/2025/Documents/06.10-13.10.2025/4Z/105MEDIA/DSCF0660.JPG,DSCF0660.JPG,4Z/105MEDIA,2,Western_Leopard_Toad,0.3186,3657.7,1657.1,3929.6,1925.1
/srv/shared_leopard_toad/2025/Documents/06.10-13.10.2025/4Z/105MEDIA/DSCF0660.JPG,DSCF0660.JPG,4Z/105MEDIA,0,Other_Amphibian,0.2271,3229.1,1968.4,3351.7,2111.8
/srv/shared_leopard_toad/2025/Documents/06.10-13.10.2025/4Z/105MEDIA/DSCF0660.JPG,DSCF0660.JPG,4Z/105MEDIA,0,Other_Amphibian,0.2161,3222.3,1967.5,3348.6,2109.6
/srv/shared_leopard_toad/2025/Documents/06.10-13.10.2025/4Z/105MEDIA/DSCF0660.JPG,DSCF0660.JPG,4Z/105MEDIA,0,Other_Amphibian,0.2122,2566.6,1979.7,2854.5,2253.9
/srv/shared_leopard_toad/2025/Documents/06.10-13.10.2025/4Z/105MEDIA/DSCF0554.JPG,DSCF0554.JPG,4Z/105MEDIA,0,Other_Amphibian,0.3331,4796.2,1316.6,4946.5,1561.8
/srv/shared_leopard_toad/2025/Documents/06.10-13.10.2025/4Z/105MEDIA/DSCF0554.JPG,DSCF0554.JPG,4Z/105MEDIA,2,Western_Leopard_Toad,0.2613,3642.2,1675.0,3920.0,1938.3
/srv/shared_leopard_toad/2025/Documents/06.10-13.10.2025/4Z/105MEDIA/DSCF0942.JPG,DSCF0942.JPG,4Z/105MEDIA,2,Western_Leopard_Toad,0.3293,3657.1,1655.8,3927.9,1923.1
/srv/shared_leopard_toad/2025/Documents/06.10-13.10.2025/4Z/105MEDIA/DSCF0942.JPG,DSCF0942.JPG,4Z/105MEDIA,0,Other_Amphibian,0.2478,3223.6,1967.9,3350.1,2106.7
/srv/shared_leopard_toad/2025/Documents/06.10-13.10.2025/4Z/105MEDIA/DSCF0942.JPG,DSCF0942.JPG,4Z/105MEDIA,0,Other_Amphibian,0.2350,3227.8,1970.7,3351.0,2110.4
/srv/shared_leopard_toad/2025/Documents/06.10-13.10.2025/4Z/105MEDIA/DSCF0991.JPG,DSCF0991.JPG,4Z/105MEDIA,2,Western_Leopard_Toad,0.2604,3653.7,1658.9,3926.6,1924.8
/srv/shared_leopard_toad/2025/Documents/06.10-13.10.2025/4Z/105MEDIA/DSCF0991.JPG,DSCF0991.JPG,4Z/105MEDIA,0,Other_Amphibian,0.2081,3224.9,1967.6,3349.8,2107.4
/srv/shared_leopard_toad/2025/Documents/06.10-13.10.2025/4Z/105MEDIA/DSCF0130.JPG,DSCF0130.JPG,4Z/105MEDIA,0,Other_Amphibian,0.3032,3144.8,2303.4,3274.5,2444.6
/srv/shared_leopard_toad/2025/Documents/06.10-13.10.2025/4Z/105MEDIA/DSCF0691.JPG,DSCF0691.JPG,4Z/105MEDIA,0,Other_Amphibian,0.2741,2568.4,1985.8,2866.4,2251.1
/srv/shared_leopard_toad/2025/Documents/06.10-13.10.2025/4Z/105MEDIA/DSCF0691.JPG,DSCF0691.JPG,4Z/105MEDIA,0,Other_Amphibian,0.2016,3229.5,1972.7,3352.0,2117.3
/srv/shared_leopard_toad/2025/Documents/06.10-13.10.2025/4Z/105MEDIA/DSCF0691.JPG,DSCF0691.JPG,4Z/105MEDIA,2,Western_Leopard_Toad,0.2003,3654.2,1657.7,3927.3,1924.9
/srv/shared_leopard_toad/2025/Documents/06.10-13.10.2025/4Z/105MEDIA/DSCF0742.JPG,DSCF0742.JPG,4Z/105MEDIA,0,Other_Amphibian,0.3502,3658.3,1656.4,3928.3,1923.9
/srv/shared_leopard_toad/2025/Documents/06.10-13.10.2025/4Z/105MEDIA/DSCF0742.JPG,DSCF0742.JPG,4Z/105MEDIA,0,Other_Amphibian,0.3314,2568.9,1980.2,2860.4,2252.2
/srv/shared_leopard_toad/2025/Documents/06.10-13.10.2025/4Z/105MEDIA/DSCF0742.JPG,DSCF0742.JPG,4Z/105MEDIA,0,Other_Amphibian,0.2870,3220.5,1968.6,3347.3,2108.3
/srv/shared_leopard_toad/2025/Documents/06.10-13.10.2025/4Z/105MEDIA/DSCF0742.JPG,DSCF0742.JPG,4Z/105MEDIA,0,Other_Amphibian,0.2574,3227.3,1970.5,3349.0,2110.9
/srv/shared_leopard_toad/2025/Documents/06.10-13.10.2025/4Z/105MEDIA/DSCF0966.JPG,DSCF0966.JPG,4Z/105MEDIA,2,Western_Leopard_Toad,0.4855,3655.4,1657.1,3930.0,1925.2
/srv/shared_leopard_toad/2025/Documents/06.10-13.10.2025/4Z/105MEDIA/DSCF0966.JPG,DSCF0966.JPG,4Z/105MEDIA,0,Other_Amphibian,0.2768,3222.3,1967.7,3347.0,2107.4
/srv/shared_leopard_toad/2025/Documents/06.10-13.10.2025/4Z/105MEDIA/DSCF0632.JPG,DSCF0632.JPG,4Z/105MEDIA,0,Other_Amphibian,0.2616,2568.7,1982.1,2862.7,2252.2
/srv/shared_leopard_toad/2025/Documents/06.10-13.10.2025/4Z/105MEDIA/DSCF0031.JPG,DSCF0031.JPG,4Z/105MEDIA,0,Other_Amphibian,0.3408,2599.9,2695.2,2744.7,2854.1
/srv/shared_leopard_toad/2025/Documents/06.10-13.10.2025/4Z/105MEDIA/DSCF0031.JPG,DSCF0031.JPG,4Z/105MEDIA,0,Other_Amphibian,0.2031,2600.5,2694.7,2744.1,2853.6
/srv/shared_leopard_toad/2025/Documents/06.10-13.10.2025/4Z/105MEDIA/DSCF0985.JPG,DSCF0985.JPG,4Z/105MEDIA,2,Western_Leopard_Toad,0.2846,3654.5,1655.5,3927.2,1923.7
/srv/shared_leopard_toad/2025/Documents/06.10-13.10.2025/4Z/105MEDIA/DSCF0985.JPG,DSCF0985.JPG,4Z/105MEDIA,0,Other_Amphibian,0.2626,3220.4,1966.2,3347.7,2107.9
/srv/shared_leopard_toad/2025/Documents/06.10-13.10.2025/4Z/105MEDIA/DSCF0985.JPG,DSCF0985.JPG,4Z/105MEDIA,0,Other_Amphibian,0.2577,3225.4,1966.5,3349.3,2109.3
/srv/shared_leopard_toad/2025/Documents/06.10-13.10.2025/4Z/105MEDIA/DSCF0841.JPG,DSCF0841.JPG,4Z/105MEDIA,2,Western_Leopard_Toad,0.3952,3656.4,1654.5,3929.3,1923.6
/srv/shared_leopard_toad/2025/Documents/06.10-13.10.2025/4Z/105MEDIA/DSCF0841.JPG,DSCF0841.JPG,4Z/105MEDIA,0,Other_Amphibian,0.2475,3221.9,1968.0,3346.9,2106.2
/srv/shared_leopard_toad/2025/Documents/06.10-13.10.2025/4Z/105MEDIA/DSCF0841.JPG,DSCF0841.JPG,4Z/105MEDIA,0,Other_Amphibian,0.2007,3224.1,1973.8,3345.5,2112.0
/srv/shared_leopard_toad/2025/Documents/06.10-13.10.2025/4Z/105MEDIA/DSCF0391.JPG,DSCF0391.JPG,4Z/105MEDIA,0,Other_Amphibian,0.2781,2593.4,2696.1,2746.5,2854.3
/srv/shared_leopard_toad/2025/Documents/06.10-13.10.2025/4Z/105MEDIA/DSCF0516.JPG,DSCF0516.JPG,4Z/105MEDIA,0,Other_Amphibian,0.2025,4530.1,1284.3,4629.8,1394.7
/srv/shared_leopard_toad/2025/Documents/06.10-13.10.2025/4Z/105MEDIA/DSCF0191.JPG,DSCF0191.JPG,4Z/105MEDIA,0,Other_Amphibian,0.2741,2599.6,2696.8,2743.8,2854.0
/srv/shared_leopard_toad/2025/Documents/06.10-13.10.2025/4Z/105MEDIA/DSCF0500.JPG,DSCF0500.JPG,4Z/105MEDIA,2,Western_Leopard_Toad,0.2564,4640.7,1745.5,5363.7,2854.2
/srv/shared_leopard_toad/2025/Documents/06.10-13.10.2025/4Z/105MEDIA/DSCF0500.JPG,DSCF0500.JPG,4Z/105MEDIA,2,Western_Leopard_Toad,0.2558,3534.8,1979.7,3816.7,2247.7
/srv/shared_leopard_toad/2025/Documents/06.10-13.10.2025/4Z/105MEDIA/DSCF0058.JPG,DSCF0058.JPG,4Z/105MEDIA,0,Other_Amphibian,0.2913,3146.7,2306.2,3270.9,2444.0
/srv/shared_leopard_toad/2025/Documents/06.10-13.10.2025/4Z/105MEDIA/DSCF0706.JPG,DSCF0706.JPG,4Z/105MEDIA,0,Other_Amphibian,0.4031,2565.8,1985.0,2860.7,2251.2
/srv/shared_leopard_toad/2025/Documents/06.10-13.10.2025/4Z/105MEDIA/DSCF0706.JPG,DSCF0706.JPG,4Z/105MEDIA,0,Other_Amphibian,0.2889,3222.1,1968.7,3346.6,2108.4
/srv/shared_leopard_toad/2025/Documents/06.10-13.10.2025/4Z/105MEDIA/DSCF0706.JPG,DSCF0706.JPG,4Z/105MEDIA,0,Other_Amphibian,0.2537,3230.2,1969.4,3349.7,2110.1
/srv/shared_leopard_toad/2025/Documents/06.10-13.10.2025/4Z/105MEDIA/DSCF0706.JPG,DSCF0706.JPG,4Z/105MEDIA,2,Western_Leopard_Toad,0.2227,3655.6,1655.5,3926.6,1924.0
/srv/shared_leopard_toad/2025/Documents/06.10-13.10.2025/4Z/105MEDIA/DSCF0798.JPG,DSCF0798.JPG,4Z/105MEDIA,2,Western_Leopard_Toad,0.3205,3655.4,1657.3,3927.6,1924.7
/srv/shared_leopard_toad/2025/Documents/06.10-13.10.2025/4Z/105MEDIA/DSCF0798.JPG,DSCF0798.JPG,4Z/105MEDIA,0,Other_Amphibian,0.2285,3229.2,1971.7,3351.1,2114.3
/srv/shared_leopard_toad/2025/Documents/06.10-13.10.2025/4Z/105MEDIA/DSCF0798.JPG,DSCF0798.JPG,4Z/105MEDIA,0,Other_Amphibian,0.2242,3222.4,1966.4,3347.6,2108.0
/srv/shared_leopard_toad/2025/Documents/06.10-13.10.2025/4Z/105MEDIA/DSCF0757.JPG,DSCF0757.JPG,4Z/105MEDIA,0,Other_Amphibian,0.3179,2569.1,1976.5,2853.7,2252.1
/srv/shared_leopard_toad/2025/Documents/06.10-13.10.2025/4Z/105MEDIA/DSCF0757.JPG,DSCF0757.JPG,4Z/105MEDIA,2,Western_Leopard_Toad,0.2984,3655.4,1657.4,3927.1,1923.6
/srv/shared_leopard_toad/2025/Documents/06.10-13.10.2025/4Z/105MEDIA/DSCF0757.JPG,DSCF0757.JPG,4Z/105MEDIA,0,Other_Amphibian,0.2977,3226.5,1966.5,3351.4,2110.2
/srv/shared_leopard_toad/2025/Documents/06.10-13.10.2025/4Z/105MEDIA/DSCF0757.JPG,DSCF0757.JPG,4Z/105MEDIA,0,Other_Amphibian,0.2956,3219.5,1966.8,3347.7,2108.6
/srv/shared_leopard_toad/2025/Documents/06.10-13.10.2025/4Z/105MEDIA/DSCF0144.JPG,DSCF0144.JPG,4Z/105MEDIA,0,Other_Amphibian,0.2212,2594.0,2694.1,2743.7,2854.8
/srv/shared_leopard_toad/2025/Documents/06.10-13.10.2025/4Z/105MEDIA/DSCF0904.JPG,DSCF0904.JPG,4Z/105MEDIA,2,Western_Leopard_Toad,0.2813,3655.2,1655.6,3930.1,1922.9
/srv/shared_leopard_toad/2025/Documents/06.10-13.10.2025/4Z/105MEDIA/DSCF0238.JPG,DSCF0238.JPG,4Z/105MEDIA,0,Other_Amphibian,0.4087,2596.4,2697.0,2745.3,2854.6
/srv/shared_leopard_toad/2025/Documents/06.10-13.10.2025/4Z/105MEDIA/DSCF0238.JPG,DSCF0238.JPG,4Z/105MEDIA,0,Other_Amphibian,0.2414,2600.1,2696.6,2750.2,2854.2
/srv/shared_leopard_toad/2025/Documents/06.10-13.10.2025/4Z/105MEDIA/DSCF0238.JPG,DSCF0238.JPG,4Z/105MEDIA,0,Other_Amphibian,0.2389,3146.3,2308.4,3269.8,2445.4
/srv/shared_leopard_toad/2025/Documents/06.10-13.10.2025/4Z/105MEDIA/DSCF0086.JPG,DSCF0086.JPG,4Z/105MEDIA,0,Other_Amphibian,0.3160,2597.8,2695.5,2745.0,2854.5
/srv/shared_leopard_toad/2025/Documents/06.10-13.10.2025/4Z/105MEDIA/DSCF0086.JPG,DSCF0086.JPG,4Z/105MEDIA,0,Other_Amphibian,0.2501,3146.9,2305.7,3273.8,2445.8
/srv/shared_leopard_toad/2025/Documents/06.10-13.10.2025/4Z/105MEDIA/DSCF0735.JPG,DSCF0735.JPG,4Z/105MEDIA,0,Other_Amphibian,0.3081,3219.0,1967.5,3346.4,2107.8
/srv/shared_leopard_toad/2025/Documents/06.10-13.10.2025/4Z/105MEDIA/DSCF0735.JPG,DSCF0735.JPG,4Z/105MEDIA,0,Other_Amphibian,0.3044,3225.0,1966.6,3347.1,2107.8
/srv/shared_leopard_toad/2025/Documents/06.10-13.10.2025/4Z/105MEDIA/DSCF0735.JPG,DSCF0735.JPG,4Z/105MEDIA,2,Western_Leopard_Toad,0.2905,3655.2,1658.3,3927.5,1923.8
/srv/shared_leopard_toad/2025/Documents/06.10-13.10.2025/4Z/105MEDIA/DSCF0735.JPG,DSCF0735.JPG,4Z/105MEDIA,0,Other_Amphibian,0.2805,2569.6,1981.7,2860.7,2253.2
/srv/shared_leopard_toad/2025/Documents/06.10-13.10.2025/4Z/105MEDIA/DSCF0613.JPG,DSCF0613.JPG,4Z/105MEDIA,2,Western_Leopard_Toad,0.6591,3642.6,1669.1,3920.0,1937.5
/srv/shared_leopard_toad/2025/Documents/06.10-13.10.2025/4Z/105MEDIA/DSCF0613.JPG,DSCF0613.JPG,4Z/105MEDIA,2,Western_Leopard_Toad,0.2328,5238.3,2399.2,5362.2,2846.8
/srv/shared_leopard_toad/2025/Documents/06.10-13.10.2025/4Z/105MEDIA/DSCF0551.JPG,DSCF0551.JPG,4Z/105MEDIA,0,Other_Amphibian,0.3166,4793.8,1319.7,4943.6,1559.7
/srv/shared_leopard_toad/2025/Documents/06.10-13.10.2025/4Z/105MEDIA/DSCF0551.JPG,DSCF0551.JPG,4Z/105MEDIA,2,Western_Leopard_Toad,0.2631,3644.3,1674.4,3919.1,1940.4
/srv/shared_leopard_toad/2025/Documents/06.10-13.10.2025/4Z/105MEDIA/DSCF0748.JPG,DSCF0748.JPG,4Z/105MEDIA,2,Western_Leopard_Toad,0.2879,3655.7,1656.4,3928.7,1924.5
/srv/shared_leopard_toad/2025/Documents/06.10-13.10.2025/4Z/105MEDIA/DSCF0748.JPG,DSCF0748.JPG,4Z/105MEDIA,0,Other_Amphibian,0.2873,2568.5,1978.2,2851.6,2255.6
/srv/shared_leopard_toad/2025/Documents/06.10-13.10.2025/4Z/105MEDIA/DSCF0748.JPG,DSCF0748.JPG,4Z/105MEDIA,0,Other_Amphibian,0.2641,3220.5,1966.9,3348.3,2108.1
/srv/shared_leopard_toad/2025/Documents/06.10-13.10.2025/4Z/105MEDIA/DSCF0748.JPG,DSCF0748.JPG,4Z/105MEDIA,0,Other_Amphibian,0.2491,3227.0,1969.4,3350.2,2111.5
/srv/shared_leopard_toad/2025/Documents/06.10-13.10.2025/4Z/105MEDIA/DSCF0114.JPG,DSCF0114.JPG,4Z/105MEDIA,0,Other_Amphibian,0.3017,3146.2,2303.9,3270.1,2442.6
/srv/shared_leopard_toad/2025/Documents/06.10-13.10.2025/4Z/105MEDIA/DSCF0114.JPG,DSCF0114.JPG,4Z/105MEDIA,0,Other_Amphibian,0.2001,2600.6,2694.0,2741.9,2853.6
/srv/shared_leopard_toad/2025/Documents/06.10-13.10.2025/4Z/105MEDIA/DSCF0182.JPG,DSCF0182.JPG,4Z/105MEDIA,0,Other_Amphibian,0.2222,3149.5,2311.7,3275.2,2448.0
/srv/shared_leopard_toad/2025/Documents/06.10-13.10.2025/4Z/105MEDIA/DSCF0299.JPG,DSCF0299.JPG,4Z/105MEDIA,0,Other_Amphibian,0.3205,2595.0,2696.3,2746.5,2855.0
/srv/shared_leopard_toad/2025/Documents/06.10-13.10.2025/4Z/105MEDIA/DSCF0299.JPG,DSCF0299.JPG,4Z/105MEDIA,0,Other_Amphibian,0.2711,3145.1,2304.8,3269.4,2443.3
/srv/shared_leopard_toad/2025/Documents/06.10-13.10.2025/4Z/105MEDIA/DSCF0299.JPG,DSCF0299.JPG,4Z/105MEDIA,0,Other_Amphibian,0.2416,2595.1,2695.7,2745.6,2854.7
/srv/shared_leopard_toad/2025/Documents/06.10-13.10.2025/4Z/105MEDIA/DSCF0816.JPG,DSCF0816.JPG,4Z/105MEDIA,2,Western_Leopard_Toad,0.2981,3658.2,1655.1,3926.5,1923.7
/srv/shared_leopard_toad/2025/Documents/06.10-13.10.2025/4Z/105MEDIA/DSCF0816.JPG,DSCF0816.JPG,4Z/105MEDIA,0,Other_Amphibian,0.2862,3221.4,1967.0,3346.7,2105.8
/srv/shared_leopard_toad/2025/Documents/06.10-13.10.2025/4Z/105MEDIA/DSCF0816.JPG,DSCF0816.JPG,4Z/105MEDIA,0,Other_Amphibian,0.2375,3229.1,1972.1,3348.5,2111.9
/srv/shared_leopard_toad/2025/Documents/06.10-13.10.2025/4Z/105MEDIA/DSCF0345.JPG,DSCF0345.JPG,4Z/105MEDIA,0,Other_Amphibian,0.2873,2594.5,2697.1,2744.3,2854.0
/srv/shared_leopard_toad/2025/Documents/06.10-13.10.2025/4Z/105MEDIA/DSCF0293.JPG,DSCF0293.JPG,4Z/105MEDIA,0,Other_Amphibian,0.3158,2597.9,2696.2,2744.5,2853.9
/srv/shared_leopard_toad/2025/Documents/06.10-13.10.2025/4Z/105MEDIA/DSCF0293.JPG,DSCF0293.JPG,4Z/105MEDIA,0,Other_Amphibian,0.2667,3147.8,2304.7,3269.4,2444.7
/srv/shared_leopard_toad/2025/Documents/06.10-13.10.2025/4Z/105MEDIA/DSCF0293.JPG,DSCF0293.JPG,4Z/105MEDIA,0,Other_Amphibian,0.2050,2593.6,2696.1,2740.0,2852.9
/srv/shared_leopard_toad/2025/Documents/06.10-13.10.2025/4Z/105MEDIA/DSCF0293.JPG,DSCF0293.JPG,4Z/105MEDIA,0,Other_Amphibian,0.2017,3153.7,2307.2,3266.9,2447.8
/srv/shared_leopard_toad/2025/Documents/06.10-13.10.2025/4Z/105MEDIA/DSCF0020.JPG,DSCF0020.JPG,4Z/105MEDIA,0,Other_Amphibian,0.2675,3149.4,2308.0,3272.0,2445.1
/srv/shared_leopard_toad/2025/Documents/06.10-13.10.2025/4Z/105MEDIA/DSCF0020.JPG,DSCF0020.JPG,4Z/105MEDIA,0,Other_Amphibian,0.2417,2595.9,2696.8,2744.3,2853.9
/srv/shared_leopard_toad/2025/Documents/06.10-13.10.2025/4Z/105MEDIA/DSCF0195.JPG,DSCF0195.JPG,4Z/105MEDIA,0,Other_Amphibian,0.5059,2600.1,2694.3,2754.8,2854.3
/srv/shared_leopard_toad/2025/Documents/06.10-13.10.2025/4Z/105MEDIA/DSCF0195.JPG,DSCF0195.JPG,4Z/105MEDIA,0,Other_Amphibian,0.3999,2602.2,2694.0,2761.0,2853.2
/srv/shared_leopard_toad/2025/Documents/06.10-13.10.2025/4Z/105MEDIA/DSCF0018.JPG,DSCF0018.JPG,4Z/105MEDIA,0,Other_Amphibian,0.2803,2598.3,2696.5,2745.2,2853.5
/srv/shared_leopard_toad/2025/Documents/06.10-13.10.2025/4Z/105MEDIA/DSCF0794.JPG,DSCF0794.JPG,4Z/105MEDIA,0,Other_Amphibian,0.2350,3653.7,1658.4,3924.8,1925.2
/srv/shared_leopard_toad/2025/Documents/06.10-13.10.2025/4Z/105MEDIA/DSCF0794.JPG,DSCF0794.JPG,4Z/105MEDIA,0,Other_Amphibian,0.2153,3227.6,1971.6,3350.7,2112.3
/srv/shared_leopard_toad/2025/Documents/06.10-13.10.2025/4Z/105MEDIA/DSCF0794.JPG,DSCF0794.JPG,4Z/105MEDIA,0,Other_Amphibian,0.2134,3221.6,1967.6,3348.0,2107.6
/srv/shared_leopard_toad/2025/Documents/06.10-13.10.2025/4Z/105MEDIA/DSCF0527.JPG,DSCF0527.JPG,4Z/105MEDIA,0,Other_Amphibian,0.3554,137.9,1328.3,278.5,1472.2
/srv/shared_leopard_toad/2025/Documents/06.10-13.10.2025/4Z/105MEDIA/DSCF0527.JPG,DSCF0527.JPG,4Z/105MEDIA,0,Other_Amphibian,0.2825,138.6,1340.1,280.0,1482.6
/srv/shared_leopard_toad/2025/Documents/06.10-13.10.2025/4Z/105MEDIA/DSCF0338.JPG,DSCF0338.JPG,4Z/105MEDIA,0,Other_Amphibian,0.4507,2596.7,2696.0,2746.0,2854.8
/srv/shared_leopard_toad/2025/Documents/06.10-13.10.2025/4Z/105MEDIA/DSCF0338.JPG,DSCF0338.JPG,4Z/105MEDIA,0,Other_Amphibian,0.3152,2599.8,2695.5,2750.2,2854.4
/srv/shared_leopard_toad/2025/Documents/06.10-13.10.2025/4Z/105MEDIA/DSCF0940.JPG,DSCF0940.JPG,4Z/105MEDIA,2,Western_Leopard_Toad,0.3305,3654.2,1658.1,3925.1,1923.9
/srv/shared_leopard_toad/2025/Documents/06.10-13.10.2025/4Z/105MEDIA/DSCF0360.JPG,DSCF0360.JPG,4Z/105MEDIA,0,Other_Amphibian,0.2773,2598.2,2694.0,2744.1,2854.0
/srv/shared_leopard_toad/2025/Documents/06.10-13.10.2025/4Z/105MEDIA/DSCF0206.JPG,DSCF0206.JPG,4Z/105MEDIA,0,Other_Amphibian,0.2262,3144.4,2304.3,3271.7,2443.8
/srv/shared_leopard_toad/2025/Documents/06.10-13.10.2025/4Z/105MEDIA/DSCF0902.JPG,DSCF0902.JPG,4Z/105MEDIA,2,Western_Leopard_Toad,0.3869,3655.5,1655.2,3927.3,1923.3
/srv/shared_leopard_toad/2025/Documents/06.10-13.10.2025/4Z/105MEDIA/DSCF0902.JPG,DSCF0902.JPG,4Z/105MEDIA,0,Other_Amphibian,0.3008,3220.7,1967.4,3346.1,2106.8
/srv/shared_leopard_toad/2025/Documents/06.10-13.10.2025/4Z/105MEDIA/DSCF0902.JPG,DSCF0902.JPG,4Z/105MEDIA,0,Other_Amphibian,0.2357,3228.5,1970.6,3349.9,2110.1
/srv/shared_leopard_toad/2025/Documents/06.10-13.10.2025/4Z/105MEDIA/DSCF0778.JPG,DSCF0778.JPG,4Z/105MEDIA,0,Other_Amphibian,0.3066,2573.4,1978.2,2863.4,2249.9
/srv/shared_leopard_toad/2025/Documents/06.10-13.10.2025/4Z/105MEDIA/DSCF0778.JPG,DSCF0778.JPG,4Z/105MEDIA,2,Western_Leopard_Toad,0.3034,3658.3,1656.6,3928.5,1923.0
/srv/shared_leopard_toad/2025/Documents/06.10-13.10.2025/4Z/105MEDIA/DSCF0778.JPG,DSCF0778.JPG,4Z/105MEDIA,0,Other_Amphibian,0.2647,3220.8,1967.7,3347.1,2107.6
/srv/shared_leopard_toad/2025/Documents/06.10-13.10.2025/4Z/105MEDIA/DSCF0778.JPG,DSCF0778.JPG,4Z/105MEDIA,0,Other_Amphibian,0.2569,3229.3,1971.7,3350.9,2112.7
/srv/shared_leopard_toad/2025/Documents/06.10-13.10.2025/4Z/105MEDIA/DSCF0883.JPG,DSCF0883.JPG,4Z/105MEDIA,2,Western_Leopard_Toad,0.3675,3658.2,1656.4,3929.2,1923.2
/srv/shared_leopard_toad/2025/Documents/06.10-13.10.2025/4Z/105MEDIA/DSCF0883.JPG,DSCF0883.JPG,4Z/105MEDIA,0,Other_Amphibian,0.3179,3220.2,1967.3,3345.1,2105.5
/srv/shared_leopard_toad/2025/Documents/06.10-13.10.2025/4Z/105MEDIA/DSCF0883.JPG,DSCF0883.JPG,4Z/105MEDIA,0,Other_Amphibian,0.2480,3228.5,1971.8,3348.5,2110.2
/srv/shared_leopard_toad/2025/Documents/06.10-13.10.2025/4Z/105MEDIA/DSCF0059.JPG,DSCF0059.JPG,4Z/105MEDIA,0,Other_Amphibian,0.2669,3148.1,2307.4,3271.9,2445.8
/srv/shared_leopard_toad/2025/Documents/06.10-13.10.2025/4Z/105MEDIA/DSCF0180.JPG,DSCF0180.JPG,4Z/105MEDIA,0,Other_Amphibian,0.2402,3147.6,2309.5,3269.7,2444.7
/srv/shared_leopard_toad/2025/Documents/06.10-13.10.2025/4Z/105MEDIA/DSCF0791.JPG,DSCF0791.JPG,4Z/105MEDIA,0,Other_Amphibian,0.5414,2481.0,1945.0,2651.0,2099.2
/srv/shared_leopard_toad/2025/Documents/06.10-13.10.2025/4Z/105MEDIA/DSCF0791.JPG,DSCF0791.JPG,4Z/105MEDIA,0,Other_Amphibian,0.2738,3227.8,1968.7,3351.6,2110.6
/srv/shared_leopard_toad/2025/Documents/06.10-13.10.2025/4Z/105MEDIA/DSCF0791.JPG,DSCF0791.JPG,4Z/105MEDIA,0,Other_Amphibian,0.2646,3220.5,1968.3,3348.9,2108.0
/srv/shared_leopard_toad/2025/Documents/06.10-13.10.2025/4Z/105MEDIA/DSCF0558.JPG,DSCF0558.JPG,4Z/105MEDIA,2,Western_Leopard_Toad,0.2077,3643.7,1673.5,3921.3,1939.5
/srv/shared_leopard_toad/2025/Documents/06.10-13.10.2025/4Z/105MEDIA/DSCF0826.JPG,DSCF0826.JPG,4Z/105MEDIA,2,Western_Leopard_Toad,0.3716,3655.9,1656.0,3929.8,1924.0
/srv/shared_leopard_toad/2025/Documents/06.10-13.10.2025/4Z/105MEDIA/DSCF0826.JPG,DSCF0826.JPG,4Z/105MEDIA,0,Other_Amphibian,0.2357,3220.2,1967.1,3347.1,2108.1
/srv/shared_leopard_toad/2025/Documents/06.10-13.10.2025/4Z/105MEDIA/DSCF0826.JPG,DSCF0826.JPG,4Z/105MEDIA,0,Other_Amphibian,0.2219,3226.8,1970.7,3351.0,2112.6
/srv/shared_leopard_toad/2025/Documents/06.10-13.10.2025/4Z/105MEDIA/DSCF0088.JPG,DSCF0088.JPG,4Z/105MEDIA,0,Other_Amphibian,0.2698,3148.7,2302.5,3273.7,2444.4
/srv/shared_leopard_toad/2025/Documents/06.10-13.10.2025/4Z/105MEDIA/DSCF0775.JPG,DSCF0775.JPG,4Z/105MEDIA,2,Western_Leopard_Toad,0.3270,3656.8,1656.3,3927.5,1923.6
/srv/shared_leopard_toad/2025/Documents/06.10-13.10.2025/4Z/105MEDIA/DSCF0775.JPG,DSCF0775.JPG,4Z/105MEDIA,0,Other_Amphibian,0.3003,3219.0,1967.5,3347.0,2107.0
/srv/shared_leopard_toad/2025/Documents/06.10-13.10.2025/4Z/105MEDIA/DSCF0775.JPG,DSCF0775.JPG,4Z/105MEDIA,0,Other_Amphibian,0.2718,3225.8,1968.2,3349.2,2109.1
/srv/shared_leopard_toad/2025/Documents/06.10-13.10.2025/4Z/105MEDIA/DSCF0775.JPG,DSCF0775.JPG,4Z/105MEDIA,0,Other_Amphibian,0.2347,2572.3,1980.3,2863.7,2253.6
/srv/shared_leopard_toad/2025/Documents/06.10-13.10.2025/4Z/105MEDIA/DSCF0811.JPG,DSCF0811.JPG,4Z/105MEDIA,0,Other_Amphibian,0.5016,3655.5,1655.3,3931.6,1924.3
/srv/shared_leopard_toad/2025/Documents/06.10-13.10.2025/4Z/105MEDIA/DSCF0811.JPG,DSCF0811.JPG,4Z/105MEDIA,0,Other_Amphibian,0.2434,3221.4,1968.0,3348.5,2109.9
/srv/shared_leopard_toad/2025/Documents/06.10-13.10.2025/4Z/105MEDIA/DSCF0811.JPG,DSCF0811.JPG,4Z/105MEDIA,0,Other_Amphibian,0.2321,3228.9,1972.7,3352.4,2115.9
/srv/shared_leopard_toad/2025/Documents/06.10-13.10.2025/4Z/105MEDIA/DSCF0689.JPG,DSCF0689.JPG,4Z/105MEDIA,2,Western_Leopard_Toad,0.3315,3657.4,1655.3,3930.5,1924.1
/srv/shared_leopard_toad/2025/Documents/06.10-13.10.2025/4Z/105MEDIA/DSCF0689.JPG,DSCF0689.JPG,4Z/105MEDIA,0,Other_Amphibian,0.3140,2570.5,1986.8,2866.5,2253.3
/srv/shared_leopard_toad/2025/Documents/06.10-13.10.2025/4Z/105MEDIA/DSCF0278.JPG,DSCF0278.JPG,4Z/105MEDIA,0,Other_Amphibian,0.2442,3147.3,2306.0,3268.1,2445.1
/srv/shared_leopard_toad/2025/Documents/06.10-13.10.2025/4Z/105MEDIA/DSCF0278.JPG,DSCF0278.JPG,4Z/105MEDIA,0,Other_Amphibian,0.2347,3154.4,2307.3,3268.5,2446.6
/srv/shared_leopard_toad/2025/Documents/06.10-13.10.2025/4Z/105MEDIA/DSCF0625.JPG,DSCF0625.JPG,4Z/105MEDIA,0,Other_Amphibian,0.2216,2570.8,1977.4,2856.0,2250.2
/srv/shared_leopard_toad/2025/Documents/06.10-13.10.2025/4Z/105MEDIA/DSCF0645.JPG,DSCF0645.JPG,4Z/105MEDIA,2,Western_Leopard_Toad,0.3604,3657.2,1659.3,3930.8,1924.2
/srv/shared_leopard_toad/2025/Documents/06.10-13.10.2025/4Z/105MEDIA/DSCF0645.JPG,DSCF0645.JPG,4Z/105MEDIA,0,Other_Amphibian,0.3346,3219.0,1967.5,3348.1,2109.3
/srv/shared_leopard_toad/2025/Documents/06.10-13.10.2025/4Z/105MEDIA/DSCF0645.JPG,DSCF0645.JPG,4Z/105MEDIA,0,Other_Amphibian,0.3103,3229.8,1968.5,3353.2,2111.9
/srv/shared_leopard_toad/2025/Documents/06.10-13.10.2025/4Z/105MEDIA/DSCF0645.JPG,DSCF0645.JPG,4Z/105MEDIA,0,Other_Amphibian,0.2661,2572.0,1983.9,2863.2,2253.8
/srv/shared_leopard_toad/2025/Documents/06.10-13.10.2025/4Z/105MEDIA/DSCF0216.JPG,DSCF0216.JPG,4Z/105MEDIA,0,Other_Amphibian,0.2362,3147.0,2304.5,3266.2,2443.3
/srv/shared_leopard_toad/2025/Documents/06.10-13.10.2025/4Z/105MEDIA/DSCF0050.JPG,DSCF0050.JPG,4Z/105MEDIA,0,Other_Amphibian,0.2167,2597.9,2694.3,2744.1,2853.9
/srv/shared_leopard_toad/2025/Documents/06.10-13.10.2025/4Z/105MEDIA/DSCF0050.JPG,DSCF0050.JPG,4Z/105MEDIA,0,Other_Amphibian,0.2143,3146.7,2304.8,3275.4,2447.2
/srv/shared_leopard_toad/2025/Documents/06.10-13.10.2025/4Z/105MEDIA/DSCF0099.JPG,DSCF0099.JPG,4Z/105MEDIA,0,Other_Amphibian,0.3053,3145.1,2306.2,3272.8,2444.3
/srv/shared_leopard_toad/2025/Documents/06.10-13.10.2025/4Z/105MEDIA/DSCF0099.JPG,DSCF0099.JPG,4Z/105MEDIA,0,Other_Amphibian,0.2163,2599.1,2694.5,2742.8,2854.3
/srv/shared_leopard_toad/2025/Documents/06.10-13.10.2025/4Z/105MEDIA/DSCF0327.JPG,DSCF0327.JPG,4Z/105MEDIA,0,Other_Amphibian,0.2004,2595.8,2696.0,2743.3,2854.6
/srv/shared_leopard_toad/2025/Documents/06.10-13.10.2025/4Z/105MEDIA/DSCF0727.JPG,DSCF0727.JPG,4Z/105MEDIA,2,Western_Leopard_Toad,0.3822,3653.7,1653.9,3930.3,1921.8
/srv/shared_leopard_toad/2025/Documents/06.10-13.10.2025/4Z/105MEDIA/DSCF0727.JPG,DSCF0727.JPG,4Z/105MEDIA,0,Other_Amphibian,0.2556,2569.4,1973.6,2861.3,2253.9
/srv/shared_leopard_toad/2025/Documents/06.10-13.10.2025/4Z/105MEDIA/DSCF0727.JPG,DSCF0727.JPG,4Z/105MEDIA,0,Other_Amphibian,0.2061,3226.8,1971.7,3350.9,2115.4
/srv/shared_leopard_toad/2025/Documents/06.10-13.10.2025/4Z/105MEDIA/DSCF0909.JPG,DSCF0909.JPG,4Z/105MEDIA,2,Western_Leopard_Toad,0.4621,3655.6,1655.2,3929.0,1922.0
/srv/shared_leopard_toad/2025/Documents/06.10-13.10.2025/4Z/105MEDIA/DSCF0909.JPG,DSCF0909.JPG,4Z/105MEDIA,0,Other_Amphibian,0.3088,3221.6,1966.7,3347.9,2107.0
/srv/shared_leopard_toad/2025/Documents/06.10-13.10.2025/4Z/105MEDIA/DSCF0909.JPG,DSCF0909.JPG,4Z/105MEDIA,0,Other_Amphibian,0.2331,3226.8,1972.2,3349.6,2112.0
/srv/shared_leopard_toad/2025/Documents/06.10-13.10.2025/4Z/105MEDIA/DSCF0840.JPG,DSCF0840.JPG,4Z/105MEDIA,0,Other_Amphibian,0.4652,3656.8,1655.0,3930.4,1922.7
/srv/shared_leopard_toad/2025/Documents/06.10-13.10.2025/4Z/105MEDIA/DSCF0840.JPG,DSCF0840.JPG,4Z/105MEDIA,0,Other_Amphibian,0.3071,3220.6,1967.1,3348.4,2107.3
/srv/shared_leopard_toad/2025/Documents/06.10-13.10.2025/4Z/105MEDIA/DSCF0840.JPG,DSCF0840.JPG,4Z/105MEDIA,0,Other_Amphibian,0.2675,3228.3,1971.2,3352.6,2112.6
/srv/shared_leopard_toad/2025/Documents/06.10-13.10.2025/4Z/105MEDIA/DSCF0964.JPG,DSCF0964.JPG,4Z/105MEDIA,2,Western_Leopard_Toad,0.4043,3653.7,1657.9,3932.0,1923.3
/srv/shared_leopard_toad/2025/Documents/06.10-13.10.2025/4Z/105MEDIA/DSCF0964.JPG,DSCF0964.JPG,4Z/105MEDIA,0,Other_Amphibian,0.2367,3222.1,1969.1,3349.9,2108.2
/srv/shared_leopard_toad/2025/Documents/06.10-13.10.2025/4Z/105MEDIA/DSCF0605.JPG,DSCF0605.JPG,4Z/105MEDIA,2,Western_Leopard_Toad,0.8340,3645.1,1669.9,3927.1,1937.8
/srv/shared_leopard_toad/2025/Documents/06.10-13.10.2025/4Z/105MEDIA/DSCF0967.JPG,DSCF0967.JPG,4Z/105MEDIA,0,Other_Amphibian,0.3010,3655.0,1657.1,3925.5,1923.8
/srv/shared_leopard_toad/2025/Documents/06.10-13.10.2025/4Z/105MEDIA/DSCF0967.JPG,DSCF0967.JPG,4Z/105MEDIA,0,Other_Amphibian,0.2500,3224.3,1966.9,3348.1,2105.9
/srv/shared_leopard_toad/2025/Documents/06.10-13.10.2025/4Z/105MEDIA/DSCF0087.JPG,DSCF0087.JPG,4Z/105MEDIA,0,Other_Amphibian,0.3008,2600.9,2695.3,2747.0,2853.8
/srv/shared_leopard_toad/2025/Documents/06.10-13.10.2025/4Z/105MEDIA/DSCF0087.JPG,DSCF0087.JPG,4Z/105MEDIA,0,Other_Amphibian,0.2061,2604.0,2694.9,2750.7,2853.5
/srv/shared_leopard_toad/2025/Documents/06.10-13.10.2025/4Z/105MEDIA/DSCF0314.JPG,DSCF0314.JPG,4Z/105MEDIA,0,Other_Amphibian,0.2654,2597.2,2695.6,2744.9,2853.5
/srv/shared_leopard_toad/2025/Documents/06.10-13.10.2025/4Z/105MEDIA/DSCF0314.JPG,DSCF0314.JPG,4Z/105MEDIA,0,Other_Amphibian,0.2409,3150.3,2306.9,3274.3,2447.5
/srv/shared_leopard_toad/2025/Documents/06.10-13.10.2025/4Z/105MEDIA/DSCF0760.JPG,DSCF0760.JPG,4Z/105MEDIA,2,Western_Leopard_Toad,0.3477,3656.2,1657.2,3930.7,1924.1
/srv/shared_leopard_toad/2025/Documents/06.10-13.10.2025/4Z/105MEDIA/DSCF0760.JPG,DSCF0760.JPG,4Z/105MEDIA,0,Other_Amphibian,0.2991,2567.9,1985.3,2859.9,2251.3
/srv/shared_leopard_toad/2025/Documents/06.10-13.10.2025/4Z/105MEDIA/DSCF0760.JPG,DSCF0760.JPG,4Z/105MEDIA,0,Other_Amphibian,0.2690,3220.1,1968.6,3348.2,2108.3
/srv/shared_leopard_toad/2025/Documents/06.10-13.10.2025/4Z/105MEDIA/DSCF0760.JPG,DSCF0760.JPG,4Z/105MEDIA,0,Other_Amphibian,0.2538,3227.9,1971.6,3351.1,2112.6
/srv/shared_leopard_toad/2025/Documents/06.10-13.10.2025/4Z/105MEDIA/DSCF0222.JPG,DSCF0222.JPG,4Z/105MEDIA,0,Other_Amphibian,0.3652,2600.2,2695.3,2746.6,2853.7
/srv/shared_leopard_toad/2025/Documents/06.10-13.10.2025/4Z/105MEDIA/DSCF0222.JPG,DSCF0222.JPG,4Z/105MEDIA,0,Other_Amphibian,0.2083,2599.5,2694.7,2746.0,2852.8
/srv/shared_leopard_toad/2025/Documents/06.10-13.10.2025/4Z/105MEDIA/DSCF0593.JPG,DSCF0593.JPG,4Z/105MEDIA,2,Western_Leopard_Toad,0.8291,3645.2,1671.7,3925.5,1939.9
/srv/shared_leopard_toad/2025/Documents/06.10-13.10.2025/4Z/105MEDIA/DSCF0593.JPG,DSCF0593.JPG,4Z/105MEDIA,2,Western_Leopard_Toad,0.4186,5020.1,929.8,5351.2,1320.3
/srv/shared_leopard_toad/2025/Documents/06.10-13.10.2025/4Z/105MEDIA/DSCF0588.JPG,DSCF0588.JPG,4Z/105MEDIA,2,Western_Leopard_Toad,0.5591,3640.4,1673.3,3920.3,1942.4
/srv/shared_leopard_toad/2025/Documents/06.10-13.10.2025/4Z/105MEDIA/DSCF0903.JPG,DSCF0903.JPG,4Z/105MEDIA,0,Other_Amphibian,0.3101,3658.3,1655.1,3929.2,1923.8
/srv/shared_leopard_toad/2025/Documents/06.10-13.10.2025/4Z/105MEDIA/DSCF0903.JPG,DSCF0903.JPG,4Z/105MEDIA,0,Other_Amphibian,0.2184,3227.4,1969.6,3348.1,2110.6
/srv/shared_leopard_toad/2025/Documents/06.10-13.10.2025/4Z/105MEDIA/DSCF0903.JPG,DSCF0903.JPG,4Z/105MEDIA,0,Other_Amphibian,0.2106,3222.2,1968.1,3347.0,2107.9
/srv/shared_leopard_toad/2025/Documents/06.10-13.10.2025/4Z/105MEDIA/DSCF0889.JPG,DSCF0889.JPG,4Z/105MEDIA,2,Western_Leopard_Toad,0.4381,3655.6,1656.6,3930.0,1921.8
/srv/shared_leopard_toad/2025/Documents/06.10-13.10.2025/4Z/105MEDIA/DSCF0889.JPG,DSCF0889.JPG,4Z/105MEDIA,0,Other_Amphibian,0.2781,3221.2,1968.1,3347.3,2106.8
/srv/shared_leopard_toad/2025/Documents/06.10-13.10.2025/4Z/105MEDIA/DSCF0889.JPG,DSCF0889.JPG,4Z/105MEDIA,0,Other_Amphibian,0.2150,3230.0,1975.6,3352.7,2115.0
/srv/shared_leopard_toad/2025/Documents/06.10-13.10.2025/4Z/105MEDIA/DSCF0068.JPG,DSCF0068.JPG,4Z/105MEDIA,0,Other_Amphibian,0.3251,2596.8,2695.5,2743.7,2854.4
/srv/shared_leopard_toad/2025/Documents/06.10-13.10.2025/4Z/105MEDIA/DSCF0068.JPG,DSCF0068.JPG,4Z/105MEDIA,0,Other_Amphibian,0.2527,2599.8,2695.3,2747.4,2853.8
/srv/shared_leopard_toad/2025/Documents/06.10-13.10.2025/4Z/105MEDIA/DSCF0068.JPG,DSCF0068.JPG,4Z/105MEDIA,0,Other_Amphibian,0.2087,3150.0,2308.2,3276.0,2447.9
/srv/shared_leopard_toad/2025/Documents/06.10-13.10.2025/4Z/105MEDIA/DSCF0724.JPG,DSCF0724.JPG,4Z/105MEDIA,0,Other_Amphibian,0.3811,2565.4,1974.5,2857.6,2253.1
/srv/shared_leopard_toad/2025/Documents/06.10-13.10.2025/4Z/105MEDIA/DSCF0724.JPG,DSCF0724.JPG,4Z/105MEDIA,0,Other_Amphibian,0.2910,3654.8,1656.3,3927.6,1924.7
/srv/shared_leopard_toad/2025/Documents/06.10-13.10.2025/4Z/105MEDIA/DSCF0724.JPG,DSCF0724.JPG,4Z/105MEDIA,0,Other_Amphibian,0.2205,3225.4,1969.4,3349.2,2110.8
/srv/shared_leopard_toad/2025/Documents/06.10-13.10.2025/4Z/105MEDIA/DSCF0724.JPG,DSCF0724.JPG,4Z/105MEDIA,0,Other_Amphibian,0.2149,3219.6,1966.6,3347.6,2107.5
/srv/shared_leopard_toad/2025/Documents/06.10-13.10.2025/4Z/105MEDIA/DSCF0619.JPG,DSCF0619.JPG,4Z/105MEDIA,2,Western_Leopard_Toad,0.2563,3652.6,1658.2,3928.1,1925.7
/srv/shared_leopard_toad/2025/Documents/06.10-13.10.2025/4Z/105MEDIA/DSCF0619.JPG,DSCF0619.JPG,4Z/105MEDIA,0,Other_Amphibian,0.2073,2569.9,1985.8,2856.6,2253.3
/srv/shared_leopard_toad/2025/Documents/06.10-13.10.2025/4Z/105MEDIA/DSCF0025.JPG,DSCF0025.JPG,4Z/105MEDIA,0,Other_Amphibian,0.2438,3148.6,2306.5,3268.3,2444.7
/srv/shared_leopard_toad/2025/Documents/06.10-13.10.2025/4Z/105MEDIA/DSCF0025.JPG,DSCF0025.JPG,4Z/105MEDIA,0,Other_Amphibian,0.2386,2602.5,2694.5,2745.7,2853.5
/srv/shared_leopard_toad/2025/Documents/06.10-13.10.2025/4Z/105MEDIA/DSCF0025.JPG,DSCF0025.JPG,4Z/105MEDIA,0,Other_Amphibian,0.2185,2605.0,2694.3,2748.2,2853.1
/srv/shared_leopard_toad/2025/Documents/06.10-13.10.2025/4Z/105MEDIA/DSCF0381.JPG,DSCF0381.JPG,4Z/105MEDIA,0,Other_Amphibian,0.3167,3144.1,2299.9,3270.5,2441.7
/srv/shared_leopard_toad/2025/Documents/06.10-13.10.2025/4Z/105MEDIA/DSCF0381.JPG,DSCF0381.JPG,4Z/105MEDIA,0,Other_Amphibian,0.2719,3136.2,2301.8,3270.5,2441.6
/srv/shared_leopard_toad/2025/Documents/06.10-13.10.2025/4Z/105MEDIA/DSCF0381.JPG,DSCF0381.JPG,4Z/105MEDIA,0,Other_Amphibian,0.2436,3154.1,2305.0,3270.7,2446.2
/srv/shared_leopard_toad/2025/Documents/06.10-13.10.2025/4Z/105MEDIA/DSCF0365.JPG,DSCF0365.JPG,4Z/105MEDIA,0,Other_Amphibian,0.3810,3142.3,2303.4,3270.1,2441.2
/srv/shared_leopard_toad/2025/Documents/06.10-13.10.2025/4Z/105MEDIA/DSCF0365.JPG,DSCF0365.JPG,4Z/105MEDIA,0,Other_Amphibian,0.3058,3139.5,2304.4,3273.2,2440.4
/srv/shared_leopard_toad/2025/Documents/06.10-13.10.2025/4Z/105MEDIA/DSCF0365.JPG,DSCF0365.JPG,4Z/105MEDIA,0,Other_Amphibian,0.2166,2591.9,2696.0,2746.6,2855.1
/srv/shared_leopard_toad/2025/Documents/06.10-13.10.2025/4Z/105MEDIA/DSCF0693.JPG,DSCF0693.JPG,4Z/105MEDIA,0,Other_Amphibian,0.2950,2569.4,1979.0,2860.8,2251.8
/srv/shared_leopard_toad/2025/Documents/06.10-13.10.2025/4Z/105MEDIA/DSCF0693.JPG,DSCF0693.JPG,4Z/105MEDIA,0,Other_Amphibian,0.2505,3226.5,1968.8,3351.5,2112.2
/srv/shared_leopard_toad/2025/Documents/06.10-13.10.2025/4Z/105MEDIA/DSCF0693.JPG,DSCF0693.JPG,4Z/105MEDIA,0,Other_Amphibian,0.2305,3219.9,1967.8,3349.4,2109.3
/srv/shared_leopard_toad/2025/Documents/06.10-13.10.2025/4Z/105MEDIA/DSCF0693.JPG,DSCF0693.JPG,4Z/105MEDIA,2,Western_Leopard_Toad,0.2295,3653.0,1657.2,3927.7,1926.1
/srv/shared_leopard_toad/2025/Documents/06.10-13.10.2025/4Z/105MEDIA/DSCF0741.JPG,DSCF0741.JPG,4Z/105MEDIA,0,Other_Amphibian,0.3801,2567.6,1979.4,2864.4,2249.8
/srv/shared_leopard_toad/2025/Documents/06.10-13.10.2025/4Z/105MEDIA/DSCF0741.JPG,DSCF0741.JPG,4Z/105MEDIA,0,Other_Amphibian,0.3356,3220.3,1968.6,3346.4,2106.7
/srv/shared_leopard_toad/2025/Documents/06.10-13.10.2025/4Z/105MEDIA/DSCF0741.JPG,DSCF0741.JPG,4Z/105MEDIA,0,Other_Amphibian,0.2755,3226.7,1969.1,3347.3,2108.2
/srv/shared_leopard_toad/2025/Documents/06.10-13.10.2025/4Z/105MEDIA/DSCF0741.JPG,DSCF0741.JPG,4Z/105MEDIA,0,Other_Amphibian,0.2531,3656.8,1657.5,3928.3,1922.1
/srv/shared_leopard_toad/2025/Documents/06.10-13.10.2025/4Z/105MEDIA/DSCF0913.JPG,DSCF0913.JPG,4Z/105MEDIA,0,Other_Amphibian,0.4793,3655.7,1655.2,3930.4,1922.1
/srv/shared_leopard_toad/2025/Documents/06.10-13.10.2025/4Z/105MEDIA/DSCF0913.JPG,DSCF0913.JPG,4Z/105MEDIA,0,Other_Amphibian,0.3441,3220.8,1967.4,3349.7,2107.9
/srv/shared_leopard_toad/2025/Documents/06.10-13.10.2025/4Z/105MEDIA/DSCF0913.JPG,DSCF0913.JPG,4Z/105MEDIA,0,Other_Amphibian,0.3020,3226.9,1969.3,3351.4,2110.4
/srv/shared_leopard_toad/2025/Documents/06.10-13.10.2025/4Z/105MEDIA/DSCF0454.JPG,DSCF0454.JPG,4Z/105MEDIA,0,Other_Amphibian,0.2259,3145.9,2302.8,3275.3,2445.3
/srv/shared_leopard_toad/2025/Documents/06.10-13.10.2025/4Z/105MEDIA/DSCF0454.JPG,DSCF0454.JPG,4Z/105MEDIA,0,Other_Amphibian,0.2092,3154.1,2305.6,3269.4,2446.5
/srv/shared_leopard_toad/2025/Documents/06.10-13.10.2025/4Z/105MEDIA/DSCF0188.JPG,DSCF0188.JPG,4Z/105MEDIA,0,Other_Amphibian,0.2812,3147.2,2305.2,3271.1,2445.6
/srv/shared_leopard_toad/2025/Documents/06.10-13.10.2025/4Z/105MEDIA/DSCF0188.JPG,DSCF0188.JPG,4Z/105MEDIA,0,Other_Amphibian,0.2124,2600.4,2694.8,2743.6,2854.4
/srv/shared_leopard_toad/2025/Documents/06.10-13.10.2025/4Z/105MEDIA/DSCF0947.JPG,DSCF0947.JPG,4Z/105MEDIA,0,Other_Amphibian,0.4249,3655.5,1657.3,3928.9,1923.0
/srv/shared_leopard_toad/2025/Documents/06.10-13.10.2025/4Z/105MEDIA/DSCF0772.JPG,DSCF0772.JPG,4Z/105MEDIA,0,Other_Amphibian,0.3013,3655.5,1656.6,3926.0,1922.8
/srv/shared_leopard_toad/2025/Documents/06.10-13.10.2025/4Z/105MEDIA/DSCF0772.JPG,DSCF0772.JPG,4Z/105MEDIA,0,Other_Amphibian,0.2955,3221.8,1967.4,3346.4,2107.4
/srv/shared_leopard_toad/2025/Documents/06.10-13.10.2025/4Z/105MEDIA/DSCF0772.JPG,DSCF0772.JPG,4Z/105MEDIA,0,Other_Amphibian,0.2817,3229.8,1968.3,3348.4,2110.3
/srv/shared_leopard_toad/2025/Documents/06.10-13.10.2025/4Z/105MEDIA/DSCF0772.JPG,DSCF0772.JPG,4Z/105MEDIA,0,Other_Amphibian,0.2801,2571.1,1984.7,2861.1,2252.8
/srv/shared_leopard_toad/2025/Documents/06.10-13.10.2025/4Z/105MEDIA/DSCF0844.JPG,DSCF0844.JPG,4Z/105MEDIA,2,Western_Leopard_Toad,0.4942,3653.2,1654.5,3930.5,1923.0
/srv/shared_leopard_toad/2025/Documents/06.10-13.10.2025/4Z/105MEDIA/DSCF0844.JPG,DSCF0844.JPG,4Z/105MEDIA,0,Other_Amphibian,0.2240,3219.8,1968.2,3346.7,2107.9
/srv/shared_leopard_toad/2025/Documents/06.10-13.10.2025/4Z/105MEDIA/DSCF0824.JPG,DSCF0824.JPG,4Z/105MEDIA,2,Western_Leopard_Toad,0.3315,3655.5,1657.3,3929.8,1923.8
/srv/shared_leopard_toad/2025/Documents/06.10-13.10.2025/4Z/105MEDIA/DSCF0824.JPG,DSCF0824.JPG,4Z/105MEDIA,0,Other_Amphibian,0.2716,3220.8,1968.2,3349.4,2108.6
/srv/shared_leopard_toad/2025/Documents/06.10-13.10.2025/4Z/105MEDIA/DSCF0824.JPG,DSCF0824.JPG,4Z/105MEDIA,0,Other_Amphibian,0.2233,3230.5,1976.2,3355.2,2117.4
/srv/shared_leopard_toad/2025/Documents/06.10-13.10.2025/4Z/105MEDIA/DSCF0133.JPG,DSCF0133.JPG,4Z/105MEDIA,0,Other_Amphibian,0.2033,2598.3,2695.6,2743.3,2854.3
/srv/shared_leopard_toad/2025/Documents/06.10-13.10.2025/4Z/105MEDIA/DSCF0886.JPG,DSCF0886.JPG,4Z/105MEDIA,0,Other_Amphibian,0.3294,3219.7,1967.1,3348.3,2107.4
/srv/shared_leopard_toad/2025/Documents/06.10-13.10.2025/4Z/105MEDIA/DSCF0886.JPG,DSCF0886.JPG,4Z/105MEDIA,0,Other_Amphibian,0.3015,3228.1,1968.2,3351.5,2110.0
/srv/shared_leopard_toad/2025/Documents/06.10-13.10.2025/4Z/105MEDIA/DSCF0886.JPG,DSCF0886.JPG,4Z/105MEDIA,0,Other_Amphibian,0.2779,3655.0,1655.6,3928.5,1923.9
/srv/shared_leopard_toad/2025/Documents/06.10-13.10.2025/4Z/105MEDIA/DSCF0773.JPG,DSCF0773.JPG,4Z/105MEDIA,2,Western_Leopard_Toad,0.3002,3656.2,1657.2,3928.3,1923.0
/srv/shared_leopard_toad/2025/Documents/06.10-13.10.2025/4Z/105MEDIA/DSCF0773.JPG,DSCF0773.JPG,4Z/105MEDIA,0,Other_Amphibian,0.2563,3219.3,1968.6,3346.8,2108.4
/srv/shared_leopard_toad/2025/Documents/06.10-13.10.2025/4Z/105MEDIA/DSCF0773.JPG,DSCF0773.JPG,4Z/105MEDIA,0,Other_Amphibian,0.2464,2570.1,1987.6,2856.9,2252.6
/srv/shared_leopard_toad/2025/Documents/06.10-13.10.2025/4Z/105MEDIA/DSCF0773.JPG,DSCF0773.JPG,4Z/105MEDIA,0,Other_Amphibian,0.2443,3228.0,1970.3,3351.1,2111.3
/srv/shared_leopard_toad/2025/Documents/06.10-13.10.2025/4Z/105MEDIA/DSCF0849.JPG,DSCF0849.JPG,4Z/105MEDIA,2,Western_Leopard_Toad,0.3787,3656.0,1655.6,3932.2,1923.4
/srv/shared_leopard_toad/2025/Documents/06.10-13.10.2025/4Z/105MEDIA/DSCF0849.JPG,DSCF0849.JPG,4Z/105MEDIA,0,Other_Amphibian,0.2296,3221.0,1966.9,3348.2,2108.7
/srv/shared_leopard_toad/2025/Documents/06.10-13.10.2025/4Z/105MEDIA/DSCF0849.JPG,DSCF0849.JPG,4Z/105MEDIA,0,Other_Amphibian,0.2093,3229.4,1973.7,3352.5,2116.6
/srv/shared_leopard_toad/2025/Documents/06.10-13.10.2025/4Z/105MEDIA/DSCF0916.JPG,DSCF0916.JPG,4Z/105MEDIA,0,Other_Amphibian,0.3724,3654.6,1654.4,3929.0,1924.1
/srv/shared_leopard_toad/2025/Documents/06.10-13.10.2025/4Z/105MEDIA/DSCF0916.JPG,DSCF0916.JPG,4Z/105MEDIA,0,Other_Amphibian,0.2993,3220.5,1966.9,3346.7,2107.8
/srv/shared_leopard_toad/2025/Documents/06.10-13.10.2025/4Z/105MEDIA/DSCF0916.JPG,DSCF0916.JPG,4Z/105MEDIA,0,Other_Amphibian,0.2877,2980.0,1671.6,3130.1,1811.1
/srv/shared_leopard_toad/2025/Documents/06.10-13.10.2025/4Z/105MEDIA/DSCF0916.JPG,DSCF0916.JPG,4Z/105MEDIA,0,Other_Amphibian,0.2494,3226.1,1969.2,3348.6,2109.6
/srv/shared_leopard_toad/2025/Documents/06.10-13.10.2025/4Z/105MEDIA/DSCF0209.JPG,DSCF0209.JPG,4Z/105MEDIA,0,Other_Amphibian,0.2368,2599.1,2695.5,2745.0,2854.4
/srv/shared_leopard_toad/2025/Documents/06.10-13.10.2025/4Z/105MEDIA/DSCF0209.JPG,DSCF0209.JPG,4Z/105MEDIA,0,Other_Amphibian,0.2215,3147.3,2304.7,3273.0,2444.5
/srv/shared_leopard_toad/2025/Documents/06.10-13.10.2025/4Z/105MEDIA/DSCF0725.JPG,DSCF0725.JPG,4Z/105MEDIA,0,Other_Amphibian,0.3800,3657.2,1655.6,3931.1,1924.4
/srv/shared_leopard_toad/2025/Documents/06.10-13.10.2025/4Z/105MEDIA/DSCF0725.JPG,DSCF0725.JPG,4Z/105MEDIA,0,Other_Amphibian,0.3239,2566.7,1981.6,2860.8,2254.7
/srv/shared_leopard_toad/2025/Documents/06.10-13.10.2025/4Z/105MEDIA/DSCF0725.JPG,DSCF0725.JPG,4Z/105MEDIA,0,Other_Amphibian,0.2752,3219.9,1966.7,3347.6,2110.4
/srv/shared_leopard_toad/2025/Documents/06.10-13.10.2025/4Z/105MEDIA/DSCF0725.JPG,DSCF0725.JPG,4Z/105MEDIA,0,Other_Amphibian,0.2037,3230.7,1973.9,3352.5,2119.0
/srv/shared_leopard_toad/2025/Documents/06.10-13.10.2025/4Z/105MEDIA/DSCF0550.JPG,DSCF0550.JPG,4Z/105MEDIA,0,Other_Amphibian,0.2545,4790.9,1316.3,4945.1,1558.9
/srv/shared_leopard_toad/2025/Documents/06.10-13.10.2025/4Z/105MEDIA/DSCF0015.JPG,DSCF0015.JPG,4Z/105MEDIA,0,Other_Amphibian,0.2008,2600.3,2694.4,2744.3,2854.3
/srv/shared_leopard_toad/2025/Documents/06.10-13.10.2025/4Z/105MEDIA/DSCF0612.JPG,DSCF0612.JPG,4Z/105MEDIA,2,Western_Leopard_Toad,0.8318,3644.3,1668.5,3925.3,1937.0
/srv/shared_leopard_toad/2025/Documents/06.10-13.10.2025/4Z/105MEDIA/DSCF0633.JPG,DSCF0633.JPG,4Z/105MEDIA,0,Other_Amphibian,0.2266,2568.8,1985.4,2862.1,2254.5
/srv/shared_leopard_toad/2025/Documents/06.10-13.10.2025/4Z/105MEDIA/DSCF0633.JPG,DSCF0633.JPG,4Z/105MEDIA,0,Other_Amphibian,0.2011,3227.6,1970.7,3349.8,2113.3
/srv/shared_leopard_toad/2025/Documents/06.10-13.10.2025/4Z/105MEDIA/DSCF0626.JPG,DSCF0626.JPG,4Z/105MEDIA,0,Other_Amphibian,0.2703,2565.8,1985.1,2864.7,2253.6
/srv/shared_leopard_toad/2025/Documents/06.10-13.10.2025/4Z/105MEDIA/DSCF0626.JPG,DSCF0626.JPG,4Z/105MEDIA,0,Other_Amphibian,0.2175,3229.8,1970.0,3351.2,2112.9
/srv/shared_leopard_toad/2025/Documents/06.10-13.10.2025/4Z/105MEDIA/DSCF0626.JPG,DSCF0626.JPG,4Z/105MEDIA,0,Other_Amphibian,0.2129,3223.2,1967.4,3349.0,2108.2
/srv/shared_leopard_toad/2025/Documents/06.10-13.10.2025/4Z/105MEDIA/DSCF0839.JPG,DSCF0839.JPG,4Z/105MEDIA,2,Western_Leopard_Toad,0.3785,3656.8,1655.6,3931.9,1923.8
/srv/shared_leopard_toad/2025/Documents/06.10-13.10.2025/4Z/105MEDIA/DSCF0839.JPG,DSCF0839.JPG,4Z/105MEDIA,0,Other_Amphibian,0.2985,3220.6,1967.2,3348.1,2107.9
/srv/shared_leopard_toad/2025/Documents/06.10-13.10.2025/4Z/105MEDIA/DSCF0839.JPG,DSCF0839.JPG,4Z/105MEDIA,0,Other_Amphibian,0.2477,3229.5,1972.6,3352.9,2114.2
/srv/shared_leopard_toad/2025/Documents/06.10-13.10.2025/4Z/105MEDIA/DSCF0076.JPG,DSCF0076.JPG,4Z/105MEDIA,0,Other_Amphibian,0.3011,3146.5,2303.6,3274.9,2442.9
/srv/shared_leopard_toad/2025/Documents/06.10-13.10.2025/4Z/105MEDIA/DSCF0690.JPG,DSCF0690.JPG,4Z/105MEDIA,0,Other_Amphibian,0.4191,3654.9,1656.4,3931.3,1924.0
/srv/shared_leopard_toad/2025/Documents/06.10-13.10.2025/4Z/105MEDIA/DSCF0690.JPG,DSCF0690.JPG,4Z/105MEDIA,0,Other_Amphibian,0.3616,2570.1,1983.4,2862.9,2250.4
/srv/shared_leopard_toad/2025/Documents/06.10-13.10.2025/4Z/105MEDIA/DSCF0690.JPG,DSCF0690.JPG,4Z/105MEDIA,0,Other_Amphibian,0.2341,3226.6,1970.2,3352.8,2113.4
/srv/shared_leopard_toad/2025/Documents/06.10-13.10.2025/4Z/105MEDIA/DSCF0690.JPG,DSCF0690.JPG,4Z/105MEDIA,0,Other_Amphibian,0.2016,3221.8,1971.7,3352.1,2113.5
/srv/shared_leopard_toad/2025/Documents/06.10-13.10.2025/4Z/105MEDIA/DSCF0918.JPG,DSCF0918.JPG,4Z/105MEDIA,2,Western_Leopard_Toad,0.3401,3656.5,1656.8,3930.1,1924.0
/srv/shared_leopard_toad/2025/Documents/06.10-13.10.2025/4Z/105MEDIA/DSCF0918.JPG,DSCF0918.JPG,4Z/105MEDIA,0,Other_Amphibian,0.2458,3222.2,1968.3,3347.9,2106.7
/srv/shared_leopard_toad/2025/Documents/06.10-13.10.2025/4Z/105MEDIA/DSCF0918.JPG,DSCF0918.JPG,4Z/105MEDIA,0,Other_Amphibian,0.2218,3226.1,1973.2,3346.7,2112.3
/srv/shared_leopard_toad/2025/Documents/06.10-13.10.2025/4Z/105MEDIA/DSCF0240.JPG,DSCF0240.JPG,4Z/105MEDIA,0,Other_Amphibian,0.3248,3145.7,2304.7,3275.9,2444.1
/srv/shared_leopard_toad/2025/Documents/06.10-13.10.2025/4Z/105MEDIA/DSCF0714.JPG,DSCF0714.JPG,4Z/105MEDIA,0,Other_Amphibian,0.3023,3229.7,1966.6,3349.4,2109.2
/srv/shared_leopard_toad/2025/Documents/06.10-13.10.2025/4Z/105MEDIA/DSCF0714.JPG,DSCF0714.JPG,4Z/105MEDIA,0,Other_Amphibian,0.2988,3221.4,1968.1,3346.3,2109.3
/srv/shared_leopard_toad/2025/Documents/06.10-13.10.2025/4Z/105MEDIA/DSCF0714.JPG,DSCF0714.JPG,4Z/105MEDIA,2,Western_Leopard_Toad,0.2256,3655.9,1656.7,3925.0,1924.0
/srv/shared_leopard_toad/2025/Documents/06.10-13.10.2025/4Z/105MEDIA/DSCF0714.JPG,DSCF0714.JPG,4Z/105MEDIA,0,Other_Amphibian,0.2114,2574.5,1980.7,2852.9,2250.9
/srv/shared_leopard_toad/2025/Documents/06.10-13.10.2025/4Z/105MEDIA/DSCF0302.JPG,DSCF0302.JPG,4Z/105MEDIA,0,Other_Amphibian,0.2198,3149.1,2308.3,3273.8,2446.6
/srv/shared_leopard_toad/2025/Documents/06.10-13.10.2025/4Z/105MEDIA/DSCF0302.JPG,DSCF0302.JPG,4Z/105MEDIA,0,Other_Amphibian,0.2182,2601.6,2697.4,2747.3,2853.3
/srv/shared_leopard_toad/2025/Documents/06.10-13.10.2025/4Z/105MEDIA/DSCF0801.JPG,DSCF0801.JPG,4Z/105MEDIA,0,Other_Amphibian,0.4770,3655.3,1655.7,3931.1,1924.0
/srv/shared_leopard_toad/2025/Documents/06.10-13.10.2025/4Z/105MEDIA/DSCF0801.JPG,DSCF0801.JPG,4Z/105MEDIA,0,Other_Amphibian,0.2115,3225.9,1973.7,3352.4,2115.3
/srv/shared_leopard_toad/2025/Documents/06.10-13.10.2025/4Z/105MEDIA/DSCF0232.JPG,DSCF0232.JPG,4Z/105MEDIA,0,Other_Amphibian,0.2853,2593.7,2697.3,2745.4,2855.5
/srv/shared_leopard_toad/2025/Documents/06.10-13.10.2025/4Z/105MEDIA/DSCF0232.JPG,DSCF0232.JPG,4Z/105MEDIA,0,Other_Amphibian,0.2012,3585.8,1906.0,3840.7,2182.3
/srv/shared_leopard_toad/2025/Documents/06.10-13.10.2025/4Z/105MEDIA/DSCF0377.JPG,DSCF0377.JPG,4Z/105MEDIA,0,Other_Amphibian,0.3579,3145.0,2301.0,3269.4,2441.7
/srv/shared_leopard_toad/2025/Documents/06.10-13.10.2025/4Z/105MEDIA/DSCF0377.JPG,DSCF0377.JPG,4Z/105MEDIA,0,Other_Amphibian,0.2694,3144.2,2306.5,3261.8,2446.9
/srv/shared_leopard_toad/2025/Documents/06.10-13.10.2025/4Z/105MEDIA/DSCF0377.JPG,DSCF0377.JPG,4Z/105MEDIA,0,Other_Amphibian,0.2383,3136.1,2303.6,3272.2,2442.2
/srv/shared_leopard_toad/2025/Documents/06.10-13.10.2025/4Z/105MEDIA/DSCF0705.JPG,DSCF0705.JPG,4Z/105MEDIA,2,Western_Leopard_Toad,0.4053,3658.0,1656.7,3929.9,1923.4
/srv/shared_leopard_toad/2025/Documents/06.10-13.10.2025/4Z/105MEDIA/DSCF0705.JPG,DSCF0705.JPG,4Z/105MEDIA,0,Other_Amphibian,0.2980,2569.3,1978.8,2866.9,2250.6
/srv/shared_leopard_toad/2025/Documents/06.10-13.10.2025/4Z/105MEDIA/DSCF0705.JPG,DSCF0705.JPG,4Z/105MEDIA,0,Other_Amphibian,0.2473,3220.9,1967.3,3347.5,2108.0
/srv/shared_leopard_toad/2025/Documents/06.10-13.10.2025/4Z/105MEDIA/DSCF0813.JPG,DSCF0813.JPG,4Z/105MEDIA,2,Western_Leopard_Toad,0.3949,3654.9,1657.4,3928.9,1922.4
/srv/shared_leopard_toad/2025/Documents/06.10-13.10.2025/4Z/105MEDIA/DSCF0813.JPG,DSCF0813.JPG,4Z/105MEDIA,0,Other_Amphibian,0.2521,3221.3,1967.3,3346.8,2107.0
/srv/shared_leopard_toad/2025/Documents/06.10-13.10.2025/4Z/105MEDIA/DSCF0813.JPG,DSCF0813.JPG,4Z/105MEDIA,0,Other_Amphibian,0.2409,3228.3,1970.8,3349.8,2110.9
/srv/shared_leopard_toad/2025/Documents/06.10-13.10.2025/4Z/105MEDIA/DSCF0830.JPG,DSCF0830.JPG,4Z/105MEDIA,0,Other_Amphibian,0.2861,3228.4,1969.6,3350.8,2111.7
/srv/shared_leopard_toad/2025/Documents/06.10-13.10.2025/4Z/105MEDIA/DSCF0830.JPG,DSCF0830.JPG,4Z/105MEDIA,0,Other_Amphibian,0.2834,3220.0,1967.8,3347.2,2108.6
/srv/shared_leopard_toad/2025/Documents/06.10-13.10.2025/4Z/105MEDIA/DSCF0830.JPG,DSCF0830.JPG,4Z/105MEDIA,0,Other_Amphibian,0.2721,3656.3,1655.3,3927.2,1923.3
/srv/shared_leopard_toad/2025/Documents/06.10-13.10.2025/4Z/105MEDIA/DSCF0048.JPG,DSCF0048.JPG,4Z/105MEDIA,0,Other_Amphibian,0.2502,3145.6,2302.6,3271.4,2444.2
/srv/shared_leopard_toad/2025/Documents/06.10-13.10.2025/4Z/105MEDIA/DSCF0267.JPG,DSCF0267.JPG,4Z/105MEDIA,0,Other_Amphibian,0.2721,3146.9,2305.7,3275.2,2445.1
/srv/shared_leopard_toad/2025/Documents/06.10-13.10.2025/4Z/105MEDIA/DSCF0267.JPG,DSCF0267.JPG,4Z/105MEDIA,0,Other_Amphibian,0.2705,2599.5,2696.0,2747.8,2854.8
/srv/shared_leopard_toad/2025/Documents/06.10-13.10.2025/4Z/105MEDIA/DSCF0319.JPG,DSCF0319.JPG,4Z/105MEDIA,0,Other_Amphibian,0.3416,2597.0,2696.0,2744.8,2854.3
/srv/shared_leopard_toad/2025/Documents/06.10-13.10.2025/4Z/105MEDIA/DSCF0150.JPG,DSCF0150.JPG,4Z/105MEDIA,0,Other_Amphibian,0.2658,2597.1,2696.6,2748.6,2854.6
/srv/shared_leopard_toad/2025/Documents/06.10-13.10.2025/4Z/105MEDIA/DSCF0150.JPG,DSCF0150.JPG,4Z/105MEDIA,0,Other_Amphibian,0.2205,3148.4,2304.5,3275.0,2445.5
/srv/shared_leopard_toad/2025/Documents/06.10-13.10.2025/4Z/105MEDIA/DSCF0510.JPG,DSCF0510.JPG,4Z/105MEDIA,2,Western_Leopard_Toad,0.2066,1305.7,1598.9,1548.0,1927.4
/srv/shared_leopard_toad/2025/Documents/06.10-13.10.2025/4Z/105MEDIA/DSCF0643.JPG,DSCF0643.JPG,4Z/105MEDIA,0,Other_Amphibian,0.2755,2567.6,1983.8,2862.8,2251.8
/srv/shared_leopard_toad/2025/Documents/06.10-13.10.2025/4Z/105MEDIA/DSCF0643.JPG,DSCF0643.JPG,4Z/105MEDIA,2,Western_Leopard_Toad,0.2428,3655.6,1657.6,3926.9,1923.7
/srv/shared_leopard_toad/2025/Documents/06.10-13.10.2025/4Z/105MEDIA/DSCF0643.JPG,DSCF0643.JPG,4Z/105MEDIA,0,Other_Amphibian,0.2333,3222.8,1967.7,3349.1,2107.9
/srv/shared_leopard_toad/2025/Documents/06.10-13.10.2025/4Z/105MEDIA/DSCF0643.JPG,DSCF0643.JPG,4Z/105MEDIA,0,Other_Amphibian,0.2064,3230.0,1973.2,3351.8,2113.8
/srv/shared_leopard_toad/2025/Documents/06.10-13.10.2025/4Z/105MEDIA/DSCF0323.JPG,DSCF0323.JPG,4Z/105MEDIA,0,Other_Amphibian,0.2421,2600.9,2698.3,2743.2,2853.5
/srv/shared_leopard_toad/2025/Documents/06.10-13.10.2025/4Z/105MEDIA/DSCF0013.JPG,DSCF0013.JPG,4Z/105MEDIA,0,Other_Amphibian,0.2557,2596.2,2694.1,2743.7,2854.6
/srv/shared_leopard_toad/2025/Documents/06.10-13.10.2025/4Z/105MEDIA/DSCF0013.JPG,DSCF0013.JPG,4Z/105MEDIA,0,Other_Amphibian,0.2477,3146.7,2306.5,3269.0,2444.4
/srv/shared_leopard_toad/2025/Documents/06.10-13.10.2025/4Z/105MEDIA/DSCF0013.JPG,DSCF0013.JPG,4Z/105MEDIA,0,Other_Amphibian,0.2092,2596.7,2694.0,2744.5,2854.2
/srv/shared_leopard_toad/2025/Documents/06.10-13.10.2025/4Z/105MEDIA/DSCF0876.JPG,DSCF0876.JPG,4Z/105MEDIA,2,Western_Leopard_Toad,0.4327,3657.7,1656.1,3930.8,1923.1
/srv/shared_leopard_toad/2025/Documents/06.10-13.10.2025/4Z/105MEDIA/DSCF0876.JPG,DSCF0876.JPG,4Z/105MEDIA,0,Other_Amphibian,0.2402,3222.4,1969.1,3351.4,2109.6
/srv/shared_leopard_toad/2025/Documents/06.10-13.10.2025/4Z/105MEDIA/DSCF0876.JPG,DSCF0876.JPG,4Z/105MEDIA,0,Other_Amphibian,0.2111,3229.6,1975.4,3355.5,2116.8
/srv/shared_leopard_toad/2025/Documents/06.10-13.10.2025/4Z/105MEDIA/DSCF0108.JPG,DSCF0108.JPG,4Z/105MEDIA,0,Other_Amphibian,0.2512,3148.1,2306.9,3272.4,2444.8
/srv/shared_leopard_toad/2025/Documents/06.10-13.10.2025/4Z/105MEDIA/DSCF0108.JPG,DSCF0108.JPG,4Z/105MEDIA,0,Other_Amphibian,0.2028,2600.0,2695.7,2745.5,2854.0
/srv/shared_leopard_toad/2025/Documents/06.10-13.10.2025/4Z/105MEDIA/DSCF0277.JPG,DSCF0277.JPG,4Z/105MEDIA,0,Other_Amphibian,0.2782,3146.1,2306.5,3271.9,2445.2
/srv/shared_leopard_toad/2025/Documents/06.10-13.10.2025/4Z/105MEDIA/DSCF0901.JPG,DSCF0901.JPG,4Z/105MEDIA,0,Other_Amphibian,0.3668,3219.9,1967.0,3345.1,2107.6
/srv/shared_leopard_toad/2025/Documents/06.10-13.10.2025/4Z/105MEDIA/DSCF0901.JPG,DSCF0901.JPG,4Z/105MEDIA,2,Western_Leopard_Toad,0.3662,3656.9,1657.1,3931.4,1923.5
/srv/shared_leopard_toad/2025/Documents/06.10-13.10.2025/4Z/105MEDIA/DSCF0901.JPG,DSCF0901.JPG,4Z/105MEDIA,0,Other_Amphibian,0.2990,3229.4,1969.3,3349.5,2110.9
/srv/shared_leopard_toad/2025/Documents/06.10-13.10.2025/4Z/105MEDIA/DSCF0153.JPG,DSCF0153.JPG,4Z/105MEDIA,0,Other_Amphibian,0.3439,3145.8,2298.9,3268.0,2440.1
/srv/shared_leopard_toad/2025/Documents/06.10-13.10.2025/4Z/105MEDIA/DSCF0153.JPG,DSCF0153.JPG,4Z/105MEDIA,0,Other_Amphibian,0.2137,2594.4,2695.4,2745.8,2855.1
/srv/shared_leopard_toad/2025/Documents/06.10-13.10.2025/4Z/105MEDIA/DSCF0747.JPG,DSCF0747.JPG,4Z/105MEDIA,2,Western_Leopard_Toad,0.3853,3656.8,1655.2,3930.3,1923.8
/srv/shared_leopard_toad/2025/Documents/06.10-13.10.2025/4Z/105MEDIA/DSCF0747.JPG,DSCF0747.JPG,4Z/105MEDIA,0,Other_Amphibian,0.3650,2568.9,1981.3,2864.2,2252.0
/srv/shared_leopard_toad/2025/Documents/06.10-13.10.2025/4Z/105MEDIA/DSCF0747.JPG,DSCF0747.JPG,4Z/105MEDIA,0,Other_Amphibian,0.3120,3219.4,1968.0,3348.2,2109.1
/srv/shared_leopard_toad/2025/Documents/06.10-13.10.2025/4Z/105MEDIA/DSCF0747.JPG,DSCF0747.JPG,4Z/105MEDIA,0,Other_Amphibian,0.3031,3228.6,1968.6,3352.3,2111.4
/srv/shared_leopard_toad/2025/Documents/06.10-13.10.2025/4Z/105MEDIA/DSCF0079.JPG,DSCF0079.JPG,4Z/105MEDIA,0,Other_Amphibian,0.3220,2599.3,2695.0,2743.4,2854.1
/srv/shared_leopard_toad/2025/Documents/06.10-13.10.2025/4Z/105MEDIA/DSCF0079.JPG,DSCF0079.JPG,4Z/105MEDIA,0,Other_Amphibian,0.2736,3147.4,2305.8,3271.3,2445.1
/srv/shared_leopard_toad/2025/Documents/06.10-13.10.2025/4Z/105MEDIA/DSCF0996.JPG,DSCF0996.JPG,4Z/105MEDIA,2,Western_Leopard_Toad,0.2128,3655.9,1657.3,3926.0,1924.1
/srv/shared_leopard_toad/2025/Documents/06.10-13.10.2025/4Z/105MEDIA/DSCF0610.JPG,DSCF0610.JPG,4Z/105MEDIA,2,Western_Leopard_Toad,0.8515,3642.2,1667.6,3927.5,1937.5
/srv/shared_leopard_toad/2025/Documents/06.10-13.10.2025/4Z/105MEDIA/DSCF0692.JPG,DSCF0692.JPG,4Z/105MEDIA,0,Other_Amphibian,0.3794,2566.3,1977.0,2866.6,2253.5
/srv/shared_leopard_toad/2025/Documents/06.10-13.10.2025/4Z/105MEDIA/DSCF0692.JPG,DSCF0692.JPG,4Z/105MEDIA,0,Other_Amphibian,0.3263,3218.6,1968.9,3347.0,2108.9
/srv/shared_leopard_toad/2025/Documents/06.10-13.10.2025/4Z/105MEDIA/DSCF0692.JPG,DSCF0692.JPG,4Z/105MEDIA,0,Other_Amphibian,0.2939,3227.8,1968.4,3351.0,2109.2
/srv/shared_leopard_toad/2025/Documents/06.10-13.10.2025/4Z/105MEDIA/DSCF0692.JPG,DSCF0692.JPG,4Z/105MEDIA,0,Other_Amphibian,0.2853,3655.9,1656.9,3930.3,1924.6
/srv/shared_leopard_toad/2025/Documents/06.10-13.10.2025/4Z/105MEDIA/DSCF0708.JPG,DSCF0708.JPG,4Z/105MEDIA,0,Other_Amphibian,0.2646,3220.0,1967.1,3345.9,2108.7
/srv/shared_leopard_toad/2025/Documents/06.10-13.10.2025/4Z/105MEDIA/DSCF0708.JPG,DSCF0708.JPG,4Z/105MEDIA,0,Other_Amphibian,0.2543,3226.4,1967.0,3348.3,2110.1
/srv/shared_leopard_toad/2025/Documents/06.10-13.10.2025/4Z/105MEDIA/DSCF0708.JPG,DSCF0708.JPG,4Z/105MEDIA,0,Other_Amphibian,0.2444,3656.6,1656.8,3926.2,1924.7
/srv/shared_leopard_toad/2025/Documents/06.10-13.10.2025/4Z/105MEDIA/DSCF0708.JPG,DSCF0708.JPG,4Z/105MEDIA,0,Other_Amphibian,0.2417,2569.0,1979.9,2863.2,2249.6
/srv/shared_leopard_toad/2025/Documents/06.10-13.10.2025/4Z/105MEDIA/DSCF0119.JPG,DSCF0119.JPG,4Z/105MEDIA,0,Other_Amphibian,0.3375,2600.8,2695.2,2746.2,2854.2
/srv/shared_leopard_toad/2025/Documents/06.10-13.10.2025/4Z/105MEDIA/DSCF0119.JPG,DSCF0119.JPG,4Z/105MEDIA,0,Other_Amphibian,0.2618,3147.2,2304.8,3269.0,2443.4
/srv/shared_leopard_toad/2025/Documents/06.10-13.10.2025/4Z/105MEDIA/DSCF0846.JPG,DSCF0846.JPG,4Z/105MEDIA,2,Western_Leopard_Toad,0.4371,3654.7,1656.4,3929.4,1923.6
/srv/shared_leopard_toad/2025/Documents/06.10-13.10.2025/4Z/105MEDIA/DSCF0846.JPG,DSCF0846.JPG,4Z/105MEDIA,0,Other_Amphibian,0.2375,3221.5,1969.7,3348.6,2108.0
/srv/shared_leopard_toad/2025/Documents/06.10-13.10.2025/4Z/105MEDIA/DSCF0098.JPG,DSCF0098.JPG,4Z/105MEDIA,0,Other_Amphibian,0.2774,3147.5,2305.3,3271.2,2444.5
/srv/shared_leopard_toad/2025/Documents/06.10-13.10.2025/4Z/105MEDIA/DSCF0098.JPG,DSCF0098.JPG,4Z/105MEDIA,0,Other_Amphibian,0.2218,2599.1,2694.5,2745.8,2854.7
/srv/shared_leopard_toad/2025/Documents/06.10-13.10.2025/4Z/105MEDIA/DSCF0961.JPG,DSCF0961.JPG,4Z/105MEDIA,2,Western_Leopard_Toad,0.2791,3656.2,1656.5,3928.9,1923.2
/srv/shared_leopard_toad/2025/Documents/06.10-13.10.2025/4Z/105MEDIA/DSCF0961.JPG,DSCF0961.JPG,4Z/105MEDIA,0,Other_Amphibian,0.2778,3219.7,1966.1,3347.9,2109.3
/srv/shared_leopard_toad/2025/Documents/06.10-13.10.2025/4Z/105MEDIA/DSCF0961.JPG,DSCF0961.JPG,4Z/105MEDIA,0,Other_Amphibian,0.2736,3227.6,1968.4,3351.7,2113.1
/srv/shared_leopard_toad/2025/Documents/06.10-13.10.2025/4Z/105MEDIA/DSCF0214.JPG,DSCF0214.JPG,4Z/105MEDIA,0,Other_Amphibian,0.3477,3144.4,2303.1,3269.2,2441.9
/srv/shared_leopard_toad/2025/Documents/06.10-13.10.2025/4Z/105MEDIA/DSCF0804.JPG,DSCF0804.JPG,4Z/105MEDIA,2,Western_Leopard_Toad,0.3887,3656.8,1656.4,3930.7,1923.0
/srv/shared_leopard_toad/2025/Documents/06.10-13.10.2025/4Z/105MEDIA/DSCF0804.JPG,DSCF0804.JPG,4Z/105MEDIA,0,Other_Amphibian,0.3470,3219.6,1967.9,3346.3,2107.8
/srv/shared_leopard_toad/2025/Documents/06.10-13.10.2025/4Z/105MEDIA/DSCF0804.JPG,DSCF0804.JPG,4Z/105MEDIA,0,Other_Amphibian,0.2953,3228.7,1969.0,3349.7,2109.3
/srv/shared_leopard_toad/2025/Documents/06.10-13.10.2025/4Z/105MEDIA/DSCF0825.JPG,DSCF0825.JPG,4Z/105MEDIA,2,Western_Leopard_Toad,0.4008,3659.6,1655.0,3930.3,1923.3
/srv/shared_leopard_toad/2025/Documents/06.10-13.10.2025/4Z/105MEDIA/DSCF0915.JPG,DSCF0915.JPG,4Z/105MEDIA,0,Other_Amphibian,0.4502,3550.9,2079.8,3717.8,2342.3
/srv/shared_leopard_toad/2025/Documents/06.10-13.10.2025/4Z/105MEDIA/DSCF0915.JPG,DSCF0915.JPG,4Z/105MEDIA,0,Other_Amphibian,0.3311,3219.8,1968.3,3347.4,2108.9
/srv/shared_leopard_toad/2025/Documents/06.10-13.10.2025/4Z/105MEDIA/DSCF0915.JPG,DSCF0915.JPG,4Z/105MEDIA,0,Other_Amphibian,0.3271,3655.8,1656.2,3930.3,1922.3
/srv/shared_leopard_toad/2025/Documents/06.10-13.10.2025/4Z/105MEDIA/DSCF0915.JPG,DSCF0915.JPG,4Z/105MEDIA,0,Other_Amphibian,0.2907,3230.9,1971.8,3354.0,2113.8
/srv/shared_leopard_toad/2025/Documents/06.10-13.10.2025/4Z/105MEDIA/DSCF0627.JPG,DSCF0627.JPG,4Z/105MEDIA,0,Other_Amphibian,0.3074,3656.4,1657.1,3931.9,1924.9
/srv/shared_leopard_toad/2025/Documents/06.10-13.10.2025/4Z/105MEDIA/DSCF0627.JPG,DSCF0627.JPG,4Z/105MEDIA,0,Other_Amphibian,0.2225,2567.5,1982.3,2860.2,2253.6
/srv/shared_leopard_toad/2025/Documents/06.10-13.10.2025/4Z/105MEDIA/DSCF0420.JPG,DSCF0420.JPG,4Z/105MEDIA,0,Other_Amphibian,0.2531,3147.0,2304.4,3272.8,2445.6
/srv/shared_leopard_toad/2025/Documents/06.10-13.10.2025/4Z/105MEDIA/DSCF0420.JPG,DSCF0420.JPG,4Z/105MEDIA,0,Other_Amphibian,0.2525,3140.9,2303.2,3273.8,2441.9
/srv/shared_leopard_toad/2025/Documents/06.10-13.10.2025/4Z/105MEDIA/DSCF0398.JPG,DSCF0398.JPG,4Z/105MEDIA,0,Other_Amphibian,0.2188,3148.2,2306.5,3274.0,2447.7
/srv/shared_leopard_toad/2025/Documents/06.10-13.10.2025/4Z/105MEDIA/DSCF0205.JPG,DSCF0205.JPG,4Z/105MEDIA,0,Other_Amphibian,0.2849,2596.4,2695.9,2743.3,2854.4
/srv/shared_leopard_toad/2025/Documents/06.10-13.10.2025/4Z/105MEDIA/DSCF0205.JPG,DSCF0205.JPG,4Z/105MEDIA,0,Other_Amphibian,0.2799,3145.7,2305.5,3270.2,2444.3
/srv/shared_leopard_toad/2025/Documents/06.10-13.10.2025/4Z/105MEDIA/DSCF0205.JPG,DSCF0205.JPG,4Z/105MEDIA,0,Other_Amphibian,0.2029,3155.4,2308.9,3271.8,2449.2
/srv/shared_leopard_toad/2025/Documents/06.10-13.10.2025/4Z/105MEDIA/DSCF0540.JPG,DSCF0540.JPG,4Z/105MEDIA,0,Other_Amphibian,0.2279,138.1,1327.8,289.0,1475.9
/srv/shared_leopard_toad/2025/Documents/06.10-13.10.2025/4Z/105MEDIA/DSCF0112.JPG,DSCF0112.JPG,4Z/105MEDIA,0,Other_Amphibian,0.2924,2598.0,2695.0,2745.1,2854.2
/srv/shared_leopard_toad/2025/Documents/06.10-13.10.2025/4Z/105MEDIA/DSCF0112.JPG,DSCF0112.JPG,4Z/105MEDIA,0,Other_Amphibian,0.2224,3150.3,2307.6,3271.0,2445.4
/srv/shared_leopard_toad/2025/Documents/06.10-13.10.2025/4Z/105MEDIA/DSCF0584.JPG,DSCF0584.JPG,4Z/105MEDIA,2,Western_Leopard_Toad,0.6461,3640.3,1675.2,3919.3,1941.0
/srv/shared_leopard_toad/2025/Documents/06.10-13.10.2025/4Z/105MEDIA/DSCF0111.JPG,DSCF0111.JPG,4Z/105MEDIA,0,Other_Amphibian,0.2910,3146.0,2305.1,3271.2,2444.8
/srv/shared_leopard_toad/2025/Documents/06.10-13.10.2025/4Z/105MEDIA/DSCF0263.JPG,DSCF0263.JPG,4Z/105MEDIA,0,Other_Amphibian,0.2846,2597.5,2696.5,2744.7,2854.8
/srv/shared_leopard_toad/2025/Documents/06.10-13.10.2025/4Z/105MEDIA/DSCF0263.JPG,DSCF0263.JPG,4Z/105MEDIA,0,Other_Amphibian,0.2549,3146.4,2305.1,3272.2,2444.4
/srv/shared_leopard_toad/2025/Documents/06.10-13.10.2025/4Z/105MEDIA/DSCF0586.JPG,DSCF0586.JPG,4Z/105MEDIA,2,Western_Leopard_Toad,0.4460,3642.0,1671.5,3919.5,1939.2
/srv/shared_leopard_toad/2025/Documents/06.10-13.10.2025/4Z/105MEDIA/DSCF0586.JPG,DSCF0586.JPG,4Z/105MEDIA,0,Other_Amphibian,0.2878,4794.3,1322.1,4946.0,1561.9
/srv/shared_leopard_toad/2025/Documents/06.10-13.10.2025/4Z/105MEDIA/DSCF0349.JPG,DSCF0349.JPG,4Z/105MEDIA,0,Other_Amphibian,0.3084,3144.7,2302.1,3272.6,2443.1
/srv/shared_leopard_toad/2025/Documents/06.10-13.10.2025/4Z/105MEDIA/DSCF0555.JPG,DSCF0555.JPG,4Z/105MEDIA,0,Other_Amphibian,0.3783,4788.1,1323.1,4948.8,1558.2
/srv/shared_leopard_toad/2025/Documents/06.10-13.10.2025/4Z/105MEDIA/DSCF0695.JPG,DSCF0695.JPG,4Z/105MEDIA,0,Other_Amphibian,0.3000,3225.2,1966.2,3351.5,2109.2
/srv/shared_leopard_toad/2025/Documents/06.10-13.10.2025/4Z/105MEDIA/DSCF0695.JPG,DSCF0695.JPG,4Z/105MEDIA,0,Other_Amphibian,0.2915,3219.2,1967.4,3349.4,2109.4
/srv/shared_leopard_toad/2025/Documents/06.10-13.10.2025/4Z/105MEDIA/DSCF0695.JPG,DSCF0695.JPG,4Z/105MEDIA,0,Other_Amphibian,0.2494,2567.5,1981.4,2853.7,2254.2
/srv/shared_leopard_toad/2025/Documents/06.10-13.10.2025/4Z/105MEDIA/DSCF0764.JPG,DSCF0764.JPG,4Z/105MEDIA,0,Other_Amphibian,0.2897,3222.3,1968.0,3346.3,2108.2
/srv/shared_leopard_toad/2025/Documents/06.10-13.10.2025/4Z/105MEDIA/DSCF0764.JPG,DSCF0764.JPG,4Z/105MEDIA,0,Other_Amphibian,0.2799,2571.5,1977.6,2858.6,2253.4
/srv/shared_leopard_toad/2025/Documents/06.10-13.10.2025/4Z/105MEDIA/DSCF0764.JPG,DSCF0764.JPG,4Z/105MEDIA,0,Other_Amphibian,0.2690,3229.5,1968.2,3349.2,2109.5
/srv/shared_leopard_toad/2025/Documents/06.10-13.10.2025/4Z/105MEDIA/DSCF0764.JPG,DSCF0764.JPG,4Z/105MEDIA,2,Western_Leopard_Toad,0.2638,3656.0,1656.8,3926.1,1923.6
/srv/shared_leopard_toad/2025/Documents/06.10-13.10.2025/4Z/105MEDIA/DSCF0229.JPG,DSCF0229.JPG,4Z/105MEDIA,0,Other_Amphibian,0.2620,3146.4,2306.1,3269.1,2443.9
/srv/shared_leopard_toad/2025/Documents/06.10-13.10.2025/4Z/105MEDIA/DSCF0953.JPG,DSCF0953.JPG,4Z/105MEDIA,2,Western_Leopard_Toad,0.5352,3656.4,1657.7,3930.0,1922.6
/srv/shared_leopard_toad/2025/Documents/06.10-13.10.2025/4Z/105MEDIA/DSCF0657.JPG,DSCF0657.JPG,4Z/105MEDIA,0,Other_Amphibian,0.3214,3226.7,1966.6,3350.3,2109.2
/srv/shared_leopard_toad/2025/Documents/06.10-13.10.2025/4Z/105MEDIA/DSCF0657.JPG,DSCF0657.JPG,4Z/105MEDIA,0,Other_Amphibian,0.2980,2568.1,1981.4,2865.8,2252.5
/srv/shared_leopard_toad/2025/Documents/06.10-13.10.2025/4Z/105MEDIA/DSCF0657.JPG,DSCF0657.JPG,4Z/105MEDIA,0,Other_Amphibian,0.2937,3218.5,1968.5,3347.8,2109.8
/srv/shared_leopard_toad/2025/Documents/06.10-13.10.2025/4Z/105MEDIA/DSCF0657.JPG,DSCF0657.JPG,4Z/105MEDIA,0,Other_Amphibian,0.2912,3654.3,1655.6,3928.0,1923.8
/srv/shared_leopard_toad/2025/Documents/06.10-13.10.2025/4Z/105MEDIA/DSCF0163.JPG,DSCF0163.JPG,4Z/105MEDIA,0,Other_Amphibian,0.2438,2600.6,2694.4,2747.6,2854.9
/srv/shared_leopard_toad/2025/Documents/06.10-13.10.2025/4Z/105MEDIA/DSCF0587.JPG,DSCF0587.JPG,4Z/105MEDIA,2,Western_Leopard_Toad,0.6067,3642.3,1673.9,3919.6,1938.7
/srv/shared_leopard_toad/2025/Documents/06.10-13.10.2025/4Z/105MEDIA/DSCF0563.JPG,DSCF0563.JPG,4Z/105MEDIA,0,Other_Amphibian,0.4280,4793.2,1319.5,4946.6,1559.9
/srv/shared_leopard_toad/2025/Documents/06.10-13.10.2025/4Z/105MEDIA/DSCF0563.JPG,DSCF0563.JPG,4Z/105MEDIA,2,Western_Leopard_Toad,0.3570,3640.5,1674.0,3919.6,1939.6
/srv/shared_leopard_toad/2025/Documents/06.10-13.10.2025/4Z/105MEDIA/DSCF0283.JPG,DSCF0283.JPG,4Z/105MEDIA,0,Other_Amphibian,0.3246,3144.1,2305.2,3271.2,2442.5
/srv/shared_leopard_toad/2025/Documents/06.10-13.10.2025/4Z/105MEDIA/DSCF0283.JPG,DSCF0283.JPG,4Z/105MEDIA,0,Other_Amphibian,0.2092,3150.6,2309.4,3266.8,2447.8
/srv/shared_leopard_toad/2025/Documents/06.10-13.10.2025/4Z/105MEDIA/DSCF0869.JPG,DSCF0869.JPG,4Z/105MEDIA,2,Western_Leopard_Toad,0.3390,3656.2,1657.5,3929.0,1922.9
/srv/shared_leopard_toad/2025/Documents/06.10-13.10.2025/4Z/105MEDIA/DSCF0869.JPG,DSCF0869.JPG,4Z/105MEDIA,0,Other_Amphibian,0.3360,3219.7,1967.3,3346.3,2107.3
/srv/shared_leopard_toad/2025/Documents/06.10-13.10.2025/4Z/105MEDIA/DSCF0869.JPG,DSCF0869.JPG,4Z/105MEDIA,0,Other_Amphibian,0.2647,3228.8,1972.3,3350.9,2112.6
/srv/shared_leopard_toad/2025/Documents/06.10-13.10.2025/4Z/105MEDIA/DSCF0470.JPG,DSCF0470.JPG,4Z/105MEDIA,0,Other_Amphibian,0.2975,2596.8,2694.2,2745.9,2854.3
/srv/shared_leopard_toad/2025/Documents/06.10-13.10.2025/4Z/105MEDIA/DSCF0470.JPG,DSCF0470.JPG,4Z/105MEDIA,0,Other_Amphibian,0.2065,3148.2,2307.6,3275.0,2448.2
/srv/shared_leopard_toad/2025/Documents/06.10-13.10.2025/4Z/105MEDIA/DSCF0470.JPG,DSCF0470.JPG,4Z/105MEDIA,0,Other_Amphibian,0.2043,3153.1,2310.0,3266.0,2449.6
/srv/shared_leopard_toad/2025/Documents/06.10-13.10.2025/4Z/105MEDIA/DSCF0710.JPG,DSCF0710.JPG,4Z/105MEDIA,0,Other_Amphibian,0.5070,2562.6,1981.4,2861.6,2250.4
/srv/shared_leopard_toad/2025/Documents/06.10-13.10.2025/4Z/105MEDIA/DSCF0710.JPG,DSCF0710.JPG,4Z/105MEDIA,0,Other_Amphibian,0.3155,3655.8,1657.0,3928.0,1923.5
/srv/shared_leopard_toad/2025/Documents/06.10-13.10.2025/4Z/105MEDIA/DSCF0406.JPG,DSCF0406.JPG,4Z/105MEDIA,0,Other_Amphibian,0.3264,2594.3,2695.0,2746.1,2854.4
/srv/shared_leopard_toad/2025/Documents/06.10-13.10.2025/4Z/105MEDIA/DSCF0406.JPG,DSCF0406.JPG,4Z/105MEDIA,0,Other_Amphibian,0.2070,2594.7,2695.0,2750.0,2853.7
/srv/shared_leopard_toad/2025/Documents/06.10-13.10.2025/4Z/105MEDIA/DSCF0863.JPG,DSCF0863.JPG,4Z/105MEDIA,2,Western_Leopard_Toad,0.4458,3656.2,1656.1,3929.2,1923.6
/srv/shared_leopard_toad/2025/Documents/06.10-13.10.2025/4Z/105MEDIA/DSCF0863.JPG,DSCF0863.JPG,4Z/105MEDIA,0,Other_Amphibian,0.2449,3220.9,1966.8,3347.3,2108.2
/srv/shared_leopard_toad/2025/Documents/06.10-13.10.2025/4Z/105MEDIA/DSCF0863.JPG,DSCF0863.JPG,4Z/105MEDIA,0,Other_Amphibian,0.2285,3227.2,1969.8,3350.6,2111.5
/srv/shared_leopard_toad/2025/Documents/06.10-13.10.2025/4Z/105MEDIA/DSCF0265.JPG,DSCF0265.JPG,4Z/105MEDIA,0,Other_Amphibian,0.3310,2594.6,2695.9,2743.8,2854.4
/srv/shared_leopard_toad/2025/Documents/06.10-13.10.2025/4Z/105MEDIA/DSCF0265.JPG,DSCF0265.JPG,4Z/105MEDIA,0,Other_Amphibian,0.2626,3147.8,2307.1,3274.0,2446.8
/srv/shared_leopard_toad/2025/Documents/06.10-13.10.2025/4Z/105MEDIA/DSCF0265.JPG,DSCF0265.JPG,4Z/105MEDIA,0,Other_Amphibian,0.2289,2594.7,2695.4,2746.4,2854.0
/srv/shared_leopard_toad/2025/Documents/06.10-13.10.2025/4Z/105MEDIA/DSCF0850.JPG,DSCF0850.JPG,4Z/105MEDIA,0,Other_Amphibian,0.2213,3227.8,1968.3,3351.1,2109.4
/srv/shared_leopard_toad/2025/Documents/06.10-13.10.2025/4Z/105MEDIA/DSCF0022.JPG,DSCF0022.JPG,4Z/105MEDIA,0,Other_Amphibian,0.2874,2600.8,2695.2,2743.2,2853.6
/srv/shared_leopard_toad/2025/Documents/06.10-13.10.2025/4Z/105MEDIA/DSCF0022.JPG,DSCF0022.JPG,4Z/105MEDIA,0,Other_Amphibian,0.2697,3147.8,2307.6,3274.1,2444.8
/srv/shared_leopard_toad/2025/Documents/06.10-13.10.2025/4Z/105MEDIA/DSCF0022.JPG,DSCF0022.JPG,4Z/105MEDIA,0,Other_Amphibian,0.2366,2600.9,2694.8,2746.6,2852.9
/srv/shared_leopard_toad/2025/Documents/06.10-13.10.2025/4Z/105MEDIA/DSCF0389.JPG,DSCF0389.JPG,4Z/105MEDIA,0,Other_Amphibian,0.2854,2596.6,2697.8,2749.9,2854.5
/srv/shared_leopard_toad/2025/Documents/06.10-13.10.2025/4Z/105MEDIA/DSCF0198.JPG,DSCF0198.JPG,4Z/105MEDIA,0,Other_Amphibian,0.2207,3148.6,2307.6,3274.1,2446.9
/srv/shared_leopard_toad/2025/Documents/06.10-13.10.2025/4Z/105MEDIA/DSCF0379.JPG,DSCF0379.JPG,4Z/105MEDIA,0,Other_Amphibian,0.2945,3145.2,2301.5,3270.7,2442.0
/srv/shared_leopard_toad/2025/Documents/06.10-13.10.2025/4Z/105MEDIA/DSCF0011.JPG,DSCF0011.JPG,4Z/105MEDIA,0,Other_Amphibian,0.4622,2594.1,2695.4,2745.2,2855.1
/srv/shared_leopard_toad/2025/Documents/06.10-13.10.2025/4Z/105MEDIA/DSCF0011.JPG,DSCF0011.JPG,4Z/105MEDIA,0,Other_Amphibian,0.3018,2598.3,2695.0,2748.7,2854.8
/srv/shared_leopard_toad/2025/Documents/06.10-13.10.2025/4Z/105MEDIA/DSCF0570.JPG,DSCF0570.JPG,4Z/105MEDIA,2,Western_Leopard_Toad,0.3150,3645.2,1674.1,3916.5,1940.1
/srv/shared_leopard_toad/2025/Documents/06.10-13.10.2025/4Z/105MEDIA/DSCF0785.JPG,DSCF0785.JPG,4Z/105MEDIA,2,Western_Leopard_Toad,0.2604,3656.0,1656.1,3928.5,1924.2
/srv/shared_leopard_toad/2025/Documents/06.10-13.10.2025/4Z/105MEDIA/DSCF0785.JPG,DSCF0785.JPG,4Z/105MEDIA,0,Other_Amphibian,0.2485,3227.6,1969.6,3350.0,2110.9
/srv/shared_leopard_toad/2025/Documents/06.10-13.10.2025/4Z/105MEDIA/DSCF0785.JPG,DSCF0785.JPG,4Z/105MEDIA,0,Other_Amphibian,0.2483,2571.2,1982.8,2851.7,2253.5
/srv/shared_leopard_toad/2025/Documents/06.10-13.10.2025/4Z/105MEDIA/DSCF0785.JPG,DSCF0785.JPG,4Z/105MEDIA,0,Other_Amphibian,0.2368,3220.3,1968.4,3347.6,2108.6
/srv/shared_leopard_toad/2025/Documents/06.10-13.10.2025/4Z/105MEDIA/DSCF0073.JPG,DSCF0073.JPG,4Z/105MEDIA,0,Other_Amphibian,0.2943,2600.6,2696.4,2744.3,2854.3
/srv/shared_leopard_toad/2025/Documents/06.10-13.10.2025/4Z/105MEDIA/DSCF0073.JPG,DSCF0073.JPG,4Z/105MEDIA,0,Other_Amphibian,0.2781,3146.8,2304.9,3269.7,2442.9
/srv/shared_leopard_toad/2025/Documents/06.10-13.10.2025/4Z/105MEDIA/DSCF0999.JPG,DSCF0999.JPG,4Z/105MEDIA,2,Western_Leopard_Toad,0.3801,3655.9,1656.2,3930.6,1924.1
/srv/shared_leopard_toad/2025/Documents/06.10-13.10.2025/4Z/105MEDIA/DSCF0999.JPG,DSCF0999.JPG,4Z/105MEDIA,0,Other_Amphibian,0.2964,3219.7,1966.8,3346.2,2108.5
/srv/shared_leopard_toad/2025/Documents/06.10-13.10.2025/4Z/105MEDIA/DSCF0999.JPG,DSCF0999.JPG,4Z/105MEDIA,0,Other_Amphibian,0.2470,3228.7,1972.1,3351.0,2114.6
/srv/shared_leopard_toad/2025/Documents/06.10-13.10.2025/4Z/105MEDIA/DSCF0183.JPG,DSCF0183.JPG,4Z/105MEDIA,0,Other_Amphibian,0.2523,3147.3,2309.1,3271.4,2445.4
/srv/shared_leopard_toad/2025/Documents/06.10-13.10.2025/4Z/105MEDIA/DSCF0687.JPG,DSCF0687.JPG,4Z/105MEDIA,2,Western_Leopard_Toad,0.3586,3655.9,1657.7,3929.2,1923.6
/srv/shared_leopard_toad/2025/Documents/06.10-13.10.2025/4Z/105MEDIA/DSCF0687.JPG,DSCF0687.JPG,4Z/105MEDIA,0,Other_Amphibian,0.3129,2566.3,1974.7,2851.3,2253.5
/srv/shared_leopard_toad/2025/Documents/06.10-13.10.2025/4Z/105MEDIA/DSCF0687.JPG,DSCF0687.JPG,4Z/105MEDIA,0,Other_Amphibian,0.2479,3227.1,1969.2,3350.3,2111.3
/srv/shared_leopard_toad/2025/Documents/06.10-13.10.2025/4Z/105MEDIA/DSCF0687.JPG,DSCF0687.JPG,4Z/105MEDIA,0,Other_Amphibian,0.2432,3219.0,1968.6,3346.2,2109.1
/srv/shared_leopard_toad/2025/Documents/06.10-13.10.2025/4Z/105MEDIA/DSCF0894.JPG,DSCF0894.JPG,4Z/105MEDIA,0,Other_Amphibian,0.3287,3654.8,1655.9,3930.8,1923.4
/srv/shared_leopard_toad/2025/Documents/06.10-13.10.2025/4Z/105MEDIA/DSCF0894.JPG,DSCF0894.JPG,4Z/105MEDIA,0,Other_Amphibian,0.2032,3221.3,1968.3,3348.2,2109.9
/srv/shared_leopard_toad/2025/Documents/06.10-13.10.2025/4Z/105MEDIA/DSCF0370.JPG,DSCF0370.JPG,4Z/105MEDIA,0,Other_Amphibian,0.3632,2593.4,2695.6,2745.3,2853.4
/srv/shared_leopard_toad/2025/Documents/06.10-13.10.2025/4Z/105MEDIA/DSCF0370.JPG,DSCF0370.JPG,4Z/105MEDIA,0,Other_Amphibian,0.2137,3150.3,2307.6,3271.1,2447.4
/srv/shared_leopard_toad/2025/Documents/06.10-13.10.2025/4Z/105MEDIA/DSCF0289.JPG,DSCF0289.JPG,4Z/105MEDIA,0,Other_Amphibian,0.2893,3144.4,2302.2,3267.2,2442.4
/srv/shared_leopard_toad/2025/Documents/06.10-13.10.2025/4Z/105MEDIA/DSCF0718.JPG,DSCF0718.JPG,4Z/105MEDIA,0,Other_Amphibian,0.5773,3650.6,1656.0,3931.9,1923.4
/srv/shared_leopard_toad/2025/Documents/06.10-13.10.2025/4Z/105MEDIA/DSCF0718.JPG,DSCF0718.JPG,4Z/105MEDIA,0,Other_Amphibian,0.2564,3218.6,1968.5,3346.2,2108.0
/srv/shared_leopard_toad/2025/Documents/06.10-13.10.2025/4Z/105MEDIA/DSCF0718.JPG,DSCF0718.JPG,4Z/105MEDIA,0,Other_Amphibian,0.2340,2576.4,1978.2,2859.3,2250.7
/srv/shared_leopard_toad/2025/Documents/06.10-13.10.2025/4Z/105MEDIA/DSCF0718.JPG,DSCF0718.JPG,4Z/105MEDIA,0,Other_Amphibian,0.2143,3228.7,1975.7,3349.7,2115.9
/srv/shared_leopard_toad/2025/Documents/06.10-13.10.2025/4Z/105MEDIA/DSCF0017.JPG,DSCF0017.JPG,4Z/105MEDIA,0,Other_Amphibian,0.2431,2599.1,2696.0,2745.3,2854.0
/srv/shared_leopard_toad/2025/Documents/06.10-13.10.2025/4Z/105MEDIA/DSCF0017.JPG,DSCF0017.JPG,4Z/105MEDIA,0,Other_Amphibian,0.2252,3149.2,2305.1,3275.7,2446.0
/srv/shared_leopard_toad/2025/Documents/06.10-13.10.2025/4Z/105MEDIA/DSCF0726.JPG,DSCF0726.JPG,4Z/105MEDIA,2,Western_Leopard_Toad,0.3462,3654.2,1656.8,3927.8,1923.2
/srv/shared_leopard_toad/2025/Documents/06.10-13.10.2025/4Z/105MEDIA/DSCF0726.JPG,DSCF0726.JPG,4Z/105MEDIA,0,Other_Amphibian,0.3063,2573.0,1983.2,2864.8,2252.1
/srv/shared_leopard_toad/2025/Documents/06.10-13.10.2025/4Z/105MEDIA/DSCF0726.JPG,DSCF0726.JPG,4Z/105MEDIA,0,Other_Amphibian,0.2365,3219.6,1967.2,3347.4,2108.7
/srv/shared_leopard_toad/2025/Documents/06.10-13.10.2025/4Z/105MEDIA/DSCF0726.JPG,DSCF0726.JPG,4Z/105MEDIA,0,Other_Amphibian,0.2316,3229.3,1971.9,3351.3,2114.7
/srv/shared_leopard_toad/2025/Documents/06.10-13.10.2025/4Z/105MEDIA/DSCF0783.JPG,DSCF0783.JPG,4Z/105MEDIA,0,Other_Amphibian,0.3724,2568.4,1982.3,2862.3,2251.8
/srv/shared_leopard_toad/2025/Documents/06.10-13.10.2025/4Z/105MEDIA/DSCF0783.JPG,DSCF0783.JPG,4Z/105MEDIA,0,Other_Amphibian,0.3070,3657.7,1654.4,3927.9,1923.6
/srv/shared_leopard_toad/2025/Documents/06.10-13.10.2025/4Z/105MEDIA/DSCF0783.JPG,DSCF0783.JPG,4Z/105MEDIA,0,Other_Amphibian,0.2564,3221.6,1967.4,3346.4,2105.9
/srv/shared_leopard_toad/2025/Documents/06.10-13.10.2025/4Z/105MEDIA/DSCF0783.JPG,DSCF0783.JPG,4Z/105MEDIA,0,Other_Amphibian,0.2495,3228.1,1971.2,3347.6,2110.4
/srv/shared_leopard_toad/2025/Documents/06.10-13.10.2025/4Z/105MEDIA/DSCF0440.JPG,DSCF0440.JPG,4Z/105MEDIA,0,Other_Amphibian,0.2555,2602.2,2695.2,2752.6,2854.1
/srv/shared_leopard_toad/2025/Documents/06.10-13.10.2025/4Z/105MEDIA/DSCF0440.JPG,DSCF0440.JPG,4Z/105MEDIA,0,Other_Amphibian,0.2060,3146.1,2306.2,3272.9,2446.8
/srv/shared_leopard_toad/2025/Documents/06.10-13.10.2025/4Z/105MEDIA/DSCF0857.JPG,DSCF0857.JPG,4Z/105MEDIA,0,Other_Amphibian,0.3518,3220.1,1968.3,3346.4,2107.9
/srv/shared_leopard_toad/2025/Documents/06.10-13.10.2025/4Z/105MEDIA/DSCF0857.JPG,DSCF0857.JPG,4Z/105MEDIA,2,Western_Leopard_Toad,0.3482,3654.9,1656.7,3931.1,1922.1
/srv/shared_leopard_toad/2025/Documents/06.10-13.10.2025/4Z/105MEDIA/DSCF0857.JPG,DSCF0857.JPG,4Z/105MEDIA,0,Other_Amphibian,0.2884,3230.6,1972.4,3351.6,2112.5
/srv/shared_leopard_toad/2025/Documents/06.10-13.10.2025/4Z/105MEDIA/DSCF0703.JPG,DSCF0703.JPG,4Z/105MEDIA,2,Western_Leopard_Toad,0.3892,3657.4,1656.4,3930.4,1921.8
/srv/shared_leopard_toad/2025/Documents/06.10-13.10.2025/4Z/105MEDIA/DSCF0703.JPG,DSCF0703.JPG,4Z/105MEDIA,0,Other_Amphibian,0.3281,2571.9,1980.5,2861.2,2250.9
/srv/shared_leopard_toad/2025/Documents/06.10-13.10.2025/4Z/105MEDIA/DSCF0703.JPG,DSCF0703.JPG,4Z/105MEDIA,0,Other_Amphibian,0.3105,3220.7,1966.9,3348.3,2107.9
/srv/shared_leopard_toad/2025/Documents/06.10-13.10.2025/4Z/105MEDIA/DSCF0703.JPG,DSCF0703.JPG,4Z/105MEDIA,0,Other_Amphibian,0.2757,3228.9,1970.0,3351.5,2111.9
/srv/shared_leopard_toad/2025/Documents/06.10-13.10.2025/4Z/105MEDIA/DSCF0779.JPG,DSCF0779.JPG,4Z/105MEDIA,2,Western_Leopard_Toad,0.3490,3653.7,1659.0,3927.0,1923.3
/srv/shared_leopard_toad/2025/Documents/06.10-13.10.2025/4Z/105MEDIA/DSCF0779.JPG,DSCF0779.JPG,4Z/105MEDIA,0,Other_Amphibian,0.3094,3220.9,1967.2,3348.4,2107.9
/srv/shared_leopard_toad/2025/Documents/06.10-13.10.2025/4Z/105MEDIA/DSCF0779.JPG,DSCF0779.JPG,4Z/105MEDIA,0,Other_Amphibian,0.2864,3227.4,1967.6,3350.3,2109.2
/srv/shared_leopard_toad/2025/Documents/06.10-13.10.2025/4Z/105MEDIA/DSCF0779.JPG,DSCF0779.JPG,4Z/105MEDIA,0,Other_Amphibian,0.2260,2573.2,1982.3,2857.2,2248.8
/srv/shared_leopard_toad/2025/Documents/06.10-13.10.2025/4Z/105MEDIA/DSCF0881.JPG,DSCF0881.JPG,4Z/105MEDIA,0,Other_Amphibian,0.2914,3655.4,1655.8,3928.8,1924.2
/srv/shared_leopard_toad/2025/Documents/06.10-13.10.2025/4Z/105MEDIA/DSCF0881.JPG,DSCF0881.JPG,4Z/105MEDIA,0,Other_Amphibian,0.2704,3219.8,1967.1,3348.4,2108.6
/srv/shared_leopard_toad/2025/Documents/06.10-13.10.2025/4Z/105MEDIA/DSCF0881.JPG,DSCF0881.JPG,4Z/105MEDIA,0,Other_Amphibian,0.2482,3225.8,1970.2,3350.8,2112.4
/srv/shared_leopard_toad/2025/Documents/06.10-13.10.2025/4Z/105MEDIA/DSCF0075.JPG,DSCF0075.JPG,4Z/105MEDIA,0,Other_Amphibian,0.4202,3143.9,2300.3,3268.0,2441.4
/srv/shared_leopard_toad/2025/Documents/06.10-13.10.2025/4Z/105MEDIA/DSCF0075.JPG,DSCF0075.JPG,4Z/105MEDIA,0,Other_Amphibian,0.2832,3151.0,2305.6,3266.2,2447.4
/srv/shared_leopard_toad/2025/Documents/06.10-13.10.2025/4Z/105MEDIA/DSCF0075.JPG,DSCF0075.JPG,4Z/105MEDIA,0,Other_Amphibian,0.2544,2601.5,2694.5,2744.9,2853.6
/srv/shared_leopard_toad/2025/Documents/06.10-13.10.2025/4Z/105MEDIA/DSCF0075.JPG,DSCF0075.JPG,4Z/105MEDIA,0,Other_Amphibian,0.2267,3140.4,2305.8,3275.2,2444.3
/srv/shared_leopard_toad/2025/Documents/06.10-13.10.2025/4Z/105MEDIA/DSCF0571.JPG,DSCF0571.JPG,4Z/105MEDIA,2,Western_Leopard_Toad,0.4347,3638.8,1675.8,3918.3,1938.7
/srv/shared_leopard_toad/2025/Documents/06.10-13.10.2025/4Z/105MEDIA/DSCF0571.JPG,DSCF0571.JPG,4Z/105MEDIA,0,Other_Amphibian,0.2021,4797.1,1320.0,4942.6,1561.5
/srv/shared_leopard_toad/2025/Documents/06.10-13.10.2025/4Z/105MEDIA/DSCF0958.JPG,DSCF0958.JPG,4Z/105MEDIA,2,Western_Leopard_Toad,0.3882,3655.7,1656.4,3928.0,1923.3
/srv/shared_leopard_toad/2025/Documents/06.10-13.10.2025/4Z/105MEDIA/DSCF0958.JPG,DSCF0958.JPG,4Z/105MEDIA,0,Other_Amphibian,0.2475,3223.5,1968.7,3350.3,2107.9
/srv/shared_leopard_toad/2025/Documents/06.10-13.10.2025/4Z/105MEDIA/DSCF0958.JPG,DSCF0958.JPG,4Z/105MEDIA,0,Other_Amphibian,0.2088,3230.4,1974.7,3352.9,2114.4
/srv/shared_leopard_toad/2025/Documents/06.10-13.10.2025/4Z/105MEDIA/DSCF0929.JPG,DSCF0929.JPG,4Z/105MEDIA,0,Other_Amphibian,0.3821,3656.6,1655.8,3929.4,1923.1
/srv/shared_leopard_toad/2025/Documents/06.10-13.10.2025/4Z/105MEDIA/DSCF0929.JPG,DSCF0929.JPG,4Z/105MEDIA,0,Other_Amphibian,0.2386,3222.6,1967.1,3348.5,2108.7
/srv/shared_leopard_toad/2025/Documents/06.10-13.10.2025/4Z/105MEDIA/DSCF0929.JPG,DSCF0929.JPG,4Z/105MEDIA,0,Other_Amphibian,0.2338,3228.4,1969.1,3351.2,2111.8
/srv/shared_leopard_toad/2025/Documents/06.10-13.10.2025/4Z/105MEDIA/DSCF0337.JPG,DSCF0337.JPG,4Z/105MEDIA,0,Other_Amphibian,0.3054,2594.9,2697.5,2746.3,2855.0
/srv/shared_leopard_toad/2025/Documents/06.10-13.10.2025/4Z/105MEDIA/DSCF0337.JPG,DSCF0337.JPG,4Z/105MEDIA,0,Other_Amphibian,0.2406,3148.4,2304.2,3274.6,2445.9
/srv/shared_leopard_toad/2025/Documents/06.10-13.10.2025/4Z/105MEDIA/DSCF0337.JPG,DSCF0337.JPG,4Z/105MEDIA,0,Other_Amphibian,0.2287,2597.6,2697.0,2751.9,2854.8
/srv/shared_leopard_toad/2025/Documents/06.10-13.10.2025/4Z/105MEDIA/DSCF0639.JPG,DSCF0639.JPG,4Z/105MEDIA,0,Other_Amphibian,0.3340,2568.0,1982.2,2862.3,2255.6
/srv/shared_leopard_toad/2025/Documents/06.10-13.10.2025/4Z/105MEDIA/DSCF0639.JPG,DSCF0639.JPG,4Z/105MEDIA,0,Other_Amphibian,0.3156,3218.0,1967.0,3347.5,2110.0
/srv/shared_leopard_toad/2025/Documents/06.10-13.10.2025/4Z/105MEDIA/DSCF0639.JPG,DSCF0639.JPG,4Z/105MEDIA,0,Other_Amphibian,0.2812,3227.5,1967.8,3350.8,2111.8
/srv/shared_leopard_toad/2025/Documents/06.10-13.10.2025/4Z/105MEDIA/DSCF0104.JPG,DSCF0104.JPG,4Z/105MEDIA,0,Other_Amphibian,0.2735,3150.4,2304.4,3277.4,2445.8
/srv/shared_leopard_toad/2025/Documents/06.10-13.10.2025/4Z/105MEDIA/DSCF0972.JPG,DSCF0972.JPG,4Z/105MEDIA,2,Western_Leopard_Toad,0.3958,3654.9,1655.1,3930.7,1923.7
/srv/shared_leopard_toad/2025/Documents/06.10-13.10.2025/4Z/105MEDIA/DSCF0972.JPG,DSCF0972.JPG,4Z/105MEDIA,0,Other_Amphibian,0.2055,3228.6,1972.0,3351.5,2112.3
/srv/shared_leopard_toad/2025/Documents/06.10-13.10.2025/4Z/105MEDIA/DSCF0972.JPG,DSCF0972.JPG,4Z/105MEDIA,0,Other_Amphibian,0.2032,3222.8,1968.4,3349.0,2108.4
/srv/shared_leopard_toad/2025/Documents/06.10-13.10.2025/4Z/105MEDIA/DSCF0316.JPG,DSCF0316.JPG,4Z/105MEDIA,0,Other_Amphibian,0.4083,2601.7,2696.9,2746.1,2854.0
/srv/shared_leopard_toad/2025/Documents/06.10-13.10.2025/4Z/105MEDIA/DSCF0043.JPG,DSCF0043.JPG,4Z/105MEDIA,0,Other_Amphibian,0.2695,3146.7,2305.7,3270.9,2443.7
/srv/shared_leopard_toad/2025/Documents/06.10-13.10.2025/4Z/105MEDIA/DSCF0275.JPG,DSCF0275.JPG,4Z/105MEDIA,0,Other_Amphibian,0.2479,2597.3,2694.6,2745.0,2854.1
/srv/shared_leopard_toad/2025/Documents/06.10-13.10.2025/4Z/105MEDIA/DSCF0275.JPG,DSCF0275.JPG,4Z/105MEDIA,0,Other_Amphibian,0.2392,3148.1,2305.8,3276.0,2446.8
/srv/shared_leopard_toad/2025/Documents/06.10-13.10.2025/4Z/105MEDIA/DSCF0245.JPG,DSCF0245.JPG,4Z/105MEDIA,0,Other_Amphibian,0.2282,2600.2,2695.2,2745.8,2854.6
/srv/shared_leopard_toad/2025/Documents/06.10-13.10.2025/4Z/105MEDIA/DSCF0245.JPG,DSCF0245.JPG,4Z/105MEDIA,0,Other_Amphibian,0.2078,3148.8,2307.3,3274.0,2446.5
/srv/shared_leopard_toad/2025/Documents/06.10-13.10.2025/4Z/105MEDIA/DSCF0603.JPG,DSCF0603.JPG,4Z/105MEDIA,2,Western_Leopard_Toad,0.7960,3643.8,1671.6,3922.6,1935.2
/srv/shared_leopard_toad/2025/Documents/06.10-13.10.2025/4Z/105MEDIA/DSCF0654.JPG,DSCF0654.JPG,4Z/105MEDIA,0,Other_Amphibian,0.2879,2569.3,1979.4,2862.8,2252.6
/srv/shared_leopard_toad/2025/Documents/06.10-13.10.2025/4Z/105MEDIA/DSCF0654.JPG,DSCF0654.JPG,4Z/105MEDIA,2,Western_Leopard_Toad,0.2696,3655.4,1657.8,3929.1,1924.2
/srv/shared_leopard_toad/2025/Documents/06.10-13.10.2025/4Z/105MEDIA/DSCF0654.JPG,DSCF0654.JPG,4Z/105MEDIA,0,Other_Amphibian,0.2346,3227.7,1970.3,3352.5,2113.2
/srv/shared_leopard_toad/2025/Documents/06.10-13.10.2025/4Z/105MEDIA/DSCF0887.JPG,DSCF0887.JPG,4Z/105MEDIA,2,Western_Leopard_Toad,0.3260,3656.3,1655.9,3929.4,1923.6
/srv/shared_leopard_toad/2025/Documents/06.10-13.10.2025/4Z/105MEDIA/DSCF0887.JPG,DSCF0887.JPG,4Z/105MEDIA,0,Other_Amphibian,0.2337,3223.3,1967.1,3348.7,2108.0
/srv/shared_leopard_toad/2025/Documents/06.10-13.10.2025/4Z/105MEDIA/DSCF0887.JPG,DSCF0887.JPG,4Z/105MEDIA,0,Other_Amphibian,0.2257,3231.2,1972.8,3352.7,2115.1
/srv/shared_leopard_toad/2025/Documents/06.10-13.10.2025/4Z/105MEDIA/DSCF0132.JPG,DSCF0132.JPG,4Z/105MEDIA,0,Other_Amphibian,0.2681,2595.9,2695.5,2744.3,2854.2
/srv/shared_leopard_toad/2025/Documents/06.10-13.10.2025/4Z/105MEDIA/DSCF0457.JPG,DSCF0457.JPG,4Z/105MEDIA,0,Other_Amphibian,0.2473,3144.6,2305.1,3278.7,2444.1
/srv/shared_leopard_toad/2025/Documents/06.10-13.10.2025/4Z/105MEDIA/DSCF0457.JPG,DSCF0457.JPG,4Z/105MEDIA,0,Other_Amphibian,0.2253,2595.1,2695.1,2748.9,2855.0
/srv/shared_leopard_toad/2025/Documents/06.10-13.10.2025/4Z/105MEDIA/DSCF0457.JPG,DSCF0457.JPG,4Z/105MEDIA,0,Other_Amphibian,0.2045,3154.4,2308.3,3272.8,2449.0
/srv/shared_leopard_toad/2025/Documents/06.10-13.10.2025/4Z/105MEDIA/DSCF0126.JPG,DSCF0126.JPG,4Z/105MEDIA,0,Other_Amphibian,0.2961,3146.7,2304.1,3272.6,2444.3
/srv/shared_leopard_toad/2025/Documents/06.10-13.10.2025/4Z/105MEDIA/DSCF0971.JPG,DSCF0971.JPG,4Z/105MEDIA,0,Other_Amphibian,0.3805,3655.7,1655.6,3927.5,1924.1
/srv/shared_leopard_toad/2025/Documents/06.10-13.10.2025/4Z/105MEDIA/DSCF0971.JPG,DSCF0971.JPG,4Z/105MEDIA,0,Other_Amphibian,0.2768,3218.8,1966.9,3346.0,2107.5
/srv/shared_leopard_toad/2025/Documents/06.10-13.10.2025/4Z/105MEDIA/DSCF0971.JPG,DSCF0971.JPG,4Z/105MEDIA,0,Other_Amphibian,0.2473,3228.1,1971.0,3350.2,2113.1
/srv/shared_leopard_toad/2025/Documents/06.10-13.10.2025/4Z/105MEDIA/DSCF0954.JPG,DSCF0954.JPG,4Z/105MEDIA,0,Other_Amphibian,0.3500,3656.6,1655.9,3929.9,1924.0
/srv/shared_leopard_toad/2025/Documents/06.10-13.10.2025/4Z/105MEDIA/DSCF0954.JPG,DSCF0954.JPG,4Z/105MEDIA,0,Other_Amphibian,0.2778,3222.2,1967.8,3348.0,2108.2
/srv/shared_leopard_toad/2025/Documents/06.10-13.10.2025/4Z/105MEDIA/DSCF0954.JPG,DSCF0954.JPG,4Z/105MEDIA,0,Other_Amphibian,0.2201,3229.8,1972.9,3351.9,2113.5
/srv/shared_leopard_toad/2025/Documents/06.10-13.10.2025/4Z/105MEDIA/DSCF0799.JPG,DSCF0799.JPG,4Z/105MEDIA,0,Other_Amphibian,0.2545,3219.2,1967.6,3349.5,2109.6
/srv/shared_leopard_toad/2025/Documents/06.10-13.10.2025/4Z/105MEDIA/DSCF0799.JPG,DSCF0799.JPG,4Z/105MEDIA,0,Other_Amphibian,0.2515,3228.1,1973.4,3353.8,2116.7
/srv/shared_leopard_toad/2025/Documents/06.10-13.10.2025/4Z/105MEDIA/DSCF0799.JPG,DSCF0799.JPG,4Z/105MEDIA,0,Other_Amphibian,0.2257,3654.4,1655.6,3923.9,1923.4
/srv/shared_leopard_toad/2025/Documents/06.10-13.10.2025/4Z/105MEDIA/DSCF0249.JPG,DSCF0249.JPG,4Z/105MEDIA,0,Other_Amphibian,0.2579,3148.8,2307.4,3276.9,2446.3
/srv/shared_leopard_toad/2025/Documents/06.10-13.10.2025/4Z/105MEDIA/DSCF0249.JPG,DSCF0249.JPG,4Z/105MEDIA,0,Other_Amphibian,0.2136,2598.1,2696.1,2743.1,2854.0
/srv/shared_leopard_toad/2025/Documents/06.10-13.10.2025/4Z/105MEDIA/DSCF0355.JPG,DSCF0355.JPG,4Z/105MEDIA,0,Other_Amphibian,0.3913,2592.5,2697.3,2745.5,2854.2
/srv/shared_leopard_toad/2025/Documents/06.10-13.10.2025/4Z/105MEDIA/DSCF0355.JPG,DSCF0355.JPG,4Z/105MEDIA,0,Other_Amphibian,0.2718,2593.3,2698.0,2746.5,2853.6
/srv/shared_leopard_toad/2025/Documents/06.10-13.10.2025/4Z/105MEDIA/DSCF0355.JPG,DSCF0355.JPG,4Z/105MEDIA,0,Other_Amphibian,0.2172,3144.9,2305.7,3270.7,2445.6
/srv/shared_leopard_toad/2025/Documents/06.10-13.10.2025/4Z/105MEDIA/DSCF0083.JPG,DSCF0083.JPG,4Z/105MEDIA,0,Other_Amphibian,0.2901,3146.9,2307.6,3273.6,2445.0
/srv/shared_leopard_toad/2025/Documents/06.10-13.10.2025/4Z/105MEDIA/DSCF0682.JPG,DSCF0682.JPG,4Z/105MEDIA,0,Other_Amphibian,0.2865,2567.2,1987.7,2866.3,2254.0
/srv/shared_leopard_toad/2025/Documents/06.10-13.10.2025/4Z/105MEDIA/DSCF0682.JPG,DSCF0682.JPG,4Z/105MEDIA,2,Western_Leopard_Toad,0.2764,3655.1,1654.9,3929.0,1924.5
/srv/shared_leopard_toad/2025/Documents/06.10-13.10.2025/4Z/105MEDIA/DSCF0682.JPG,DSCF0682.JPG,4Z/105MEDIA,0,Other_Amphibian,0.2458,3226.5,1969.8,3352.0,2111.5
/srv/shared_leopard_toad/2025/Documents/06.10-13.10.2025/4Z/105MEDIA/DSCF0682.JPG,DSCF0682.JPG,4Z/105MEDIA,0,Other_Amphibian,0.2157,3220.3,1969.4,3350.8,2109.7
/srv/shared_leopard_toad/2025/Documents/06.10-13.10.2025/4Z/105MEDIA/DSCF0285.JPG,DSCF0285.JPG,4Z/105MEDIA,0,Other_Amphibian,0.3073,3146.7,2304.0,3272.9,2444.5
/srv/shared_leopard_toad/2025/Documents/06.10-13.10.2025/4Z/105MEDIA/DSCF0285.JPG,DSCF0285.JPG,4Z/105MEDIA,0,Other_Amphibian,0.2338,2591.9,2695.7,2744.0,2854.8
/srv/shared_leopard_toad/2025/Documents/06.10-13.10.2025/4Z/105MEDIA/DSCF0787.JPG,DSCF0787.JPG,4Z/105MEDIA,0,Other_Amphibian,0.2952,3219.0,1968.1,3345.8,2107.2
/srv/shared_leopard_toad/2025/Documents/06.10-13.10.2025/4Z/105MEDIA/DSCF0787.JPG,DSCF0787.JPG,4Z/105MEDIA,0,Other_Amphibian,0.2855,2571.9,1981.5,2864.5,2250.9
/srv/shared_leopard_toad/2025/Documents/06.10-13.10.2025/4Z/105MEDIA/DSCF0787.JPG,DSCF0787.JPG,4Z/105MEDIA,0,Other_Amphibian,0.2640,3226.7,1970.6,3348.9,2110.4
/srv/shared_leopard_toad/2025/Documents/06.10-13.10.2025/4Z/105MEDIA/DSCF0787.JPG,DSCF0787.JPG,4Z/105MEDIA,0,Other_Amphibian,0.2001,3655.8,1656.6,3926.5,1924.2
/srv/shared_leopard_toad/2025/Documents/06.10-13.10.2025/4Z/105MEDIA/DSCF0756.JPG,DSCF0756.JPG,4Z/105MEDIA,0,Other_Amphibian,0.3412,2568.7,1983.9,2862.1,2250.8
/srv/shared_leopard_toad/2025/Documents/06.10-13.10.2025/4Z/105MEDIA/DSCF0756.JPG,DSCF0756.JPG,4Z/105MEDIA,2,Western_Leopard_Toad,0.2351,3655.0,1655.9,3926.0,1924.2
/srv/shared_leopard_toad/2025/Documents/06.10-13.10.2025/4Z/105MEDIA/DSCF0199.JPG,DSCF0199.JPG,4Z/105MEDIA,0,Other_Amphibian,0.4057,3144.2,2300.2,3269.7,2440.8
/srv/shared_leopard_toad/2025/Documents/06.10-13.10.2025/4Z/105MEDIA/DSCF0199.JPG,DSCF0199.JPG,4Z/105MEDIA,0,Other_Amphibian,0.2378,3155.3,2307.3,3270.1,2447.9
/srv/shared_leopard_toad/2025/Documents/06.10-13.10.2025/4Z/105MEDIA/DSCF0199.JPG,DSCF0199.JPG,4Z/105MEDIA,0,Other_Amphibian,0.2231,2597.3,2694.9,2743.6,2854.8
/srv/shared_leopard_toad/2025/Documents/06.10-13.10.2025/4Z/105MEDIA/DSCF0517.JPG,DSCF0517.JPG,4Z/105MEDIA,0,Other_Amphibian,0.2194,137.4,1324.9,274.9,1470.9
/srv/shared_leopard_toad/2025/Documents/06.10-13.10.2025/4Z/105MEDIA/DSCF0281.JPG,DSCF0281.JPG,4Z/105MEDIA,0,Other_Amphibian,0.3164,3144.7,2305.8,3272.5,2443.8
/srv/shared_leopard_toad/2025/Documents/06.10-13.10.2025/4Z/105MEDIA/DSCF0281.JPG,DSCF0281.JPG,4Z/105MEDIA,0,Other_Amphibian,0.3039,2601.1,2695.6,2746.2,2854.2
/srv/shared_leopard_toad/2025/Documents/06.10-13.10.2025/4Z/105MEDIA/DSCF0614.JPG,DSCF0614.JPG,4Z/105MEDIA,2,Western_Leopard_Toad,0.8291,3644.4,1669.5,3927.4,1934.1
/srv/shared_leopard_toad/2025/Documents/06.10-13.10.2025/4Z/105MEDIA/DSCF0614.JPG,DSCF0614.JPG,4Z/105MEDIA,2,Western_Leopard_Toad,0.2475,5025.7,960.5,5356.7,1334.4
/srv/shared_leopard_toad/2025/Documents/06.10-13.10.2025/4Z/105MEDIA/DSCF0674.JPG,DSCF0674.JPG,4Z/105MEDIA,2,Western_Leopard_Toad,0.3334,3654.3,1655.1,3926.9,1923.6
/srv/shared_leopard_toad/2025/Documents/06.10-13.10.2025/4Z/105MEDIA/DSCF0674.JPG,DSCF0674.JPG,4Z/105MEDIA,0,Other_Amphibian,0.3302,3218.9,1967.3,3348.2,2109.3
/srv/shared_leopard_toad/2025/Documents/06.10-13.10.2025/4Z/105MEDIA/DSCF0674.JPG,DSCF0674.JPG,4Z/105MEDIA,0,Other_Amphibian,0.2929,2569.9,1982.8,2850.0,2251.4
/srv/shared_leopard_toad/2025/Documents/06.10-13.10.2025/4Z/105MEDIA/DSCF0674.JPG,DSCF0674.JPG,4Z/105MEDIA,0,Other_Amphibian,0.2671,3229.1,1972.2,3352.5,2114.2
/srv/shared_leopard_toad/2025/Documents/06.10-13.10.2025/4Z/105MEDIA/DSCF0597.JPG,DSCF0597.JPG,4Z/105MEDIA,2,Western_Leopard_Toad,0.8300,3641.7,1672.3,3925.5,1941.1
/srv/shared_leopard_toad/2025/Documents/06.10-13.10.2025/4Z/105MEDIA/DSCF0120.JPG,DSCF0120.JPG,4Z/105MEDIA,0,Other_Amphibian,0.2605,2601.0,2696.4,2744.9,2853.8
/srv/shared_leopard_toad/2025/Documents/06.10-13.10.2025/4Z/105MEDIA/DSCF0120.JPG,DSCF0120.JPG,4Z/105MEDIA,0,Other_Amphibian,0.2204,3148.4,2306.8,3269.8,2445.6
/srv/shared_leopard_toad/2025/Documents/06.10-13.10.2025/4Z/105MEDIA/DSCF0715.JPG,DSCF0715.JPG,4Z/105MEDIA,0,Other_Amphibian,0.3559,2566.1,1980.5,2856.2,2253.2
/srv/shared_leopard_toad/2025/Documents/06.10-13.10.2025/4Z/105MEDIA/DSCF0715.JPG,DSCF0715.JPG,4Z/105MEDIA,2,Western_Leopard_Toad,0.3186,3655.5,1656.8,3927.2,1923.1
/srv/shared_leopard_toad/2025/Documents/06.10-13.10.2025/4Z/105MEDIA/DSCF0715.JPG,DSCF0715.JPG,4Z/105MEDIA,0,Other_Amphibian,0.2652,3218.2,1968.2,3346.8,2108.0
/srv/shared_leopard_toad/2025/Documents/06.10-13.10.2025/4Z/105MEDIA/DSCF0715.JPG,DSCF0715.JPG,4Z/105MEDIA,0,Other_Amphibian,0.2402,3226.6,1971.7,3349.7,2112.5
/srv/shared_leopard_toad/2025/Documents/06.10-13.10.2025/4Z/105MEDIA/DSCF0364.JPG,DSCF0364.JPG,4Z/105MEDIA,0,Other_Amphibian,0.3139,2595.4,2694.3,2744.1,2853.7
/srv/shared_leopard_toad/2025/Documents/06.10-13.10.2025/4Z/105MEDIA/DSCF0364.JPG,DSCF0364.JPG,4Z/105MEDIA,0,Other_Amphibian,0.2454,3146.7,2304.0,3274.5,2446.6
/srv/shared_leopard_toad/2025/Documents/06.10-13.10.2025/4Z/105MEDIA/DSCF0673.JPG,DSCF0673.JPG,4Z/105MEDIA,0,Other_Amphibian,0.4038,2573.7,1982.6,2864.0,2248.8
/srv/shared_leopard_toad/2025/Documents/06.10-13.10.2025/4Z/105MEDIA/DSCF0673.JPG,DSCF0673.JPG,4Z/105MEDIA,2,Western_Leopard_Toad,0.2698,3654.9,1658.5,3924.3,1923.7
/srv/shared_leopard_toad/2025/Documents/06.10-13.10.2025/4Z/105MEDIA/DSCF0255.JPG,DSCF0255.JPG,4Z/105MEDIA,0,Other_Amphibian,0.3560,3145.1,2301.1,3268.0,2441.4
/srv/shared_leopard_toad/2025/Documents/06.10-13.10.2025/4Z/105MEDIA/DSCF0255.JPG,DSCF0255.JPG,4Z/105MEDIA,0,Other_Amphibian,0.2224,2596.3,2695.8,2745.8,2855.0
/srv/shared_leopard_toad/2025/Documents/06.10-13.10.2025/4Z/105MEDIA/DSCF0255.JPG,DSCF0255.JPG,4Z/105MEDIA,0,Other_Amphibian,0.2019,3153.6,2306.9,3265.0,2448.5
/srv/shared_leopard_toad/2025/Documents/06.10-13.10.2025/4Z/105MEDIA/DSCF0477.JPG,DSCF0477.JPG,4Z/105MEDIA,0,Other_Amphibian,0.2933,2591.6,2695.5,2749.0,2855.5
/srv/shared_leopard_toad/2025/Documents/06.10-13.10.2025/4Z/105MEDIA/DSCF0477.JPG,DSCF0477.JPG,4Z/105MEDIA,0,Other_Amphibian,0.2161,3147.7,2308.8,3273.8,2447.8
/srv/shared_leopard_toad/2025/Documents/06.10-13.10.2025/4Z/105MEDIA/DSCF0477.JPG,DSCF0477.JPG,4Z/105MEDIA,0,Other_Amphibian,0.2140,3151.9,2310.4,3266.0,2448.8
/srv/shared_leopard_toad/2025/Documents/06.10-13.10.2025/4Z/105MEDIA/DSCF0166.JPG,DSCF0166.JPG,4Z/105MEDIA,0,Other_Amphibian,0.3756,2597.0,2695.7,2744.0,2854.2
/srv/shared_leopard_toad/2025/Documents/06.10-13.10.2025/4Z/105MEDIA/DSCF0166.JPG,DSCF0166.JPG,4Z/105MEDIA,0,Other_Amphibian,0.2230,2596.2,2695.3,2745.5,2852.8
/srv/shared_leopard_toad/2025/Documents/06.10-13.10.2025/4Z/105MEDIA/DSCF0810.JPG,DSCF0810.JPG,4Z/105MEDIA,2,Western_Leopard_Toad,0.5106,3655.3,1656.7,3931.6,1923.9
/srv/shared_leopard_toad/2025/Documents/06.10-13.10.2025/4Z/105MEDIA/DSCF0810.JPG,DSCF0810.JPG,4Z/105MEDIA,0,Other_Amphibian,0.3073,3218.7,1968.4,3346.1,2108.7
/srv/shared_leopard_toad/2025/Documents/06.10-13.10.2025/4Z/105MEDIA/DSCF0810.JPG,DSCF0810.JPG,4Z/105MEDIA,0,Other_Amphibian,0.2575,3227.7,1972.4,3350.6,2113.4
/srv/shared_leopard_toad/2025/Documents/06.10-13.10.2025/4Z/105MEDIA/DSCF0976.JPG,DSCF0976.JPG,4Z/105MEDIA,2,Western_Leopard_Toad,0.3011,3653.6,1656.8,3927.7,1924.4
/srv/shared_leopard_toad/2025/Documents/06.10-13.10.2025/4Z/105MEDIA/DSCF0814.JPG,DSCF0814.JPG,4Z/105MEDIA,0,Other_Amphibian,0.3315,3218.6,1967.4,3346.5,2108.6
/srv/shared_leopard_toad/2025/Documents/06.10-13.10.2025/4Z/105MEDIA/DSCF0814.JPG,DSCF0814.JPG,4Z/105MEDIA,0,Other_Amphibian,0.3047,3227.2,1969.3,3350.0,2112.0
/srv/shared_leopard_toad/2025/Documents/06.10-13.10.2025/4Z/105MEDIA/DSCF0814.JPG,DSCF0814.JPG,4Z/105MEDIA,0,Other_Amphibian,0.2741,3656.8,1655.3,3927.8,1924.1
/srv/shared_leopard_toad/2025/Documents/06.10-13.10.2025/4Z/105MEDIA/DSCF0698.JPG,DSCF0698.JPG,4Z/105MEDIA,0,Other_Amphibian,0.3403,2567.7,1984.4,2862.1,2251.0
/srv/shared_leopard_toad/2025/Documents/06.10-13.10.2025/4Z/105MEDIA/DSCF0698.JPG,DSCF0698.JPG,4Z/105MEDIA,2,Western_Leopard_Toad,0.2978,3655.8,1656.0,3927.9,1923.3
/srv/shared_leopard_toad/2025/Documents/06.10-13.10.2025/4Z/105MEDIA/DSCF0475.JPG,DSCF0475.JPG,4Z/105MEDIA,0,Other_Amphibian,0.2669,2593.7,2695.2,2746.3,2854.6
/srv/shared_leopard_toad/2025/Documents/06.10-13.10.2025/4Z/105MEDIA/DSCF0219.JPG,DSCF0219.JPG,4Z/105MEDIA,0,Other_Amphibian,0.3983,3145.0,2302.5,3271.1,2443.2
/srv/shared_leopard_toad/2025/Documents/06.10-13.10.2025/4Z/105MEDIA/DSCF0219.JPG,DSCF0219.JPG,4Z/105MEDIA,0,Other_Amphibian,0.3260,3150.6,2307.5,3270.2,2448.6
/srv/shared_leopard_toad/2025/Documents/06.10-13.10.2025/4Z/105MEDIA/DSCF0480.JPG,DSCF0480.JPG,4Z/105MEDIA,0,Other_Amphibian,0.2814,3141.2,2304.3,3276.3,2440.6
/srv/shared_leopard_toad/2025/Documents/06.10-13.10.2025/4Z/105MEDIA/DSCF0480.JPG,DSCF0480.JPG,4Z/105MEDIA,0,Other_Amphibian,0.2575,3150.6,2308.2,3267.3,2446.7
/srv/shared_leopard_toad/2025/Documents/06.10-13.10.2025/4Z/105MEDIA/DSCF0480.JPG,DSCF0480.JPG,4Z/105MEDIA,0,Other_Amphibian,0.2360,3146.5,2308.4,3276.3,2447.1
/srv/shared_leopard_toad/2025/Documents/06.10-13.10.2025/4Z/105MEDIA/DSCF0737.JPG,DSCF0737.JPG,4Z/105MEDIA,2,Western_Leopard_Toad,0.3040,3654.6,1657.3,3927.8,1922.8
/srv/shared_leopard_toad/2025/Documents/06.10-13.10.2025/4Z/105MEDIA/DSCF0737.JPG,DSCF0737.JPG,4Z/105MEDIA,0,Other_Amphibian,0.2766,2569.7,1981.6,2852.8,2252.1
/srv/shared_leopard_toad/2025/Documents/06.10-13.10.2025/4Z/105MEDIA/DSCF0737.JPG,DSCF0737.JPG,4Z/105MEDIA,0,Other_Amphibian,0.2317,3227.3,1969.8,3351.3,2112.1
/srv/shared_leopard_toad/2025/Documents/06.10-13.10.2025/4Z/105MEDIA/DSCF0737.JPG,DSCF0737.JPG,4Z/105MEDIA,0,Other_Amphibian,0.2253,3220.3,1967.4,3348.2,2107.9
/srv/shared_leopard_toad/2025/Documents/06.10-13.10.2025/4Z/105MEDIA/DSCF0330.JPG,DSCF0330.JPG,4Z/105MEDIA,0,Other_Amphibian,0.4423,2597.1,2697.1,2746.1,2854.3
/srv/shared_leopard_toad/2025/Documents/06.10-13.10.2025/4Z/105MEDIA/DSCF0330.JPG,DSCF0330.JPG,4Z/105MEDIA,0,Other_Amphibian,0.2345,2600.3,2697.3,2749.1,2853.7
/srv/shared_leopard_toad/2025/Documents/06.10-13.10.2025/4Z/105MEDIA/DSCF0330.JPG,DSCF0330.JPG,4Z/105MEDIA,0,Other_Amphibian,0.2137,3150.1,2310.9,3271.8,2447.8
/srv/shared_leopard_toad/2025/Documents/06.10-13.10.2025/4Z/105MEDIA/DSCF0428.JPG,DSCF0428.JPG,4Z/105MEDIA,0,Other_Amphibian,0.3877,2601.7,2695.6,2750.4,2852.9
/srv/shared_leopard_toad/2025/Documents/06.10-13.10.2025/4Z/105MEDIA/DSCF0428.JPG,DSCF0428.JPG,4Z/105MEDIA,0,Other_Amphibian,0.2415,2604.6,2695.1,2756.1,2852.4
/srv/shared_leopard_toad/2025/Documents/06.10-13.10.2025/4Z/105MEDIA/DSCF0749.JPG,DSCF0749.JPG,4Z/105MEDIA,0,Other_Amphibian,0.3428,2568.5,1980.9,2857.6,2250.7
/srv/shared_leopard_toad/2025/Documents/06.10-13.10.2025/4Z/105MEDIA/DSCF0749.JPG,DSCF0749.JPG,4Z/105MEDIA,0,Other_Amphibian,0.2535,3228.1,1970.0,3350.3,2111.8
/srv/shared_leopard_toad/2025/Documents/06.10-13.10.2025/4Z/105MEDIA/DSCF0749.JPG,DSCF0749.JPG,4Z/105MEDIA,0,Other_Amphibian,0.2456,3221.5,1967.5,3348.3,2108.4
/srv/shared_leopard_toad/2025/Documents/06.10-13.10.2025/4Z/105MEDIA/DSCF0684.JPG,DSCF0684.JPG,4Z/105MEDIA,0,Other_Amphibian,0.3731,2567.9,1981.8,2865.2,2253.7
/srv/shared_leopard_toad/2025/Documents/06.10-13.10.2025/4Z/105MEDIA/DSCF0684.JPG,DSCF0684.JPG,4Z/105MEDIA,0,Other_Amphibian,0.3368,3657.4,1655.0,3929.8,1924.0
/srv/shared_leopard_toad/2025/Documents/06.10-13.10.2025/4Z/105MEDIA/DSCF0684.JPG,DSCF0684.JPG,4Z/105MEDIA,0,Other_Amphibian,0.2481,3226.8,1969.4,3351.2,2110.9
/srv/shared_leopard_toad/2025/Documents/06.10-13.10.2025/4Z/105MEDIA/DSCF0684.JPG,DSCF0684.JPG,4Z/105MEDIA,0,Other_Amphibian,0.2325,3222.1,1969.0,3350.3,2109.8
/srv/shared_leopard_toad/2025/Documents/06.10-13.10.2025/4Z/105MEDIA/DSCF0546.JPG,DSCF0546.JPG,4Z/105MEDIA,0,Other_Amphibian,0.2191,137.7,1334.0,272.5,1473.7
/srv/shared_leopard_toad/2025/Documents/06.10-13.10.2025/4Z/105MEDIA/DSCF0177.JPG,DSCF0177.JPG,4Z/105MEDIA,0,Other_Amphibian,0.4197,2598.2,2695.7,2746.1,2854.8
/srv/shared_leopard_toad/2025/Documents/06.10-13.10.2025/4Z/105MEDIA/DSCF0177.JPG,DSCF0177.JPG,4Z/105MEDIA,0,Other_Amphibian,0.2372,2600.6,2695.4,2748.4,2854.3
/srv/shared_leopard_toad/2025/Documents/06.10-13.10.2025/4Z/105MEDIA/DSCF0296.JPG,DSCF0296.JPG,4Z/105MEDIA,0,Other_Amphibian,0.3223,2598.9,2696.5,2744.5,2853.3
/srv/shared_leopard_toad/2025/Documents/06.10-13.10.2025/4Z/105MEDIA/DSCF0296.JPG,DSCF0296.JPG,4Z/105MEDIA,0,Other_Amphibian,0.2944,3145.9,2302.6,3270.3,2441.6
/srv/shared_leopard_toad/2025/Documents/06.10-13.10.2025/4Z/105MEDIA/DSCF0427.JPG,DSCF0427.JPG,4Z/105MEDIA,0,Other_Amphibian,0.3011,2591.2,2695.8,2746.6,2855.0
/srv/shared_leopard_toad/2025/Documents/06.10-13.10.2025/4Z/105MEDIA/DSCF0743.JPG,DSCF0743.JPG,4Z/105MEDIA,0,Other_Amphibian,0.3372,3657.5,1655.9,3927.6,1922.0
/srv/shared_leopard_toad/2025/Documents/06.10-13.10.2025/4Z/105MEDIA/DSCF0743.JPG,DSCF0743.JPG,4Z/105MEDIA,0,Other_Amphibian,0.2813,2572.3,1982.5,2856.1,2251.4
/srv/shared_leopard_toad/2025/Documents/06.10-13.10.2025/4Z/105MEDIA/DSCF0743.JPG,DSCF0743.JPG,4Z/105MEDIA,0,Other_Amphibian,0.2809,3221.3,1967.5,3345.4,2108.3
/srv/shared_leopard_toad/2025/Documents/06.10-13.10.2025/4Z/105MEDIA/DSCF0743.JPG,DSCF0743.JPG,4Z/105MEDIA,0,Other_Amphibian,0.2407,3228.8,1969.8,3347.5,2111.1
/srv/shared_leopard_toad/2025/Documents/06.10-13.10.2025/4Z/105MEDIA/DSCF0046.JPG,DSCF0046.JPG,4Z/105MEDIA,0,Other_Amphibian,0.2164,3149.2,2307.7,3273.3,2446.6
/srv/shared_leopard_toad/2025/Documents/06.10-13.10.2025/4Z/105MEDIA/DSCF0071.JPG,DSCF0071.JPG,4Z/105MEDIA,0,Other_Amphibian,0.2732,3146.8,2303.8,3268.8,2443.0
/srv/shared_leopard_toad/2025/Documents/06.10-13.10.2025/4Z/105MEDIA/DSCF0028.JPG,DSCF0028.JPG,4Z/105MEDIA,0,Other_Amphibian,0.4039,3144.5,2301.6,3267.2,2439.8
/srv/shared_leopard_toad/2025/Documents/06.10-13.10.2025/4Z/105MEDIA/DSCF0028.JPG,DSCF0028.JPG,4Z/105MEDIA,0,Other_Amphibian,0.2470,3156.1,2309.9,3270.0,2447.8
/srv/shared_leopard_toad/2025/Documents/06.10-13.10.2025/4Z/105MEDIA/DSCF0028.JPG,DSCF0028.JPG,4Z/105MEDIA,0,Other_Amphibian,0.2001,3146.8,2310.6,3278.4,2446.6
/srv/shared_leopard_toad/2025/Documents/06.10-13.10.2025/4Z/105MEDIA/DSCF0437.JPG,DSCF0437.JPG,4Z/105MEDIA,0,Other_Amphibian,0.2949,3146.8,2307.0,3271.3,2445.9
/srv/shared_leopard_toad/2025/Documents/06.10-13.10.2025/4Z/105MEDIA/DSCF0437.JPG,DSCF0437.JPG,4Z/105MEDIA,0,Other_Amphibian,0.2264,3151.0,2309.8,3266.7,2449.7
/srv/shared_leopard_toad/2025/Documents/06.10-13.10.2025/4Z/105MEDIA/DSCF0437.JPG,DSCF0437.JPG,4Z/105MEDIA,0,Other_Amphibian,0.2100,3141.1,2309.3,3275.7,2445.6
/srv/shared_leopard_toad/2025/Documents/06.10-13.10.2025/4Z/105MEDIA/DSCF0080.JPG,DSCF0080.JPG,4Z/105MEDIA,0,Other_Amphibian,0.3228,2602.4,2693.9,2745.9,2854.0
/srv/shared_leopard_toad/2025/Documents/06.10-13.10.2025/4Z/105MEDIA/DSCF0080.JPG,DSCF0080.JPG,4Z/105MEDIA,0,Other_Amphibian,0.2518,3149.8,2310.1,3270.8,2447.0
/srv/shared_leopard_toad/2025/Documents/06.10-13.10.2025/4Z/105MEDIA/DSCF0080.JPG,DSCF0080.JPG,4Z/105MEDIA,0,Other_Amphibian,0.2053,2599.8,2693.5,2741.5,2853.0
/srv/shared_leopard_toad/2025/Documents/06.10-13.10.2025/4Z/105MEDIA/DSCF0694.JPG,DSCF0694.JPG,4Z/105MEDIA,0,Other_Amphibian,0.3649,2568.0,1981.6,2866.5,2250.5
/srv/shared_leopard_toad/2025/Documents/06.10-13.10.2025/4Z/105MEDIA/DSCF0694.JPG,DSCF0694.JPG,4Z/105MEDIA,2,Western_Leopard_Toad,0.3637,3655.8,1657.7,3929.9,1924.8
/srv/shared_leopard_toad/2025/Documents/06.10-13.10.2025/4Z/105MEDIA/DSCF0694.JPG,DSCF0694.JPG,4Z/105MEDIA,0,Other_Amphibian,0.2371,3230.3,1968.5,3350.2,2108.7
/srv/shared_leopard_toad/2025/Documents/06.10-13.10.2025/4Z/105MEDIA/DSCF0694.JPG,DSCF0694.JPG,4Z/105MEDIA,0,Other_Amphibian,0.2167,3226.7,1970.9,3351.5,2110.4
/srv/shared_leopard_toad/2025/Documents/06.10-13.10.2025/4Z/105MEDIA/DSCF0969.JPG,DSCF0969.JPG,4Z/105MEDIA,2,Western_Leopard_Toad,0.3109,3655.2,1656.4,3928.4,1924.2
/srv/shared_leopard_toad/2025/Documents/06.10-13.10.2025/4Z/105MEDIA/DSCF0032.JPG,DSCF0032.JPG,4Z/105MEDIA,0,Other_Amphibian,0.2769,3146.7,2302.6,3269.0,2443.0
/srv/shared_leopard_toad/2025/Documents/06.10-13.10.2025/4Z/105MEDIA/DSCF0598.JPG,DSCF0598.JPG,4Z/105MEDIA,2,Western_Leopard_Toad,0.8067,3644.6,1670.9,3926.5,1937.1
/srv/shared_leopard_toad/2025/Documents/06.10-13.10.2025/4Z/105MEDIA/DSCF0905.JPG,DSCF0905.JPG,4Z/105MEDIA,2,Western_Leopard_Toad,0.3600,3654.6,1657.6,3929.3,1924.4
/srv/shared_leopard_toad/2025/Documents/06.10-13.10.2025/4Z/105MEDIA/DSCF0306.JPG,DSCF0306.JPG,4Z/105MEDIA,0,Other_Amphibian,0.4233,2593.9,2696.4,2744.7,2854.9
/srv/shared_leopard_toad/2025/Documents/06.10-13.10.2025/4Z/105MEDIA/DSCF0306.JPG,DSCF0306.JPG,4Z/105MEDIA,0,Other_Amphibian,0.2610,2596.1,2696.5,2749.7,2854.5
/srv/shared_leopard_toad/2025/Documents/06.10-13.10.2025/4Z/105MEDIA/DSCF0473.JPG,DSCF0473.JPG,4Z/105MEDIA,0,Other_Amphibian,0.3522,2599.6,2696.6,2748.6,2854.8
/srv/shared_leopard_toad/2025/Documents/06.10-13.10.2025/4Z/105MEDIA/DSCF0473.JPG,DSCF0473.JPG,4Z/105MEDIA,0,Other_Amphibian,0.2075,2601.3,2696.1,2755.1,2854.8
/srv/shared_leopard_toad/2025/Documents/06.10-13.10.2025/4Z/105MEDIA/DSCF0176.JPG,DSCF0176.JPG,4Z/105MEDIA,0,Other_Amphibian,0.2824,3144.2,2305.3,3271.2,2444.2
/srv/shared_leopard_toad/2025/Documents/06.10-13.10.2025/4Z/105MEDIA/DSCF0176.JPG,DSCF0176.JPG,4Z/105MEDIA,0,Other_Amphibian,0.2427,2595.8,2695.7,2742.8,2854.4
/srv/shared_leopard_toad/2025/Documents/06.10-13.10.2025/4Z/105MEDIA/DSCF0176.JPG,DSCF0176.JPG,4Z/105MEDIA,0,Other_Amphibian,0.2212,3153.3,2310.0,3272.9,2448.6
/srv/shared_leopard_toad/2025/Documents/06.10-13.10.2025/4Z/105MEDIA/DSCF0932.JPG,DSCF0932.JPG,4Z/105MEDIA,0,Other_Amphibian,0.3692,3657.9,1654.9,3930.3,1923.0
/srv/shared_leopard_toad/2025/Documents/06.10-13.10.2025/4Z/105MEDIA/DSCF0932.JPG,DSCF0932.JPG,4Z/105MEDIA,0,Other_Amphibian,0.2066,3224.0,1969.2,3348.9,2107.8
/srv/shared_leopard_toad/2025/Documents/06.10-13.10.2025/4Z/105MEDIA/DSCF0212.JPG,DSCF0212.JPG,4Z/105MEDIA,0,Other_Amphibian,0.3330,3147.6,2305.5,3271.6,2443.3
/srv/shared_leopard_toad/2025/Documents/06.10-13.10.2025/4Z/105MEDIA/DSCF0212.JPG,DSCF0212.JPG,4Z/105MEDIA,0,Other_Amphibian,0.2067,3146.8,2309.5,3280.1,2446.0
/srv/shared_leopard_toad/2025/Documents/06.10-13.10.2025/4Z/105MEDIA/DSCF0928.JPG,DSCF0928.JPG,4Z/105MEDIA,2,Western_Leopard_Toad,0.3649,3657.7,1656.6,3929.7,1924.2
/srv/shared_leopard_toad/2025/Documents/06.10-13.10.2025/4Z/105MEDIA/DSCF0928.JPG,DSCF0928.JPG,4Z/105MEDIA,0,Other_Amphibian,0.3358,3219.0,1967.1,3346.5,2108.4
/srv/shared_leopard_toad/2025/Documents/06.10-13.10.2025/4Z/105MEDIA/DSCF0928.JPG,DSCF0928.JPG,4Z/105MEDIA,0,Other_Amphibian,0.2874,3226.8,1968.0,3350.2,2109.7
/srv/shared_leopard_toad/2025/Documents/06.10-13.10.2025/4Z/105MEDIA/DSCF0960.JPG,DSCF0960.JPG,4Z/105MEDIA,0,Other_Amphibian,0.2543,3226.8,1968.8,3349.8,2109.3
/srv/shared_leopard_toad/2025/Documents/06.10-13.10.2025/4Z/105MEDIA/DSCF0960.JPG,DSCF0960.JPG,4Z/105MEDIA,0,Other_Amphibian,0.2256,3655.4,1657.2,3926.8,1923.8
/srv/shared_leopard_toad/2025/Documents/06.10-13.10.2025/4Z/105MEDIA/DSCF0960.JPG,DSCF0960.JPG,4Z/105MEDIA,0,Other_Amphibian,0.2178,3222.5,1969.6,3349.7,2108.3
/srv/shared_leopard_toad/2025/Documents/06.10-13.10.2025/4Z/105MEDIA/DSCF0102.JPG,DSCF0102.JPG,4Z/105MEDIA,0,Other_Amphibian,0.2811,2598.0,2696.7,2745.1,2854.0
/srv/shared_leopard_toad/2025/Documents/06.10-13.10.2025/4Z/105MEDIA/DSCF0413.JPG,DSCF0413.JPG,4Z/105MEDIA,0,Other_Amphibian,0.3017,3145.1,2301.4,3272.5,2442.4
/srv/shared_leopard_toad/2025/Documents/06.10-13.10.2025/4Z/105MEDIA/DSCF0438.JPG,DSCF0438.JPG,4Z/105MEDIA,0,Other_Amphibian,0.2574,3147.8,2306.0,3273.1,2445.2
/srv/shared_leopard_toad/2025/Documents/06.10-13.10.2025/4Z/105MEDIA/DSCF0453.JPG,DSCF0453.JPG,4Z/105MEDIA,0,Other_Amphibian,0.2855,3150.9,2306.2,3265.6,2445.4
/srv/shared_leopard_toad/2025/Documents/06.10-13.10.2025/4Z/105MEDIA/DSCF0453.JPG,DSCF0453.JPG,4Z/105MEDIA,0,Other_Amphibian,0.2614,2599.0,2694.2,2750.9,2854.3
/srv/shared_leopard_toad/2025/Documents/06.10-13.10.2025/4Z/105MEDIA/DSCF0453.JPG,DSCF0453.JPG,4Z/105MEDIA,0,Other_Amphibian,0.2522,3146.0,2305.5,3273.5,2445.1
/srv/shared_leopard_toad/2025/Documents/06.10-13.10.2025/4Z/105MEDIA/DSCF0453.JPG,DSCF0453.JPG,4Z/105MEDIA,0,Other_Amphibian,0.2379,3146.3,2306.7,3276.8,2443.7
/srv/shared_leopard_toad/2025/Documents/06.10-13.10.2025/4Z/105MEDIA/DSCF0021.JPG,DSCF0021.JPG,4Z/105MEDIA,0,Other_Amphibian,0.3290,3146.1,2303.4,3272.3,2443.7
/srv/shared_leopard_toad/2025/Documents/06.10-13.10.2025/4Z/105MEDIA/DSCF0021.JPG,DSCF0021.JPG,4Z/105MEDIA,0,Other_Amphibian,0.2048,2601.0,2695.0,2745.6,2853.9
/srv/shared_leopard_toad/2025/Documents/06.10-13.10.2025/4Z/105MEDIA/DSCF0227.JPG,DSCF0227.JPG,4Z/105MEDIA,0,Other_Amphibian,0.2861,3147.4,2305.3,3271.7,2444.3
/srv/shared_leopard_toad/2025/Documents/06.10-13.10.2025/4Z/105MEDIA/DSCF0054.JPG,DSCF0054.JPG,4Z/105MEDIA,0,Other_Amphibian,0.2679,2603.6,2695.4,2744.6,2854.1
/srv/shared_leopard_toad/2025/Documents/06.10-13.10.2025/4Z/105MEDIA/DSCF0054.JPG,DSCF0054.JPG,4Z/105MEDIA,0,Other_Amphibian,0.2279,3148.1,2304.9,3270.7,2445.5
/srv/shared_leopard_toad/2025/Documents/06.10-13.10.2025/4Z/105MEDIA/DSCF0334.JPG,DSCF0334.JPG,4Z/105MEDIA,0,Other_Amphibian,0.3750,3143.2,2301.1,3267.9,2440.5
/srv/shared_leopard_toad/2025/Documents/06.10-13.10.2025/4Z/105MEDIA/DSCF0334.JPG,DSCF0334.JPG,4Z/105MEDIA,0,Other_Amphibian,0.2868,3152.5,2306.3,3268.8,2445.9
/srv/shared_leopard_toad/2025/Documents/06.10-13.10.2025/4Z/105MEDIA/DSCF0334.JPG,DSCF0334.JPG,4Z/105MEDIA,0,Other_Amphibian,0.2411,3141.1,2304.8,3272.5,2442.0
/srv/shared_leopard_toad/2025/Documents/06.10-13.10.2025/4Z/105MEDIA/DSCF0481.JPG,DSCF0481.JPG,4Z/105MEDIA,0,Other_Amphibian,0.3280,2596.7,2694.0,2748.4,2854.8
/srv/shared_leopard_toad/2025/Documents/06.10-13.10.2025/4Z/105MEDIA/DSCF0481.JPG,DSCF0481.JPG,4Z/105MEDIA,0,Other_Amphibian,0.2104,2599.0,2693.3,2753.1,2854.7
/srv/shared_leopard_toad/2025/Documents/06.10-13.10.2025/4Z/105MEDIA/DSCF0815.JPG,DSCF0815.JPG,4Z/105MEDIA,0,Other_Amphibian,0.2489,3229.0,1970.2,3352.7,2111.8
/srv/shared_leopard_toad/2025/Documents/06.10-13.10.2025/4Z/105MEDIA/DSCF0815.JPG,DSCF0815.JPG,4Z/105MEDIA,0,Other_Amphibian,0.2364,3222.7,1967.2,3350.2,2107.3
/srv/shared_leopard_toad/2025/Documents/06.10-13.10.2025/4Z/105MEDIA/DSCF0815.JPG,DSCF0815.JPG,4Z/105MEDIA,2,Western_Leopard_Toad,0.2178,3654.9,1656.5,3926.7,1924.0
/srv/shared_leopard_toad/2025/Documents/06.10-13.10.2025/4Z/105MEDIA/DSCF0300.JPG,DSCF0300.JPG,4Z/105MEDIA,0,Other_Amphibian,0.2556,3148.2,2308.3,3272.5,2446.5
/srv/shared_leopard_toad/2025/Documents/06.10-13.10.2025/4Z/105MEDIA/DSCF0696.JPG,DSCF0696.JPG,4Z/105MEDIA,2,Western_Leopard_Toad,0.3840,3655.8,1657.5,3930.5,1923.1
/srv/shared_leopard_toad/2025/Documents/06.10-13.10.2025/4Z/105MEDIA/DSCF0696.JPG,DSCF0696.JPG,4Z/105MEDIA,0,Other_Amphibian,0.3028,3224.7,1966.4,3349.3,2110.3
/srv/shared_leopard_toad/2025/Documents/06.10-13.10.2025/4Z/105MEDIA/DSCF0696.JPG,DSCF0696.JPG,4Z/105MEDIA,0,Other_Amphibian,0.3028,2569.6,1985.0,2862.8,2251.1
/srv/shared_leopard_toad/2025/Documents/06.10-13.10.2025/4Z/105MEDIA/DSCF0696.JPG,DSCF0696.JPG,4Z/105MEDIA,0,Other_Amphibian,0.2972,3218.8,1967.2,3348.0,2109.6
/srv/shared_leopard_toad/2025/Documents/06.10-13.10.2025/4Z/105MEDIA/DSCF0136.JPG,DSCF0136.JPG,4Z/105MEDIA,0,Other_Amphibian,0.2934,2597.8,2695.2,2745.5,2854.4
/srv/shared_leopard_toad/2025/Documents/06.10-13.10.2025/4Z/105MEDIA/DSCF0136.JPG,DSCF0136.JPG,4Z/105MEDIA,0,Other_Amphibian,0.2149,3146.3,2306.6,3274.9,2446.1
/srv/shared_leopard_toad/2025/Documents/06.10-13.10.2025/4Z/105MEDIA/DSCF0946.JPG,DSCF0946.JPG,4Z/105MEDIA,0,Other_Amphibian,0.3364,3219.0,1968.0,3345.8,2109.2
/srv/shared_leopard_toad/2025/Documents/06.10-13.10.2025/4Z/105MEDIA/DSCF0946.JPG,DSCF0946.JPG,4Z/105MEDIA,2,Western_Leopard_Toad,0.3179,3655.2,1657.3,3929.0,1923.2
/srv/shared_leopard_toad/2025/Documents/06.10-13.10.2025/4Z/105MEDIA/DSCF0946.JPG,DSCF0946.JPG,4Z/105MEDIA,0,Other_Amphibian,0.3026,3229.1,1967.6,3351.2,2110.4
/srv/shared_leopard_toad/2025/Documents/06.10-13.10.2025/4Z/105MEDIA/DSCF0569.JPG,DSCF0569.JPG,4Z/105MEDIA,0,Other_Amphibian,0.4906,4795.8,1319.4,4946.6,1555.7
/srv/shared_leopard_toad/2025/Documents/06.10-13.10.2025/4Z/105MEDIA/DSCF0569.JPG,DSCF0569.JPG,4Z/105MEDIA,2,Western_Leopard_Toad,0.3023,3642.7,1674.1,3921.8,1939.6
/srv/shared_leopard_toad/2025/Documents/06.10-13.10.2025/4Z/105MEDIA/DSCF0974.JPG,DSCF0974.JPG,4Z/105MEDIA,2,Western_Leopard_Toad,0.4615,3654.2,1655.7,3930.7,1921.8
/srv/shared_leopard_toad/2025/Documents/06.10-13.10.2025/4Z/105MEDIA/DSCF0974.JPG,DSCF0974.JPG,4Z/105MEDIA,0,Other_Amphibian,0.2087,3221.7,1967.7,3347.5,2108.2
/srv/shared_leopard_toad/2025/Documents/06.10-13.10.2025/4Z/105MEDIA/DSCF0204.JPG,DSCF0204.JPG,4Z/105MEDIA,0,Other_Amphibian,0.2925,3144.7,2303.7,3271.3,2442.4
/srv/shared_leopard_toad/2025/Documents/06.10-13.10.2025/4Z/105MEDIA/DSCF0204.JPG,DSCF0204.JPG,4Z/105MEDIA,0,Other_Amphibian,0.2295,2599.8,2695.8,2745.9,2854.8
/srv/shared_leopard_toad/2025/Documents/06.10-13.10.2025/4Z/105MEDIA/DSCF0122.JPG,DSCF0122.JPG,4Z/105MEDIA,0,Other_Amphibian,0.3710,2599.6,2695.8,2744.0,2853.2
/srv/shared_leopard_toad/2025/Documents/06.10-13.10.2025/4Z/105MEDIA/DSCF0122.JPG,DSCF0122.JPG,4Z/105MEDIA,0,Other_Amphibian,0.2284,2597.8,2695.3,2744.4,2852.4
/srv/shared_leopard_toad/2025/Documents/06.10-13.10.2025/4Z/105MEDIA/DSCF0122.JPG,DSCF0122.JPG,4Z/105MEDIA,0,Other_Amphibian,0.2075,3149.1,2307.6,3274.4,2447.2
/srv/shared_leopard_toad/2025/Documents/06.10-13.10.2025/4Z/105MEDIA/DSCF0733.JPG,DSCF0733.JPG,4Z/105MEDIA,0,Other_Amphibian,0.3346,2567.9,1983.0,2865.1,2252.0
/srv/shared_leopard_toad/2025/Documents/06.10-13.10.2025/4Z/105MEDIA/DSCF0733.JPG,DSCF0733.JPG,4Z/105MEDIA,2,Western_Leopard_Toad,0.2343,3653.9,1657.4,3926.9,1925.0
/srv/shared_leopard_toad/2025/Documents/06.10-13.10.2025/4Z/105MEDIA/DSCF0831.JPG,DSCF0831.JPG,4Z/105MEDIA,2,Western_Leopard_Toad,0.3120,3655.9,1656.5,3928.3,1924.5
/srv/shared_leopard_toad/2025/Documents/06.10-13.10.2025/4Z/105MEDIA/DSCF0294.JPG,DSCF0294.JPG,4Z/105MEDIA,0,Other_Amphibian,0.4355,2593.5,2697.9,2745.8,2854.5
/srv/shared_leopard_toad/2025/Documents/06.10-13.10.2025/4Z/105MEDIA/DSCF0294.JPG,DSCF0294.JPG,4Z/105MEDIA,0,Other_Amphibian,0.2960,2595.3,2698.5,2747.3,2853.7
/srv/shared_leopard_toad/2025/Documents/06.10-13.10.2025/4Z/105MEDIA/DSCF0294.JPG,DSCF0294.JPG,4Z/105MEDIA,0,Other_Amphibian,0.2344,3147.2,2307.3,3275.0,2448.2
/srv/shared_leopard_toad/2025/Documents/06.10-13.10.2025/4Z/105MEDIA/DSCF0276.JPG,DSCF0276.JPG,4Z/105MEDIA,0,Other_Amphibian,0.2969,3143.6,2304.3,3272.5,2443.2
/srv/shared_leopard_toad/2025/Documents/06.10-13.10.2025/4Z/105MEDIA/DSCF0415.JPG,DSCF0415.JPG,4Z/105MEDIA,0,Other_Amphibian,0.2159,3149.9,2306.7,3275.5,2446.5
/srv/shared_leopard_toad/2025/Documents/06.10-13.10.2025/4Z/105MEDIA/DSCF0771.JPG,DSCF0771.JPG,4Z/105MEDIA,2,Western_Leopard_Toad,0.3531,3655.3,1657.5,3927.6,1924.1
/srv/shared_leopard_toad/2025/Documents/06.10-13.10.2025/4Z/105MEDIA/DSCF0771.JPG,DSCF0771.JPG,4Z/105MEDIA,0,Other_Amphibian,0.2478,3220.1,1967.4,3346.5,2108.5
/srv/shared_leopard_toad/2025/Documents/06.10-13.10.2025/4Z/105MEDIA/DSCF0771.JPG,DSCF0771.JPG,4Z/105MEDIA,0,Other_Amphibian,0.2411,3228.5,1969.3,3349.9,2111.9
/srv/shared_leopard_toad/2025/Documents/06.10-13.10.2025/4Z/105MEDIA/DSCF0771.JPG,DSCF0771.JPG,4Z/105MEDIA,0,Other_Amphibian,0.2283,2567.8,1982.5,2849.9,2252.0
/srv/shared_leopard_toad/2025/Documents/06.10-13.10.2025/4Z/105MEDIA/DSCF0977.JPG,DSCF0977.JPG,4Z/105MEDIA,0,Other_Amphibian,0.4272,3474.5,2102.1,3694.5,2330.7
/srv/shared_leopard_toad/2025/Documents/06.10-13.10.2025/4Z/105MEDIA/DSCF0806.JPG,DSCF0806.JPG,4Z/105MEDIA,2,Western_Leopard_Toad,0.3371,3654.9,1655.8,3930.5,1923.2
/srv/shared_leopard_toad/2025/Documents/06.10-13.10.2025/4Z/105MEDIA/DSCF0806.JPG,DSCF0806.JPG,4Z/105MEDIA,0,Other_Amphibian,0.2866,3219.2,1967.6,3348.6,2110.3
/srv/shared_leopard_toad/2025/Documents/06.10-13.10.2025/4Z/105MEDIA/DSCF0806.JPG,DSCF0806.JPG,4Z/105MEDIA,0,Other_Amphibian,0.2555,3229.0,1973.6,3353.1,2117.4
/srv/shared_leopard_toad/2025/Documents/06.10-13.10.2025/4Z/105MEDIA/DSCF0142.JPG,DSCF0142.JPG,4Z/105MEDIA,0,Other_Amphibian,0.2953,3145.1,2304.5,3269.0,2443.2
/srv/shared_leopard_toad/2025/Documents/06.10-13.10.2025/4Z/105MEDIA/DSCF0142.JPG,DSCF0142.JPG,4Z/105MEDIA,0,Other_Amphibian,0.2213,2599.4,2696.3,2744.2,2854.2
/srv/shared_leopard_toad/2025/Documents/06.10-13.10.2025/4Z/105MEDIA/DSCF0552.JPG,DSCF0552.JPG,4Z/105MEDIA,0,Other_Amphibian,0.5482,4793.1,1322.1,4951.9,1560.6
/srv/shared_leopard_toad/2025/Documents/06.10-13.10.2025/4Z/105MEDIA/DSCF0552.JPG,DSCF0552.JPG,4Z/105MEDIA,2,Western_Leopard_Toad,0.2022,3646.4,1675.4,3921.6,1939.4
/srv/shared_leopard_toad/2025/Documents/06.10-13.10.2025/4Z/105MEDIA/DSCF0179.JPG,DSCF0179.JPG,4Z/105MEDIA,0,Other_Amphibian,0.3587,2600.1,2695.5,2744.8,2854.7
/srv/shared_leopard_toad/2025/Documents/06.10-13.10.2025/4Z/105MEDIA/DSCF0575.JPG,DSCF0575.JPG,4Z/105MEDIA,2,Western_Leopard_Toad,0.3414,3642.2,1674.2,3917.4,1938.6
/srv/shared_leopard_toad/2025/Documents/06.10-13.10.2025/4Z/105MEDIA/DSCF0066.JPG,DSCF0066.JPG,4Z/105MEDIA,0,Other_Amphibian,0.3735,3145.4,2302.1,3268.4,2442.0
/srv/shared_leopard_toad/2025/Documents/06.10-13.10.2025/4Z/105MEDIA/DSCF0066.JPG,DSCF0066.JPG,4Z/105MEDIA,0,Other_Amphibian,0.2877,2598.3,2695.6,2745.6,2854.0
/srv/shared_leopard_toad/2025/Documents/06.10-13.10.2025/4Z/105MEDIA/DSCF0066.JPG,DSCF0066.JPG,4Z/105MEDIA,0,Other_Amphibian,0.2653,3150.7,2307.3,3265.2,2447.8
/srv/shared_leopard_toad/2025/Documents/06.10-13.10.2025/4Z/105MEDIA/DSCF0019.JPG,DSCF0019.JPG,4Z/105MEDIA,0,Other_Amphibian,0.2229,2600.3,2694.0,2746.4,2853.8
/srv/shared_leopard_toad/2025/Documents/06.10-13.10.2025/4Z/105MEDIA/DSCF0019.JPG,DSCF0019.JPG,4Z/105MEDIA,0,Other_Amphibian,0.2130,3148.4,2307.8,3272.0,2446.2
/srv/shared_leopard_toad/2025/Documents/06.10-13.10.2025/4Z/105MEDIA/DSCF0160.JPG,DSCF0160.JPG,4Z/105MEDIA,0,Other_Amphibian,0.3889,2597.8,2695.9,2746.5,2854.4
/srv/shared_leopard_toad/2025/Documents/06.10-13.10.2025/4Z/105MEDIA/DSCF0160.JPG,DSCF0160.JPG,4Z/105MEDIA,0,Other_Amphibian,0.2655,2598.3,2695.1,2748.4,2853.8
/srv/shared_leopard_toad/2025/Documents/06.10-13.10.2025/4Z/105MEDIA/DSCF0034.JPG,DSCF0034.JPG,4Z/105MEDIA,0,Other_Amphibian,0.2647,2596.5,2695.7,2745.8,2854.6
/srv/shared_leopard_toad/2025/Documents/06.10-13.10.2025/4Z/105MEDIA/DSCF0818.JPG,DSCF0818.JPG,4Z/105MEDIA,2,Western_Leopard_Toad,0.2963,3656.0,1654.8,3927.6,1923.3
/srv/shared_leopard_toad/2025/Documents/06.10-13.10.2025/4Z/105MEDIA/DSCF0818.JPG,DSCF0818.JPG,4Z/105MEDIA,0,Other_Amphibian,0.2961,3220.4,1968.0,3347.8,2108.2
/srv/shared_leopard_toad/2025/Documents/06.10-13.10.2025/4Z/105MEDIA/DSCF0818.JPG,DSCF0818.JPG,4Z/105MEDIA,0,Other_Amphibian,0.2786,3228.5,1971.2,3351.7,2112.2
/srv/shared_leopard_toad/2025/Documents/06.10-13.10.2025/4Z/105MEDIA/DSCF0583.JPG,DSCF0583.JPG,4Z/105MEDIA,2,Western_Leopard_Toad,0.6025,3642.7,1671.8,3921.5,1939.5
/srv/shared_leopard_toad/2025/Documents/06.10-13.10.2025/4Z/105MEDIA/DSCF0583.JPG,DSCF0583.JPG,4Z/105MEDIA,0,Other_Amphibian,0.4460,4800.3,1319.6,4948.1,1559.5
/srv/shared_leopard_toad/2025/Documents/06.10-13.10.2025/4Z/105MEDIA/DSCF0005.JPG,DSCF0005.JPG,4Z/105MEDIA,0,Other_Amphibian,0.3200,2599.7,2693.9,2745.6,2854.4
/srv/shared_leopard_toad/2025/Documents/06.10-13.10.2025/4Z/105MEDIA/DSCF0005.JPG,DSCF0005.JPG,4Z/105MEDIA,0,Other_Amphibian,0.2972,3145.6,2303.1,3271.1,2442.1
/srv/shared_leopard_toad/2025/Documents/06.10-13.10.2025/4Z/105MEDIA/DSCF0005.JPG,DSCF0005.JPG,4Z/105MEDIA,0,Other_Amphibian,0.2343,2597.8,2693.3,2743.5,2853.7
/srv/shared_leopard_toad/2025/Documents/06.10-13.10.2025/4Z/105MEDIA/DSCF0452.JPG,DSCF0452.JPG,4Z/105MEDIA,0,Other_Amphibian,0.2315,3153.7,2308.6,3270.4,2448.7
/srv/shared_leopard_toad/2025/Documents/06.10-13.10.2025/4Z/105MEDIA/DSCF0952.JPG,DSCF0952.JPG,4Z/105MEDIA,2,Western_Leopard_Toad,0.3132,3656.3,1655.8,3927.0,1922.8
/srv/shared_leopard_toad/2025/Documents/06.10-13.10.2025/4Z/105MEDIA/DSCF0952.JPG,DSCF0952.JPG,4Z/105MEDIA,0,Other_Amphibian,0.2098,3225.8,1971.3,3350.5,2111.2
/srv/shared_leopard_toad/2025/Documents/06.10-13.10.2025/4Z/105MEDIA/DSCF0172.JPG,DSCF0172.JPG,4Z/105MEDIA,0,Other_Amphibian,0.3217,2601.5,2696.2,2745.7,2853.9
/srv/shared_leopard_toad/2025/Documents/06.10-13.10.2025/4Z/105MEDIA/DSCF0172.JPG,DSCF0172.JPG,4Z/105MEDIA,0,Other_Amphibian,0.2133,3149.4,2306.3,3274.8,2446.2
/srv/shared_leopard_toad/2025/Documents/06.10-13.10.2025/4Z/105MEDIA/DSCF0172.JPG,DSCF0172.JPG,4Z/105MEDIA,0,Other_Amphibian,0.2011,2600.7,2695.9,2745.3,2853.0
/srv/shared_leopard_toad/2025/Documents/06.10-13.10.2025/4Z/105MEDIA/DSCF0382.JPG,DSCF0382.JPG,4Z/105MEDIA,0,Other_Amphibian,0.2218,3144.4,2302.6,3272.6,2442.7
/srv/shared_leopard_toad/2025/Documents/06.10-13.10.2025/4Z/105MEDIA/DSCF0274.JPG,DSCF0274.JPG,4Z/105MEDIA,0,Other_Amphibian,0.2786,2596.4,2695.7,2746.5,2854.1
/srv/shared_leopard_toad/2025/Documents/06.10-13.10.2025/4Z/105MEDIA/DSCF0259.JPG,DSCF0259.JPG,4Z/105MEDIA,0,Other_Amphibian,0.2105,3148.5,2309.5,3272.3,2449.6
/srv/shared_leopard_toad/2025/Documents/06.10-13.10.2025/4Z/105MEDIA/DSCF0797.JPG,DSCF0797.JPG,4Z/105MEDIA,2,Western_Leopard_Toad,0.2761,3656.1,1655.4,3927.6,1924.0
/srv/shared_leopard_toad/2025/Documents/06.10-13.10.2025/4Z/105MEDIA/DSCF0797.JPG,DSCF0797.JPG,4Z/105MEDIA,0,Other_Amphibian,0.2261,3220.9,1968.2,3348.2,2107.3
/srv/shared_leopard_toad/2025/Documents/06.10-13.10.2025/4Z/105MEDIA/DSCF0797.JPG,DSCF0797.JPG,4Z/105MEDIA,0,Other_Amphibian,0.2259,3227.5,1971.9,3350.5,2112.1
/srv/shared_leopard_toad/2025/Documents/06.10-13.10.2025/4Z/105MEDIA/DSCF0665.JPG,DSCF0665.JPG,4Z/105MEDIA,0,Other_Amphibian,0.3634,2566.6,1980.4,2861.1,2255.3
/srv/shared_leopard_toad/2025/Documents/06.10-13.10.2025/4Z/105MEDIA/DSCF0665.JPG,DSCF0665.JPG,4Z/105MEDIA,2,Western_Leopard_Toad,0.2085,3654.8,1656.7,3925.1,1926.1
/srv/shared_leopard_toad/2025/Documents/06.10-13.10.2025/4Z/105MEDIA/DSCF0630.JPG,DSCF0630.JPG,4Z/105MEDIA,0,Other_Amphibian,0.2370,3228.9,1968.4,3349.5,2109.5
/srv/shared_leopard_toad/2025/Documents/06.10-13.10.2025/4Z/105MEDIA/DSCF0630.JPG,DSCF0630.JPG,4Z/105MEDIA,0,Other_Amphibian,0.2244,3222.7,1968.9,3348.1,2108.4
/srv/shared_leopard_toad/2025/Documents/06.10-13.10.2025/4Z/105MEDIA/DSCF0630.JPG,DSCF0630.JPG,4Z/105MEDIA,0,Other_Amphibian,0.2115,2569.3,1982.0,2862.0,2254.6
/srv/shared_leopard_toad/2025/Documents/06.10-13.10.2025/4Z/105MEDIA/DSCF0776.JPG,DSCF0776.JPG,4Z/105MEDIA,2,Western_Leopard_Toad,0.5215,3655.4,1657.7,3928.2,1923.9
/srv/shared_leopard_toad/2025/Documents/06.10-13.10.2025/4Z/105MEDIA/DSCF0776.JPG,DSCF0776.JPG,4Z/105MEDIA,0,Other_Amphibian,0.3508,2568.1,1981.8,2862.7,2251.6
/srv/shared_leopard_toad/2025/Documents/06.10-13.10.2025/4Z/105MEDIA/DSCF0957.JPG,DSCF0957.JPG,4Z/105MEDIA,2,Western_Leopard_Toad,0.3641,3653.9,1656.0,3930.6,1922.9
/srv/shared_leopard_toad/2025/Documents/06.10-13.10.2025/4Z/105MEDIA/DSCF0957.JPG,DSCF0957.JPG,4Z/105MEDIA,0,Other_Amphibian,0.2164,3220.4,1968.6,3346.5,2108.1
/srv/shared_leopard_toad/2025/Documents/06.10-13.10.2025/4Z/105MEDIA/DSCF0557.JPG,DSCF0557.JPG,4Z/105MEDIA,2,Western_Leopard_Toad,0.2278,3642.6,1675.4,3918.3,1939.4
/srv/shared_leopard_toad/2025/Documents/06.10-13.10.2025/4Z/105MEDIA/DSCF0766.JPG,DSCF0766.JPG,4Z/105MEDIA,2,Western_Leopard_Toad,0.2951,3657.1,1655.9,3927.6,1924.4
/srv/shared_leopard_toad/2025/Documents/06.10-13.10.2025/4Z/105MEDIA/DSCF0766.JPG,DSCF0766.JPG,4Z/105MEDIA,0,Other_Amphibian,0.2710,3218.8,1965.6,3345.0,2107.3
/srv/shared_leopard_toad/2025/Documents/06.10-13.10.2025/4Z/105MEDIA/DSCF0766.JPG,DSCF0766.JPG,4Z/105MEDIA,0,Other_Amphibian,0.2279,3224.4,1968.1,3346.7,2110.2
/srv/shared_leopard_toad/2025/Documents/06.10-13.10.2025/4Z/105MEDIA/DSCF0766.JPG,DSCF0766.JPG,4Z/105MEDIA,0,Other_Amphibian,0.2223,2573.4,1981.2,2859.9,2249.3
/srv/shared_leopard_toad/2025/Documents/06.10-13.10.2025/4Z/105MEDIA/DSCF0035.JPG,DSCF0035.JPG,4Z/105MEDIA,0,Other_Amphibian,0.2361,2596.6,2693.5,2745.8,2854.0
/srv/shared_leopard_toad/2025/Documents/06.10-13.10.2025/4Z/105MEDIA/DSCF0995.JPG,DSCF0995.JPG,4Z/105MEDIA,0,Other_Amphibian,0.2150,3228.5,1971.0,3351.6,2112.8
/srv/shared_leopard_toad/2025/Documents/06.10-13.10.2025/4Z/105MEDIA/DSCF0995.JPG,DSCF0995.JPG,4Z/105MEDIA,0,Other_Amphibian,0.2008,3654.0,1656.6,3926.1,1922.2
/srv/shared_leopard_toad/2025/Documents/06.10-13.10.2025/4Z/105MEDIA/DSCF0269.JPG,DSCF0269.JPG,4Z/105MEDIA,0,Other_Amphibian,0.3105,3147.1,2304.0,3270.3,2443.9
/srv/shared_leopard_toad/2025/Documents/06.10-13.10.2025/4Z/105MEDIA/DSCF0004.JPG,DSCF0004.JPG,4Z/105MEDIA,0,Other_Amphibian,0.3446,2599.9,2696.2,2744.3,2853.7
/srv/shared_leopard_toad/2025/Documents/06.10-13.10.2025/4Z/105MEDIA/DSCF0004.JPG,DSCF0004.JPG,4Z/105MEDIA,0,Other_Amphibian,0.2276,2602.8,2696.0,2747.9,2853.1
/srv/shared_leopard_toad/2025/Documents/06.10-13.10.2025/4Z/105MEDIA/DSCF0004.JPG,DSCF0004.JPG,4Z/105MEDIA,0,Other_Amphibian,0.2260,3150.3,2306.0,3278.3,2447.3
/srv/shared_leopard_toad/2025/Documents/06.10-13.10.2025/4Z/105MEDIA/DSCF0159.JPG,DSCF0159.JPG,4Z/105MEDIA,0,Other_Amphibian,0.2991,2600.7,2696.2,2747.2,2854.5
/srv/shared_leopard_toad/2025/Documents/06.10-13.10.2025/4Z/105MEDIA/DSCF0159.JPG,DSCF0159.JPG,4Z/105MEDIA,0,Other_Amphibian,0.2084,2598.2,2695.5,2743.8,2853.4
/srv/shared_leopard_toad/2025/Documents/06.10-13.10.2025/4Z/105MEDIA/DSCF0313.JPG,DSCF0313.JPG,4Z/105MEDIA,0,Other_Amphibian,0.3740,2600.6,2696.2,2745.3,2853.7
/srv/shared_leopard_toad/2025/Documents/06.10-13.10.2025/4Z/105MEDIA/DSCF0313.JPG,DSCF0313.JPG,4Z/105MEDIA,0,Other_Amphibian,0.2100,2599.4,2696.4,2743.4,2853.0
/srv/shared_leopard_toad/2025/Documents/06.10-13.10.2025/4Z/105MEDIA/DSCF0297.JPG,DSCF0297.JPG,4Z/105MEDIA,0,Other_Amphibian,0.3855,2594.2,2697.1,2745.6,2854.7
/srv/shared_leopard_toad/2025/Documents/06.10-13.10.2025/4Z/105MEDIA/DSCF0297.JPG,DSCF0297.JPG,4Z/105MEDIA,0,Other_Amphibian,0.2690,2595.5,2696.7,2746.2,2854.5
/srv/shared_leopard_toad/2025/Documents/06.10-13.10.2025/4Z/105MEDIA/DSCF0297.JPG,DSCF0297.JPG,4Z/105MEDIA,0,Other_Amphibian,0.2009,3149.3,2306.7,3271.1,2447.1
/srv/shared_leopard_toad/2025/Documents/06.10-13.10.2025/4Z/105MEDIA/DSCF0719.JPG,DSCF0719.JPG,4Z/105MEDIA,0,Other_Amphibian,0.4121,2567.6,1982.2,2865.5,2251.2
/srv/shared_leopard_toad/2025/Documents/06.10-13.10.2025/4Z/105MEDIA/DSCF0719.JPG,DSCF0719.JPG,4Z/105MEDIA,2,Western_Leopard_Toad,0.3845,3657.5,1657.1,3930.0,1924.4
/srv/shared_leopard_toad/2025/Documents/06.10-13.10.2025/4Z/105MEDIA/DSCF0719.JPG,DSCF0719.JPG,4Z/105MEDIA,0,Other_Amphibian,0.2410,3219.5,1969.4,3345.9,2109.7
/srv/shared_leopard_toad/2025/Documents/06.10-13.10.2025/4Z/105MEDIA/DSCF0719.JPG,DSCF0719.JPG,4Z/105MEDIA,0,Other_Amphibian,0.2129,3221.6,1974.8,3342.2,2116.3
/srv/shared_leopard_toad/2025/Documents/06.10-13.10.2025/4Z/105MEDIA/DSCF0170.JPG,DSCF0170.JPG,4Z/105MEDIA,0,Other_Amphibian,0.2238,3149.4,2306.0,3271.7,2446.7
/srv/shared_leopard_toad/2025/Documents/06.10-13.10.2025/4Z/105MEDIA/DSCF0170.JPG,DSCF0170.JPG,4Z/105MEDIA,0,Other_Amphibian,0.2082,2597.3,2694.2,2744.7,2854.4
/srv/shared_leopard_toad/2025/Documents/06.10-13.10.2025/4Z/105MEDIA/DSCF0897.JPG,DSCF0897.JPG,4Z/105MEDIA,2,Western_Leopard_Toad,0.4130,3655.5,1655.0,3931.0,1922.6
/srv/shared_leopard_toad/2025/Documents/06.10-13.10.2025/4Z/105MEDIA/DSCF0897.JPG,DSCF0897.JPG,4Z/105MEDIA,0,Other_Amphibian,0.2229,3222.3,1968.1,3346.1,2107.2
/srv/shared_leopard_toad/2025/Documents/06.10-13.10.2025/4Z/105MEDIA/DSCF0352.JPG,DSCF0352.JPG,4Z/105MEDIA,0,Other_Amphibian,0.4088,2593.6,2695.1,2745.8,2854.3
/srv/shared_leopard_toad/2025/Documents/06.10-13.10.2025/4Z/105MEDIA/DSCF0352.JPG,DSCF0352.JPG,4Z/105MEDIA,0,Other_Amphibian,0.2675,2595.8,2695.5,2749.8,2853.5
/srv/shared_leopard_toad/2025/Documents/06.10-13.10.2025/4Z/105MEDIA/DSCF0352.JPG,DSCF0352.JPG,4Z/105MEDIA,0,Other_Amphibian,0.2270,3146.7,2303.9,3275.0,2444.7
/srv/shared_leopard_toad/2025/Documents/06.10-13.10.2025/4Z/105MEDIA/DSCF0628.JPG,DSCF0628.JPG,4Z/105MEDIA,0,Other_Amphibian,0.3381,2568.1,1984.5,2865.6,2251.8
/srv/shared_leopard_toad/2025/Documents/06.10-13.10.2025/4Z/105MEDIA/DSCF0628.JPG,DSCF0628.JPG,4Z/105MEDIA,0,Other_Amphibian,0.2137,3229.6,1972.9,3352.4,2115.3
/srv/shared_leopard_toad/2025/Documents/06.10-13.10.2025/4Z/105MEDIA/DSCF0628.JPG,DSCF0628.JPG,4Z/105MEDIA,0,Other_Amphibian,0.2083,3220.5,1968.2,3348.6,2109.4
/srv/shared_leopard_toad/2025/Documents/06.10-13.10.2025/4Z/105MEDIA/DSCF0793.JPG,DSCF0793.JPG,4Z/105MEDIA,2,Western_Leopard_Toad,0.3719,3657.7,1656.0,3929.8,1924.1
/srv/shared_leopard_toad/2025/Documents/06.10-13.10.2025/4Z/105MEDIA/DSCF0793.JPG,DSCF0793.JPG,4Z/105MEDIA,0,Other_Amphibian,0.2563,3222.3,1966.1,3348.1,2107.7
/srv/shared_leopard_toad/2025/Documents/06.10-13.10.2025/4Z/105MEDIA/DSCF0793.JPG,DSCF0793.JPG,4Z/105MEDIA,0,Other_Amphibian,0.2309,3230.4,1972.2,3353.0,2115.1
/srv/shared_leopard_toad/2025/Documents/06.10-13.10.2025/4Z/105MEDIA/DSCF0793.JPG,DSCF0793.JPG,4Z/105MEDIA,0,Other_Amphibian,0.2254,3355.3,2261.8,3568.8,2408.8
/srv/shared_leopard_toad/2025/Documents/06.10-13.10.2025/4Z/105MEDIA/DSCF0879.JPG,DSCF0879.JPG,4Z/105MEDIA,0,Other_Amphibian,0.4011,3219.9,1965.4,3350.6,2108.8
/srv/shared_leopard_toad/2025/Documents/06.10-13.10.2025/4Z/105MEDIA/DSCF0879.JPG,DSCF0879.JPG,4Z/105MEDIA,0,Other_Amphibian,0.3490,3657.7,1657.0,3930.7,1922.9
/srv/shared_leopard_toad/2025/Documents/06.10-13.10.2025/4Z/105MEDIA/DSCF0879.JPG,DSCF0879.JPG,4Z/105MEDIA,0,Other_Amphibian,0.3278,3227.3,1968.2,3353.9,2112.1
/srv/shared_leopard_toad/2025/Documents/06.10-13.10.2025/4Z/105MEDIA/DSCF0646.JPG,DSCF0646.JPG,4Z/105MEDIA,2,Western_Leopard_Toad,0.3260,3654.8,1657.5,3929.8,1924.6
/srv/shared_leopard_toad/2025/Documents/06.10-13.10.2025/4Z/105MEDIA/DSCF0646.JPG,DSCF0646.JPG,4Z/105MEDIA,0,Other_Amphibian,0.2711,2566.9,1983.7,2862.9,2251.8
/srv/shared_leopard_toad/2025/Documents/06.10-13.10.2025/4Z/105MEDIA/DSCF0646.JPG,DSCF0646.JPG,4Z/105MEDIA,0,Other_Amphibian,0.2113,3227.0,1971.8,3350.8,2113.1
/srv/shared_leopard_toad/2025/Documents/06.10-13.10.2025/4Z/105MEDIA/DSCF0646.JPG,DSCF0646.JPG,4Z/105MEDIA,0,Other_Amphibian,0.2077,3219.5,1968.3,3348.4,2108.7
/srv/shared_leopard_toad/2025/Documents/06.10-13.10.2025/4Z/105MEDIA/DSCF0859.JPG,DSCF0859.JPG,4Z/105MEDIA,2,Western_Leopard_Toad,0.2941,3655.0,1658.4,3927.5,1924.4
/srv/shared_leopard_toad/2025/Documents/06.10-13.10.2025/4Z/105MEDIA/DSCF0859.JPG,DSCF0859.JPG,4Z/105MEDIA,0,Other_Amphibian,0.2502,3222.6,1966.0,3349.8,2107.8
/srv/shared_leopard_toad/2025/Documents/06.10-13.10.2025/4Z/105MEDIA/DSCF0859.JPG,DSCF0859.JPG,4Z/105MEDIA,0,Other_Amphibian,0.2351,3227.2,1968.7,3351.0,2111.2
/srv/shared_leopard_toad/2025/Documents/06.10-13.10.2025/4Z/105MEDIA/DSCF0161.JPG,DSCF0161.JPG,4Z/105MEDIA,0,Other_Amphibian,0.2456,2591.4,2693.7,2743.9,2855.2
/srv/shared_leopard_toad/2025/Documents/06.10-13.10.2025/4Z/105MEDIA/DSCF0321.JPG,DSCF0321.JPG,4Z/105MEDIA,0,Other_Amphibian,0.2665,3146.8,2305.7,3273.2,2444.5
/srv/shared_leopard_toad/2025/Documents/06.10-13.10.2025/4Z/105MEDIA/DSCF0321.JPG,DSCF0321.JPG,4Z/105MEDIA,0,Other_Amphibian,0.2560,2596.6,2695.8,2743.3,2854.2
/srv/shared_leopard_toad/2025/Documents/06.10-13.10.2025/4Z/105MEDIA/DSCF0919.JPG,DSCF0919.JPG,4Z/105MEDIA,2,Western_Leopard_Toad,0.3188,3656.3,1658.2,3928.5,1923.1
/srv/shared_leopard_toad/2025/Documents/06.10-13.10.2025/4Z/105MEDIA/DSCF0002.JPG,DSCF0002.JPG,4Z/105MEDIA,0,Other_Amphibian,0.2368,3148.7,2307.8,3276.1,2446.2
/srv/shared_leopard_toad/2025/Documents/06.10-13.10.2025/4Z/105MEDIA/DSCF0002.JPG,DSCF0002.JPG,4Z/105MEDIA,0,Other_Amphibian,0.2122,2602.1,2692.9,2746.1,2854.3
/srv/shared_leopard_toad/2025/Documents/06.10-13.10.2025/4Z/105MEDIA/DSCF0845.JPG,DSCF0845.JPG,4Z/105MEDIA,2,Western_Leopard_Toad,0.3834,3657.3,1656.5,3928.8,1924.5
/srv/shared_leopard_toad/2025/Documents/06.10-13.10.2025/4Z/105MEDIA/DSCF0751.JPG,DSCF0751.JPG,4Z/105MEDIA,0,Other_Amphibian,0.3022,2569.7,1981.6,2864.4,2254.1
/srv/shared_leopard_toad/2025/Documents/06.10-13.10.2025/4Z/105MEDIA/DSCF0751.JPG,DSCF0751.JPG,4Z/105MEDIA,2,Western_Leopard_Toad,0.2641,3655.9,1656.5,3927.4,1923.6
/srv/shared_leopard_toad/2025/Documents/06.10-13.10.2025/4Z/105MEDIA/DSCF0751.JPG,DSCF0751.JPG,4Z/105MEDIA,0,Other_Amphibian,0.2468,3219.8,1967.0,3347.0,2107.1
/srv/shared_leopard_toad/2025/Documents/06.10-13.10.2025/4Z/105MEDIA/DSCF0751.JPG,DSCF0751.JPG,4Z/105MEDIA,0,Other_Amphibian,0.2268,3227.2,1970.6,3349.2,2111.9
/srv/shared_leopard_toad/2025/Documents/06.10-13.10.2025/4Z/105MEDIA/DSCF0578.JPG,DSCF0578.JPG,4Z/105MEDIA,2,Western_Leopard_Toad,0.5812,3642.5,1673.4,3921.5,1936.2
/srv/shared_leopard_toad/2025/Documents/06.10-13.10.2025/4Z/105MEDIA/DSCF0847.JPG,DSCF0847.JPG,4Z/105MEDIA,0,Other_Amphibian,0.3795,3217.3,1967.4,3346.0,2108.4
/srv/shared_leopard_toad/2025/Documents/06.10-13.10.2025/4Z/105MEDIA/DSCF0847.JPG,DSCF0847.JPG,4Z/105MEDIA,0,Other_Amphibian,0.3598,3224.9,1967.1,3349.2,2108.6
/srv/shared_leopard_toad/2025/Documents/06.10-13.10.2025/4Z/105MEDIA/DSCF0847.JPG,DSCF0847.JPG,4Z/105MEDIA,2,Western_Leopard_Toad,0.3137,3652.9,1655.6,3926.3,1923.1
/srv/shared_leopard_toad/2025/Documents/06.10-13.10.2025/4Z/105MEDIA/DSCF0803.JPG,DSCF0803.JPG,4Z/105MEDIA,0,Other_Amphibian,0.2884,3221.3,1966.9,3350.2,2108.8
/srv/shared_leopard_toad/2025/Documents/06.10-13.10.2025/4Z/105MEDIA/DSCF0803.JPG,DSCF0803.JPG,4Z/105MEDIA,0,Other_Amphibian,0.2728,3226.5,1969.4,3353.0,2112.0
/srv/shared_leopard_toad/2025/Documents/06.10-13.10.2025/4Z/105MEDIA/DSCF0803.JPG,DSCF0803.JPG,4Z/105MEDIA,0,Other_Amphibian,0.2506,3654.8,1656.2,3927.0,1924.5
/srv/shared_leopard_toad/2025/Documents/06.10-13.10.2025/4Z/105MEDIA/DSCF0585.JPG,DSCF0585.JPG,4Z/105MEDIA,2,Western_Leopard_Toad,0.8132,3643.3,1670.9,3924.1,1937.1
/srv/shared_leopard_toad/2025/Documents/06.10-13.10.2025/4Z/105MEDIA/DSCF0228.JPG,DSCF0228.JPG,4Z/105MEDIA,0,Other_Amphibian,0.2285,2596.2,2695.5,2743.4,2854.9
/srv/shared_leopard_toad/2025/Documents/06.10-13.10.2025/4Z/105MEDIA/DSCF0253.JPG,DSCF0253.JPG,4Z/105MEDIA,0,Other_Amphibian,0.3939,3145.8,2302.6,3270.0,2441.1
/srv/shared_leopard_toad/2025/Documents/06.10-13.10.2025/4Z/105MEDIA/DSCF0253.JPG,DSCF0253.JPG,4Z/105MEDIA,0,Other_Amphibian,0.2387,3142.1,2307.3,3278.1,2443.9
/srv/shared_leopard_toad/2025/Documents/06.10-13.10.2025/4Z/105MEDIA/DSCF0253.JPG,DSCF0253.JPG,4Z/105MEDIA,0,Other_Amphibian,0.2322,2596.3,2694.1,2747.0,2855.0
/srv/shared_leopard_toad/2025/Documents/06.10-13.10.2025/4Z/105MEDIA/DSCF0253.JPG,DSCF0253.JPG,4Z/105MEDIA,0,Other_Amphibian,0.2182,3154.9,2311.0,3273.0,2449.1
/srv/shared_leopard_toad/2025/Documents/06.10-13.10.2025/4Z/105MEDIA/DSCF0218.JPG,DSCF0218.JPG,4Z/105MEDIA,0,Other_Amphibian,0.3332,3147.7,2304.9,3272.1,2442.8
/srv/shared_leopard_toad/2025/Documents/06.10-13.10.2025/4Z/105MEDIA/DSCF0218.JPG,DSCF0218.JPG,4Z/105MEDIA,0,Other_Amphibian,0.2850,2594.5,2695.7,2744.1,2854.2
/srv/shared_leopard_toad/2025/Documents/06.10-13.10.2025/4Z/105MEDIA/DSCF0435.JPG,DSCF0435.JPG,4Z/105MEDIA,0,Other_Amphibian,0.2392,3143.7,2304.2,3274.2,2444.7
/srv/shared_leopard_toad/2025/Documents/06.10-13.10.2025/4Z/105MEDIA/DSCF0819.JPG,DSCF0819.JPG,4Z/105MEDIA,2,Western_Leopard_Toad,0.3495,3655.5,1655.0,3929.4,1923.6
/srv/shared_leopard_toad/2025/Documents/06.10-13.10.2025/4Z/105MEDIA/DSCF0819.JPG,DSCF0819.JPG,4Z/105MEDIA,0,Other_Amphibian,0.2535,3222.6,1966.4,3348.2,2108.2
/srv/shared_leopard_toad/2025/Documents/06.10-13.10.2025/4Z/105MEDIA/DSCF0819.JPG,DSCF0819.JPG,4Z/105MEDIA,0,Other_Amphibian,0.2153,3229.7,1973.5,3352.2,2115.6
/srv/shared_leopard_toad/2025/Documents/06.10-13.10.2025/4Z/105MEDIA/DSCF0680.JPG,DSCF0680.JPG,4Z/105MEDIA,0,Other_Amphibian,0.5305,2561.9,1982.4,2864.1,2252.3
/srv/shared_leopard_toad/2025/Documents/06.10-13.10.2025/4Z/105MEDIA/DSCF0680.JPG,DSCF0680.JPG,4Z/105MEDIA,2,Western_Leopard_Toad,0.4399,3653.9,1656.7,3929.6,1922.6
/srv/shared_leopard_toad/2025/Documents/06.10-13.10.2025/4Z/105MEDIA/DSCF0260.JPG,DSCF0260.JPG,4Z/105MEDIA,0,Other_Amphibian,0.3567,3143.9,2303.3,3270.8,2442.0
/srv/shared_leopard_toad/2025/Documents/06.10-13.10.2025/4Z/105MEDIA/DSCF0260.JPG,DSCF0260.JPG,4Z/105MEDIA,0,Other_Amphibian,0.2043,3155.2,2310.7,3273.4,2449.6
/srv/shared_leopard_toad/2025/Documents/06.10-13.10.2025/4Z/105MEDIA/DSCF0115.JPG,DSCF0115.JPG,4Z/105MEDIA,0,Other_Amphibian,0.2364,2600.6,2692.4,2746.8,2854.3
/srv/shared_leopard_toad/2025/Documents/06.10-13.10.2025/4Z/105MEDIA/DSCF0037.JPG,DSCF0037.JPG,4Z/105MEDIA,0,Other_Amphibian,0.2799,3144.2,2306.4,3270.9,2443.8
/srv/shared_leopard_toad/2025/Documents/06.10-13.10.2025/4Z/105MEDIA/DSCF0037.JPG,DSCF0037.JPG,4Z/105MEDIA,0,Other_Amphibian,0.2606,2597.8,2695.4,2741.8,2853.8
/srv/shared_leopard_toad/2025/Documents/06.10-13.10.2025/4Z/105MEDIA/DSCF0056.JPG,DSCF0056.JPG,4Z/105MEDIA,0,Other_Amphibian,0.2600,3149.1,2304.7,3274.4,2446.5
/srv/shared_leopard_toad/2025/Documents/06.10-13.10.2025/4Z/105MEDIA/DSCF0056.JPG,DSCF0056.JPG,4Z/105MEDIA,0,Other_Amphibian,0.2236,2595.9,2695.5,2744.2,2854.9
/srv/shared_leopard_toad/2025/Documents/06.10-13.10.2025/4Z/105MEDIA/DSCF0641.JPG,DSCF0641.JPG,4Z/105MEDIA,0,Other_Amphibian,0.3061,2572.1,1983.3,2866.5,2253.2
/srv/shared_leopard_toad/2025/Documents/06.10-13.10.2025/4Z/105MEDIA/DSCF0641.JPG,DSCF0641.JPG,4Z/105MEDIA,0,Other_Amphibian,0.2800,3658.7,1656.5,3929.8,1924.4
/srv/shared_leopard_toad/2025/Documents/06.10-13.10.2025/4Z/105MEDIA/DSCF0641.JPG,DSCF0641.JPG,4Z/105MEDIA,0,Other_Amphibian,0.2154,3227.3,1969.1,3351.0,2111.0
/srv/shared_leopard_toad/2025/Documents/06.10-13.10.2025/4Z/105MEDIA/DSCF0641.JPG,DSCF0641.JPG,4Z/105MEDIA,0,Other_Amphibian,0.2125,3219.7,1968.0,3347.8,2108.4
/srv/shared_leopard_toad/2025/Documents/06.10-13.10.2025/4Z/105MEDIA/DSCF0624.JPG,DSCF0624.JPG,4Z/105MEDIA,0,Other_Amphibian,0.3408,2571.4,1987.2,2868.6,2251.7
/srv/shared_leopard_toad/2025/Documents/06.10-13.10.2025/4Z/105MEDIA/DSCF0561.JPG,DSCF0561.JPG,4Z/105MEDIA,2,Western_Leopard_Toad,0.5491,3643.4,1675.6,3918.8,1939.9
/srv/shared_leopard_toad/2025/Documents/06.10-13.10.2025/4Z/105MEDIA/DSCF0436.JPG,DSCF0436.JPG,4Z/105MEDIA,0,Other_Amphibian,0.2310,3147.6,2306.2,3278.6,2448.5
/srv/shared_leopard_toad/2025/Documents/06.10-13.10.2025/4Z/105MEDIA/DSCF0616.JPG,DSCF0616.JPG,4Z/105MEDIA,2,Western_Leopard_Toad,0.8175,3645.2,1666.6,3925.6,1935.4
/srv/shared_leopard_toad/2025/Documents/06.10-13.10.2025/4Z/105MEDIA/DSCF0616.JPG,DSCF0616.JPG,4Z/105MEDIA,2,Western_Leopard_Toad,0.3251,5234.5,2395.4,5366.9,2851.2
/srv/shared_leopard_toad/2025/Documents/06.10-13.10.2025/4Z/105MEDIA/DSCF0616.JPG,DSCF0616.JPG,4Z/105MEDIA,2,Western_Leopard_Toad,0.2059,5031.1,958.6,5355.3,1333.9
/srv/shared_leopard_toad/2025/Documents/06.10-13.10.2025/4Z/105MEDIA/DSCF0829.JPG,DSCF0829.JPG,4Z/105MEDIA,0,Other_Amphibian,0.3273,3218.8,1968.4,3348.7,2109.7
/srv/shared_leopard_toad/2025/Documents/06.10-13.10.2025/4Z/105MEDIA/DSCF0829.JPG,DSCF0829.JPG,4Z/105MEDIA,0,Other_Amphibian,0.3141,3228.5,1969.9,3354.1,2112.4
/srv/shared_leopard_toad/2025/Documents/06.10-13.10.2025/4Z/105MEDIA/DSCF0829.JPG,DSCF0829.JPG,4Z/105MEDIA,2,Western_Leopard_Toad,0.3031,3655.1,1655.1,3929.3,1923.2
/srv/shared_leopard_toad/2025/Documents/06.10-13.10.2025/4Z/105MEDIA/DSCF0137.JPG,DSCF0137.JPG,4Z/105MEDIA,0,Other_Amphibian,0.2263,3149.7,2305.5,3272.0,2446.4
/srv/shared_leopard_toad/2025/Documents/06.10-13.10.2025/4Z/105MEDIA/DSCF0069.JPG,DSCF0069.JPG,4Z/105MEDIA,0,Other_Amphibian,0.2456,2601.7,2696.1,2744.0,2853.6
/srv/shared_leopard_toad/2025/Documents/06.10-13.10.2025/4Z/105MEDIA/DSCF0069.JPG,DSCF0069.JPG,4Z/105MEDIA,0,Other_Amphibian,0.2134,2601.8,2695.9,2750.1,2853.6
/srv/shared_leopard_toad/2025/Documents/06.10-13.10.2025/4Z/105MEDIA/DSCF0821.JPG,DSCF0821.JPG,4Z/105MEDIA,2,Western_Leopard_Toad,0.3320,3655.4,1656.3,3929.2,1923.9
/srv/shared_leopard_toad/2025/Documents/06.10-13.10.2025/4Z/105MEDIA/DSCF0484.JPG,DSCF0484.JPG,4Z/105MEDIA,0,Other_Amphibian,0.2291,3148.8,2304.6,3264.6,2445.0
/srv/shared_leopard_toad/2025/Documents/06.10-13.10.2025/4Z/105MEDIA/DSCF0471.JPG,DSCF0471.JPG,4Z/105MEDIA,0,Other_Amphibian,0.2713,2596.9,2695.6,2746.6,2854.9
/srv/shared_leopard_toad/2025/Documents/06.10-13.10.2025/4Z/105MEDIA/DSCF0609.JPG,DSCF0609.JPG,4Z/105MEDIA,2,Western_Leopard_Toad,0.7936,3640.9,1670.9,3922.5,1939.1
/srv/shared_leopard_toad/2025/Documents/06.10-13.10.2025/4Z/105MEDIA/DSCF0609.JPG,DSCF0609.JPG,4Z/105MEDIA,2,Western_Leopard_Toad,0.2514,5237.0,2397.4,5366.3,2848.9
/srv/shared_leopard_toad/2025/Documents/06.10-13.10.2025/4Z/105MEDIA/DSCF0239.JPG,DSCF0239.JPG,4Z/105MEDIA,0,Other_Amphibian,0.3509,2602.3,2696.5,2744.7,2853.8
/srv/shared_leopard_toad/2025/Documents/06.10-13.10.2025/4Z/105MEDIA/DSCF0239.JPG,DSCF0239.JPG,4Z/105MEDIA,0,Other_Amphibian,0.3186,3144.5,2304.1,3266.6,2442.6
/srv/shared_leopard_toad/2025/Documents/06.10-13.10.2025/4Z/105MEDIA/DSCF0239.JPG,DSCF0239.JPG,4Z/105MEDIA,0,Other_Amphibian,0.2582,3151.0,2308.8,3267.8,2447.6
/srv/shared_leopard_toad/2025/Documents/06.10-13.10.2025/4Z/105MEDIA/DSCF0329.JPG,DSCF0329.JPG,4Z/105MEDIA,0,Other_Amphibian,0.3605,2596.8,2696.6,2745.2,2854.5
/srv/shared_leopard_toad/2025/Documents/06.10-13.10.2025/4Z/105MEDIA/DSCF0329.JPG,DSCF0329.JPG,4Z/105MEDIA,0,Other_Amphibian,0.2327,2600.6,2696.2,2749.5,2854.1
/srv/shared_leopard_toad/2025/Documents/06.10-13.10.2025/4Z/105MEDIA/DSCF0329.JPG,DSCF0329.JPG,4Z/105MEDIA,0,Other_Amphibian,0.2022,3150.0,2308.1,3272.9,2446.6
/srv/shared_leopard_toad/2025/Documents/06.10-13.10.2025/4Z/105MEDIA/DSCF0129.JPG,DSCF0129.JPG,4Z/105MEDIA,0,Other_Amphibian,0.2955,3146.9,2304.7,3271.3,2445.8
/srv/shared_leopard_toad/2025/Documents/06.10-13.10.2025/4Z/105MEDIA/DSCF0129.JPG,DSCF0129.JPG,4Z/105MEDIA,0,Other_Amphibian,0.2038,2600.6,2695.0,2746.2,2854.1
/srv/shared_leopard_toad/2025/Documents/06.10-13.10.2025/4Z/105MEDIA/DSCF0147.JPG,DSCF0147.JPG,4Z/105MEDIA,0,Other_Amphibian,0.2884,3145.9,2305.4,3269.2,2443.4
/srv/shared_leopard_toad/2025/Documents/06.10-13.10.2025/4Z/105MEDIA/DSCF0147.JPG,DSCF0147.JPG,4Z/105MEDIA,0,Other_Amphibian,0.2271,2599.6,2695.0,2745.5,2854.0
/srv/shared_leopard_toad/2025/Documents/06.10-13.10.2025/4Z/105MEDIA/DSCF0882.JPG,DSCF0882.JPG,4Z/105MEDIA,0,Other_Amphibian,0.4025,3657.3,1656.6,3929.8,1923.2
/srv/shared_leopard_toad/2025/Documents/06.10-13.10.2025/4Z/105MEDIA/DSCF0882.JPG,DSCF0882.JPG,4Z/105MEDIA,0,Other_Amphibian,0.2643,3229.4,1971.8,3355.9,2114.1
/srv/shared_leopard_toad/2025/Documents/06.10-13.10.2025/4Z/105MEDIA/DSCF0882.JPG,DSCF0882.JPG,4Z/105MEDIA,0,Other_Amphibian,0.2493,3222.3,1969.4,3353.0,2110.5
/srv/shared_leopard_toad/2025/Documents/06.10-13.10.2025/4Z/105MEDIA/DSCF0261.JPG,DSCF0261.JPG,4Z/105MEDIA,0,Other_Amphibian,0.2669,3147.4,2306.1,3271.1,2445.8
/srv/shared_leopard_toad/2025/Documents/06.10-13.10.2025/4Z/105MEDIA/DSCF0261.JPG,DSCF0261.JPG,4Z/105MEDIA,0,Other_Amphibian,0.2428,2595.8,2695.7,2743.6,2854.9
/srv/shared_leopard_toad/2025/Documents/06.10-13.10.2025/4Z/105MEDIA/DSCF0062.JPG,DSCF0062.JPG,4Z/105MEDIA,0,Other_Amphibian,0.3591,2597.2,2695.9,2745.3,2854.6
/srv/shared_leopard_toad/2025/Documents/06.10-13.10.2025/4Z/105MEDIA/DSCF0062.JPG,DSCF0062.JPG,4Z/105MEDIA,0,Other_Amphibian,0.3357,3147.1,2304.8,3271.4,2443.6
/srv/shared_leopard_toad/2025/Documents/06.10-13.10.2025/4Z/105MEDIA/DSCF0062.JPG,DSCF0062.JPG,4Z/105MEDIA,0,Other_Amphibian,0.2736,2599.3,2696.0,2746.3,2854.2
/srv/shared_leopard_toad/2025/Documents/06.10-13.10.2025/4Z/105MEDIA/DSCF0326.JPG,DSCF0326.JPG,4Z/105MEDIA,0,Other_Amphibian,0.3709,2597.2,2696.6,2744.1,2854.0
/srv/shared_leopard_toad/2025/Documents/06.10-13.10.2025/4Z/105MEDIA/DSCF0326.JPG,DSCF0326.JPG,4Z/105MEDIA,0,Other_Amphibian,0.2855,3147.2,2306.8,3273.0,2445.5
/srv/shared_leopard_toad/2025/Documents/06.10-13.10.2025/4Z/105MEDIA/DSCF0809.JPG,DSCF0809.JPG,4Z/105MEDIA,2,Western_Leopard_Toad,0.3928,3655.8,1656.9,3928.0,1923.3
/srv/shared_leopard_toad/2025/Documents/06.10-13.10.2025/4Z/105MEDIA/DSCF0809.JPG,DSCF0809.JPG,4Z/105MEDIA,0,Other_Amphibian,0.2678,3220.2,1968.2,3347.3,2107.8
/srv/shared_leopard_toad/2025/Documents/06.10-13.10.2025/4Z/105MEDIA/DSCF0809.JPG,DSCF0809.JPG,4Z/105MEDIA,0,Other_Amphibian,0.2664,3228.6,1972.4,3350.6,2112.8
/srv/shared_leopard_toad/2025/Documents/06.10-13.10.2025/4Z/105MEDIA/DSCF0975.JPG,DSCF0975.JPG,4Z/105MEDIA,0,Other_Amphibian,0.2939,3221.0,1967.0,3348.0,2107.6
/srv/shared_leopard_toad/2025/Documents/06.10-13.10.2025/4Z/105MEDIA/DSCF0975.JPG,DSCF0975.JPG,4Z/105MEDIA,0,Other_Amphibian,0.2857,3228.0,1966.6,3351.0,2108.7
/srv/shared_leopard_toad/2025/Documents/06.10-13.10.2025/4Z/105MEDIA/DSCF0975.JPG,DSCF0975.JPG,4Z/105MEDIA,2,Western_Leopard_Toad,0.2186,3655.1,1658.2,3926.3,1923.7
/srv/shared_leopard_toad/2025/Documents/06.10-13.10.2025/4Z/105MEDIA/DSCF0796.JPG,DSCF0796.JPG,4Z/105MEDIA,2,Western_Leopard_Toad,0.5188,3657.1,1657.9,3929.7,1922.8
/srv/shared_leopard_toad/2025/Documents/06.10-13.10.2025/4Z/105MEDIA/DSCF0796.JPG,DSCF0796.JPG,4Z/105MEDIA,0,Other_Amphibian,0.2714,3221.5,1967.5,3348.2,2107.1
/srv/shared_leopard_toad/2025/Documents/06.10-13.10.2025/4Z/105MEDIA/DSCF0796.JPG,DSCF0796.JPG,4Z/105MEDIA,0,Other_Amphibian,0.2449,3228.3,1970.4,3350.8,2110.7
/srv/shared_leopard_toad/2025/Documents/06.10-13.10.2025/4Z/105MEDIA/DSCF0590.JPG,DSCF0590.JPG,4Z/105MEDIA,2,Western_Leopard_Toad,0.6163,3636.4,1673.1,3920.8,1940.9
/srv/shared_leopard_toad/2025/Documents/06.10-13.10.2025/4Z/105MEDIA/DSCF0934.JPG,DSCF0934.JPG,4Z/105MEDIA,0,Other_Amphibian,0.2994,3221.0,1966.6,3348.5,2107.4
/srv/shared_leopard_toad/2025/Documents/06.10-13.10.2025/4Z/105MEDIA/DSCF0934.JPG,DSCF0934.JPG,4Z/105MEDIA,0,Other_Amphibian,0.2735,3656.6,1656.8,3928.7,1923.4
/srv/shared_leopard_toad/2025/Documents/06.10-13.10.2025/4Z/105MEDIA/DSCF0934.JPG,DSCF0934.JPG,4Z/105MEDIA,0,Other_Amphibian,0.2570,3229.2,1970.5,3352.0,2112.7
/srv/shared_leopard_toad/2025/Documents/06.10-13.10.2025/4Z/105MEDIA/DSCF0175.JPG,DSCF0175.JPG,4Z/105MEDIA,0,Other_Amphibian,0.2688,3145.5,2304.7,3270.8,2444.5
/srv/shared_leopard_toad/2025/Documents/06.10-13.10.2025/4Z/105MEDIA/DSCF0175.JPG,DSCF0175.JPG,4Z/105MEDIA,0,Other_Amphibian,0.2046,2596.2,2696.7,2745.4,2854.5
/srv/shared_leopard_toad/2025/Documents/06.10-13.10.2025/4Z/105MEDIA/DSCF0951.JPG,DSCF0951.JPG,4Z/105MEDIA,0,Other_Amphibian,0.3058,3656.3,1655.8,3929.4,1923.5
/srv/shared_leopard_toad/2025/Documents/06.10-13.10.2025/4Z/105MEDIA/DSCF0647.JPG,DSCF0647.JPG,4Z/105MEDIA,2,Western_Leopard_Toad,0.4147,3655.9,1656.1,3930.5,1924.8
/srv/shared_leopard_toad/2025/Documents/06.10-13.10.2025/4Z/105MEDIA/DSCF0647.JPG,DSCF0647.JPG,4Z/105MEDIA,0,Other_Amphibian,0.4093,2567.0,1983.3,2863.3,2251.3
/srv/shared_leopard_toad/2025/Documents/06.10-13.10.2025/4Z/105MEDIA/DSCF0573.JPG,DSCF0573.JPG,4Z/105MEDIA,2,Western_Leopard_Toad,0.4029,3644.0,1675.1,3918.9,1939.9
/srv/shared_leopard_toad/2025/Documents/06.10-13.10.2025/4Z/105MEDIA/DSCF0573.JPG,DSCF0573.JPG,4Z/105MEDIA,0,Other_Amphibian,0.2955,4802.1,1314.8,4944.8,1562.4
/srv/shared_leopard_toad/2025/Documents/06.10-13.10.2025/4Z/105MEDIA/DSCF0914.JPG,DSCF0914.JPG,4Z/105MEDIA,0,Other_Amphibian,0.4430,3545.8,2069.3,3709.8,2344.4
/srv/shared_leopard_toad/2025/Documents/06.10-13.10.2025/4Z/105MEDIA/DSCF0914.JPG,DSCF0914.JPG,4Z/105MEDIA,2,Western_Leopard_Toad,0.2210,3655.8,1657.4,3926.0,1924.1
/srv/shared_leopard_toad/2025/Documents/06.10-13.10.2025/4Z/105MEDIA/DSCF0332.JPG,DSCF0332.JPG,4Z/105MEDIA,0,Other_Amphibian,0.2403,3148.3,2305.9,3272.9,2444.3
/srv/shared_leopard_toad/2025/Documents/06.10-13.10.2025/4Z/105MEDIA/DSCF0332.JPG,DSCF0332.JPG,4Z/105MEDIA,0,Other_Amphibian,0.2239,2597.2,2695.4,2745.1,2854.4
/srv/shared_leopard_toad/2025/Documents/06.10-13.10.2025/4Z/105MEDIA/DSCF0203.JPG,DSCF0203.JPG,4Z/105MEDIA,0,Other_Amphibian,0.2165,3148.7,2306.1,3275.6,2445.3
/srv/shared_leopard_toad/2025/Documents/06.10-13.10.2025/4Z/105MEDIA/DSCF0203.JPG,DSCF0203.JPG,4Z/105MEDIA,0,Other_Amphibian,0.2058,2596.7,2694.9,2746.0,2854.8
/srv/shared_leopard_toad/2025/Documents/06.10-13.10.2025/4Z/105MEDIA/DSCF0103.JPG,DSCF0103.JPG,4Z/105MEDIA,0,Other_Amphibian,0.2570,3146.9,2303.4,3274.8,2443.3
/srv/shared_leopard_toad/2025/Documents/06.10-13.10.2025/4Z/105MEDIA/DSCF0103.JPG,DSCF0103.JPG,4Z/105MEDIA,0,Other_Amphibian,0.2532,2595.7,2695.9,2743.1,2854.4
/srv/shared_leopard_toad/2025/Documents/06.10-13.10.2025/4Z/105MEDIA/DSCF0388.JPG,DSCF0388.JPG,4Z/105MEDIA,0,Other_Amphibian,0.2524,3143.4,2307.3,3270.9,2445.6
/srv/shared_leopard_toad/2025/Documents/06.10-13.10.2025/4Z/105MEDIA/DSCF0388.JPG,DSCF0388.JPG,4Z/105MEDIA,0,Other_Amphibian,0.2372,3151.8,2309.6,3271.3,2449.1
/srv/shared_leopard_toad/2025/Documents/06.10-13.10.2025/4Z/105MEDIA/DSCF0920.JPG,DSCF0920.JPG,4Z/105MEDIA,0,Other_Amphibian,0.2297,3653.9,1657.8,3924.5,1924.4
/srv/shared_leopard_toad/2025/Documents/06.10-13.10.2025/4Z/105MEDIA/DSCF0039.JPG,DSCF0039.JPG,4Z/105MEDIA,0,Other_Amphibian,0.2735,3148.9,2303.3,3270.3,2443.8
/srv/shared_leopard_toad/2025/Documents/06.10-13.10.2025/4Z/105MEDIA/DSCF0039.JPG,DSCF0039.JPG,4Z/105MEDIA,0,Other_Amphibian,0.2559,2601.6,2694.3,2747.6,2854.9
/srv/shared_leopard_toad/2025/Documents/06.10-13.10.2025/4Z/105MEDIA/DSCF0968.JPG,DSCF0968.JPG,4Z/105MEDIA,0,Other_Amphibian,0.3222,3655.5,1654.8,3930.0,1922.9
/srv/shared_leopard_toad/2025/Documents/06.10-13.10.2025/4Z/105MEDIA/DSCF0968.JPG,DSCF0968.JPG,4Z/105MEDIA,0,Other_Amphibian,0.2834,3220.8,1967.5,3347.6,2107.8
/srv/shared_leopard_toad/2025/Documents/06.10-13.10.2025/4Z/105MEDIA/DSCF0968.JPG,DSCF0968.JPG,4Z/105MEDIA,0,Other_Amphibian,0.2546,3228.5,1971.7,3351.2,2112.8
/srv/shared_leopard_toad/2025/Documents/06.10-13.10.2025/4Z/105MEDIA/DSCF0070.JPG,DSCF0070.JPG,4Z/105MEDIA,0,Other_Amphibian,0.2229,2599.5,2693.8,2745.1,2854.4
/srv/shared_leopard_toad/2025/Documents/06.10-13.10.2025/4Z/105MEDIA/DSCF0092.JPG,DSCF0092.JPG,4Z/105MEDIA,0,Other_Amphibian,0.3277,3145.8,2302.3,3268.8,2443.5
/srv/shared_leopard_toad/2025/Documents/06.10-13.10.2025/4Z/105MEDIA/DSCF0092.JPG,DSCF0092.JPG,4Z/105MEDIA,0,Other_Amphibian,0.2476,3150.9,2306.2,3263.7,2448.1
/srv/shared_leopard_toad/2025/Documents/06.10-13.10.2025/4Z/105MEDIA/DSCF0100.JPG,DSCF0100.JPG,4Z/105MEDIA,0,Other_Amphibian,0.2446,3147.0,2305.5,3275.9,2445.5
/srv/shared_leopard_toad/2025/Documents/06.10-13.10.2025/4Z/105MEDIA/DSCF0100.JPG,DSCF0100.JPG,4Z/105MEDIA,0,Other_Amphibian,0.2039,2603.8,2694.7,2746.1,2853.2
/srv/shared_leopard_toad/2025/Documents/06.10-13.10.2025/4Z/105MEDIA/DSCF0401.JPG,DSCF0401.JPG,4Z/105MEDIA,0,Other_Amphibian,0.4178,2590.5,2696.3,2746.8,2854.6
/srv/shared_leopard_toad/2025/Documents/06.10-13.10.2025/4Z/105MEDIA/DSCF0401.JPG,DSCF0401.JPG,4Z/105MEDIA,0,Other_Amphibian,0.2276,3147.7,2306.5,3273.8,2446.0
/srv/shared_leopard_toad/2025/Documents/06.10-13.10.2025/4Z/105MEDIA/DSCF0948.JPG,DSCF0948.JPG,4Z/105MEDIA,2,Western_Leopard_Toad,0.2314,3655.2,1653.6,3926.0,1924.2
/srv/shared_leopard_toad/2025/Documents/06.10-13.10.2025/4Z/105MEDIA/DSCF0973.JPG,DSCF0973.JPG,4Z/105MEDIA,2,Western_Leopard_Toad,0.3591,3653.2,1657.1,3927.6,1923.9
/srv/shared_leopard_toad/2025/Documents/06.10-13.10.2025/4Z/105MEDIA/DSCF0973.JPG,DSCF0973.JPG,4Z/105MEDIA,0,Other_Amphibian,0.2384,3220.8,1966.5,3348.1,2106.2
/srv/shared_leopard_toad/2025/Documents/06.10-13.10.2025/4Z/105MEDIA/DSCF0599.JPG,DSCF0599.JPG,4Z/105MEDIA,2,Western_Leopard_Toad,0.8206,3644.5,1670.9,3925.6,1935.1
/srv/shared_leopard_toad/2025/Documents/06.10-13.10.2025/4Z/105MEDIA/DSCF0599.JPG,DSCF0599.JPG,4Z/105MEDIA,2,Western_Leopard_Toad,0.2133,5023.7,916.9,5355.1,1323.1
/srv/shared_leopard_toad/2025/Documents/06.10-13.10.2025/4Z/105MEDIA/DSCF0600.JPG,DSCF0600.JPG,4Z/105MEDIA,2,Western_Leopard_Toad,0.6877,3642.7,1670.4,3920.5,1936.4
/srv/shared_leopard_toad/2025/Documents/06.10-13.10.2025/4Z/105MEDIA/DSCF0600.JPG,DSCF0600.JPG,4Z/105MEDIA,2,Western_Leopard_Toad,0.3398,5017.0,871.5,5363.0,1330.3
/srv/shared_leopard_toad/2025/Documents/06.10-13.10.2025/4Z/105MEDIA/DSCF0984.JPG,DSCF0984.JPG,4Z/105MEDIA,0,Other_Amphibian,0.3818,3656.8,1656.0,3930.4,1923.6
/srv/shared_leopard_toad/2025/Documents/06.10-13.10.2025/4Z/105MEDIA/DSCF0984.JPG,DSCF0984.JPG,4Z/105MEDIA,0,Other_Amphibian,0.3501,3218.8,1966.7,3348.4,2110.5
/srv/shared_leopard_toad/2025/Documents/06.10-13.10.2025/4Z/105MEDIA/DSCF0984.JPG,DSCF0984.JPG,4Z/105MEDIA,0,Other_Amphibian,0.3090,3228.6,1970.0,3353.2,2114.9
/srv/shared_leopard_toad/2025/Documents/06.10-13.10.2025/4Z/105MEDIA/DSCF0042.JPG,DSCF0042.JPG,4Z/105MEDIA,0,Other_Amphibian,0.3497,3148.9,2304.1,3271.6,2441.5
/srv/shared_leopard_toad/2025/Documents/06.10-13.10.2025/4Z/105MEDIA/DSCF0921.JPG,DSCF0921.JPG,4Z/105MEDIA,0,Other_Amphibian,0.2902,3654.4,1657.9,3926.4,1924.0
/srv/shared_leopard_toad/2025/Documents/06.10-13.10.2025/4Z/105MEDIA/DSCF0921.JPG,DSCF0921.JPG,4Z/105MEDIA,0,Other_Amphibian,0.2784,3221.8,1967.8,3347.7,2107.7
/srv/shared_leopard_toad/2025/Documents/06.10-13.10.2025/4Z/105MEDIA/DSCF0921.JPG,DSCF0921.JPG,4Z/105MEDIA,0,Other_Amphibian,0.2082,3231.0,1976.2,3352.3,2116.6
/srv/shared_leopard_toad/2025/Documents/06.10-13.10.2025/4Z/105MEDIA/DSCF0835.JPG,DSCF0835.JPG,4Z/105MEDIA,0,Other_Amphibian,0.2248,3228.8,1972.8,3351.2,2112.3
/srv/shared_leopard_toad/2025/Documents/06.10-13.10.2025/4Z/105MEDIA/DSCF0835.JPG,DSCF0835.JPG,4Z/105MEDIA,0,Other_Amphibian,0.2146,3222.6,1967.7,3349.3,2106.9
/srv/shared_leopard_toad/2025/Documents/06.10-13.10.2025/4Z/105MEDIA/DSCF0835.JPG,DSCF0835.JPG,4Z/105MEDIA,2,Western_Leopard_Toad,0.2114,3652.8,1658.5,3924.5,1924.3
/srv/shared_leopard_toad/2025/Documents/06.10-13.10.2025/4Z/105MEDIA/DSCF0348.JPG,DSCF0348.JPG,4Z/105MEDIA,0,Other_Amphibian,0.2403,2598.1,2695.6,2744.0,2853.4
/srv/shared_leopard_toad/2025/Documents/06.10-13.10.2025/4Z/105MEDIA/DSCF0348.JPG,DSCF0348.JPG,4Z/105MEDIA,0,Other_Amphibian,0.2373,3147.9,2306.9,3272.6,2444.1
/srv/shared_leopard_toad/2025/Documents/06.10-13.10.2025/4Z/105MEDIA/DSCF0078.JPG,DSCF0078.JPG,4Z/105MEDIA,0,Other_Amphibian,0.3064,3146.2,2304.3,3269.0,2443.1
/srv/shared_leopard_toad/2025/Documents/06.10-13.10.2025/4Z/105MEDIA/DSCF0078.JPG,DSCF0078.JPG,4Z/105MEDIA,0,Other_Amphibian,0.2272,3144.7,2306.6,3275.5,2444.3
/srv/shared_leopard_toad/2025/Documents/06.10-13.10.2025/4Z/105MEDIA/DSCF0078.JPG,DSCF0078.JPG,4Z/105MEDIA,0,Other_Amphibian,0.2015,2598.1,2694.2,2745.5,2854.5
/srv/shared_leopard_toad/2025/Documents/06.10-13.10.2025/4Z/105MEDIA/DSCF0244.JPG,DSCF0244.JPG,4Z/105MEDIA,0,Other_Amphibian,0.2225,3148.8,2306.9,3274.9,2446.9
/srv/shared_leopard_toad/2025/Documents/06.10-13.10.2025/4Z/105MEDIA/DSCF0244.JPG,DSCF0244.JPG,4Z/105MEDIA,0,Other_Amphibian,0.2100,2601.6,2694.5,2744.4,2854.0
/srv/shared_leopard_toad/2025/Documents/06.10-13.10.2025/4Z/105MEDIA/DSCF0217.JPG,DSCF0217.JPG,4Z/105MEDIA,0,Other_Amphibian,0.2987,3149.1,2304.5,3270.6,2443.0
/srv/shared_leopard_toad/2025/Documents/06.10-13.10.2025/4Z/105MEDIA/DSCF0242.JPG,DSCF0242.JPG,4Z/105MEDIA,0,Other_Amphibian,0.2056,3147.0,2305.9,3275.4,2446.7
/srv/shared_leopard_toad/2025/Documents/06.10-13.10.2025/4Z/105MEDIA/DSCF0156.JPG,DSCF0156.JPG,4Z/105MEDIA,0,Other_Amphibian,0.2975,3144.9,2303.4,3272.0,2440.5
/srv/shared_leopard_toad/2025/Documents/06.10-13.10.2025/4Z/105MEDIA/DSCF0094.JPG,DSCF0094.JPG,4Z/105MEDIA,0,Other_Amphibian,0.3553,3142.5,2301.5,3267.3,2442.3
/srv/shared_leopard_toad/2025/Documents/06.10-13.10.2025/4Z/105MEDIA/DSCF0094.JPG,DSCF0094.JPG,4Z/105MEDIA,0,Other_Amphibian,0.2289,2598.6,2694.9,2744.6,2854.7
/srv/shared_leopard_toad/2025/Documents/06.10-13.10.2025/4Z/105MEDIA/DSCF0190.JPG,DSCF0190.JPG,4Z/105MEDIA,0,Other_Amphibian,0.2993,3147.9,2306.3,3273.6,2444.8
/srv/shared_leopard_toad/2025/Documents/06.10-13.10.2025/4Z/105MEDIA/DSCF0190.JPG,DSCF0190.JPG,4Z/105MEDIA,0,Other_Amphibian,0.2713,2596.5,2695.8,2745.2,2854.2
/srv/shared_leopard_toad/2025/Documents/06.10-13.10.2025/4Z/105MEDIA/DSCF0383.JPG,DSCF0383.JPG,4Z/105MEDIA,0,Other_Amphibian,0.3235,3142.6,2298.4,3272.3,2442.0
/srv/shared_leopard_toad/2025/Documents/06.10-13.10.2025/4Z/105MEDIA/DSCF0383.JPG,DSCF0383.JPG,4Z/105MEDIA,0,Other_Amphibian,0.2526,3143.5,2304.3,3260.5,2447.2
/srv/shared_leopard_toad/2025/Documents/06.10-13.10.2025/4Z/105MEDIA/DSCF0383.JPG,DSCF0383.JPG,4Z/105MEDIA,0,Other_Amphibian,0.2443,3134.2,2301.9,3273.0,2441.9
/srv/shared_leopard_toad/2025/Documents/06.10-13.10.2025/4Z/105MEDIA/DSCF0047.JPG,DSCF0047.JPG,4Z/105MEDIA,0,Other_Amphibian,0.3308,3143.9,2301.2,3269.9,2442.7
/srv/shared_leopard_toad/2025/Documents/06.10-13.10.2025/4Z/105MEDIA/DSCF0935.JPG,DSCF0935.JPG,4Z/105MEDIA,0,Other_Amphibian,0.3011,3655.3,1655.0,3927.7,1925.0
/srv/shared_leopard_toad/2025/Documents/06.10-13.10.2025/4Z/105MEDIA/DSCF0935.JPG,DSCF0935.JPG,4Z/105MEDIA,0,Other_Amphibian,0.2267,3222.2,1966.8,3346.8,2108.0
/srv/shared_leopard_toad/2025/Documents/06.10-13.10.2025/4Z/105MEDIA/DSCF0935.JPG,DSCF0935.JPG,4Z/105MEDIA,0,Other_Amphibian,0.2242,3226.7,1968.6,3348.2,2110.9
/srv/shared_leopard_toad/2025/Documents/06.10-13.10.2025/4Z/105MEDIA/DSCF0631.JPG,DSCF0631.JPG,4Z/105MEDIA,0,Other_Amphibian,0.4666,2565.1,1980.4,2865.2,2250.5
/srv/shared_leopard_toad/2025/Documents/06.10-13.10.2025/4Z/105MEDIA/DSCF0631.JPG,DSCF0631.JPG,4Z/105MEDIA,2,Western_Leopard_Toad,0.2780,3656.2,1655.9,3928.2,1924.6
/srv/shared_leopard_toad/2025/Documents/06.10-13.10.2025/4Z/105MEDIA/DSCF0055.JPG,DSCF0055.JPG,4Z/105MEDIA,0,Other_Amphibian,0.2063,3149.9,2309.1,3271.3,2447.3
/srv/shared_leopard_toad/2025/Documents/06.10-13.10.2025/4Z/105MEDIA/DSCF0400.JPG,DSCF0400.JPG,4Z/105MEDIA,0,Other_Amphibian,0.2048,2596.9,2696.7,2745.1,2853.8
/srv/shared_leopard_toad/2025/Documents/06.10-13.10.2025/4Z/105MEDIA/DSCF0926.JPG,DSCF0926.JPG,4Z/105MEDIA,2,Western_Leopard_Toad,0.3843,3656.2,1657.1,3929.4,1923.7
/srv/shared_leopard_toad/2025/Documents/06.10-13.10.2025/4Z/105MEDIA/DSCF0926.JPG,DSCF0926.JPG,4Z/105MEDIA,0,Other_Amphibian,0.2821,3221.7,1967.0,3347.1,2107.1
/srv/shared_leopard_toad/2025/Documents/06.10-13.10.2025/4Z/105MEDIA/DSCF0926.JPG,DSCF0926.JPG,4Z/105MEDIA,0,Other_Amphibian,0.2213,3227.7,1971.8,3349.7,2112.9
/srv/shared_leopard_toad/2025/Documents/06.10-13.10.2025/4Z/105MEDIA/DSCF0658.JPG,DSCF0658.JPG,4Z/105MEDIA,0,Other_Amphibian,0.3214,3218.4,1968.9,3346.7,2109.6
/srv/shared_leopard_toad/2025/Documents/06.10-13.10.2025/4Z/105MEDIA/DSCF0658.JPG,DSCF0658.JPG,4Z/105MEDIA,0,Other_Amphibian,0.2905,3227.4,1969.5,3350.5,2111.1
/srv/shared_leopard_toad/2025/Documents/06.10-13.10.2025/4Z/105MEDIA/DSCF0658.JPG,DSCF0658.JPG,4Z/105MEDIA,0,Other_Amphibian,0.2782,3657.1,1656.3,3929.2,1924.5
/srv/shared_leopard_toad/2025/Documents/06.10-13.10.2025/4Z/105MEDIA/DSCF0658.JPG,DSCF0658.JPG,4Z/105MEDIA,0,Other_Amphibian,0.2306,2570.6,1983.9,2860.0,2252.9
/srv/shared_leopard_toad/2025/Documents/06.10-13.10.2025/4Z/105MEDIA/DSCF0606.JPG,DSCF0606.JPG,4Z/105MEDIA,2,Western_Leopard_Toad,0.7914,3630.0,1667.4,3924.7,1939.1
/srv/shared_leopard_toad/2025/Documents/06.10-13.10.2025/4Z/105MEDIA/DSCF0606.JPG,DSCF0606.JPG,4Z/105MEDIA,2,Western_Leopard_Toad,0.2601,5239.4,2395.9,5365.5,2848.7
/srv/shared_leopard_toad/2025/Documents/06.10-13.10.2025/4Z/105MEDIA/DSCF0197.JPG,DSCF0197.JPG,4Z/105MEDIA,0,Other_Amphibian,0.2434,2600.5,2695.7,2745.5,2854.2
/srv/shared_leopard_toad/2025/Documents/06.10-13.10.2025/4Z/105MEDIA/DSCF0197.JPG,DSCF0197.JPG,4Z/105MEDIA,0,Other_Amphibian,0.2212,3149.2,2306.7,3277.1,2446.8
/srv/shared_leopard_toad/2025/Documents/06.10-13.10.2025/4Z/105MEDIA/DSCF0064.JPG,DSCF0064.JPG,4Z/105MEDIA,0,Other_Amphibian,0.2447,3148.9,2307.1,3274.4,2447.1
/srv/shared_leopard_toad/2025/Documents/06.10-13.10.2025/4Z/105MEDIA/DSCF0351.JPG,DSCF0351.JPG,4Z/105MEDIA,0,Other_Amphibian,0.3515,2593.8,2695.7,2747.1,2854.4
/srv/shared_leopard_toad/2025/Documents/06.10-13.10.2025/4Z/105MEDIA/DSCF0351.JPG,DSCF0351.JPG,4Z/105MEDIA,0,Other_Amphibian,0.3068,3145.1,2304.2,3271.1,2441.7
/srv/shared_leopard_toad/2025/Documents/06.10-13.10.2025/4Z/105MEDIA/DSCF0225.JPG,DSCF0225.JPG,4Z/105MEDIA,0,Other_Amphibian,0.2755,3146.3,2304.5,3276.5,2444.5
/srv/shared_leopard_toad/2025/Documents/06.10-13.10.2025/4Z/105MEDIA/DSCF0354.JPG,DSCF0354.JPG,4Z/105MEDIA,0,Other_Amphibian,0.3801,2595.8,2694.8,2745.5,2854.3
/srv/shared_leopard_toad/2025/Documents/06.10-13.10.2025/4Z/105MEDIA/DSCF0354.JPG,DSCF0354.JPG,4Z/105MEDIA,0,Other_Amphibian,0.2380,2597.9,2694.7,2748.5,2853.6
/srv/shared_leopard_toad/2025/Documents/06.10-13.10.2025/4Z/105MEDIA/DSCF0272.JPG,DSCF0272.JPG,4Z/105MEDIA,0,Other_Amphibian,0.2948,2599.3,2696.2,2745.5,2854.3
/srv/shared_leopard_toad/2025/Documents/06.10-13.10.2025/4Z/105MEDIA/DSCF0272.JPG,DSCF0272.JPG,4Z/105MEDIA,0,Other_Amphibian,0.2217,2599.3,2695.7,2745.3,2853.7
/srv/shared_leopard_toad/2025/Documents/06.10-13.10.2025/4Z/105MEDIA/DSCF0272.JPG,DSCF0272.JPG,4Z/105MEDIA,0,Other_Amphibian,0.2079,3588.3,1905.2,3841.6,2183.8
/srv/shared_leopard_toad/2025/Documents/06.10-13.10.2025/4Z/105MEDIA/DSCF0272.JPG,DSCF0272.JPG,4Z/105MEDIA,0,Other_Amphibian,0.2063,3149.8,2308.9,3271.6,2446.6
/srv/shared_leopard_toad/2025/Documents/06.10-13.10.2025/4Z/105MEDIA/DSCF0620.JPG,DSCF0620.JPG,4Z/105MEDIA,0,Other_Amphibian,0.2508,2568.1,1985.6,2861.8,2253.4
/srv/shared_leopard_toad/2025/Documents/06.10-13.10.2025/4Z/105MEDIA/DSCF0620.JPG,DSCF0620.JPG,4Z/105MEDIA,0,Other_Amphibian,0.2001,3227.6,1970.2,3350.5,2112.1
/srv/shared_leopard_toad/2025/Documents/06.10-13.10.2025/4Z/105MEDIA/DSCF0746.JPG,DSCF0746.JPG,4Z/105MEDIA,0,Other_Amphibian,0.3253,3218.8,1967.5,3345.5,2108.3
/srv/shared_leopard_toad/2025/Documents/06.10-13.10.2025/4Z/105MEDIA/DSCF0746.JPG,DSCF0746.JPG,4Z/105MEDIA,2,Western_Leopard_Toad,0.3059,3658.8,1656.8,3928.8,1923.4
/srv/shared_leopard_toad/2025/Documents/06.10-13.10.2025/4Z/105MEDIA/DSCF0746.JPG,DSCF0746.JPG,4Z/105MEDIA,0,Other_Amphibian,0.2889,3226.2,1968.3,3347.3,2109.9
/srv/shared_leopard_toad/2025/Documents/06.10-13.10.2025/4Z/105MEDIA/DSCF0746.JPG,DSCF0746.JPG,4Z/105MEDIA,0,Other_Amphibian,0.2793,2570.7,1980.5,2866.1,2251.9
/srv/shared_leopard_toad/2025/Documents/06.10-13.10.2025/4Z/105MEDIA/DSCF0763.JPG,DSCF0763.JPG,4Z/105MEDIA,0,Other_Amphibian,0.3664,2567.3,1980.9,2864.8,2251.4
/srv/shared_leopard_toad/2025/Documents/06.10-13.10.2025/4Z/105MEDIA/DSCF0763.JPG,DSCF0763.JPG,4Z/105MEDIA,0,Other_Amphibian,0.2565,3654.3,1656.7,3926.9,1924.3
/srv/shared_leopard_toad/2025/Documents/06.10-13.10.2025/4Z/105MEDIA/DSCF0224.JPG,DSCF0224.JPG,4Z/105MEDIA,0,Other_Amphibian,0.3897,2593.5,2697.9,2746.3,2854.8
/srv/shared_leopard_toad/2025/Documents/06.10-13.10.2025/4Z/105MEDIA/DSCF0224.JPG,DSCF0224.JPG,4Z/105MEDIA,0,Other_Amphibian,0.2782,3146.2,2304.2,3271.2,2445.0
/srv/shared_leopard_toad/2025/Documents/06.10-13.10.2025/4Z/105MEDIA/DSCF0224.JPG,DSCF0224.JPG,4Z/105MEDIA,0,Other_Amphibian,0.2507,2596.3,2697.2,2750.2,2854.5
/srv/shared_leopard_toad/2025/Documents/06.10-13.10.2025/4Z/105MEDIA/DSCF0591.JPG,DSCF0591.JPG,4Z/105MEDIA,2,Western_Leopard_Toad,0.8522,3642.7,1673.3,3924.3,1937.9
/srv/shared_leopard_toad/2025/Documents/06.10-13.10.2025/4Z/105MEDIA/DSCF0081.JPG,DSCF0081.JPG,4Z/105MEDIA,0,Other_Amphibian,0.2955,2600.6,2696.8,2744.4,2854.0
/srv/shared_leopard_toad/2025/Documents/06.10-13.10.2025/4Z/105MEDIA/DSCF0081.JPG,DSCF0081.JPG,4Z/105MEDIA,0,Other_Amphibian,0.2374,3148.3,2306.2,3273.5,2447.2
/srv/shared_leopard_toad/2025/Documents/06.10-13.10.2025/4Z/105MEDIA/DSCF0016.JPG,DSCF0016.JPG,4Z/105MEDIA,0,Other_Amphibian,0.3460,2595.6,2698.0,2746.1,2854.7
/srv/shared_leopard_toad/2025/Documents/06.10-13.10.2025/4Z/105MEDIA/DSCF0016.JPG,DSCF0016.JPG,4Z/105MEDIA,0,Other_Amphibian,0.2705,3147.4,2305.9,3272.0,2443.7
/srv/shared_leopard_toad/2025/Documents/06.10-13.10.2025/4Z/105MEDIA/DSCF0016.JPG,DSCF0016.JPG,4Z/105MEDIA,0,Other_Amphibian,0.2174,2587.0,2523.2,2759.8,2685.7
/srv/shared_leopard_toad/2025/Documents/06.10-13.10.2025/4Z/105MEDIA/DSCF0016.JPG,DSCF0016.JPG,4Z/105MEDIA,0,Other_Amphibian,0.2051,2598.6,2697.7,2746.6,2854.7
/srv/shared_leopard_toad/2025/Documents/06.10-13.10.2025/4Z/105MEDIA/DSCF0241.JPG,DSCF0241.JPG,4Z/105MEDIA,0,Other_Amphibian,0.2973,2595.7,2694.9,2744.8,2854.6
/srv/shared_leopard_toad/2025/Documents/06.10-13.10.2025/4Z/105MEDIA/DSCF0241.JPG,DSCF0241.JPG,4Z/105MEDIA,0,Other_Amphibian,0.2217,3147.3,2308.6,3275.6,2448.5
/srv/shared_leopard_toad/2025/Documents/06.10-13.10.2025/4Z/105MEDIA/DSCF0241.JPG,DSCF0241.JPG,4Z/105MEDIA,0,Other_Amphibian,0.2177,2596.9,2694.3,2746.6,2854.3
/srv/shared_leopard_toad/2025/Documents/06.10-13.10.2025/4Z/105MEDIA/DSCF0101.JPG,DSCF0101.JPG,4Z/105MEDIA,0,Other_Amphibian,0.3730,2599.0,2695.5,2748.2,2854.1
/srv/shared_leopard_toad/2025/Documents/06.10-13.10.2025/4Z/105MEDIA/DSCF0101.JPG,DSCF0101.JPG,4Z/105MEDIA,0,Other_Amphibian,0.2706,2603.4,2694.8,2752.5,2853.6
/srv/shared_leopard_toad/2025/Documents/06.10-13.10.2025/4Z/105MEDIA/DSCF0029.JPG,DSCF0029.JPG,4Z/105MEDIA,0,Other_Amphibian,0.2717,3146.2,2304.8,3272.6,2444.1
/srv/shared_leopard_toad/2025/Documents/06.10-13.10.2025/4Z/105MEDIA/DSCF0029.JPG,DSCF0029.JPG,4Z/105MEDIA,0,Other_Amphibian,0.2111,2599.0,2693.9,2742.9,2854.2
/srv/shared_leopard_toad/2025/Documents/06.10-13.10.2025/4Z/105MEDIA/DSCF0728.JPG,DSCF0728.JPG,4Z/105MEDIA,0,Other_Amphibian,0.2812,2568.8,1979.2,2861.1,2252.8
/srv/shared_leopard_toad/2025/Documents/06.10-13.10.2025/4Z/105MEDIA/DSCF0728.JPG,DSCF0728.JPG,4Z/105MEDIA,0,Other_Amphibian,0.2744,3220.2,1967.9,3346.1,2107.3
/srv/shared_leopard_toad/2025/Documents/06.10-13.10.2025/4Z/105MEDIA/DSCF0728.JPG,DSCF0728.JPG,4Z/105MEDIA,2,Western_Leopard_Toad,0.2717,3652.8,1656.7,3928.1,1924.2
/srv/shared_leopard_toad/2025/Documents/06.10-13.10.2025/4Z/105MEDIA/DSCF0728.JPG,DSCF0728.JPG,4Z/105MEDIA,0,Other_Amphibian,0.2236,3226.2,1970.6,3348.0,2109.5
/srv/shared_leopard_toad/2025/Documents/06.10-13.10.2025/4Z/105MEDIA/DSCF0664.JPG,DSCF0664.JPG,4Z/105MEDIA,2,Western_Leopard_Toad,0.4164,3656.2,1657.0,3931.0,1923.3
/srv/shared_leopard_toad/2025/Documents/06.10-13.10.2025/4Z/105MEDIA/DSCF0664.JPG,DSCF0664.JPG,4Z/105MEDIA,0,Other_Amphibian,0.3121,3227.5,1966.4,3350.3,2109.4
/srv/shared_leopard_toad/2025/Documents/06.10-13.10.2025/4Z/105MEDIA/DSCF0664.JPG,DSCF0664.JPG,4Z/105MEDIA,0,Other_Amphibian,0.3039,3219.7,1967.6,3348.2,2109.3
/srv/shared_leopard_toad/2025/Documents/06.10-13.10.2025/4Z/105MEDIA/DSCF0664.JPG,DSCF0664.JPG,4Z/105MEDIA,0,Other_Amphibian,0.2512,2571.3,1974.6,2852.6,2252.8
/srv/shared_leopard_toad/2025/Documents/06.10-13.10.2025/4Z/105MEDIA/DSCF0105.JPG,DSCF0105.JPG,4Z/105MEDIA,0,Other_Amphibian,0.3197,2600.3,2697.0,2744.6,2854.0
/srv/shared_leopard_toad/2025/Documents/06.10-13.10.2025/4Z/105MEDIA/DSCF0116.JPG,DSCF0116.JPG,4Z/105MEDIA,0,Other_Amphibian,0.3199,2599.2,2695.0,2746.2,2854.3
/srv/shared_leopard_toad/2025/Documents/06.10-13.10.2025/4Z/105MEDIA/DSCF0116.JPG,DSCF0116.JPG,4Z/105MEDIA,0,Other_Amphibian,0.2103,2598.7,2694.5,2744.3,2853.5
/srv/shared_leopard_toad/2025/Documents/06.10-13.10.2025/4Z/105MEDIA/DSCF0865.JPG,DSCF0865.JPG,4Z/105MEDIA,2,Western_Leopard_Toad,0.3080,3655.3,1658.4,3929.4,1923.8
/srv/shared_leopard_toad/2025/Documents/06.10-13.10.2025/4Z/105MEDIA/DSCF0865.JPG,DSCF0865.JPG,4Z/105MEDIA,0,Other_Amphibian,0.2970,3222.8,1967.1,3346.9,2106.0
/srv/shared_leopard_toad/2025/Documents/06.10-13.10.2025/4Z/105MEDIA/DSCF0865.JPG,DSCF0865.JPG,4Z/105MEDIA,0,Other_Amphibian,0.2436,3229.3,1971.5,3349.7,2111.2
/srv/shared_leopard_toad/2025/Documents/06.10-13.10.2025/4Z/105MEDIA/DSCF0808.JPG,DSCF0808.JPG,4Z/105MEDIA,2,Western_Leopard_Toad,0.3239,3655.2,1656.9,3928.9,1925.7
/srv/shared_leopard_toad/2025/Documents/06.10-13.10.2025/4Z/105MEDIA/DSCF0808.JPG,DSCF0808.JPG,4Z/105MEDIA,0,Other_Amphibian,0.2721,3221.5,1966.7,3348.1,2109.0
/srv/shared_leopard_toad/2025/Documents/06.10-13.10.2025/4Z/105MEDIA/DSCF0808.JPG,DSCF0808.JPG,4Z/105MEDIA,0,Other_Amphibian,0.2513,3228.2,1969.0,3351.5,2111.9
/srv/shared_leopard_toad/2025/Documents/06.10-13.10.2025/4Z/105MEDIA/DSCF0987.JPG,DSCF0987.JPG,4Z/105MEDIA,2,Western_Leopard_Toad,0.3658,3655.3,1656.9,3927.8,1922.6
/srv/shared_leopard_toad/2025/Documents/06.10-13.10.2025/4Z/105MEDIA/DSCF0987.JPG,DSCF0987.JPG,4Z/105MEDIA,0,Other_Amphibian,0.2666,3221.0,1967.6,3347.8,2108.0
/srv/shared_leopard_toad/2025/Documents/06.10-13.10.2025/4Z/105MEDIA/DSCF0987.JPG,DSCF0987.JPG,4Z/105MEDIA,0,Other_Amphibian,0.2507,3229.5,1972.5,3352.8,2114.0
/srv/shared_leopard_toad/2025/Documents/06.10-13.10.2025/4Z/105MEDIA/DSCF0027.JPG,DSCF0027.JPG,4Z/105MEDIA,0,Other_Amphibian,0.2497,3147.0,2307.4,3274.1,2446.6
/srv/shared_leopard_toad/2025/Documents/06.10-13.10.2025/4Z/105MEDIA/DSCF0027.JPG,DSCF0027.JPG,4Z/105MEDIA,0,Other_Amphibian,0.2384,2600.6,2694.4,2741.6,2853.3
/srv/shared_leopard_toad/2025/Documents/06.10-13.10.2025/4Z/105MEDIA/DSCF0800.JPG,DSCF0800.JPG,4Z/105MEDIA,2,Western_Leopard_Toad,0.2976,3655.8,1656.6,3929.9,1923.2
/srv/shared_leopard_toad/2025/Documents/06.10-13.10.2025/4Z/105MEDIA/DSCF0800.JPG,DSCF0800.JPG,4Z/105MEDIA,0,Other_Amphibian,0.2464,3229.2,1971.5,3353.9,2114.3
/srv/shared_leopard_toad/2025/Documents/06.10-13.10.2025/4Z/105MEDIA/DSCF0800.JPG,DSCF0800.JPG,4Z/105MEDIA,0,Other_Amphibian,0.2450,3222.2,1968.1,3351.0,2109.8
/srv/shared_leopard_toad/2025/Documents/06.10-13.10.2025/4Z/105MEDIA/DSCF0367.JPG,DSCF0367.JPG,4Z/105MEDIA,0,Other_Amphibian,0.3946,2595.0,2698.0,2745.4,2854.0
/srv/shared_leopard_toad/2025/Documents/06.10-13.10.2025/4Z/105MEDIA/DSCF0367.JPG,DSCF0367.JPG,4Z/105MEDIA,0,Other_Amphibian,0.2089,3150.3,2308.1,3274.2,2447.1
/srv/shared_leopard_toad/2025/Documents/06.10-13.10.2025/4Z/105MEDIA/DSCF0331.JPG,DSCF0331.JPG,4Z/105MEDIA,0,Other_Amphibian,0.2640,3146.9,2303.0,3270.8,2444.1
/srv/shared_leopard_toad/2025/Documents/06.10-13.10.2025/4Z/105MEDIA/DSCF0331.JPG,DSCF0331.JPG,4Z/105MEDIA,0,Other_Amphibian,0.2632,2594.2,2696.1,2744.0,2854.5
/srv/shared_leopard_toad/2025/Documents/06.10-13.10.2025/4Z/105MEDIA/DSCF0082.JPG,DSCF0082.JPG,4Z/105MEDIA,0,Other_Amphibian,0.2266,2597.2,2695.7,2742.4,2854.5
/srv/shared_leopard_toad/2025/Documents/06.10-13.10.2025/4Z/105MEDIA/DSCF0082.JPG,DSCF0082.JPG,4Z/105MEDIA,0,Other_Amphibian,0.2183,3148.5,2307.1,3270.8,2446.1
/srv/shared_leopard_toad/2025/Documents/06.10-13.10.2025/4Z/105MEDIA/DSCF0990.JPG,DSCF0990.JPG,4Z/105MEDIA,0,Other_Amphibian,0.3220,3656.4,1654.4,3930.6,1923.5
/srv/shared_leopard_toad/2025/Documents/06.10-13.10.2025/4Z/105MEDIA/DSCF0990.JPG,DSCF0990.JPG,4Z/105MEDIA,0,Other_Amphibian,0.2031,3228.1,1971.3,3350.5,2112.3
/srv/shared_leopard_toad/2025/Documents/06.10-13.10.2025/4Z/105MEDIA/DSCF0789.JPG,DSCF0789.JPG,4Z/105MEDIA,0,Other_Amphibian,0.3819,3218.6,1966.5,3346.6,2109.2
/srv/shared_leopard_toad/2025/Documents/06.10-13.10.2025/4Z/105MEDIA/DSCF0789.JPG,DSCF0789.JPG,4Z/105MEDIA,2,Western_Leopard_Toad,0.3700,3655.2,1655.4,3926.4,1923.7
/srv/shared_leopard_toad/2025/Documents/06.10-13.10.2025/4Z/105MEDIA/DSCF0789.JPG,DSCF0789.JPG,4Z/105MEDIA,0,Other_Amphibian,0.3309,3226.0,1967.4,3348.6,2110.6
/srv/shared_leopard_toad/2025/Documents/06.10-13.10.2025/4Z/105MEDIA/DSCF0789.JPG,DSCF0789.JPG,4Z/105MEDIA,0,Other_Amphibian,0.2364,2573.9,1981.3,2849.4,2251.2
/srv/shared_leopard_toad/2025/Documents/06.10-13.10.2025/4Z/105MEDIA/DSCF0941.JPG,DSCF0941.JPG,4Z/105MEDIA,0,Other_Amphibian,0.3590,3657.8,1655.8,3929.7,1922.9
/srv/shared_leopard_toad/2025/Documents/06.10-13.10.2025/4Z/105MEDIA/DSCF0941.JPG,DSCF0941.JPG,4Z/105MEDIA,0,Other_Amphibian,0.2338,3220.7,1967.6,3348.3,2107.7
/srv/shared_leopard_toad/2025/Documents/06.10-13.10.2025/4Z/105MEDIA/DSCF0941.JPG,DSCF0941.JPG,4Z/105MEDIA,0,Other_Amphibian,0.2285,3228.6,1972.8,3351.5,2113.4
/srv/shared_leopard_toad/2025/Documents/06.10-13.10.2025/4Z/105MEDIA/DSCF0602.JPG,DSCF0602.JPG,4Z/105MEDIA,2,Western_Leopard_Toad,0.8446,3640.1,1671.2,3925.6,1936.4
/srv/shared_leopard_toad/2025/Documents/06.10-13.10.2025/4Z/105MEDIA/DSCF0688.JPG,DSCF0688.JPG,4Z/105MEDIA,0,Other_Amphibian,0.3988,3217.7,1967.4,3347.5,2109.3
/srv/shared_leopard_toad/2025/Documents/06.10-13.10.2025/4Z/105MEDIA/DSCF0688.JPG,DSCF0688.JPG,4Z/105MEDIA,0,Other_Amphibian,0.3780,3223.3,1966.2,3348.0,2108.7
/srv/shared_leopard_toad/2025/Documents/06.10-13.10.2025/4Z/105MEDIA/DSCF0688.JPG,DSCF0688.JPG,4Z/105MEDIA,0,Other_Amphibian,0.2541,2569.3,1981.3,2858.3,2255.3
/srv/shared_leopard_toad/2025/Documents/06.10-13.10.2025/4Z/105MEDIA/DSCF0688.JPG,DSCF0688.JPG,4Z/105MEDIA,2,Western_Leopard_Toad,0.2079,3654.4,1657.1,3928.1,1924.7
/srv/shared_leopard_toad/2025/Documents/06.10-13.10.2025/4Z/105MEDIA/DSCF0347.JPG,DSCF0347.JPG,4Z/105MEDIA,0,Other_Amphibian,0.3181,2595.8,2696.6,2743.2,2853.8
/srv/shared_leopard_toad/2025/Documents/06.10-13.10.2025/4Z/105MEDIA/DSCF0109.JPG,DSCF0109.JPG,4Z/105MEDIA,0,Other_Amphibian,0.2583,2602.7,2695.7,2744.4,2854.4
/srv/shared_leopard_toad/2025/Documents/06.10-13.10.2025/4Z/105MEDIA/DSCF0357.JPG,DSCF0357.JPG,4Z/105MEDIA,0,Other_Amphibian,0.2412,3149.3,2308.6,3264.9,2448.0
/srv/shared_leopard_toad/2025/Documents/06.10-13.10.2025/4Z/105MEDIA/DSCF0357.JPG,DSCF0357.JPG,4Z/105MEDIA,0,Other_Amphibian,0.2319,3148.7,2308.8,3271.9,2448.2
/srv/shared_leopard_toad/2025/Documents/06.10-13.10.2025/4Z/105MEDIA/DSCF0843.JPG,DSCF0843.JPG,4Z/105MEDIA,0,Other_Amphibian,0.5838,3655.5,1655.8,3931.7,1922.8
/srv/shared_leopard_toad/2025/Documents/06.10-13.10.2025/4Z/105MEDIA/DSCF0843.JPG,DSCF0843.JPG,4Z/105MEDIA,0,Other_Amphibian,0.2809,3221.3,1967.8,3349.9,2109.7
/srv/shared_leopard_toad/2025/Documents/06.10-13.10.2025/4Z/105MEDIA/DSCF0843.JPG,DSCF0843.JPG,4Z/105MEDIA,0,Other_Amphibian,0.2587,3229.5,1972.4,3353.8,2115.5
/srv/shared_leopard_toad/2025/Documents/06.10-13.10.2025/4Z/105MEDIA/DSCF0309.JPG,DSCF0309.JPG,4Z/105MEDIA,0,Other_Amphibian,0.2994,2598.2,2694.8,2746.5,2854.2
/srv/shared_leopard_toad/2025/Documents/06.10-13.10.2025/4Z/105MEDIA/DSCF0309.JPG,DSCF0309.JPG,4Z/105MEDIA,0,Other_Amphibian,0.2341,3148.3,2304.2,3274.7,2445.9
/srv/shared_leopard_toad/2025/Documents/06.10-13.10.2025/4Z/105MEDIA/DSCF0309.JPG,DSCF0309.JPG,4Z/105MEDIA,0,Other_Amphibian,0.2208,2594.6,2694.1,2743.5,2853.5
/srv/shared_leopard_toad/2025/Documents/06.10-13.10.2025/4Z/105MEDIA/DSCF0910.JPG,DSCF0910.JPG,4Z/105MEDIA,0,Other_Amphibian,0.3196,3658.0,1655.9,3929.6,1923.5
/srv/shared_leopard_toad/2025/Documents/06.10-13.10.2025/4Z/105MEDIA/DSCF0910.JPG,DSCF0910.JPG,4Z/105MEDIA,0,Other_Amphibian,0.2631,3222.5,1967.1,3349.3,2106.2
/srv/shared_leopard_toad/2025/Documents/06.10-13.10.2025/4Z/105MEDIA/DSCF0910.JPG,DSCF0910.JPG,4Z/105MEDIA,0,Other_Amphibian,0.2046,3224.2,1975.1,3346.9,2115.1
/srv/shared_leopard_toad/2025/Documents/06.10-13.10.2025/4Z/105MEDIA/DSCF0611.JPG,DSCF0611.JPG,4Z/105MEDIA,2,Western_Leopard_Toad,0.8168,3643.6,1670.6,3924.8,1936.6
/srv/shared_leopard_toad/2025/Documents/06.10-13.10.2025/4Z/105MEDIA/DSCF0611.JPG,DSCF0611.JPG,4Z/105MEDIA,2,Western_Leopard_Toad,0.2363,5033.3,968.8,5354.4,1334.1
/srv/shared_leopard_toad/2025/Documents/06.10-13.10.2025/4Z/105MEDIA/DSCF0460.JPG,DSCF0460.JPG,4Z/105MEDIA,0,Other_Amphibian,0.3584,3552.9,1960.0,3832.1,2234.2
/srv/shared_leopard_toad/2025/Documents/06.10-13.10.2025/4Z/105MEDIA/DSCF0460.JPG,DSCF0460.JPG,4Z/105MEDIA,0,Other_Amphibian,0.2042,2594.6,2694.9,2748.2,2855.3
/srv/shared_leopard_toad/2025/Documents/06.10-13.10.2025/4Z/105MEDIA/DSCF0855.JPG,DSCF0855.JPG,4Z/105MEDIA,0,Other_Amphibian,0.3598,3653.9,1655.1,3931.4,1922.9
/srv/shared_leopard_toad/2025/Documents/06.10-13.10.2025/4Z/105MEDIA/DSCF0855.JPG,DSCF0855.JPG,4Z/105MEDIA,0,Other_Amphibian,0.2637,3229.9,1970.6,3353.4,2112.7
/srv/shared_leopard_toad/2025/Documents/06.10-13.10.2025/4Z/105MEDIA/DSCF0855.JPG,DSCF0855.JPG,4Z/105MEDIA,0,Other_Amphibian,0.2501,3222.7,1968.4,3350.4,2109.4
/srv/shared_leopard_toad/2025/Documents/06.10-13.10.2025/4Z/105MEDIA/DSCF0024.JPG,DSCF0024.JPG,4Z/105MEDIA,0,Other_Amphibian,0.3545,2600.0,2695.5,2747.5,2853.6
/srv/shared_leopard_toad/2025/Documents/06.10-13.10.2025/4Z/105MEDIA/DSCF0024.JPG,DSCF0024.JPG,4Z/105MEDIA,0,Other_Amphibian,0.2370,2599.6,2694.7,2747.5,2852.8
/srv/shared_leopard_toad/2025/Documents/06.10-13.10.2025/4Z/105MEDIA/DSCF0024.JPG,DSCF0024.JPG,4Z/105MEDIA,0,Other_Amphibian,0.2285,3149.5,2306.4,3270.1,2444.5
/srv/shared_leopard_toad/2025/Documents/06.10-13.10.2025/4Z/105MEDIA/DSCF0852.JPG,DSCF0852.JPG,4Z/105MEDIA,2,Western_Leopard_Toad,0.2762,3654.8,1655.7,3928.2,1924.0
/srv/shared_leopard_toad/2025/Documents/06.10-13.10.2025/4Z/105MEDIA/DSCF0852.JPG,DSCF0852.JPG,4Z/105MEDIA,0,Other_Amphibian,0.2308,3229.6,1971.9,3352.3,2114.2
/srv/shared_leopard_toad/2025/Documents/06.10-13.10.2025/4Z/105MEDIA/DSCF0852.JPG,DSCF0852.JPG,4Z/105MEDIA,0,Other_Amphibian,0.2225,3220.6,1968.0,3347.8,2108.8
/srv/shared_leopard_toad/2025/Documents/06.10-13.10.2025/4Z/105MEDIA/DSCF0318.JPG,DSCF0318.JPG,4Z/105MEDIA,0,Other_Amphibian,0.2846,3147.9,2304.5,3270.8,2443.5
/srv/shared_leopard_toad/2025/Documents/06.10-13.10.2025/4Z/105MEDIA/DSCF0318.JPG,DSCF0318.JPG,4Z/105MEDIA,0,Other_Amphibian,0.2257,2596.7,2696.1,2746.0,2854.9
/srv/shared_leopard_toad/2025/Documents/06.10-13.10.2025/4Z/105MEDIA/DSCF0939.JPG,DSCF0939.JPG,4Z/105MEDIA,2,Western_Leopard_Toad,0.3161,3655.1,1657.0,3927.5,1922.1
/srv/shared_leopard_toad/2025/Documents/06.10-13.10.2025/4Z/105MEDIA/DSCF0939.JPG,DSCF0939.JPG,4Z/105MEDIA,0,Other_Amphibian,0.2627,3219.5,1966.7,3347.2,2107.8
/srv/shared_leopard_toad/2025/Documents/06.10-13.10.2025/4Z/105MEDIA/DSCF0939.JPG,DSCF0939.JPG,4Z/105MEDIA,0,Other_Amphibian,0.2325,3227.3,1972.2,3350.6,2113.8
/srv/shared_leopard_toad/2025/Documents/06.10-13.10.2025/4Z/105MEDIA/DSCF0493.JPG,DSCF0493.JPG,4Z/105MEDIA,0,Other_Amphibian,0.2616,3139.3,2304.6,3270.0,2439.9
/srv/shared_leopard_toad/2025/Documents/06.10-13.10.2025/4Z/105MEDIA/DSCF0493.JPG,DSCF0493.JPG,4Z/105MEDIA,0,Other_Amphibian,0.2050,3144.5,2305.7,3273.4,2444.5
/srv/shared_leopard_toad/2025/Documents/06.10-13.10.2025/4Z/105MEDIA/DSCF0493.JPG,DSCF0493.JPG,4Z/105MEDIA,0,Other_Amphibian,0.2034,3141.3,2308.7,3260.0,2446.8
/srv/shared_leopard_toad/2025/Documents/06.10-13.10.2025/4Z/105MEDIA/DSCF0617.JPG,DSCF0617.JPG,4Z/105MEDIA,2,Western_Leopard_Toad,0.3355,3654.2,1659.5,3928.8,1926.5
/srv/shared_leopard_toad/2025/Documents/06.10-13.10.2025/4Z/105MEDIA/DSCF0617.JPG,DSCF0617.JPG,4Z/105MEDIA,0,Other_Amphibian,0.2274,2569.6,1981.4,2851.8,2254.2
/srv/shared_leopard_toad/2025/Documents/06.10-13.10.2025/4Z/105MEDIA/DSCF0235.JPG,DSCF0235.JPG,4Z/105MEDIA,0,Other_Amphibian,0.3053,2600.0,2694.5,2748.4,2854.3
/srv/shared_leopard_toad/2025/Documents/06.10-13.10.2025/4Z/105MEDIA/DSCF0235.JPG,DSCF0235.JPG,4Z/105MEDIA,0,Other_Amphibian,0.2987,3145.9,2303.0,3271.3,2443.3
/srv/shared_leopard_toad/2025/Documents/06.10-13.10.2025/4Z/105MEDIA/DSCF0671.JPG,DSCF0671.JPG,4Z/105MEDIA,0,Other_Amphibian,0.3126,3218.7,1968.9,3346.6,2109.3
/srv/shared_leopard_toad/2025/Documents/06.10-13.10.2025/4Z/105MEDIA/DSCF0671.JPG,DSCF0671.JPG,4Z/105MEDIA,0,Other_Amphibian,0.3118,3228.0,1966.5,3351.1,2108.8
/srv/shared_leopard_toad/2025/Documents/06.10-13.10.2025/4Z/105MEDIA/DSCF0671.JPG,DSCF0671.JPG,4Z/105MEDIA,0,Other_Amphibian,0.2991,2569.7,1982.3,2847.0,2254.3
/srv/shared_leopard_toad/2025/Documents/06.10-13.10.2025/4Z/105MEDIA/DSCF0671.JPG,DSCF0671.JPG,4Z/105MEDIA,0,Other_Amphibian,0.2921,3656.5,1655.6,3926.9,1923.3
/srv/shared_leopard_toad/2025/Documents/06.10-13.10.2025/4Z/105MEDIA/DSCF0328.JPG,DSCF0328.JPG,4Z/105MEDIA,0,Other_Amphibian,0.2957,2598.9,2696.2,2745.2,2854.2
/srv/shared_leopard_toad/2025/Documents/06.10-13.10.2025/4Z/105MEDIA/DSCF0202.JPG,DSCF0202.JPG,4Z/105MEDIA,0,Other_Amphibian,0.2692,3147.0,2306.3,3273.5,2446.0
/srv/shared_leopard_toad/2025/Documents/06.10-13.10.2025/4Z/105MEDIA/DSCF0202.JPG,DSCF0202.JPG,4Z/105MEDIA,0,Other_Amphibian,0.2170,2602.3,2694.6,2744.5,2854.3
/srv/shared_leopard_toad/2025/Documents/06.10-13.10.2025/4Z/105MEDIA/DSCF0226.JPG,DSCF0226.JPG,4Z/105MEDIA,0,Other_Amphibian,0.2614,3147.7,2305.6,3274.9,2445.9
/srv/shared_leopard_toad/2025/Documents/06.10-13.10.2025/4Z/105MEDIA/DSCF0226.JPG,DSCF0226.JPG,4Z/105MEDIA,0,Other_Amphibian,0.2456,2590.8,2694.2,2746.0,2855.0
/srv/shared_leopard_toad/2025/Documents/06.10-13.10.2025/4Z/105MEDIA/DSCF0310.JPG,DSCF0310.JPG,4Z/105MEDIA,0,Other_Amphibian,0.4549,2596.9,2696.5,2745.5,2854.2
/srv/shared_leopard_toad/2025/Documents/06.10-13.10.2025/4Z/105MEDIA/DSCF0310.JPG,DSCF0310.JPG,4Z/105MEDIA,0,Other_Amphibian,0.3296,2598.8,2695.9,2749.7,2853.3
/srv/shared_leopard_toad/2025/Documents/06.10-13.10.2025/4Z/105MEDIA/DSCF0310.JPG,DSCF0310.JPG,4Z/105MEDIA,0,Other_Amphibian,0.2054,3151.6,2311.0,3274.9,2449.8
/srv/shared_leopard_toad/2025/Documents/06.10-13.10.2025/4Z/105MEDIA/DSCF0374.JPG,DSCF0374.JPG,4Z/105MEDIA,0,Other_Amphibian,0.2979,2592.2,2697.4,2745.1,2854.3
/srv/shared_leopard_toad/2025/Documents/06.10-13.10.2025/4Z/105MEDIA/DSCF0371.JPG,DSCF0371.JPG,4Z/105MEDIA,0,Other_Amphibian,0.2659,2592.8,2696.0,2745.3,2854.2
/srv/shared_leopard_toad/2025/Documents/06.10-13.10.2025/4Z/105MEDIA/DSCF0371.JPG,DSCF0371.JPG,4Z/105MEDIA,0,Other_Amphibian,0.2418,3153.6,2307.3,3269.7,2446.0
/srv/shared_leopard_toad/2025/Documents/06.10-13.10.2025/4Z/105MEDIA/DSCF0371.JPG,DSCF0371.JPG,4Z/105MEDIA,0,Other_Amphibian,0.2185,3586.8,1905.9,3847.8,2183.6
/srv/shared_leopard_toad/2025/Documents/06.10-13.10.2025/4Z/105MEDIA/DSCF0371.JPG,DSCF0371.JPG,4Z/105MEDIA,0,Other_Amphibian,0.2092,3152.1,2307.5,3270.0,2447.8
/srv/shared_leopard_toad/2025/Documents/06.10-13.10.2025/4Z/105MEDIA/DSCF0701.JPG,DSCF0701.JPG,4Z/105MEDIA,0,Other_Amphibian,0.3033,2568.9,1979.4,2858.6,2250.8
/srv/shared_leopard_toad/2025/Documents/06.10-13.10.2025/4Z/105MEDIA/DSCF0701.JPG,DSCF0701.JPG,4Z/105MEDIA,2,Western_Leopard_Toad,0.3000,3654.3,1657.4,3930.0,1923.6
/srv/shared_leopard_toad/2025/Documents/06.10-13.10.2025/4Z/105MEDIA/DSCF0701.JPG,DSCF0701.JPG,4Z/105MEDIA,0,Other_Amphibian,0.2420,3226.4,1967.9,3349.0,2110.2
/srv/shared_leopard_toad/2025/Documents/06.10-13.10.2025/4Z/105MEDIA/DSCF0701.JPG,DSCF0701.JPG,4Z/105MEDIA,0,Other_Amphibian,0.2418,3221.0,1966.9,3348.2,2108.1
/srv/shared_leopard_toad/2025/Documents/06.10-13.10.2025/4Z/105MEDIA/DSCF0317.JPG,DSCF0317.JPG,4Z/105MEDIA,0,Other_Amphibian,0.2934,2598.8,2697.2,2744.9,2854.3
/srv/shared_leopard_toad/2025/Documents/06.10-13.10.2025/4Z/105MEDIA/DSCF0317.JPG,DSCF0317.JPG,4Z/105MEDIA,0,Other_Amphibian,0.2717,3147.5,2306.8,3271.3,2447.0
/srv/shared_leopard_toad/2025/Documents/06.10-13.10.2025/4Z/105MEDIA/DSCF0210.JPG,DSCF0210.JPG,4Z/105MEDIA,0,Other_Amphibian,0.3540,3147.2,2303.0,3272.6,2444.5
/srv/shared_leopard_toad/2025/Documents/06.10-13.10.2025/4Z/105MEDIA/DSCF0210.JPG,DSCF0210.JPG,4Z/105MEDIA,0,Other_Amphibian,0.2244,3140.7,2306.6,3276.8,2445.3
/srv/shared_leopard_toad/2025/Documents/06.10-13.10.2025/4Z/105MEDIA/DSCF0234.JPG,DSCF0234.JPG,4Z/105MEDIA,0,Other_Amphibian,0.3343,2599.6,2695.7,2744.5,2854.1
/srv/shared_leopard_toad/2025/Documents/06.10-13.10.2025/4Z/105MEDIA/DSCF0234.JPG,DSCF0234.JPG,4Z/105MEDIA,0,Other_Amphibian,0.2543,3146.0,2306.4,3271.6,2444.5
/srv/shared_leopard_toad/2025/Documents/06.10-13.10.2025/4Z/105MEDIA/DSCF0893.JPG,DSCF0893.JPG,4Z/105MEDIA,0,Other_Amphibian,0.2524,3228.5,1972.0,3353.9,2114.0
/srv/shared_leopard_toad/2025/Documents/06.10-13.10.2025/4Z/105MEDIA/DSCF0893.JPG,DSCF0893.JPG,4Z/105MEDIA,0,Other_Amphibian,0.2446,3221.1,1967.5,3350.2,2108.2
/srv/shared_leopard_toad/2025/Documents/06.10-13.10.2025/4Z/105MEDIA/DSCF0860.JPG,DSCF0860.JPG,4Z/105MEDIA,0,Other_Amphibian,0.2745,3655.0,1656.1,3926.3,1924.1
/srv/shared_leopard_toad/2025/Documents/06.10-13.10.2025/4Z/105MEDIA/DSCF0860.JPG,DSCF0860.JPG,4Z/105MEDIA,0,Other_Amphibian,0.2139,3223.5,1967.4,3349.1,2108.3
/srv/shared_leopard_toad/2025/Documents/06.10-13.10.2025/4Z/105MEDIA/DSCF0860.JPG,DSCF0860.JPG,4Z/105MEDIA,0,Other_Amphibian,0.2055,3229.4,1972.1,3351.7,2114.2
/srv/shared_leopard_toad/2025/Documents/06.10-13.10.2025/4Z/105MEDIA/DSCF0604.JPG,DSCF0604.JPG,4Z/105MEDIA,2,Western_Leopard_Toad,0.8557,3646.1,1670.1,3924.9,1934.2
/srv/shared_leopard_toad/2025/Documents/06.10-13.10.2025/4Z/105MEDIA/DSCF0090.JPG,DSCF0090.JPG,4Z/105MEDIA,0,Other_Amphibian,0.2604,3146.9,2304.9,3271.6,2444.6
/srv/shared_leopard_toad/2025/Documents/06.10-13.10.2025/4Z/105MEDIA/DSCF0450.JPG,DSCF0450.JPG,4Z/105MEDIA,0,Other_Amphibian,0.2450,2598.6,2695.8,2748.9,2854.5
/srv/shared_leopard_toad/2025/Documents/06.10-13.10.2025/4Z/105MEDIA/DSCF0677.JPG,DSCF0677.JPG,4Z/105MEDIA,2,Western_Leopard_Toad,0.3840,3657.0,1659.3,3928.0,1924.6
/srv/shared_leopard_toad/2025/Documents/06.10-13.10.2025/4Z/105MEDIA/DSCF0677.JPG,DSCF0677.JPG,4Z/105MEDIA,0,Other_Amphibian,0.3531,2565.9,1982.1,2860.4,2251.2
/srv/shared_leopard_toad/2025/Documents/06.10-13.10.2025/4Z/105MEDIA/DSCF0677.JPG,DSCF0677.JPG,4Z/105MEDIA,0,Other_Amphibian,0.3121,3218.1,1967.5,3345.5,2108.9
/srv/shared_leopard_toad/2025/Documents/06.10-13.10.2025/4Z/105MEDIA/DSCF0677.JPG,DSCF0677.JPG,4Z/105MEDIA,0,Other_Amphibian,0.2927,3226.3,1967.3,3348.7,2109.5
/srv/shared_leopard_toad/2025/Documents/06.10-13.10.2025/4Z/105MEDIA/DSCF0884.JPG,DSCF0884.JPG,4Z/105MEDIA,0,Other_Amphibian,0.2102,3654.6,1656.9,3926.3,1924.3
/srv/shared_leopard_toad/2025/Documents/06.10-13.10.2025/4Z/105MEDIA/DSCF0356.JPG,DSCF0356.JPG,4Z/105MEDIA,0,Other_Amphibian,0.2006,3151.8,2307.6,3266.1,2447.7
/srv/shared_leopard_toad/2025/Documents/06.10-13.10.2025/4Z/105MEDIA/DSCF0444.JPG,DSCF0444.JPG,4Z/105MEDIA,0,Other_Amphibian,0.6568,3550.0,1962.6,3836.3,2224.1
/srv/shared_leopard_toad/2025/Documents/06.10-13.10.2025/4Z/105MEDIA/DSCF0444.JPG,DSCF0444.JPG,4Z/105MEDIA,0,Other_Amphibian,0.4330,3554.2,1961.1,3833.8,2222.3
/srv/shared_leopard_toad/2025/Documents/06.10-13.10.2025/4Z/105MEDIA/DSCF0444.JPG,DSCF0444.JPG,4Z/105MEDIA,0,Other_Amphibian,0.2024,3554.4,1960.1,3843.0,2228.8
/srv/shared_leopard_toad/2025/Documents/06.10-13.10.2025/4Z/105MEDIA/DSCF0638.JPG,DSCF0638.JPG,4Z/105MEDIA,2,Western_Leopard_Toad,0.3247,3657.4,1655.6,3929.8,1924.5
/srv/shared_leopard_toad/2025/Documents/06.10-13.10.2025/4Z/105MEDIA/DSCF0638.JPG,DSCF0638.JPG,4Z/105MEDIA,0,Other_Amphibian,0.3061,2566.7,1987.0,2869.6,2251.5
/srv/shared_leopard_toad/2025/Documents/06.10-13.10.2025/4Z/105MEDIA/DSCF0485.JPG,DSCF0485.JPG,4Z/105MEDIA,0,Other_Amphibian,0.2277,3150.3,2307.6,3265.7,2446.9
/srv/shared_leopard_toad/2025/Documents/06.10-13.10.2025/4Z/105MEDIA/DSCF0485.JPG,DSCF0485.JPG,4Z/105MEDIA,0,Other_Amphibian,0.2036,3144.4,2307.1,3276.6,2444.4
/srv/shared_leopard_toad/2025/Documents/06.10-13.10.2025/4Z/105MEDIA/DSCF0322.JPG,DSCF0322.JPG,4Z/105MEDIA,0,Other_Amphibian,0.2713,2598.5,2695.6,2743.7,2854.1
/srv/shared_leopard_toad/2025/Documents/06.10-13.10.2025/4Z/105MEDIA/DSCF0322.JPG,DSCF0322.JPG,4Z/105MEDIA,0,Other_Amphibian,0.2695,3145.6,2303.3,3273.2,2443.7
/srv/shared_leopard_toad/2025/Documents/06.10-13.10.2025/4Z/105MEDIA/DSCF0084.JPG,DSCF0084.JPG,4Z/105MEDIA,0,Other_Amphibian,0.2266,3148.1,2304.4,3270.1,2445.3
/srv/shared_leopard_toad/2025/Documents/06.10-13.10.2025/4Z/105MEDIA/DSCF0124.JPG,DSCF0124.JPG,4Z/105MEDIA,0,Other_Amphibian,0.3209,2597.8,2695.6,2742.7,2854.2
/srv/shared_leopard_toad/2025/Documents/06.10-13.10.2025/4Z/105MEDIA/DSCF0138.JPG,DSCF0138.JPG,4Z/105MEDIA,0,Other_Amphibian,0.2535,3146.5,2306.7,3273.0,2446.2
/srv/shared_leopard_toad/2025/Documents/06.10-13.10.2025/4Z/105MEDIA/DSCF0138.JPG,DSCF0138.JPG,4Z/105MEDIA,0,Other_Amphibian,0.2422,2593.4,2695.6,2743.7,2854.8
/srv/shared_leopard_toad/2025/Documents/06.10-13.10.2025/4Z/105MEDIA/DSCF0014.JPG,DSCF0014.JPG,4Z/105MEDIA,0,Other_Amphibian,0.3071,3147.2,2304.8,3272.6,2443.1
/srv/shared_leopard_toad/2025/Documents/06.10-13.10.2025/4Z/105MEDIA/DSCF0836.JPG,DSCF0836.JPG,4Z/105MEDIA,2,Western_Leopard_Toad,0.4101,3654.9,1657.2,3930.5,1923.4
/srv/shared_leopard_toad/2025/Documents/06.10-13.10.2025/4Z/105MEDIA/DSCF0836.JPG,DSCF0836.JPG,4Z/105MEDIA,0,Other_Amphibian,0.2166,3220.9,1969.4,3348.9,2108.8
/srv/shared_leopard_toad/2025/Documents/06.10-13.10.2025/4Z/105MEDIA/DSCF0836.JPG,DSCF0836.JPG,4Z/105MEDIA,0,Other_Amphibian,0.2096,3229.0,1975.5,3353.2,2115.5
/srv/shared_leopard_toad/2025/Documents/06.10-13.10.2025/4Z/105MEDIA/DSCF0520.JPG,DSCF0520.JPG,4Z/105MEDIA,2,Western_Leopard_Toad,0.2105,1325.2,1605.8,1550.8,1929.4
/srv/shared_leopard_toad/2025/Documents/06.10-13.10.2025/4Z/105MEDIA/DSCF0200.JPG,DSCF0200.JPG,4Z/105MEDIA,0,Other_Amphibian,0.3397,3145.4,2306.7,3271.6,2443.3
/srv/shared_leopard_toad/2025/Documents/06.10-13.10.2025/4Z/105MEDIA/DSCF0200.JPG,DSCF0200.JPG,4Z/105MEDIA,0,Other_Amphibian,0.3065,2602.2,2696.4,2746.3,2854.2
/srv/shared_leopard_toad/2025/Documents/06.10-13.10.2025/4Z/105MEDIA/DSCF0200.JPG,DSCF0200.JPG,4Z/105MEDIA,0,Other_Amphibian,0.2158,3146.9,2311.2,3280.6,2446.9
/srv/shared_leopard_toad/2025/Documents/06.10-13.10.2025/4Z/105MEDIA/DSCF0744.JPG,DSCF0744.JPG,4Z/105MEDIA,2,Western_Leopard_Toad,0.4911,3656.1,1655.4,3930.2,1922.7
/srv/shared_leopard_toad/2025/Documents/06.10-13.10.2025/4Z/105MEDIA/DSCF0744.JPG,DSCF0744.JPG,4Z/105MEDIA,0,Other_Amphibian,0.3181,2570.4,1979.7,2863.5,2250.7
/srv/shared_leopard_toad/2025/Documents/06.10-13.10.2025/4Z/105MEDIA/DSCF0744.JPG,DSCF0744.JPG,4Z/105MEDIA,0,Other_Amphibian,0.2890,3219.2,1968.1,3345.6,2109.3
/srv/shared_leopard_toad/2025/Documents/06.10-13.10.2025/4Z/105MEDIA/DSCF0744.JPG,DSCF0744.JPG,4Z/105MEDIA,0,Other_Amphibian,0.2725,3228.7,1968.5,3350.0,2110.4
/srv/shared_leopard_toad/2025/Documents/06.10-13.10.2025/4Z/105MEDIA/DSCF0009.JPG,DSCF0009.JPG,4Z/105MEDIA,0,Other_Amphibian,0.3228,2598.0,2696.1,2745.9,2854.2
/srv/shared_leopard_toad/2025/Documents/06.10-13.10.2025/4Z/105MEDIA/DSCF0009.JPG,DSCF0009.JPG,4Z/105MEDIA,0,Other_Amphibian,0.2040,3149.9,2308.8,3272.5,2447.2
/srv/shared_leopard_toad/2025/Documents/06.10-13.10.2025/4Z/105MEDIA/DSCF0950.JPG,DSCF0950.JPG,4Z/105MEDIA,2,Western_Leopard_Toad,0.2711,3657.7,1656.7,3928.0,1922.6
/srv/shared_leopard_toad/2025/Documents/06.10-13.10.2025/4Z/105MEDIA/DSCF0950.JPG,DSCF0950.JPG,4Z/105MEDIA,0,Other_Amphibian,0.2091,3226.6,1968.2,3349.9,2107.5
/srv/shared_leopard_toad/2025/Documents/06.10-13.10.2025/4Z/105MEDIA/DSCF0702.JPG,DSCF0702.JPG,4Z/105MEDIA,0,Other_Amphibian,0.4412,2566.1,1978.5,2860.1,2251.3
/srv/shared_leopard_toad/2025/Documents/06.10-13.10.2025/4Z/105MEDIA/DSCF0702.JPG,DSCF0702.JPG,4Z/105MEDIA,2,Western_Leopard_Toad,0.3301,3655.0,1656.0,3928.9,1924.4
/srv/shared_leopard_toad/2025/Documents/06.10-13.10.2025/4Z/105MEDIA/DSCF0702.JPG,DSCF0702.JPG,4Z/105MEDIA,0,Other_Amphibian,0.2300,3227.4,1970.7,3349.4,2112.1
/srv/shared_leopard_toad/2025/Documents/06.10-13.10.2025/4Z/105MEDIA/DSCF0702.JPG,DSCF0702.JPG,4Z/105MEDIA,0,Other_Amphibian,0.2253,3219.6,1969.1,3346.6,2109.5
/srv/shared_leopard_toad/2025/Documents/06.10-13.10.2025/4Z/105MEDIA/DSCF0140.JPG,DSCF0140.JPG,4Z/105MEDIA,0,Other_Amphibian,0.4341,2594.3,2696.5,2746.2,2854.5
/srv/shared_leopard_toad/2025/Documents/06.10-13.10.2025/4Z/105MEDIA/DSCF0140.JPG,DSCF0140.JPG,4Z/105MEDIA,0,Other_Amphibian,0.2596,2596.2,2696.1,2748.3,2853.7
/srv/shared_leopard_toad/2025/Documents/06.10-13.10.2025/4Z/105MEDIA/DSCF0243.JPG,DSCF0243.JPG,4Z/105MEDIA,0,Other_Amphibian,0.3038,2600.6,2695.8,2745.2,2854.1
/srv/shared_leopard_toad/2025/Documents/06.10-13.10.2025/4Z/105MEDIA/DSCF0717.JPG,DSCF0717.JPG,4Z/105MEDIA,0,Other_Amphibian,0.3402,2570.1,1987.0,2862.6,2251.1
/srv/shared_leopard_toad/2025/Documents/06.10-13.10.2025/4Z/105MEDIA/DSCF0717.JPG,DSCF0717.JPG,4Z/105MEDIA,0,Other_Amphibian,0.2692,3218.6,1967.0,3346.6,2109.1
/srv/shared_leopard_toad/2025/Documents/06.10-13.10.2025/4Z/105MEDIA/DSCF0717.JPG,DSCF0717.JPG,4Z/105MEDIA,0,Other_Amphibian,0.2481,3226.9,1968.0,3349.4,2111.2
/srv/shared_leopard_toad/2025/Documents/06.10-13.10.2025/4Z/105MEDIA/DSCF0717.JPG,DSCF0717.JPG,4Z/105MEDIA,2,Western_Leopard_Toad,0.2474,3656.2,1655.2,3926.8,1923.3
/srv/shared_leopard_toad/2025/Documents/06.10-13.10.2025/4Z/105MEDIA/DSCF0410.JPG,DSCF0410.JPG,4Z/105MEDIA,0,Other_Amphibian,0.8055,2088.0,2161.2,2277.7,2408.8
/srv/shared_leopard_toad/2025/Documents/06.10-13.10.2025/4Z/105MEDIA/DSCF0579.JPG,DSCF0579.JPG,4Z/105MEDIA,2,Western_Leopard_Toad,0.3222,3643.7,1675.6,3918.8,1940.9
/srv/shared_leopard_toad/2025/Documents/06.10-13.10.2025/4Z/105MEDIA/DSCF0506.JPG,DSCF0506.JPG,4Z/105MEDIA,0,Other_Amphibian,0.2042,9.7,847.5,150.9,996.8
/srv/shared_leopard_toad/2025/Documents/06.10-13.10.2025/4Z/105MEDIA/DSCF0361.JPG,DSCF0361.JPG,4Z/105MEDIA,0,Other_Amphibian,0.3479,2591.1,2694.7,2745.7,2854.7
/srv/shared_leopard_toad/2025/Documents/06.10-13.10.2025/4Z/105MEDIA/DSCF0361.JPG,DSCF0361.JPG,4Z/105MEDIA,0,Other_Amphibian,0.2837,3144.1,2302.6,3268.5,2442.5
/srv/shared_leopard_toad/2025/Documents/06.10-13.10.2025/4Z/105MEDIA/DSCF0361.JPG,DSCF0361.JPG,4Z/105MEDIA,0,Other_Amphibian,0.2153,3154.4,2307.4,3268.2,2447.1
/srv/shared_leopard_toad/2025/Documents/06.10-13.10.2025/4Z/105MEDIA/DSCF0201.JPG,DSCF0201.JPG,4Z/105MEDIA,0,Other_Amphibian,0.2603,2603.5,2696.4,2744.6,2854.2
/srv/shared_leopard_toad/2025/Documents/06.10-13.10.2025/4Z/105MEDIA/DSCF0201.JPG,DSCF0201.JPG,4Z/105MEDIA,0,Other_Amphibian,0.2225,3149.9,2308.6,3275.7,2447.7
/srv/shared_leopard_toad/2025/Documents/06.10-13.10.2025/4Z/105MEDIA/DSCF0642.JPG,DSCF0642.JPG,4Z/105MEDIA,0,Other_Amphibian,0.2639,2567.7,1985.1,2861.8,2252.4
/srv/shared_leopard_toad/2025/Documents/06.10-13.10.2025/4Z/105MEDIA/DSCF0642.JPG,DSCF0642.JPG,4Z/105MEDIA,0,Other_Amphibian,0.2598,3656.8,1657.0,3929.9,1923.8
/srv/shared_leopard_toad/2025/Documents/06.10-13.10.2025/4Z/105MEDIA/DSCF0642.JPG,DSCF0642.JPG,4Z/105MEDIA,0,Other_Amphibian,0.2512,3222.0,1968.7,3347.1,2109.0
/srv/shared_leopard_toad/2025/Documents/06.10-13.10.2025/4Z/105MEDIA/DSCF0642.JPG,DSCF0642.JPG,4Z/105MEDIA,0,Other_Amphibian,0.2364,3229.3,1971.2,3350.2,2112.5
/srv/shared_leopard_toad/2025/Documents/06.10-13.10.2025/4Z/105MEDIA/DSCF0762.JPG,DSCF0762.JPG,4Z/105MEDIA,0,Other_Amphibian,0.3010,3654.7,1656.6,3929.2,1923.9
/srv/shared_leopard_toad/2025/Documents/06.10-13.10.2025/4Z/105MEDIA/DSCF0762.JPG,DSCF0762.JPG,4Z/105MEDIA,0,Other_Amphibian,0.2953,2566.6,1974.5,2854.9,2254.5
/srv/shared_leopard_toad/2025/Documents/06.10-13.10.2025/4Z/105MEDIA/DSCF0762.JPG,DSCF0762.JPG,4Z/105MEDIA,0,Other_Amphibian,0.2561,3219.8,1968.2,3346.6,2109.3
/srv/shared_leopard_toad/2025/Documents/06.10-13.10.2025/4Z/105MEDIA/DSCF0762.JPG,DSCF0762.JPG,4Z/105MEDIA,0,Other_Amphibian,0.2502,3227.5,1968.1,3350.3,2110.2
/srv/shared_leopard_toad/2025/Documents/06.10-13.10.2025/4Z/105MEDIA/DSCF0992.JPG,DSCF0992.JPG,4Z/105MEDIA,2,Western_Leopard_Toad,0.4298,3653.9,1656.5,3931.7,1922.8
/srv/shared_leopard_toad/2025/Documents/06.10-13.10.2025/4Z/105MEDIA/DSCF0513.JPG,DSCF0513.JPG,4Z/105MEDIA,0,Other_Amphibian,0.3585,138.8,1318.6,279.7,1472.4
/srv/shared_leopard_toad/2025/Documents/06.10-13.10.2025/4Z/105MEDIA/DSCF0513.JPG,DSCF0513.JPG,4Z/105MEDIA,0,Other_Amphibian,0.2223,138.5,1327.9,280.3,1482.2
/srv/shared_leopard_toad/2025/Documents/06.10-13.10.2025/4Z/105MEDIA/DSCF0707.JPG,DSCF0707.JPG,4Z/105MEDIA,0,Other_Amphibian,0.4460,2563.9,1977.1,2858.8,2250.8
/srv/shared_leopard_toad/2025/Documents/06.10-13.10.2025/4Z/105MEDIA/DSCF0707.JPG,DSCF0707.JPG,4Z/105MEDIA,0,Other_Amphibian,0.2791,3217.0,1967.0,3346.3,2108.9
/srv/shared_leopard_toad/2025/Documents/06.10-13.10.2025/4Z/105MEDIA/DSCF0707.JPG,DSCF0707.JPG,4Z/105MEDIA,2,Western_Leopard_Toad,0.2744,3654.0,1657.1,3927.1,1923.8
/srv/shared_leopard_toad/2025/Documents/06.10-13.10.2025/4Z/105MEDIA/DSCF0707.JPG,DSCF0707.JPG,4Z/105MEDIA,0,Other_Amphibian,0.2315,3226.9,1970.1,3349.2,2112.8
/srv/shared_leopard_toad/2025/Documents/06.10-13.10.2025/4Z/104MEDIA/DSCF0404.JPG,DSCF0404.JPG,4Z/104MEDIA,0,Other_Amphibian,0.4300,3150.2,2300.5,3272.9,2440.6
/srv/shared_leopard_toad/2025/Documents/06.10-13.10.2025/4Z/104MEDIA/DSCF0404.JPG,DSCF0404.JPG,4Z/104MEDIA,0,Other_Amphibian,0.2018,3156.4,2310.3,3274.1,2450.4
/srv/shared_leopard_toad/2025/Documents/06.10-13.10.2025/4Z/104MEDIA/DSCF0993.JPG,DSCF0993.JPG,4Z/104MEDIA,0,Other_Amphibian,0.2932,2597.8,2694.1,2744.7,2854.6
/srv/shared_leopard_toad/2025/Documents/06.10-13.10.2025/4Z/104MEDIA/DSCF0993.JPG,DSCF0993.JPG,4Z/104MEDIA,0,Other_Amphibian,0.2441,2594.7,2693.7,2741.7,2853.7
/srv/shared_leopard_toad/2025/Documents/06.10-13.10.2025/4Z/104MEDIA/DSCF0537.JPG,DSCF0537.JPG,4Z/104MEDIA,0,Other_Amphibian,0.3649,3146.6,2302.0,3269.2,2440.3
/srv/shared_leopard_toad/2025/Documents/06.10-13.10.2025/4Z/104MEDIA/DSCF0537.JPG,DSCF0537.JPG,4Z/104MEDIA,0,Other_Amphibian,0.3057,3143.6,2302.9,3275.3,2440.0
/srv/shared_leopard_toad/2025/Documents/06.10-13.10.2025/4Z/104MEDIA/DSCF0358.JPG,DSCF0358.JPG,4Z/104MEDIA,0,Other_Amphibian,0.3563,3150.0,2303.7,3272.5,2439.8
/srv/shared_leopard_toad/2025/Documents/06.10-13.10.2025/4Z/104MEDIA/DSCF0358.JPG,DSCF0358.JPG,4Z/104MEDIA,0,Other_Amphibian,0.3140,3146.3,2304.4,3279.2,2439.2
/srv/shared_leopard_toad/2025/Documents/06.10-13.10.2025/4Z/104MEDIA/DSCF0012.JPG,DSCF0012.JPG,4Z/104MEDIA,0,Other_Amphibian,0.3144,2635.1,2241.5,2792.5,2404.0
/srv/shared_leopard_toad/2025/Documents/06.10-13.10.2025/4Z/104MEDIA/DSCF0012.JPG,DSCF0012.JPG,4Z/104MEDIA,0,Other_Amphibian,0.2320,3202.1,2035.0,3312.7,2175.0
/srv/shared_leopard_toad/2025/Documents/06.10-13.10.2025/4Z/104MEDIA/DSCF0012.JPG,DSCF0012.JPG,4Z/104MEDIA,0,Other_Amphibian,0.2301,3208.8,2036.1,3321.6,2176.7
/srv/shared_leopard_toad/2025/Documents/06.10-13.10.2025/4Z/104MEDIA/DSCF0488.JPG,DSCF0488.JPG,4Z/104MEDIA,0,Other_Amphibian,0.4043,3149.5,2300.6,3273.2,2438.3
/srv/shared_leopard_toad/2025/Documents/06.10-13.10.2025/4Z/104MEDIA/DSCF0488.JPG,DSCF0488.JPG,4Z/104MEDIA,0,Other_Amphibian,0.2867,3147.7,2304.7,3280.5,2440.4
/srv/shared_leopard_toad/2025/Documents/06.10-13.10.2025/4Z/104MEDIA/DSCF0541.JPG,DSCF0541.JPG,4Z/104MEDIA,0,Other_Amphibian,0.2961,3144.4,2302.9,3266.3,2441.6
/srv/shared_leopard_toad/2025/Documents/06.10-13.10.2025/4Z/104MEDIA/DSCF0519.JPG,DSCF0519.JPG,4Z/104MEDIA,0,Other_Amphibian,0.3534,3147.9,2300.0,3269.2,2439.1
/srv/shared_leopard_toad/2025/Documents/06.10-13.10.2025/4Z/104MEDIA/DSCF0589.JPG,DSCF0589.JPG,4Z/104MEDIA,0,Other_Amphibian,0.3127,3148.1,2303.9,3264.8,2439.1
/srv/shared_leopard_toad/2025/Documents/06.10-13.10.2025/4Z/104MEDIA/DSCF0466.JPG,DSCF0466.JPG,4Z/104MEDIA,0,Other_Amphibian,0.3365,3144.4,2303.3,3267.3,2440.6
/srv/shared_leopard_toad/2025/Documents/06.10-13.10.2025/4Z/104MEDIA/DSCF0466.JPG,DSCF0466.JPG,4Z/104MEDIA,0,Other_Amphibian,0.2111,3151.0,2307.1,3283.4,2442.8
/srv/shared_leopard_toad/2025/Documents/06.10-13.10.2025/4Z/104MEDIA/DSCF0443.JPG,DSCF0443.JPG,4Z/104MEDIA,0,Other_Amphibian,0.3783,3148.7,2302.3,3271.7,2438.4
/srv/shared_leopard_toad/2025/Documents/06.10-13.10.2025/4Z/104MEDIA/DSCF0443.JPG,DSCF0443.JPG,4Z/104MEDIA,0,Other_Amphibian,0.2526,3148.5,2307.0,3280.7,2441.2
/srv/shared_leopard_toad/2025/Documents/06.10-13.10.2025/4Z/104MEDIA/DSCF0911.JPG,DSCF0911.JPG,4Z/104MEDIA,0,Other_Amphibian,0.2401,3150.2,2306.0,3271.9,2445.9
/srv/shared_leopard_toad/2025/Documents/06.10-13.10.2025/4Z/104MEDIA/DSCF0911.JPG,DSCF0911.JPG,4Z/104MEDIA,0,Other_Amphibian,0.2345,2602.9,2694.6,2746.6,2854.0
/srv/shared_leopard_toad/2025/Documents/06.10-13.10.2025/4Z/104MEDIA/DSCF0215.JPG,DSCF0215.JPG,4Z/104MEDIA,2,Western_Leopard_Toad,0.4161,4609.4,1815.3,5365.6,2865.4
/srv/shared_leopard_toad/2025/Documents/06.10-13.10.2025/4Z/104MEDIA/DSCF0173.JPG,DSCF0173.JPG,4Z/104MEDIA,2,Western_Leopard_Toad,0.7213,3567.0,1912.5,3864.0,2187.9
/srv/shared_leopard_toad/2025/Documents/06.10-13.10.2025/4Z/104MEDIA/DSCF0279.JPG,DSCF0279.JPG,4Z/104MEDIA,0,Other_Amphibian,0.3409,3149.5,2302.7,3273.8,2441.8
/srv/shared_leopard_toad/2025/Documents/06.10-13.10.2025/4Z/104MEDIA/DSCF0279.JPG,DSCF0279.JPG,4Z/104MEDIA,0,Other_Amphibian,0.3200,3143.4,2302.3,3278.7,2438.7
/srv/shared_leopard_toad/2025/Documents/06.10-13.10.2025/4Z/104MEDIA/DSCF0464.JPG,DSCF0464.JPG,4Z/104MEDIA,0,Other_Amphibian,0.2615,3149.9,2302.9,3270.8,2441.5
/srv/shared_leopard_toad/2025/Documents/06.10-13.10.2025/4Z/104MEDIA/DSCF0455.JPG,DSCF0455.JPG,4Z/104MEDIA,0,Other_Amphibian,0.4437,3146.2,2301.2,3270.7,2440.8
/srv/shared_leopard_toad/2025/Documents/06.10-13.10.2025/4Z/104MEDIA/DSCF0455.JPG,DSCF0455.JPG,4Z/104MEDIA,0,Other_Amphibian,0.2134,3148.6,2309.9,3282.7,2447.1
/srv/shared_leopard_toad/2025/Documents/06.10-13.10.2025/4Z/104MEDIA/DSCF0455.JPG,DSCF0455.JPG,4Z/104MEDIA,0,Other_Amphibian,0.2063,3150.3,2309.7,3265.7,2450.5
/srv/shared_leopard_toad/2025/Documents/06.10-13.10.2025/4Z/104MEDIA/DSCF0001.JPG,DSCF0001.JPG,4Z/104MEDIA,0,Other_Amphibian,0.3105,2637.2,2241.3,2790.7,2405.5
/srv/shared_leopard_toad/2025/Documents/06.10-13.10.2025/4Z/104MEDIA/DSCF0001.JPG,DSCF0001.JPG,4Z/104MEDIA,0,Other_Amphibian,0.2719,3207.1,2034.6,3321.1,2175.3
/srv/shared_leopard_toad/2025/Documents/06.10-13.10.2025/4Z/104MEDIA/DSCF0001.JPG,DSCF0001.JPG,4Z/104MEDIA,0,Other_Amphibian,0.2341,3202.1,2036.0,3312.1,2176.1
/srv/shared_leopard_toad/2025/Documents/06.10-13.10.2025/4Z/104MEDIA/DSCF0001.JPG,DSCF0001.JPG,4Z/104MEDIA,0,Other_Amphibian,0.2038,3199.2,2032.9,3327.5,2173.3
/srv/shared_leopard_toad/2025/Documents/06.10-13.10.2025/4Z/104MEDIA/DSCF0407.JPG,DSCF0407.JPG,4Z/104MEDIA,0,Other_Amphibian,0.3884,3149.7,2301.0,3269.9,2438.2
/srv/shared_leopard_toad/2025/Documents/06.10-13.10.2025/4Z/104MEDIA/DSCF0407.JPG,DSCF0407.JPG,4Z/104MEDIA,0,Other_Amphibian,0.3385,3143.1,2303.1,3276.3,2438.2
/srv/shared_leopard_toad/2025/Documents/06.10-13.10.2025/4Z/104MEDIA/DSCF0416.JPG,DSCF0416.JPG,4Z/104MEDIA,0,Other_Amphibian,0.3264,3150.0,2301.7,3264.7,2440.9
/srv/shared_leopard_toad/2025/Documents/06.10-13.10.2025/4Z/104MEDIA/DSCF0922.JPG,DSCF0922.JPG,4Z/104MEDIA,0,Other_Amphibian,0.3350,2599.1,2694.5,2747.3,2854.2
/srv/shared_leopard_toad/2025/Documents/06.10-13.10.2025/4Z/104MEDIA/DSCF0922.JPG,DSCF0922.JPG,4Z/104MEDIA,0,Other_Amphibian,0.2684,3148.0,2304.0,3273.5,2445.3
/srv/shared_leopard_toad/2025/Documents/06.10-13.10.2025/4Z/104MEDIA/DSCF0922.JPG,DSCF0922.JPG,4Z/104MEDIA,0,Other_Amphibian,0.2193,2600.0,2693.9,2746.0,2853.3
/srv/shared_leopard_toad/2025/Documents/06.10-13.10.2025/4Z/104MEDIA/DSCF0678.JPG,DSCF0678.JPG,4Z/104MEDIA,0,Other_Amphibian,0.3378,3146.5,2303.2,3268.7,2439.6
/srv/shared_leopard_toad/2025/Documents/06.10-13.10.2025/4Z/104MEDIA/DSCF0678.JPG,DSCF0678.JPG,4Z/104MEDIA,0,Other_Amphibian,0.2446,3143.6,2305.4,3278.0,2441.0
/srv/shared_leopard_toad/2025/Documents/06.10-13.10.2025/4Z/104MEDIA/DSCF0651.JPG,DSCF0651.JPG,4Z/104MEDIA,0,Other_Amphibian,0.2622,3147.6,2306.1,3274.9,2442.3
/srv/shared_leopard_toad/2025/Documents/06.10-13.10.2025/4Z/104MEDIA/DSCF0514.JPG,DSCF0514.JPG,4Z/104MEDIA,0,Other_Amphibian,0.2767,3145.3,2304.4,3267.9,2441.8
/srv/shared_leopard_toad/2025/Documents/06.10-13.10.2025/4Z/104MEDIA/DSCF0767.JPG,DSCF0767.JPG,4Z/104MEDIA,0,Other_Amphibian,0.2436,3148.4,2304.2,3269.5,2441.4
/srv/shared_leopard_toad/2025/Documents/06.10-13.10.2025/4Z/104MEDIA/DSCF0767.JPG,DSCF0767.JPG,4Z/104MEDIA,0,Other_Amphibian,0.2211,2600.5,2693.1,2745.1,2853.6
/srv/shared_leopard_toad/2025/Documents/06.10-13.10.2025/4Z/104MEDIA/DSCF0774.JPG,DSCF0774.JPG,4Z/104MEDIA,0,Other_Amphibian,0.2200,3146.1,2306.9,3264.9,2444.1
/srv/shared_leopard_toad/2025/Documents/06.10-13.10.2025/4Z/104MEDIA/DSCF0784.JPG,DSCF0784.JPG,4Z/104MEDIA,0,Other_Amphibian,0.2700,3145.7,2304.7,3265.9,2440.5
/srv/shared_leopard_toad/2025/Documents/06.10-13.10.2025/4Z/104MEDIA/DSCF0933.JPG,DSCF0933.JPG,4Z/104MEDIA,0,Other_Amphibian,0.3299,3146.0,2304.7,3271.3,2442.9
/srv/shared_leopard_toad/2025/Documents/06.10-13.10.2025/4Z/104MEDIA/DSCF0933.JPG,DSCF0933.JPG,4Z/104MEDIA,0,Other_Amphibian,0.3102,2599.8,2693.4,2748.0,2855.1
/srv/shared_leopard_toad/2025/Documents/06.10-13.10.2025/4Z/104MEDIA/DSCF0933.JPG,DSCF0933.JPG,4Z/104MEDIA,0,Other_Amphibian,0.2442,2600.7,2693.1,2748.0,2854.6
/srv/shared_leopard_toad/2025/Documents/06.10-13.10.2025/4Z/104MEDIA/DSCF0417.JPG,DSCF0417.JPG,4Z/104MEDIA,0,Other_Amphibian,0.4375,3149.4,2299.7,3270.3,2439.5
/srv/shared_leopard_toad/2025/Documents/06.10-13.10.2025/4Z/104MEDIA/DSCF0417.JPG,DSCF0417.JPG,4Z/104MEDIA,0,Other_Amphibian,0.2490,3147.3,2306.5,3278.8,2443.2
/srv/shared_leopard_toad/2025/Documents/06.10-13.10.2025/4Z/104MEDIA/DSCF0543.JPG,DSCF0543.JPG,4Z/104MEDIA,0,Other_Amphibian,0.3422,3146.5,2303.1,3267.3,2438.5
/srv/shared_leopard_toad/2025/Documents/06.10-13.10.2025/4Z/104MEDIA/DSCF0543.JPG,DSCF0543.JPG,4Z/104MEDIA,0,Other_Amphibian,0.2391,3148.1,2306.6,3279.3,2441.0
/srv/shared_leopard_toad/2025/Documents/06.10-13.10.2025/4Z/104MEDIA/DSCF0325.JPG,DSCF0325.JPG,4Z/104MEDIA,0,Other_Amphibian,0.3727,3148.0,2302.0,3271.8,2439.8
/srv/shared_leopard_toad/2025/Documents/06.10-13.10.2025/4Z/104MEDIA/DSCF0325.JPG,DSCF0325.JPG,4Z/104MEDIA,0,Other_Amphibian,0.2756,3142.5,2305.3,3277.3,2440.7
/srv/shared_leopard_toad/2025/Documents/06.10-13.10.2025/4Z/104MEDIA/DSCF0650.JPG,DSCF0650.JPG,4Z/104MEDIA,0,Other_Amphibian,0.3818,2601.0,2693.5,2748.7,2853.5
/srv/shared_leopard_toad/2025/Documents/06.10-13.10.2025/4Z/104MEDIA/DSCF0650.JPG,DSCF0650.JPG,4Z/104MEDIA,0,Other_Amphibian,0.2765,3150.3,2305.6,3276.1,2444.1
/srv/shared_leopard_toad/2025/Documents/06.10-13.10.2025/4Z/104MEDIA/DSCF0650.JPG,DSCF0650.JPG,4Z/104MEDIA,0,Other_Amphibian,0.2609,2605.3,2692.9,2754.2,2852.9
/srv/shared_leopard_toad/2025/Documents/06.10-13.10.2025/4Z/104MEDIA/DSCF0107.JPG,DSCF0107.JPG,4Z/104MEDIA,0,Other_Amphibian,0.2048,2628.9,2241.9,2786.5,2405.3
/srv/shared_leopard_toad/2025/Documents/06.10-13.10.2025/4Z/104MEDIA/DSCF0562.JPG,DSCF0562.JPG,4Z/104MEDIA,0,Other_Amphibian,0.2809,3143.0,2305.0,3264.3,2441.0
/srv/shared_leopard_toad/2025/Documents/06.10-13.10.2025/4Z/104MEDIA/DSCF0446.JPG,DSCF0446.JPG,4Z/104MEDIA,0,Other_Amphibian,0.3570,3147.1,2301.3,3266.8,2438.6
/srv/shared_leopard_toad/2025/Documents/06.10-13.10.2025/4Z/104MEDIA/DSCF0446.JPG,DSCF0446.JPG,4Z/104MEDIA,0,Other_Amphibian,0.2332,3144.2,2305.5,3275.9,2440.9
/srv/shared_leopard_toad/2025/Documents/06.10-13.10.2025/4Z/104MEDIA/DSCF0512.JPG,DSCF0512.JPG,4Z/104MEDIA,0,Other_Amphibian,0.3104,3151.4,2302.8,3271.3,2440.3
/srv/shared_leopard_toad/2025/Documents/06.10-13.10.2025/4Z/104MEDIA/DSCF0512.JPG,DSCF0512.JPG,4Z/104MEDIA,0,Other_Amphibian,0.2703,3147.1,2303.8,3279.1,2440.0
/srv/shared_leopard_toad/2025/Documents/06.10-13.10.2025/4Z/104MEDIA/DSCF0282.JPG,DSCF0282.JPG,4Z/104MEDIA,0,Other_Amphibian,0.4184,3151.4,2300.7,3276.9,2441.3
/srv/shared_leopard_toad/2025/Documents/06.10-13.10.2025/4Z/104MEDIA/DSCF0282.JPG,DSCF0282.JPG,4Z/104MEDIA,0,Other_Amphibian,0.3870,3139.8,2302.4,3276.1,2440.9
/srv/shared_leopard_toad/2025/Documents/06.10-13.10.2025/4Z/104MEDIA/DSCF0430.JPG,DSCF0430.JPG,4Z/104MEDIA,0,Other_Amphibian,0.3179,3149.3,2301.9,3270.6,2441.5
/srv/shared_leopard_toad/2025/Documents/06.10-13.10.2025/4Z/104MEDIA/DSCF0765.JPG,DSCF0765.JPG,4Z/104MEDIA,0,Other_Amphibian,0.2763,2606.7,2692.8,2748.1,2852.7
/srv/shared_leopard_toad/2025/Documents/06.10-13.10.2025/4Z/104MEDIA/DSCF0594.JPG,DSCF0594.JPG,4Z/104MEDIA,0,Other_Amphibian,0.3991,3146.9,2301.4,3270.5,2439.8
/srv/shared_leopard_toad/2025/Documents/06.10-13.10.2025/4Z/104MEDIA/DSCF0594.JPG,DSCF0594.JPG,4Z/104MEDIA,0,Other_Amphibian,0.2905,3143.7,2304.3,3275.9,2440.4
/srv/shared_leopard_toad/2025/Documents/06.10-13.10.2025/4Z/104MEDIA/DSCF0594.JPG,DSCF0594.JPG,4Z/104MEDIA,0,Other_Amphibian,0.2248,3146.9,2308.1,3261.7,2447.3
/srv/shared_leopard_toad/2025/Documents/06.10-13.10.2025/4Z/104MEDIA/DSCF0221.JPG,DSCF0221.JPG,4Z/104MEDIA,2,Western_Leopard_Toad,0.7282,4604.3,1693.0,5368.9,2868.3
/srv/shared_leopard_toad/2025/Documents/06.10-13.10.2025/4Z/104MEDIA/DSCF0442.JPG,DSCF0442.JPG,4Z/104MEDIA,0,Other_Amphibian,0.3541,3146.7,2302.7,3268.5,2439.9
/srv/shared_leopard_toad/2025/Documents/06.10-13.10.2025/4Z/104MEDIA/DSCF0667.JPG,DSCF0667.JPG,4Z/104MEDIA,0,Other_Amphibian,0.3581,3147.3,2303.4,3271.3,2439.3
/srv/shared_leopard_toad/2025/Documents/06.10-13.10.2025/4Z/104MEDIA/DSCF0812.JPG,DSCF0812.JPG,4Z/104MEDIA,0,Other_Amphibian,0.2927,2599.0,2696.2,2744.5,2854.0
/srv/shared_leopard_toad/2025/Documents/06.10-13.10.2025/4Z/104MEDIA/DSCF0812.JPG,DSCF0812.JPG,4Z/104MEDIA,0,Other_Amphibian,0.2072,3153.0,2309.1,3274.4,2446.7
/srv/shared_leopard_toad/2025/Documents/06.10-13.10.2025/4Z/104MEDIA/DSCF0311.JPG,DSCF0311.JPG,4Z/104MEDIA,0,Other_Amphibian,0.3950,3150.6,2302.0,3271.7,2440.7
/srv/shared_leopard_toad/2025/Documents/06.10-13.10.2025/4Z/104MEDIA/DSCF0311.JPG,DSCF0311.JPG,4Z/104MEDIA,0,Other_Amphibian,0.3155,3142.8,2304.3,3276.5,2440.5
/srv/shared_leopard_toad/2025/Documents/06.10-13.10.2025/4Z/104MEDIA/DSCF0362.JPG,DSCF0362.JPG,4Z/104MEDIA,0,Other_Amphibian,0.3471,3149.9,2300.6,3268.7,2439.7
/srv/shared_leopard_toad/2025/Documents/06.10-13.10.2025/4Z/104MEDIA/DSCF0565.JPG,DSCF0565.JPG,4Z/104MEDIA,0,Other_Amphibian,0.3749,3149.7,2302.9,3275.7,2439.7
/srv/shared_leopard_toad/2025/Documents/06.10-13.10.2025/4Z/104MEDIA/DSCF0565.JPG,DSCF0565.JPG,4Z/104MEDIA,0,Other_Amphibian,0.3127,3146.7,2304.6,3280.2,2440.2
/srv/shared_leopard_toad/2025/Documents/06.10-13.10.2025/4Z/104MEDIA/DSCF0868.JPG,DSCF0868.JPG,4Z/104MEDIA,0,Other_Amphibian,0.3230,3146.3,2302.0,3270.1,2441.5
/srv/shared_leopard_toad/2025/Documents/06.10-13.10.2025/4Z/104MEDIA/DSCF0868.JPG,DSCF0868.JPG,4Z/104MEDIA,0,Other_Amphibian,0.3228,2597.3,2694.8,2744.8,2854.8
/srv/shared_leopard_toad/2025/Documents/06.10-13.10.2025/4Z/104MEDIA/DSCF0868.JPG,DSCF0868.JPG,4Z/104MEDIA,0,Other_Amphibian,0.2188,2599.1,2694.6,2745.0,2854.4
/srv/shared_leopard_toad/2025/Documents/06.10-13.10.2025/4Z/104MEDIA/DSCF0668.JPG,DSCF0668.JPG,4Z/104MEDIA,0,Other_Amphibian,0.3736,3148.5,2301.8,3270.8,2439.2
/srv/shared_leopard_toad/2025/Documents/06.10-13.10.2025/4Z/104MEDIA/DSCF0668.JPG,DSCF0668.JPG,4Z/104MEDIA,0,Other_Amphibian,0.2998,3143.2,2303.7,3276.2,2439.3
/srv/shared_leopard_toad/2025/Documents/06.10-13.10.2025/4Z/104MEDIA/DSCF0187.JPG,DSCF0187.JPG,4Z/104MEDIA,2,Western_Leopard_Toad,0.5873,3558.0,1913.3,3857.1,2193.8
/srv/shared_leopard_toad/2025/Documents/06.10-13.10.2025/4Z/104MEDIA/DSCF0061.JPG,DSCF0061.JPG,4Z/104MEDIA,0,Other_Amphibian,0.2261,2635.1,2243.9,2789.4,2405.3
/srv/shared_leopard_toad/2025/Documents/06.10-13.10.2025/4Z/104MEDIA/DSCF0061.JPG,DSCF0061.JPG,4Z/104MEDIA,0,Other_Amphibian,0.2214,3209.8,2035.8,3322.4,2175.7
/srv/shared_leopard_toad/2025/Documents/06.10-13.10.2025/4Z/104MEDIA/DSCF0980.JPG,DSCF0980.JPG,4Z/104MEDIA,0,Other_Amphibian,0.2361,3147.7,2306.3,3273.3,2445.5
/srv/shared_leopard_toad/2025/Documents/06.10-13.10.2025/4Z/104MEDIA/DSCF0679.JPG,DSCF0679.JPG,4Z/104MEDIA,0,Other_Amphibian,0.2734,3152.9,2305.9,3273.5,2442.2
/srv/shared_leopard_toad/2025/Documents/06.10-13.10.2025/4Z/104MEDIA/DSCF0752.JPG,DSCF0752.JPG,4Z/104MEDIA,0,Other_Amphibian,0.2426,2598.9,2694.1,2745.4,2853.6
/srv/shared_leopard_toad/2025/Documents/06.10-13.10.2025/4Z/104MEDIA/DSCF0752.JPG,DSCF0752.JPG,4Z/104MEDIA,0,Other_Amphibian,0.2401,3150.3,2305.3,3271.3,2443.5
/srv/shared_leopard_toad/2025/Documents/06.10-13.10.2025/4Z/104MEDIA/DSCF0193.JPG,DSCF0193.JPG,4Z/104MEDIA,2,Western_Leopard_Toad,0.2663,3560.1,1913.2,3851.9,2194.7
/srv/shared_leopard_toad/2025/Documents/06.10-13.10.2025/4Z/104MEDIA/DSCF0640.JPG,DSCF0640.JPG,4Z/104MEDIA,0,Other_Amphibian,0.3523,3146.2,2303.9,3269.7,2440.1
/srv/shared_leopard_toad/2025/Documents/06.10-13.10.2025/4Z/104MEDIA/DSCF0640.JPG,DSCF0640.JPG,4Z/104MEDIA,0,Other_Amphibian,0.2043,3148.1,2309.9,3280.0,2445.0
/srv/shared_leopard_toad/2025/Documents/06.10-13.10.2025/4Z/104MEDIA/DSCF0623.JPG,DSCF0623.JPG,4Z/104MEDIA,0,Other_Amphibian,0.3077,3151.1,2304.6,3275.0,2441.6
/srv/shared_leopard_toad/2025/Documents/06.10-13.10.2025/4Z/104MEDIA/DSCF0734.JPG,DSCF0734.JPG,4Z/104MEDIA,0,Other_Amphibian,0.3402,3146.1,2302.7,3271.1,2441.7
/srv/shared_leopard_toad/2025/Documents/06.10-13.10.2025/4Z/104MEDIA/DSCF0734.JPG,DSCF0734.JPG,4Z/104MEDIA,0,Other_Amphibian,0.2185,2597.5,2693.6,2748.8,2854.5
/srv/shared_leopard_toad/2025/Documents/06.10-13.10.2025/4Z/104MEDIA/DSCF0518.JPG,DSCF0518.JPG,4Z/104MEDIA,0,Other_Amphibian,0.3278,3150.1,2303.0,3272.8,2439.8
/srv/shared_leopard_toad/2025/Documents/06.10-13.10.2025/4Z/104MEDIA/DSCF0518.JPG,DSCF0518.JPG,4Z/104MEDIA,0,Other_Amphibian,0.2835,3146.0,2304.3,3278.2,2440.0
/srv/shared_leopard_toad/2025/Documents/06.10-13.10.2025/4Z/104MEDIA/DSCF0777.JPG,DSCF0777.JPG,4Z/104MEDIA,0,Other_Amphibian,0.3061,3148.1,2303.1,3271.8,2440.9
/srv/shared_leopard_toad/2025/Documents/06.10-13.10.2025/4Z/104MEDIA/DSCF0777.JPG,DSCF0777.JPG,4Z/104MEDIA,0,Other_Amphibian,0.2126,2599.8,2693.3,2743.1,2854.5
/srv/shared_leopard_toad/2025/Documents/06.10-13.10.2025/4Z/104MEDIA/DSCF0167.JPG,DSCF0167.JPG,4Z/104MEDIA,2,Western_Leopard_Toad,0.4192,3561.7,1914.3,3857.6,2191.9
/srv/shared_leopard_toad/2025/Documents/06.10-13.10.2025/4Z/104MEDIA/DSCF0273.JPG,DSCF0273.JPG,4Z/104MEDIA,0,Other_Amphibian,0.4010,3148.8,2301.6,3274.2,2440.0
/srv/shared_leopard_toad/2025/Documents/06.10-13.10.2025/4Z/104MEDIA/DSCF0273.JPG,DSCF0273.JPG,4Z/104MEDIA,0,Other_Amphibian,0.3444,3141.8,2303.8,3276.7,2440.1
/srv/shared_leopard_toad/2025/Documents/06.10-13.10.2025/4Z/104MEDIA/DSCF0038.JPG,DSCF0038.JPG,4Z/104MEDIA,0,Other_Amphibian,0.2776,2634.9,2242.0,2790.1,2405.3
/srv/shared_leopard_toad/2025/Documents/06.10-13.10.2025/4Z/104MEDIA/DSCF0891.JPG,DSCF0891.JPG,4Z/104MEDIA,0,Other_Amphibian,0.2440,2597.0,2694.0,2744.4,2854.4
/srv/shared_leopard_toad/2025/Documents/06.10-13.10.2025/4Z/104MEDIA/DSCF0891.JPG,DSCF0891.JPG,4Z/104MEDIA,0,Other_Amphibian,0.2279,3147.6,2305.8,3271.5,2445.1
/srv/shared_leopard_toad/2025/Documents/06.10-13.10.2025/4Z/104MEDIA/DSCF0636.JPG,DSCF0636.JPG,4Z/104MEDIA,0,Other_Amphibian,0.3146,3148.7,2304.8,3267.9,2440.9
/srv/shared_leopard_toad/2025/Documents/06.10-13.10.2025/4Z/104MEDIA/DSCF0636.JPG,DSCF0636.JPG,4Z/104MEDIA,0,Other_Amphibian,0.2188,2602.3,2692.7,2746.2,2853.7
/srv/shared_leopard_toad/2025/Documents/06.10-13.10.2025/4Z/104MEDIA/DSCF0089.JPG,DSCF0089.JPG,4Z/104MEDIA,0,Other_Amphibian,0.3348,2634.3,2240.7,2786.9,2404.2
/srv/shared_leopard_toad/2025/Documents/06.10-13.10.2025/4Z/104MEDIA/DSCF0560.JPG,DSCF0560.JPG,4Z/104MEDIA,0,Other_Amphibian,0.3826,3149.6,2302.4,3270.5,2438.8
/srv/shared_leopard_toad/2025/Documents/06.10-13.10.2025/4Z/104MEDIA/DSCF0560.JPG,DSCF0560.JPG,4Z/104MEDIA,0,Other_Amphibian,0.2238,3143.8,2308.6,3256.3,2447.2
/srv/shared_leopard_toad/2025/Documents/06.10-13.10.2025/4Z/104MEDIA/DSCF0560.JPG,DSCF0560.JPG,4Z/104MEDIA,0,Other_Amphibian,0.2233,3149.0,2309.1,3279.6,2443.2
/srv/shared_leopard_toad/2025/Documents/06.10-13.10.2025/4Z/104MEDIA/DSCF0802.JPG,DSCF0802.JPG,4Z/104MEDIA,0,Other_Amphibian,0.2264,3149.9,2305.9,3268.7,2443.1
/srv/shared_leopard_toad/2025/Documents/06.10-13.10.2025/4Z/104MEDIA/DSCF0802.JPG,DSCF0802.JPG,4Z/104MEDIA,0,Other_Amphibian,0.2020,2601.9,2694.6,2744.8,2853.6
/srv/shared_leopard_toad/2025/Documents/06.10-13.10.2025/4Z/104MEDIA/DSCF0720.JPG,DSCF0720.JPG,4Z/104MEDIA,0,Other_Amphibian,0.3201,2602.8,2694.8,2746.9,2853.1
/srv/shared_leopard_toad/2025/Documents/06.10-13.10.2025/4Z/104MEDIA/DSCF0720.JPG,DSCF0720.JPG,4Z/104MEDIA,0,Other_Amphibian,0.2619,3150.4,2306.7,3271.2,2442.7
/srv/shared_leopard_toad/2025/Documents/06.10-13.10.2025/4Z/104MEDIA/DSCF0339.JPG,DSCF0339.JPG,4Z/104MEDIA,0,Other_Amphibian,0.8679,2215.1,1762.9,2425.4,1995.2
/srv/shared_leopard_toad/2025/Documents/06.10-13.10.2025/4Z/104MEDIA/DSCF0339.JPG,DSCF0339.JPG,4Z/104MEDIA,0,Other_Amphibian,0.3284,3152.3,2302.0,3277.9,2443.9
/srv/shared_leopard_toad/2025/Documents/06.10-13.10.2025/4Z/104MEDIA/DSCF0164.JPG,DSCF0164.JPG,4Z/104MEDIA,2,Western_Leopard_Toad,0.4662,3564.3,1914.0,3859.7,2194.7
/srv/shared_leopard_toad/2025/Documents/06.10-13.10.2025/4Z/104MEDIA/DSCF0983.JPG,DSCF0983.JPG,4Z/104MEDIA,0,Other_Amphibian,0.2304,3149.0,2305.6,3271.9,2444.5
/srv/shared_leopard_toad/2025/Documents/06.10-13.10.2025/4Z/104MEDIA/DSCF0336.JPG,DSCF0336.JPG,4Z/104MEDIA,0,Other_Amphibian,0.4550,3146.8,2300.0,3275.1,2441.1
/srv/shared_leopard_toad/2025/Documents/06.10-13.10.2025/4Z/104MEDIA/DSCF0336.JPG,DSCF0336.JPG,4Z/104MEDIA,0,Other_Amphibian,0.2544,3145.8,2306.8,3280.9,2444.7
/srv/shared_leopard_toad/2025/Documents/06.10-13.10.2025/4Z/104MEDIA/DSCF0336.JPG,DSCF0336.JPG,4Z/104MEDIA,0,Other_Amphibian,0.2491,3150.6,2308.2,3272.5,2449.6
/srv/shared_leopard_toad/2025/Documents/06.10-13.10.2025/4Z/104MEDIA/DSCF0461.JPG,DSCF0461.JPG,4Z/104MEDIA,0,Other_Amphibian,0.4079,3149.0,2300.9,3271.4,2438.4
/srv/shared_leopard_toad/2025/Documents/06.10-13.10.2025/4Z/104MEDIA/DSCF0461.JPG,DSCF0461.JPG,4Z/104MEDIA,0,Other_Amphibian,0.3095,3144.9,2303.5,3277.3,2439.1
/srv/shared_leopard_toad/2025/Documents/06.10-13.10.2025/4Z/104MEDIA/DSCF0458.JPG,DSCF0458.JPG,4Z/104MEDIA,0,Other_Amphibian,0.4997,3149.8,2301.9,3275.8,2439.2
/srv/shared_leopard_toad/2025/Documents/06.10-13.10.2025/4Z/104MEDIA/DSCF0458.JPG,DSCF0458.JPG,4Z/104MEDIA,0,Other_Amphibian,0.2962,3150.2,2308.7,3282.9,2443.6
/srv/shared_leopard_toad/2025/Documents/06.10-13.10.2025/4Z/104MEDIA/DSCF0458.JPG,DSCF0458.JPG,4Z/104MEDIA,0,Other_Amphibian,0.2173,3157.0,2310.7,3275.1,2450.0
/srv/shared_leopard_toad/2025/Documents/06.10-13.10.2025/4Z/104MEDIA/DSCF0344.JPG,DSCF0344.JPG,4Z/104MEDIA,0,Other_Amphibian,0.4730,3148.2,2300.5,3272.9,2440.3
/srv/shared_leopard_toad/2025/Documents/06.10-13.10.2025/4Z/104MEDIA/DSCF0344.JPG,DSCF0344.JPG,4Z/104MEDIA,0,Other_Amphibian,0.4145,3139.5,2303.0,3274.6,2441.0
/srv/shared_leopard_toad/2025/Documents/06.10-13.10.2025/4Z/104MEDIA/DSCF0194.JPG,DSCF0194.JPG,4Z/104MEDIA,2,Western_Leopard_Toad,0.4815,3559.7,1914.4,3856.1,2191.6
/srv/shared_leopard_toad/2025/Documents/06.10-13.10.2025/4Z/104MEDIA/DSCF0712.JPG,DSCF0712.JPG,4Z/104MEDIA,0,Other_Amphibian,0.3965,2602.6,2694.6,2746.5,2852.4
/srv/shared_leopard_toad/2025/Documents/06.10-13.10.2025/4Z/104MEDIA/DSCF0712.JPG,DSCF0712.JPG,4Z/104MEDIA,0,Other_Amphibian,0.2746,3152.0,2307.3,3272.3,2444.2
/srv/shared_leopard_toad/2025/Documents/06.10-13.10.2025/4Z/104MEDIA/DSCF0501.JPG,DSCF0501.JPG,4Z/104MEDIA,0,Other_Amphibian,0.3982,3148.9,2302.4,3272.0,2439.4
/srv/shared_leopard_toad/2025/Documents/06.10-13.10.2025/4Z/104MEDIA/DSCF0501.JPG,DSCF0501.JPG,4Z/104MEDIA,0,Other_Amphibian,0.2462,3150.7,2307.5,3281.4,2442.9
/srv/shared_leopard_toad/2025/Documents/06.10-13.10.2025/4Z/104MEDIA/DSCF0233.JPG,DSCF0233.JPG,4Z/104MEDIA,2,Western_Leopard_Toad,0.8818,4579.3,1705.2,5372.0,2869.9
/srv/shared_leopard_toad/2025/Documents/06.10-13.10.2025/4Z/104MEDIA/DSCF0489.JPG,DSCF0489.JPG,4Z/104MEDIA,0,Other_Amphibian,0.3634,3147.5,2303.7,3270.9,2441.8
/srv/shared_leopard_toad/2025/Documents/06.10-13.10.2025/4Z/104MEDIA/DSCF0553.JPG,DSCF0553.JPG,4Z/104MEDIA,0,Other_Amphibian,0.3107,3141.0,2305.6,3260.4,2440.9
/srv/shared_leopard_toad/2025/Documents/06.10-13.10.2025/4Z/104MEDIA/DSCF0553.JPG,DSCF0553.JPG,4Z/104MEDIA,0,Other_Amphibian,0.2978,3144.3,2304.0,3276.8,2438.8
/srv/shared_leopard_toad/2025/Documents/06.10-13.10.2025/4Z/104MEDIA/DSCF0077.JPG,DSCF0077.JPG,4Z/104MEDIA,0,Other_Amphibian,0.2656,2639.3,2243.4,2789.0,2406.3
/srv/shared_leopard_toad/2025/Documents/06.10-13.10.2025/4Z/104MEDIA/DSCF0077.JPG,DSCF0077.JPG,4Z/104MEDIA,0,Other_Amphibian,0.2132,3207.6,2036.6,3321.6,2176.5
/srv/shared_leopard_toad/2025/Documents/06.10-13.10.2025/4Z/104MEDIA/DSCF0350.JPG,DSCF0350.JPG,4Z/104MEDIA,0,Other_Amphibian,0.4348,3148.8,2300.1,3271.8,2438.4
/srv/shared_leopard_toad/2025/Documents/06.10-13.10.2025/4Z/104MEDIA/DSCF0350.JPG,DSCF0350.JPG,4Z/104MEDIA,0,Other_Amphibian,0.3864,3142.1,2302.0,3275.8,2438.3
/srv/shared_leopard_toad/2025/Documents/06.10-13.10.2025/4Z/104MEDIA/DSCF0350.JPG,DSCF0350.JPG,4Z/104MEDIA,0,Other_Amphibian,0.2042,3148.0,2306.9,3264.3,2445.7
/srv/shared_leopard_toad/2025/Documents/06.10-13.10.2025/4Z/104MEDIA/DSCF0390.JPG,DSCF0390.JPG,4Z/104MEDIA,0,Other_Amphibian,0.4588,3148.1,2301.4,3271.5,2439.6
/srv/shared_leopard_toad/2025/Documents/06.10-13.10.2025/4Z/104MEDIA/DSCF0390.JPG,DSCF0390.JPG,4Z/104MEDIA,0,Other_Amphibian,0.3257,3141.1,2304.5,3275.7,2440.0
/srv/shared_leopard_toad/2025/Documents/06.10-13.10.2025/4Z/104MEDIA/DSCF0390.JPG,DSCF0390.JPG,4Z/104MEDIA,0,Other_Amphibian,0.2309,3149.0,2308.4,3264.4,2448.8
/srv/shared_leopard_toad/2025/Documents/06.10-13.10.2025/4Z/104MEDIA/DSCF0185.JPG,DSCF0185.JPG,4Z/104MEDIA,2,Western_Leopard_Toad,0.6844,3563.3,1913.7,3860.8,2190.2
/srv/shared_leopard_toad/2025/Documents/06.10-13.10.2025/4Z/104MEDIA/DSCF0539.JPG,DSCF0539.JPG,4Z/104MEDIA,0,Other_Amphibian,0.2990,3144.7,2303.3,3263.6,2441.8
/srv/shared_leopard_toad/2025/Documents/06.10-13.10.2025/4Z/104MEDIA/DSCF0051.JPG,DSCF0051.JPG,4Z/104MEDIA,0,Other_Amphibian,0.3074,3207.6,2032.9,3320.2,2173.5
/srv/shared_leopard_toad/2025/Documents/06.10-13.10.2025/4Z/104MEDIA/DSCF0051.JPG,DSCF0051.JPG,4Z/104MEDIA,0,Other_Amphibian,0.2547,2628.9,2241.7,2787.2,2406.1
/srv/shared_leopard_toad/2025/Documents/06.10-13.10.2025/4Z/104MEDIA/DSCF0286.JPG,DSCF0286.JPG,4Z/104MEDIA,0,Other_Amphibian,0.4299,3151.0,2301.9,3274.4,2441.3
/srv/shared_leopard_toad/2025/Documents/06.10-13.10.2025/4Z/104MEDIA/DSCF0286.JPG,DSCF0286.JPG,4Z/104MEDIA,0,Other_Amphibian,0.2652,3145.9,2306.9,3278.8,2442.7
/srv/shared_leopard_toad/2025/Documents/06.10-13.10.2025/4Z/104MEDIA/DSCF0292.JPG,DSCF0292.JPG,4Z/104MEDIA,0,Other_Amphibian,0.3909,3150.2,2302.0,3274.5,2441.1
/srv/shared_leopard_toad/2025/Documents/06.10-13.10.2025/4Z/104MEDIA/DSCF0292.JPG,DSCF0292.JPG,4Z/104MEDIA,0,Other_Amphibian,0.3203,3143.8,2303.5,3279.5,2439.3
/srv/shared_leopard_toad/2025/Documents/06.10-13.10.2025/4Z/104MEDIA/DSCF0429.JPG,DSCF0429.JPG,4Z/104MEDIA,0,Other_Amphibian,0.3899,3148.5,2301.9,3269.0,2439.5
/srv/shared_leopard_toad/2025/Documents/06.10-13.10.2025/4Z/104MEDIA/DSCF0429.JPG,DSCF0429.JPG,4Z/104MEDIA,0,Other_Amphibian,0.3262,3144.5,2303.9,3277.7,2439.3
/srv/shared_leopard_toad/2025/Documents/06.10-13.10.2025/4Z/104MEDIA/DSCF0431.JPG,DSCF0431.JPG,4Z/104MEDIA,0,Other_Amphibian,0.2700,3146.9,2304.2,3267.5,2441.5
/srv/shared_leopard_toad/2025/Documents/06.10-13.10.2025/4Z/104MEDIA/DSCF0834.JPG,DSCF0834.JPG,4Z/104MEDIA,0,Other_Amphibian,0.2230,3150.3,2304.3,3272.4,2443.9
/srv/shared_leopard_toad/2025/Documents/06.10-13.10.2025/4Z/104MEDIA/DSCF0822.JPG,DSCF0822.JPG,4Z/104MEDIA,0,Other_Amphibian,0.2557,3151.1,2305.6,3273.0,2444.0
/srv/shared_leopard_toad/2025/Documents/06.10-13.10.2025/4Z/104MEDIA/DSCF0822.JPG,DSCF0822.JPG,4Z/104MEDIA,0,Other_Amphibian,0.2475,2600.9,2694.7,2746.3,2854.4
/srv/shared_leopard_toad/2025/Documents/06.10-13.10.2025/4Z/104MEDIA/DSCF0792.JPG,DSCF0792.JPG,4Z/104MEDIA,0,Other_Amphibian,0.2067,2599.1,2696.5,2746.5,2854.6
/srv/shared_leopard_toad/2025/Documents/06.10-13.10.2025/4Z/104MEDIA/DSCF0807.JPG,DSCF0807.JPG,4Z/104MEDIA,0,Other_Amphibian,0.2680,2600.6,2695.4,2745.0,2854.0
/srv/shared_leopard_toad/2025/Documents/06.10-13.10.2025/4Z/104MEDIA/DSCF0341.JPG,DSCF0341.JPG,4Z/104MEDIA,0,Other_Amphibian,0.2615,3148.0,2304.2,3265.5,2439.8
/srv/shared_leopard_toad/2025/Documents/06.10-13.10.2025/4Z/104MEDIA/DSCF0304.JPG,DSCF0304.JPG,4Z/104MEDIA,0,Other_Amphibian,0.4575,3149.2,2300.1,3272.5,2438.9
/srv/shared_leopard_toad/2025/Documents/06.10-13.10.2025/4Z/104MEDIA/DSCF0304.JPG,DSCF0304.JPG,4Z/104MEDIA,0,Other_Amphibian,0.3573,3141.5,2302.7,3276.5,2439.0
/srv/shared_leopard_toad/2025/Documents/06.10-13.10.2025/4Z/104MEDIA/DSCF0507.JPG,DSCF0507.JPG,4Z/104MEDIA,0,Other_Amphibian,0.3774,3146.6,2300.6,3268.3,2440.6
/srv/shared_leopard_toad/2025/Documents/06.10-13.10.2025/4Z/104MEDIA/DSCF0507.JPG,DSCF0507.JPG,4Z/104MEDIA,0,Other_Amphibian,0.2333,3144.1,2307.3,3257.5,2449.3
/srv/shared_leopard_toad/2025/Documents/06.10-13.10.2025/4Z/104MEDIA/DSCF0681.JPG,DSCF0681.JPG,4Z/104MEDIA,0,Other_Amphibian,0.3036,3149.0,2303.5,3268.6,2440.6
/srv/shared_leopard_toad/2025/Documents/06.10-13.10.2025/4Z/104MEDIA/DSCF0592.JPG,DSCF0592.JPG,4Z/104MEDIA,0,Other_Amphibian,0.2910,3146.4,2304.6,3263.8,2440.6
/srv/shared_leopard_toad/2025/Documents/06.10-13.10.2025/4Z/104MEDIA/DSCF0592.JPG,DSCF0592.JPG,4Z/104MEDIA,0,Other_Amphibian,0.2148,3148.9,2307.5,3279.4,2442.4
/srv/shared_leopard_toad/2025/Documents/06.10-13.10.2025/4Z/104MEDIA/DSCF0574.JPG,DSCF0574.JPG,4Z/104MEDIA,0,Other_Amphibian,0.3218,3145.2,2304.4,3264.3,2441.7
/srv/shared_leopard_toad/2025/Documents/06.10-13.10.2025/4Z/104MEDIA/DSCF0574.JPG,DSCF0574.JPG,4Z/104MEDIA,0,Other_Amphibian,0.2139,3148.3,2306.9,3279.0,2442.3
/srv/shared_leopard_toad/2025/Documents/06.10-13.10.2025/4Z/104MEDIA/DSCF0795.JPG,DSCF0795.JPG,4Z/104MEDIA,0,Other_Amphibian,0.2366,2604.0,2695.2,2747.2,2854.4
/srv/shared_leopard_toad/2025/Documents/06.10-13.10.2025/4Z/104MEDIA/DSCF0266.JPG,DSCF0266.JPG,4Z/104MEDIA,0,Other_Amphibian,0.4130,3149.8,2302.4,3272.3,2440.9
/srv/shared_leopard_toad/2025/Documents/06.10-13.10.2025/4Z/104MEDIA/DSCF0266.JPG,DSCF0266.JPG,4Z/104MEDIA,0,Other_Amphibian,0.3684,3138.6,2304.8,3275.0,2441.1
/srv/shared_leopard_toad/2025/Documents/06.10-13.10.2025/4Z/104MEDIA/DSCF0003.JPG,DSCF0003.JPG,4Z/104MEDIA,0,Other_Amphibian,0.3293,2638.1,2239.2,2790.6,2404.4
/srv/shared_leopard_toad/2025/Documents/06.10-13.10.2025/4Z/104MEDIA/DSCF0207.JPG,DSCF0207.JPG,4Z/104MEDIA,2,Western_Leopard_Toad,0.2788,4601.7,1820.9,5362.6,2861.5
/srv/shared_leopard_toad/2025/Documents/06.10-13.10.2025/4Z/104MEDIA/DSCF0207.JPG,DSCF0207.JPG,4Z/104MEDIA,0,Other_Amphibian,0.2402,135.9,1294.8,278.5,1469.6
/srv/shared_leopard_toad/2025/Documents/06.10-13.10.2025/4Z/104MEDIA/DSCF0207.JPG,DSCF0207.JPG,4Z/104MEDIA,2,Western_Leopard_Toad,0.2358,3564.1,1912.8,3854.7,2191.3
/srv/shared_leopard_toad/2025/Documents/06.10-13.10.2025/4Z/104MEDIA/DSCF0393.JPG,DSCF0393.JPG,4Z/104MEDIA,0,Other_Amphibian,0.3353,3151.2,2302.3,3270.2,2439.8
/srv/shared_leopard_toad/2025/Documents/06.10-13.10.2025/4Z/104MEDIA/DSCF0393.JPG,DSCF0393.JPG,4Z/104MEDIA,0,Other_Amphibian,0.2321,3589.5,1906.6,3844.6,2181.2
/srv/shared_leopard_toad/2025/Documents/06.10-13.10.2025/4Z/104MEDIA/DSCF0986.JPG,DSCF0986.JPG,4Z/104MEDIA,0,Other_Amphibian,0.2530,3147.4,2305.7,3273.7,2445.9
/srv/shared_leopard_toad/2025/Documents/06.10-13.10.2025/4Z/104MEDIA/DSCF0981.JPG,DSCF0981.JPG,4Z/104MEDIA,0,Other_Amphibian,0.3178,2600.0,2694.9,2743.6,2854.2
/srv/shared_leopard_toad/2025/Documents/06.10-13.10.2025/4Z/104MEDIA/DSCF0403.JPG,DSCF0403.JPG,4Z/104MEDIA,0,Other_Amphibian,0.4533,3149.8,2300.7,3271.4,2439.5
/srv/shared_leopard_toad/2025/Documents/06.10-13.10.2025/4Z/104MEDIA/DSCF0403.JPG,DSCF0403.JPG,4Z/104MEDIA,0,Other_Amphibian,0.3800,3140.3,2303.5,3274.1,2440.0
/srv/shared_leopard_toad/2025/Documents/06.10-13.10.2025/4Z/104MEDIA/DSCF0403.JPG,DSCF0403.JPG,4Z/104MEDIA,0,Other_Amphibian,0.2084,3149.5,2309.1,3264.5,2448.6
/srv/shared_leopard_toad/2025/Documents/06.10-13.10.2025/4Z/104MEDIA/DSCF0369.JPG,DSCF0369.JPG,4Z/104MEDIA,0,Other_Amphibian,0.3062,3151.8,2303.4,3272.8,2442.2
/srv/shared_leopard_toad/2025/Documents/06.10-13.10.2025/4Z/104MEDIA/DSCF0895.JPG,DSCF0895.JPG,4Z/104MEDIA,0,Other_Amphibian,0.2571,2598.1,2696.0,2744.8,2854.9
/srv/shared_leopard_toad/2025/Documents/06.10-13.10.2025/4Z/104MEDIA/DSCF0422.JPG,DSCF0422.JPG,4Z/104MEDIA,0,Other_Amphibian,0.3463,3150.8,2304.1,3271.3,2440.4
/srv/shared_leopard_toad/2025/Documents/06.10-13.10.2025/4Z/104MEDIA/DSCF0422.JPG,DSCF0422.JPG,4Z/104MEDIA,0,Other_Amphibian,0.2217,3149.5,2309.1,3280.7,2443.2
/srv/shared_leopard_toad/2025/Documents/06.10-13.10.2025/4Z/104MEDIA/DSCF0549.JPG,DSCF0549.JPG,4Z/104MEDIA,0,Other_Amphibian,0.3552,3147.4,2303.6,3265.9,2439.6
/srv/shared_leopard_toad/2025/Documents/06.10-13.10.2025/4Z/104MEDIA/DSCF0549.JPG,DSCF0549.JPG,4Z/104MEDIA,0,Other_Amphibian,0.3132,3142.7,2304.6,3274.6,2439.9
/srv/shared_leopard_toad/2025/Documents/06.10-13.10.2025/4Z/104MEDIA/DSCF0817.JPG,DSCF0817.JPG,4Z/104MEDIA,0,Other_Amphibian,0.2505,3152.2,2306.0,3272.5,2445.3
/srv/shared_leopard_toad/2025/Documents/06.10-13.10.2025/4Z/104MEDIA/DSCF0817.JPG,DSCF0817.JPG,4Z/104MEDIA,0,Other_Amphibian,0.2059,2601.1,2692.8,2745.7,2853.9
/srv/shared_leopard_toad/2025/Documents/06.10-13.10.2025/4Z/104MEDIA/DSCF0649.JPG,DSCF0649.JPG,4Z/104MEDIA,0,Other_Amphibian,0.2747,3150.8,2303.2,3271.2,2440.3
/srv/shared_leopard_toad/2025/Documents/06.10-13.10.2025/4Z/104MEDIA/DSCF0649.JPG,DSCF0649.JPG,4Z/104MEDIA,0,Other_Amphibian,0.2603,2598.2,2693.9,2748.7,2853.7
/srv/shared_leopard_toad/2025/Documents/06.10-13.10.2025/4Z/104MEDIA/DSCF0649.JPG,DSCF0649.JPG,4Z/104MEDIA,0,Other_Amphibian,0.2189,2595.4,2692.8,2746.3,2852.5
/srv/shared_leopard_toad/2025/Documents/06.10-13.10.2025/4Z/104MEDIA/DSCF0649.JPG,DSCF0649.JPG,4Z/104MEDIA,0,Other_Amphibian,0.2118,3147.5,2305.0,3275.4,2440.2
/srv/shared_leopard_toad/2025/Documents/06.10-13.10.2025/4Z/104MEDIA/DSCF0912.JPG,DSCF0912.JPG,4Z/104MEDIA,0,Other_Amphibian,0.2383,3148.9,2306.9,3272.8,2445.0
/srv/shared_leopard_toad/2025/Documents/06.10-13.10.2025/4Z/104MEDIA/DSCF0912.JPG,DSCF0912.JPG,4Z/104MEDIA,0,Other_Amphibian,0.2244,2600.9,2694.2,2744.4,2854.3
/srv/shared_leopard_toad/2025/Documents/06.10-13.10.2025/4Z/104MEDIA/DSCF0899.JPG,DSCF0899.JPG,4Z/104MEDIA,0,Other_Amphibian,0.2029,3154.0,2309.4,3272.5,2447.6
/srv/shared_leopard_toad/2025/Documents/06.10-13.10.2025/4Z/104MEDIA/DSCF0353.JPG,DSCF0353.JPG,4Z/104MEDIA,0,Other_Amphibian,0.3933,3150.2,2300.9,3272.8,2439.4
/srv/shared_leopard_toad/2025/Documents/06.10-13.10.2025/4Z/104MEDIA/DSCF0353.JPG,DSCF0353.JPG,4Z/104MEDIA,0,Other_Amphibian,0.2691,3146.1,2305.0,3278.6,2441.1
/srv/shared_leopard_toad/2025/Documents/06.10-13.10.2025/4Z/104MEDIA/DSCF0394.JPG,DSCF0394.JPG,4Z/104MEDIA,0,Other_Amphibian,0.4006,3149.8,2300.2,3272.0,2439.7
/srv/shared_leopard_toad/2025/Documents/06.10-13.10.2025/4Z/104MEDIA/DSCF0394.JPG,DSCF0394.JPG,4Z/104MEDIA,0,Other_Amphibian,0.2847,3145.9,2303.6,3278.8,2440.5
/srv/shared_leopard_toad/2025/Documents/06.10-13.10.2025/4Z/104MEDIA/DSCF0759.JPG,DSCF0759.JPG,4Z/104MEDIA,0,Other_Amphibian,0.2228,3152.0,2307.1,3274.0,2443.2
/srv/shared_leopard_toad/2025/Documents/06.10-13.10.2025/4Z/104MEDIA/DSCF0476.JPG,DSCF0476.JPG,4Z/104MEDIA,0,Other_Amphibian,0.3454,3149.1,2304.2,3270.8,2441.0
/srv/shared_leopard_toad/2025/Documents/06.10-13.10.2025/4Z/104MEDIA/DSCF0476.JPG,DSCF0476.JPG,4Z/104MEDIA,0,Other_Amphibian,0.2384,3149.3,2307.1,3283.2,2442.2
/srv/shared_leopard_toad/2025/Documents/06.10-13.10.2025/4Z/104MEDIA/DSCF0713.JPG,DSCF0713.JPG,4Z/104MEDIA,0,Other_Amphibian,0.2318,3149.6,2307.6,3272.7,2445.3
/srv/shared_leopard_toad/2025/Documents/06.10-13.10.2025/4Z/104MEDIA/DSCF0699.JPG,DSCF0699.JPG,4Z/104MEDIA,0,Other_Amphibian,0.2517,3150.5,2304.7,3272.2,2442.8
/srv/shared_leopard_toad/2025/Documents/06.10-13.10.2025/4Z/104MEDIA/DSCF0699.JPG,DSCF0699.JPG,4Z/104MEDIA,0,Other_Amphibian,0.2135,2600.8,2692.3,2747.1,2853.9
/srv/shared_leopard_toad/2025/Documents/06.10-13.10.2025/4Z/104MEDIA/DSCF0146.JPG,DSCF0146.JPG,4Z/104MEDIA,0,Other_Amphibian,0.3064,3636.2,1665.6,3916.7,1942.0
/srv/shared_leopard_toad/2025/Documents/06.10-13.10.2025/4Z/104MEDIA/DSCF0566.JPG,DSCF0566.JPG,4Z/104MEDIA,0,Other_Amphibian,0.3615,3149.1,2302.9,3271.9,2439.5
/srv/shared_leopard_toad/2025/Documents/06.10-13.10.2025/4Z/104MEDIA/DSCF0566.JPG,DSCF0566.JPG,4Z/104MEDIA,0,Other_Amphibian,0.2800,3145.5,2305.2,3277.4,2440.3
/srv/shared_leopard_toad/2025/Documents/06.10-13.10.2025/4Z/104MEDIA/DSCF0559.JPG,DSCF0559.JPG,4Z/104MEDIA,0,Other_Amphibian,0.3467,3147.6,2302.9,3272.1,2439.8
/srv/shared_leopard_toad/2025/Documents/06.10-13.10.2025/4Z/104MEDIA/DSCF0559.JPG,DSCF0559.JPG,4Z/104MEDIA,0,Other_Amphibian,0.2156,3149.0,2308.6,3282.0,2443.9
/srv/shared_leopard_toad/2025/Documents/06.10-13.10.2025/4Z/104MEDIA/DSCF0445.JPG,DSCF0445.JPG,4Z/104MEDIA,0,Other_Amphibian,0.3356,3150.4,2303.5,3272.4,2438.1
/srv/shared_leopard_toad/2025/Documents/06.10-13.10.2025/4Z/104MEDIA/DSCF0445.JPG,DSCF0445.JPG,4Z/104MEDIA,0,Other_Amphibian,0.2156,3151.0,2308.5,3281.0,2441.3
/srv/shared_leopard_toad/2025/Documents/06.10-13.10.2025/4Z/104MEDIA/DSCF0368.JPG,DSCF0368.JPG,4Z/104MEDIA,0,Other_Amphibian,0.4397,3148.5,2302.0,3273.5,2439.0
/srv/shared_leopard_toad/2025/Documents/06.10-13.10.2025/4Z/104MEDIA/DSCF0368.JPG,DSCF0368.JPG,4Z/104MEDIA,0,Other_Amphibian,0.2986,3147.0,2305.9,3280.1,2440.4
/srv/shared_leopard_toad/2025/Documents/06.10-13.10.2025/4Z/104MEDIA/DSCF0656.JPG,DSCF0656.JPG,4Z/104MEDIA,0,Other_Amphibian,0.3057,3146.5,2302.7,3272.4,2440.0
/srv/shared_leopard_toad/2025/Documents/06.10-13.10.2025/4Z/104MEDIA/DSCF0994.JPG,DSCF0994.JPG,4Z/104MEDIA,0,Other_Amphibian,0.2208,3148.1,2307.6,3274.3,2446.5
/srv/shared_leopard_toad/2025/Documents/06.10-13.10.2025/4Z/104MEDIA/DSCF0366.JPG,DSCF0366.JPG,4Z/104MEDIA,0,Other_Amphibian,0.3289,3149.6,2302.8,3270.4,2439.0
/srv/shared_leopard_toad/2025/Documents/06.10-13.10.2025/4Z/104MEDIA/DSCF0366.JPG,DSCF0366.JPG,4Z/104MEDIA,0,Other_Amphibian,0.2584,3144.9,2303.9,3277.7,2438.4
/srv/shared_leopard_toad/2025/Documents/06.10-13.10.2025/4Z/104MEDIA/DSCF0439.JPG,DSCF0439.JPG,4Z/104MEDIA,0,Other_Amphibian,0.4149,3150.6,2301.1,3271.8,2440.1
/srv/shared_leopard_toad/2025/Documents/06.10-13.10.2025/4Z/104MEDIA/DSCF0439.JPG,DSCF0439.JPG,4Z/104MEDIA,0,Other_Amphibian,0.2428,3148.3,2307.5,3279.4,2444.0
/srv/shared_leopard_toad/2025/Documents/06.10-13.10.2025/4Z/104MEDIA/DSCF0755.JPG,DSCF0755.JPG,4Z/104MEDIA,0,Other_Amphibian,0.2288,2593.7,2693.1,2744.2,2854.1
/srv/shared_leopard_toad/2025/Documents/06.10-13.10.2025/4Z/104MEDIA/DSCF0067.JPG,DSCF0067.JPG,4Z/104MEDIA,0,Other_Amphibian,0.2871,2633.2,2243.0,2787.4,2406.9
/srv/shared_leopard_toad/2025/Documents/06.10-13.10.2025/4Z/104MEDIA/DSCF0251.JPG,DSCF0251.JPG,4Z/104MEDIA,0,Other_Amphibian,0.4419,3149.0,2301.0,3274.7,2440.8
/srv/shared_leopard_toad/2025/Documents/06.10-13.10.2025/4Z/104MEDIA/DSCF0251.JPG,DSCF0251.JPG,4Z/104MEDIA,0,Other_Amphibian,0.2827,3144.6,2305.7,3279.8,2442.7
/srv/shared_leopard_toad/2025/Documents/06.10-13.10.2025/4Z/104MEDIA/DSCF0372.JPG,DSCF0372.JPG,4Z/104MEDIA,0,Other_Amphibian,0.3920,3149.8,2301.0,3272.4,2440.6
/srv/shared_leopard_toad/2025/Documents/06.10-13.10.2025/4Z/104MEDIA/DSCF0372.JPG,DSCF0372.JPG,4Z/104MEDIA,0,Other_Amphibian,0.2182,3145.7,2306.8,3279.0,2443.9
/srv/shared_leopard_toad/2025/Documents/06.10-13.10.2025/4Z/104MEDIA/DSCF0372.JPG,DSCF0372.JPG,4Z/104MEDIA,0,Other_Amphibian,0.2112,3151.7,2309.2,3271.3,2448.2
/srv/shared_leopard_toad/2025/Documents/06.10-13.10.2025/4Z/104MEDIA/DSCF0250.JPG,DSCF0250.JPG,4Z/104MEDIA,0,Other_Amphibian,0.3677,3150.8,2301.3,3275.9,2441.7
/srv/shared_leopard_toad/2025/Documents/06.10-13.10.2025/4Z/104MEDIA/DSCF0250.JPG,DSCF0250.JPG,4Z/104MEDIA,0,Other_Amphibian,0.3493,3144.2,2301.6,3278.4,2439.1
/srv/shared_leopard_toad/2025/Documents/06.10-13.10.2025/4Z/104MEDIA/DSCF0342.JPG,DSCF0342.JPG,4Z/104MEDIA,0,Other_Amphibian,0.3630,3149.5,2303.1,3271.2,2440.8
/srv/shared_leopard_toad/2025/Documents/06.10-13.10.2025/4Z/104MEDIA/DSCF0342.JPG,DSCF0342.JPG,4Z/104MEDIA,0,Other_Amphibian,0.2735,3145.1,2304.0,3278.2,2440.2
/srv/shared_leopard_toad/2025/Documents/06.10-13.10.2025/4Z/104MEDIA/DSCF0979.JPG,DSCF0979.JPG,4Z/104MEDIA,0,Other_Amphibian,0.2744,3149.3,2305.6,3278.1,2445.5
/srv/shared_leopard_toad/2025/Documents/06.10-13.10.2025/4Z/104MEDIA/DSCF0305.JPG,DSCF0305.JPG,4Z/104MEDIA,0,Other_Amphibian,0.3226,3145.6,2303.5,3270.6,2443.1
/srv/shared_leopard_toad/2025/Documents/06.10-13.10.2025/4Z/104MEDIA/DSCF0880.JPG,DSCF0880.JPG,4Z/104MEDIA,0,Other_Amphibian,0.2835,2597.7,2695.4,2745.4,2854.5
/srv/shared_leopard_toad/2025/Documents/06.10-13.10.2025/4Z/104MEDIA/DSCF0880.JPG,DSCF0880.JPG,4Z/104MEDIA,0,Other_Amphibian,0.2752,3149.6,2305.8,3270.9,2444.0
/srv/shared_leopard_toad/2025/Documents/06.10-13.10.2025/4Z/104MEDIA/DSCF0938.JPG,DSCF0938.JPG,4Z/104MEDIA,0,Other_Amphibian,0.2445,3148.8,2306.3,3276.8,2445.9
/srv/shared_leopard_toad/2025/Documents/06.10-13.10.2025/4Z/104MEDIA/DSCF0033.JPG,DSCF0033.JPG,4Z/104MEDIA,0,Other_Amphibian,0.2718,2639.3,2242.1,2790.6,2407.2
/srv/shared_leopard_toad/2025/Documents/06.10-13.10.2025/4Z/104MEDIA/DSCF0033.JPG,DSCF0033.JPG,4Z/104MEDIA,0,Other_Amphibian,0.2517,3208.5,2035.5,3321.4,2176.1
/srv/shared_leopard_toad/2025/Documents/06.10-13.10.2025/4Z/104MEDIA/DSCF0033.JPG,DSCF0033.JPG,4Z/104MEDIA,0,Other_Amphibian,0.2080,3200.8,2037.2,3309.7,2177.4
/srv/shared_leopard_toad/2025/Documents/06.10-13.10.2025/4Z/104MEDIA/DSCF0487.JPG,DSCF0487.JPG,4Z/104MEDIA,0,Other_Amphibian,0.3522,3148.6,2303.3,3272.1,2439.8
/srv/shared_leopard_toad/2025/Documents/06.10-13.10.2025/4Z/104MEDIA/DSCF0487.JPG,DSCF0487.JPG,4Z/104MEDIA,0,Other_Amphibian,0.2055,3146.9,2307.6,3281.2,2442.4
/srv/shared_leopard_toad/2025/Documents/06.10-13.10.2025/4Z/104MEDIA/DSCF0709.JPG,DSCF0709.JPG,4Z/104MEDIA,0,Other_Amphibian,0.2988,3148.0,2302.6,3270.2,2441.6
/srv/shared_leopard_toad/2025/Documents/06.10-13.10.2025/4Z/104MEDIA/DSCF0709.JPG,DSCF0709.JPG,4Z/104MEDIA,0,Other_Amphibian,0.2339,2600.6,2693.6,2745.7,2854.1
/srv/shared_leopard_toad/2025/Documents/06.10-13.10.2025/4Z/104MEDIA/DSCF0168.JPG,DSCF0168.JPG,4Z/104MEDIA,2,Western_Leopard_Toad,0.4856,3563.2,1914.8,3858.5,2189.0
/srv/shared_leopard_toad/2025/Documents/06.10-13.10.2025/4Z/104MEDIA/DSCF0670.JPG,DSCF0670.JPG,4Z/104MEDIA,0,Other_Amphibian,0.2783,2600.9,2693.6,2744.5,2853.3
/srv/shared_leopard_toad/2025/Documents/06.10-13.10.2025/4Z/104MEDIA/DSCF0670.JPG,DSCF0670.JPG,4Z/104MEDIA,0,Other_Amphibian,0.2512,3147.7,2304.5,3274.5,2443.8
/srv/shared_leopard_toad/2025/Documents/06.10-13.10.2025/4Z/104MEDIA/DSCF0870.JPG,DSCF0870.JPG,4Z/104MEDIA,0,Other_Amphibian,0.2684,2602.0,2695.6,2744.7,2853.4
/srv/shared_leopard_toad/2025/Documents/06.10-13.10.2025/4Z/104MEDIA/DSCF0676.JPG,DSCF0676.JPG,4Z/104MEDIA,0,Other_Amphibian,0.3540,3148.5,2302.3,3273.1,2440.1
/srv/shared_leopard_toad/2025/Documents/06.10-13.10.2025/4Z/104MEDIA/DSCF0676.JPG,DSCF0676.JPG,4Z/104MEDIA,0,Other_Amphibian,0.2497,2598.6,2692.4,2748.1,2853.6
/srv/shared_leopard_toad/2025/Documents/06.10-13.10.2025/4Z/104MEDIA/DSCF0676.JPG,DSCF0676.JPG,4Z/104MEDIA,0,Other_Amphibian,0.2284,3145.8,2307.0,3278.6,2442.3
/srv/shared_leopard_toad/2025/Documents/06.10-13.10.2025/4Z/104MEDIA/DSCF0531.JPG,DSCF0531.JPG,4Z/104MEDIA,0,Other_Amphibian,0.3054,3145.8,2303.8,3262.9,2440.7
/srv/shared_leopard_toad/2025/Documents/06.10-13.10.2025/4Z/104MEDIA/DSCF0411.JPG,DSCF0411.JPG,4Z/104MEDIA,0,Other_Amphibian,0.3387,3150.4,2301.3,3272.0,2440.8
/srv/shared_leopard_toad/2025/Documents/06.10-13.10.2025/4Z/104MEDIA/DSCF0411.JPG,DSCF0411.JPG,4Z/104MEDIA,0,Other_Amphibian,0.2138,3149.4,2306.9,3282.2,2443.7
/srv/shared_leopard_toad/2025/Documents/06.10-13.10.2025/4Z/104MEDIA/DSCF0700.JPG,DSCF0700.JPG,4Z/104MEDIA,0,Other_Amphibian,0.2756,3149.4,2303.6,3275.4,2442.2
/srv/shared_leopard_toad/2025/Documents/06.10-13.10.2025/4Z/104MEDIA/DSCF0007.JPG,DSCF0007.JPG,4Z/104MEDIA,0,Other_Amphibian,0.2943,3206.8,2034.7,3323.6,2176.2
/srv/shared_leopard_toad/2025/Documents/06.10-13.10.2025/4Z/104MEDIA/DSCF0007.JPG,DSCF0007.JPG,4Z/104MEDIA,0,Other_Amphibian,0.2468,3200.6,2035.3,3317.2,2175.2
/srv/shared_leopard_toad/2025/Documents/06.10-13.10.2025/4Z/104MEDIA/DSCF0007.JPG,DSCF0007.JPG,4Z/104MEDIA,0,Other_Amphibian,0.2424,2638.6,2242.6,2790.2,2405.7
/srv/shared_leopard_toad/2025/Documents/06.10-13.10.2025/4Z/104MEDIA/DSCF0256.JPG,DSCF0256.JPG,4Z/104MEDIA,0,Other_Amphibian,0.4118,3148.8,2301.3,3272.8,2439.4
/srv/shared_leopard_toad/2025/Documents/06.10-13.10.2025/4Z/104MEDIA/DSCF0256.JPG,DSCF0256.JPG,4Z/104MEDIA,0,Other_Amphibian,0.3632,3145.6,2302.3,3280.6,2437.8
/srv/shared_leopard_toad/2025/Documents/06.10-13.10.2025/4Z/104MEDIA/DSCF0923.JPG,DSCF0923.JPG,4Z/104MEDIA,0,Other_Amphibian,0.2723,2593.5,2694.3,2743.6,2854.9
/srv/shared_leopard_toad/2025/Documents/06.10-13.10.2025/4Z/104MEDIA/DSCF0936.JPG,DSCF0936.JPG,4Z/104MEDIA,0,Other_Amphibian,0.2370,2596.7,2694.9,2747.4,2855.2
/srv/shared_leopard_toad/2025/Documents/06.10-13.10.2025/4Z/104MEDIA/DSCF0936.JPG,DSCF0936.JPG,4Z/104MEDIA,0,Other_Amphibian,0.2091,2598.5,2694.8,2750.8,2854.9
/srv/shared_leopard_toad/2025/Documents/06.10-13.10.2025/4Z/104MEDIA/DSCF0324.JPG,DSCF0324.JPG,4Z/104MEDIA,0,Other_Amphibian,0.5028,3146.9,2299.1,3273.6,2440.5
/srv/shared_leopard_toad/2025/Documents/06.10-13.10.2025/4Z/104MEDIA/DSCF0324.JPG,DSCF0324.JPG,4Z/104MEDIA,0,Other_Amphibian,0.2923,3143.1,2304.8,3280.2,2443.3
/srv/shared_leopard_toad/2025/Documents/06.10-13.10.2025/4Z/104MEDIA/DSCF0324.JPG,DSCF0324.JPG,4Z/104MEDIA,0,Other_Amphibian,0.2380,3156.2,2308.6,3276.6,2448.9
/srv/shared_leopard_toad/2025/Documents/06.10-13.10.2025/4Z/104MEDIA/DSCF0524.JPG,DSCF0524.JPG,4Z/104MEDIA,0,Other_Amphibian,0.3714,3149.6,2301.1,3273.5,2440.4
/srv/shared_leopard_toad/2025/Documents/06.10-13.10.2025/4Z/104MEDIA/DSCF0866.JPG,DSCF0866.JPG,4Z/104MEDIA,0,Other_Amphibian,0.3226,3147.4,2304.7,3274.8,2443.2
/srv/shared_leopard_toad/2025/Documents/06.10-13.10.2025/4Z/104MEDIA/DSCF0866.JPG,DSCF0866.JPG,4Z/104MEDIA,0,Other_Amphibian,0.2901,2600.2,2695.1,2743.1,2853.8
/srv/shared_leopard_toad/2025/Documents/06.10-13.10.2025/4Z/104MEDIA/DSCF0044.JPG,DSCF0044.JPG,4Z/104MEDIA,0,Other_Amphibian,0.3039,2638.2,2241.1,2787.4,2404.6
/srv/shared_leopard_toad/2025/Documents/06.10-13.10.2025/4Z/104MEDIA/DSCF0044.JPG,DSCF0044.JPG,4Z/104MEDIA,0,Other_Amphibian,0.2811,3204.8,2033.1,3315.7,2173.1
/srv/shared_leopard_toad/2025/Documents/06.10-13.10.2025/4Z/104MEDIA/DSCF0730.JPG,DSCF0730.JPG,4Z/104MEDIA,0,Other_Amphibian,0.2813,3150.8,2303.9,3273.3,2442.2
/srv/shared_leopard_toad/2025/Documents/06.10-13.10.2025/4Z/104MEDIA/DSCF0581.JPG,DSCF0581.JPG,4Z/104MEDIA,0,Other_Amphibian,0.4349,3146.7,2302.5,3270.7,2439.6
/srv/shared_leopard_toad/2025/Documents/06.10-13.10.2025/4Z/104MEDIA/DSCF0581.JPG,DSCF0581.JPG,4Z/104MEDIA,0,Other_Amphibian,0.3372,3143.4,2304.3,3277.4,2439.7
/srv/shared_leopard_toad/2025/Documents/06.10-13.10.2025/4Z/104MEDIA/DSCF0581.JPG,DSCF0581.JPG,4Z/104MEDIA,0,Other_Amphibian,0.2202,3148.1,2309.5,3261.8,2448.9
/srv/shared_leopard_toad/2025/Documents/06.10-13.10.2025/4Z/104MEDIA/DSCF0486.JPG,DSCF0486.JPG,4Z/104MEDIA,0,Other_Amphibian,0.3404,3149.7,2303.2,3272.5,2439.5
/srv/shared_leopard_toad/2025/Documents/06.10-13.10.2025/4Z/104MEDIA/DSCF0486.JPG,DSCF0486.JPG,4Z/104MEDIA,0,Other_Amphibian,0.2692,3145.7,2305.2,3278.8,2439.8
/srv/shared_leopard_toad/2025/Documents/06.10-13.10.2025/4Z/104MEDIA/DSCF0026.JPG,DSCF0026.JPG,4Z/104MEDIA,0,Other_Amphibian,0.3145,2632.9,2242.0,2787.4,2406.9
/srv/shared_leopard_toad/2025/Documents/06.10-13.10.2025/4Z/104MEDIA/DSCF0026.JPG,DSCF0026.JPG,4Z/104MEDIA,0,Other_Amphibian,0.2144,3203.8,2034.5,3314.2,2173.2
/srv/shared_leopard_toad/2025/Documents/06.10-13.10.2025/4Z/104MEDIA/DSCF0526.JPG,DSCF0526.JPG,4Z/104MEDIA,0,Other_Amphibian,0.3403,3147.6,2302.0,3266.6,2440.1
/srv/shared_leopard_toad/2025/Documents/06.10-13.10.2025/4Z/104MEDIA/DSCF0380.JPG,DSCF0380.JPG,4Z/104MEDIA,0,Other_Amphibian,0.3858,3151.1,2301.0,3271.6,2440.5
/srv/shared_leopard_toad/2025/Documents/06.10-13.10.2025/4Z/104MEDIA/DSCF0380.JPG,DSCF0380.JPG,4Z/104MEDIA,0,Other_Amphibian,0.3217,3142.6,2303.6,3276.1,2441.1
/srv/shared_leopard_toad/2025/Documents/06.10-13.10.2025/4Z/104MEDIA/DSCF0568.JPG,DSCF0568.JPG,4Z/104MEDIA,0,Other_Amphibian,0.3125,3143.8,2303.6,3262.9,2439.9
/srv/shared_leopard_toad/2025/Documents/06.10-13.10.2025/4Z/104MEDIA/DSCF0568.JPG,DSCF0568.JPG,4Z/104MEDIA,0,Other_Amphibian,0.2674,3145.6,2304.9,3276.6,2440.0
/srv/shared_leopard_toad/2025/Documents/06.10-13.10.2025/4Z/104MEDIA/DSCF0982.JPG,DSCF0982.JPG,4Z/104MEDIA,0,Other_Amphibian,0.3871,3144.3,2301.3,3271.4,2439.8
/srv/shared_leopard_toad/2025/Documents/06.10-13.10.2025/4Z/104MEDIA/DSCF0982.JPG,DSCF0982.JPG,4Z/104MEDIA,0,Other_Amphibian,0.2326,3145.1,2306.9,3279.1,2443.6
/srv/shared_leopard_toad/2025/Documents/06.10-13.10.2025/4Z/104MEDIA/DSCF0982.JPG,DSCF0982.JPG,4Z/104MEDIA,0,Other_Amphibian,0.2141,3156.0,2309.1,3274.5,2447.5
/srv/shared_leopard_toad/2025/Documents/06.10-13.10.2025/4Z/104MEDIA/DSCF0854.JPG,DSCF0854.JPG,4Z/104MEDIA,0,Other_Amphibian,0.2240,3153.8,2310.0,3273.2,2445.4
/srv/shared_leopard_toad/2025/Documents/06.10-13.10.2025/4Z/104MEDIA/DSCF0854.JPG,DSCF0854.JPG,4Z/104MEDIA,0,Other_Amphibian,0.2108,2601.3,2694.0,2745.7,2854.5
/srv/shared_leopard_toad/2025/Documents/06.10-13.10.2025/4Z/104MEDIA/DSCF0409.JPG,DSCF0409.JPG,4Z/104MEDIA,0,Other_Amphibian,0.3365,3151.8,2303.0,3273.6,2440.7
/srv/shared_leopard_toad/2025/Documents/06.10-13.10.2025/4Z/104MEDIA/DSCF0851.JPG,DSCF0851.JPG,4Z/104MEDIA,0,Other_Amphibian,0.2771,2598.1,2694.9,2745.0,2853.4
/srv/shared_leopard_toad/2025/Documents/06.10-13.10.2025/4Z/104MEDIA/DSCF0851.JPG,DSCF0851.JPG,4Z/104MEDIA,0,Other_Amphibian,0.2456,3150.5,2306.5,3272.7,2442.8
/srv/shared_leopard_toad/2025/Documents/06.10-13.10.2025/4Z/104MEDIA/DSCF0343.JPG,DSCF0343.JPG,4Z/104MEDIA,0,Other_Amphibian,0.2787,3150.0,2304.3,3269.5,2441.8
/srv/shared_leopard_toad/2025/Documents/06.10-13.10.2025/4Z/104MEDIA/DSCF0343.JPG,DSCF0343.JPG,4Z/104MEDIA,0,Other_Amphibian,0.2460,3148.6,2305.5,3279.3,2440.9
/srv/shared_leopard_toad/2025/Documents/06.10-13.10.2025/4Z/104MEDIA/DSCF0906.JPG,DSCF0906.JPG,4Z/104MEDIA,0,Other_Amphibian,0.2515,2600.4,2696.4,2744.3,2854.7
/srv/shared_leopard_toad/2025/Documents/06.10-13.10.2025/4Z/104MEDIA/DSCF0402.JPG,DSCF0402.JPG,4Z/104MEDIA,0,Other_Amphibian,0.3761,3151.7,2301.6,3271.6,2439.1
/srv/shared_leopard_toad/2025/Documents/06.10-13.10.2025/4Z/104MEDIA/DSCF0402.JPG,DSCF0402.JPG,4Z/104MEDIA,0,Other_Amphibian,0.3185,3146.6,2302.4,3277.6,2437.6
/srv/shared_leopard_toad/2025/Documents/06.10-13.10.2025/4Z/104MEDIA/DSCF0572.JPG,DSCF0572.JPG,4Z/104MEDIA,0,Other_Amphibian,0.3204,3144.8,2303.9,3267.2,2440.2
/srv/shared_leopard_toad/2025/Documents/06.10-13.10.2025/4Z/104MEDIA/DSCF0301.JPG,DSCF0301.JPG,4Z/104MEDIA,0,Other_Amphibian,0.3830,3149.2,2300.7,3274.0,2440.3
/srv/shared_leopard_toad/2025/Documents/06.10-13.10.2025/4Z/104MEDIA/DSCF0301.JPG,DSCF0301.JPG,4Z/104MEDIA,0,Other_Amphibian,0.2997,3145.4,2302.2,3279.6,2439.2
/srv/shared_leopard_toad/2025/Documents/06.10-13.10.2025/4Z/104MEDIA/DSCF0544.JPG,DSCF0544.JPG,4Z/104MEDIA,0,Other_Amphibian,0.3234,3146.5,2304.7,3264.9,2440.9
/srv/shared_leopard_toad/2025/Documents/06.10-13.10.2025/4Z/104MEDIA/DSCF0769.JPG,DSCF0769.JPG,4Z/104MEDIA,0,Other_Amphibian,0.2662,3150.3,2303.2,3271.1,2441.1
/srv/shared_leopard_toad/2025/Documents/06.10-13.10.2025/4Z/104MEDIA/DSCF0769.JPG,DSCF0769.JPG,4Z/104MEDIA,0,Other_Amphibian,0.2212,2604.4,2693.0,2746.4,2853.5
/srv/shared_leopard_toad/2025/Documents/06.10-13.10.2025/4Z/104MEDIA/DSCF0596.JPG,DSCF0596.JPG,4Z/104MEDIA,0,Other_Amphibian,0.3086,3150.2,2302.7,3270.9,2439.4
/srv/shared_leopard_toad/2025/Documents/06.10-13.10.2025/4Z/104MEDIA/DSCF0596.JPG,DSCF0596.JPG,4Z/104MEDIA,0,Other_Amphibian,0.2360,3148.2,2305.6,3279.4,2440.9
/srv/shared_leopard_toad/2025/Documents/06.10-13.10.2025/4Z/104MEDIA/DSCF0184.JPG,DSCF0184.JPG,4Z/104MEDIA,2,Western_Leopard_Toad,0.4454,3561.1,1913.9,3850.9,2188.1
/srv/shared_leopard_toad/2025/Documents/06.10-13.10.2025/4Z/104MEDIA/DSCF0373.JPG,DSCF0373.JPG,4Z/104MEDIA,0,Other_Amphibian,0.3685,3150.1,2301.2,3269.7,2439.2
/srv/shared_leopard_toad/2025/Documents/06.10-13.10.2025/4Z/104MEDIA/DSCF0373.JPG,DSCF0373.JPG,4Z/104MEDIA,0,Other_Amphibian,0.2418,3148.8,2305.7,3279.8,2441.3
/srv/shared_leopard_toad/2025/Documents/06.10-13.10.2025/4Z/104MEDIA/DSCF0871.JPG,DSCF0871.JPG,4Z/104MEDIA,0,Other_Amphibian,0.2290,2596.6,2693.9,2745.2,2854.1
/srv/shared_leopard_toad/2025/Documents/06.10-13.10.2025/4Z/104MEDIA/DSCF0871.JPG,DSCF0871.JPG,4Z/104MEDIA,0,Other_Amphibian,0.2174,3149.2,2306.5,3269.8,2444.8
/srv/shared_leopard_toad/2025/Documents/06.10-13.10.2025/4Z/104MEDIA/DSCF0944.JPG,DSCF0944.JPG,4Z/104MEDIA,0,Other_Amphibian,0.2662,3148.8,2304.5,3271.7,2446.6
/srv/shared_leopard_toad/2025/Documents/06.10-13.10.2025/4Z/104MEDIA/DSCF0944.JPG,DSCF0944.JPG,4Z/104MEDIA,0,Other_Amphibian,0.2154,3155.3,2307.4,3271.5,2448.9
/srv/shared_leopard_toad/2025/Documents/06.10-13.10.2025/4Z/104MEDIA/DSCF0944.JPG,DSCF0944.JPG,4Z/104MEDIA,0,Other_Amphibian,0.2139,2599.0,2693.9,2740.9,2854.5
/srv/shared_leopard_toad/2025/Documents/06.10-13.10.2025/4Z/104MEDIA/DSCF0580.JPG,DSCF0580.JPG,4Z/104MEDIA,0,Other_Amphibian,0.3538,3145.2,2302.2,3264.3,2438.9
/srv/shared_leopard_toad/2025/Documents/06.10-13.10.2025/4Z/104MEDIA/DSCF0580.JPG,DSCF0580.JPG,4Z/104MEDIA,0,Other_Amphibian,0.2653,3144.9,2304.3,3276.9,2439.2
/srv/shared_leopard_toad/2025/Documents/06.10-13.10.2025/4Z/104MEDIA/DSCF0580.JPG,DSCF0580.JPG,4Z/104MEDIA,0,Other_Amphibian,0.2149,3141.0,2306.2,3252.8,2445.3
/srv/shared_leopard_toad/2025/Documents/06.10-13.10.2025/4Z/104MEDIA/DSCF0060.JPG,DSCF0060.JPG,4Z/104MEDIA,0,Other_Amphibian,0.3731,3206.9,2032.5,3321.5,2173.9
/srv/shared_leopard_toad/2025/Documents/06.10-13.10.2025/4Z/104MEDIA/DSCF0060.JPG,DSCF0060.JPG,4Z/104MEDIA,0,Other_Amphibian,0.3031,3208.7,2032.1,3317.7,2172.7
/srv/shared_leopard_toad/2025/Documents/06.10-13.10.2025/4Z/104MEDIA/DSCF0060.JPG,DSCF0060.JPG,4Z/104MEDIA,0,Other_Amphibian,0.2379,3197.4,2032.4,3326.0,2173.3
/srv/shared_leopard_toad/2025/Documents/06.10-13.10.2025/4Z/104MEDIA/DSCF0060.JPG,DSCF0060.JPG,4Z/104MEDIA,0,Other_Amphibian,0.2151,2632.8,2242.4,2788.2,2407.9
/srv/shared_leopard_toad/2025/Documents/06.10-13.10.2025/4Z/104MEDIA/DSCF0949.JPG,DSCF0949.JPG,4Z/104MEDIA,0,Other_Amphibian,0.2837,3146.1,2304.4,3271.8,2442.7
/srv/shared_leopard_toad/2025/Documents/06.10-13.10.2025/4Z/104MEDIA/DSCF0949.JPG,DSCF0949.JPG,4Z/104MEDIA,0,Other_Amphibian,0.2782,2603.5,2693.6,2748.9,2853.9
/srv/shared_leopard_toad/2025/Documents/06.10-13.10.2025/4Z/104MEDIA/DSCF0949.JPG,DSCF0949.JPG,4Z/104MEDIA,0,Other_Amphibian,0.2325,2602.4,2693.1,2748.7,2853.6
/srv/shared_leopard_toad/2025/Documents/06.10-13.10.2025/4Z/104MEDIA/DSCF0736.JPG,DSCF0736.JPG,4Z/104MEDIA,0,Other_Amphibian,0.3630,2600.0,2694.4,2745.1,2853.5
/srv/shared_leopard_toad/2025/Documents/06.10-13.10.2025/4Z/104MEDIA/DSCF0736.JPG,DSCF0736.JPG,4Z/104MEDIA,0,Other_Amphibian,0.2032,2598.2,2693.5,2743.2,2852.6
/srv/shared_leopard_toad/2025/Documents/06.10-13.10.2025/4Z/104MEDIA/DSCF0873.JPG,DSCF0873.JPG,4Z/104MEDIA,0,Other_Amphibian,0.2900,2604.3,2695.3,2745.3,2854.0
/srv/shared_leopard_toad/2025/Documents/06.10-13.10.2025/4Z/104MEDIA/DSCF0917.JPG,DSCF0917.JPG,4Z/104MEDIA,0,Other_Amphibian,0.2352,3150.7,2307.9,3273.6,2446.0
/srv/shared_leopard_toad/2025/Documents/06.10-13.10.2025/4Z/104MEDIA/DSCF0917.JPG,DSCF0917.JPG,4Z/104MEDIA,0,Other_Amphibian,0.2334,2599.5,2694.6,2745.5,2854.7
/srv/shared_leopard_toad/2025/Documents/06.10-13.10.2025/4Z/104MEDIA/DSCF0505.JPG,DSCF0505.JPG,4Z/104MEDIA,0,Other_Amphibian,0.4133,3146.7,2301.5,3271.5,2440.0
/srv/shared_leopard_toad/2025/Documents/06.10-13.10.2025/4Z/104MEDIA/DSCF0505.JPG,DSCF0505.JPG,4Z/104MEDIA,0,Other_Amphibian,0.3391,3138.7,2304.1,3273.6,2441.1
/srv/shared_leopard_toad/2025/Documents/06.10-13.10.2025/4Z/104MEDIA/DSCF0672.JPG,DSCF0672.JPG,4Z/104MEDIA,0,Other_Amphibian,0.2707,2602.6,2694.2,2746.5,2852.9
/srv/shared_leopard_toad/2025/Documents/06.10-13.10.2025/4Z/104MEDIA/DSCF0672.JPG,DSCF0672.JPG,4Z/104MEDIA,0,Other_Amphibian,0.2432,3151.1,2303.7,3269.9,2442.2
/srv/shared_leopard_toad/2025/Documents/06.10-13.10.2025/4Z/104MEDIA/DSCF0662.JPG,DSCF0662.JPG,4Z/104MEDIA,0,Other_Amphibian,0.3368,3150.2,2302.9,3275.4,2440.6
/srv/shared_leopard_toad/2025/Documents/06.10-13.10.2025/4Z/104MEDIA/DSCF0662.JPG,DSCF0662.JPG,4Z/104MEDIA,0,Other_Amphibian,0.2604,2598.6,2693.2,2743.8,2853.6
/srv/shared_leopard_toad/2025/Documents/06.10-13.10.2025/4Z/104MEDIA/DSCF0662.JPG,DSCF0662.JPG,4Z/104MEDIA,0,Other_Amphibian,0.2157,3148.0,2306.6,3281.4,2442.3
/srv/shared_leopard_toad/2025/Documents/06.10-13.10.2025/4Z/104MEDIA/DSCF0998.JPG,DSCF0998.JPG,4Z/104MEDIA,0,Other_Amphibian,0.3586,2597.2,2694.4,2743.2,2854.5
/srv/shared_leopard_toad/2025/Documents/06.10-13.10.2025/4Z/104MEDIA/DSCF0998.JPG,DSCF0998.JPG,4Z/104MEDIA,0,Other_Amphibian,0.2826,3145.3,2304.4,3269.3,2442.7
/srv/shared_leopard_toad/2025/Documents/06.10-13.10.2025/4Z/104MEDIA/DSCF0998.JPG,DSCF0998.JPG,4Z/104MEDIA,0,Other_Amphibian,0.2331,2594.5,2694.3,2740.8,2853.8
/srv/shared_leopard_toad/2025/Documents/06.10-13.10.2025/4Z/104MEDIA/DSCF0308.JPG,DSCF0308.JPG,4Z/104MEDIA,0,Other_Amphibian,0.4137,3151.3,2300.8,3276.2,2440.7
/srv/shared_leopard_toad/2025/Documents/06.10-13.10.2025/4Z/104MEDIA/DSCF0308.JPG,DSCF0308.JPG,4Z/104MEDIA,0,Other_Amphibian,0.3656,3142.0,2303.0,3277.0,2440.5
/srv/shared_leopard_toad/2025/Documents/06.10-13.10.2025/4Z/104MEDIA/DSCF0433.JPG,DSCF0433.JPG,4Z/104MEDIA,0,Other_Amphibian,0.4080,3147.8,2300.1,3270.1,2438.3
/srv/shared_leopard_toad/2025/Documents/06.10-13.10.2025/4Z/104MEDIA/DSCF0433.JPG,DSCF0433.JPG,4Z/104MEDIA,0,Other_Amphibian,0.3315,3144.8,2302.2,3279.1,2438.0
/srv/shared_leopard_toad/2025/Documents/06.10-13.10.2025/4Z/104MEDIA/DSCF0385.JPG,DSCF0385.JPG,4Z/104MEDIA,0,Other_Amphibian,0.3660,3151.0,2301.9,3273.8,2439.5
/srv/shared_leopard_toad/2025/Documents/06.10-13.10.2025/4Z/104MEDIA/DSCF0385.JPG,DSCF0385.JPG,4Z/104MEDIA,0,Other_Amphibian,0.2731,3147.4,2305.8,3280.1,2440.7
/srv/shared_leopard_toad/2025/Documents/06.10-13.10.2025/4Z/104MEDIA/DSCF0151.JPG,DSCF0151.JPG,4Z/104MEDIA,0,Other_Amphibian,0.2286,2646.4,2249.6,2786.8,2407.5
/srv/shared_leopard_toad/2025/Documents/06.10-13.10.2025/4Z/104MEDIA/DSCF0426.JPG,DSCF0426.JPG,4Z/104MEDIA,0,Other_Amphibian,0.4132,3148.4,2301.6,3271.9,2440.6
/srv/shared_leopard_toad/2025/Documents/06.10-13.10.2025/4Z/104MEDIA/DSCF0426.JPG,DSCF0426.JPG,4Z/104MEDIA,0,Other_Amphibian,0.2502,3146.6,2307.2,3280.2,2443.8
/srv/shared_leopard_toad/2025/Documents/06.10-13.10.2025/4Z/104MEDIA/DSCF0534.JPG,DSCF0534.JPG,4Z/104MEDIA,0,Other_Amphibian,0.4006,3147.4,2301.1,3270.4,2438.0
/srv/shared_leopard_toad/2025/Documents/06.10-13.10.2025/4Z/104MEDIA/DSCF0534.JPG,DSCF0534.JPG,4Z/104MEDIA,0,Other_Amphibian,0.2687,3146.9,2305.7,3278.8,2440.6
/srv/shared_leopard_toad/2025/Documents/06.10-13.10.2025/4Z/104MEDIA/DSCF0534.JPG,DSCF0534.JPG,4Z/104MEDIA,0,Other_Amphibian,0.2014,3145.9,2307.6,3260.8,2446.2
/srv/shared_leopard_toad/2025/Documents/06.10-13.10.2025/4Z/104MEDIA/DSCF0041.JPG,DSCF0041.JPG,4Z/104MEDIA,0,Other_Amphibian,0.3084,2630.2,2241.6,2787.0,2405.3
/srv/shared_leopard_toad/2025/Documents/06.10-13.10.2025/4Z/104MEDIA/DSCF0041.JPG,DSCF0041.JPG,4Z/104MEDIA,0,Other_Amphibian,0.2773,3207.8,2036.3,3321.5,2175.2
/srv/shared_leopard_toad/2025/Documents/06.10-13.10.2025/4Z/104MEDIA/DSCF0041.JPG,DSCF0041.JPG,4Z/104MEDIA,0,Other_Amphibian,0.2311,3203.1,2036.6,3312.7,2175.4
/srv/shared_leopard_toad/2025/Documents/06.10-13.10.2025/4Z/104MEDIA/DSCF0254.JPG,DSCF0254.JPG,4Z/104MEDIA,0,Other_Amphibian,0.4036,3150.8,2300.3,3276.7,2440.9
/srv/shared_leopard_toad/2025/Documents/06.10-13.10.2025/4Z/104MEDIA/DSCF0254.JPG,DSCF0254.JPG,4Z/104MEDIA,0,Other_Amphibian,0.3400,3146.1,2302.5,3282.0,2440.1
/srv/shared_leopard_toad/2025/Documents/06.10-13.10.2025/4Z/104MEDIA/DSCF0970.JPG,DSCF0970.JPG,4Z/104MEDIA,0,Other_Amphibian,0.2429,3148.4,2307.1,3273.3,2446.2
/srv/shared_leopard_toad/2025/Documents/06.10-13.10.2025/4Z/104MEDIA/DSCF0509.JPG,DSCF0509.JPG,4Z/104MEDIA,0,Other_Amphibian,0.6362,2262.8,1815.9,2480.0,2008.2
/srv/shared_leopard_toad/2025/Documents/06.10-13.10.2025/4Z/104MEDIA/DSCF0509.JPG,DSCF0509.JPG,4Z/104MEDIA,0,Other_Amphibian,0.3161,3149.8,2304.2,3272.6,2442.1
/srv/shared_leopard_toad/2025/Documents/06.10-13.10.2025/4Z/104MEDIA/DSCF0732.JPG,DSCF0732.JPG,4Z/104MEDIA,0,Other_Amphibian,0.2799,3149.8,2301.4,3270.7,2440.7
/srv/shared_leopard_toad/2025/Documents/06.10-13.10.2025/4Z/104MEDIA/DSCF0781.JPG,DSCF0781.JPG,4Z/104MEDIA,0,Other_Amphibian,0.2811,3148.9,2305.5,3274.0,2444.0
/srv/shared_leopard_toad/2025/Documents/06.10-13.10.2025/4Z/104MEDIA/DSCF0781.JPG,DSCF0781.JPG,4Z/104MEDIA,0,Other_Amphibian,0.2630,2597.5,2696.3,2744.8,2854.1
/srv/shared_leopard_toad/2025/Documents/06.10-13.10.2025/4Z/104MEDIA/DSCF0634.JPG,DSCF0634.JPG,4Z/104MEDIA,0,Other_Amphibian,0.3433,3148.6,2302.8,3271.4,2439.2
/srv/shared_leopard_toad/2025/Documents/06.10-13.10.2025/4Z/104MEDIA/DSCF0634.JPG,DSCF0634.JPG,4Z/104MEDIA,0,Other_Amphibian,0.2732,3143.3,2304.9,3276.2,2440.1
/srv/shared_leopard_toad/2025/Documents/06.10-13.10.2025/4Z/104MEDIA/DSCF0896.JPG,DSCF0896.JPG,4Z/104MEDIA,0,Other_Amphibian,0.2358,3149.3,2306.8,3268.6,2445.2
/srv/shared_leopard_toad/2025/Documents/06.10-13.10.2025/4Z/104MEDIA/DSCF0925.JPG,DSCF0925.JPG,4Z/104MEDIA,0,Other_Amphibian,0.3199,2595.8,2694.9,2746.1,2854.4
/srv/shared_leopard_toad/2025/Documents/06.10-13.10.2025/4Z/104MEDIA/DSCF0925.JPG,DSCF0925.JPG,4Z/104MEDIA,0,Other_Amphibian,0.2391,2598.1,2694.7,2750.5,2853.9
/srv/shared_leopard_toad/2025/Documents/06.10-13.10.2025/4Z/104MEDIA/DSCF0925.JPG,DSCF0925.JPG,4Z/104MEDIA,0,Other_Amphibian,0.2384,3147.8,2306.4,3273.3,2445.5
/srv/shared_leopard_toad/2025/Documents/06.10-13.10.2025/4Z/104MEDIA/DSCF0419.JPG,DSCF0419.JPG,4Z/104MEDIA,0,Other_Amphibian,0.4517,3148.5,2300.2,3271.4,2439.3
/srv/shared_leopard_toad/2025/Documents/06.10-13.10.2025/4Z/104MEDIA/DSCF0419.JPG,DSCF0419.JPG,4Z/104MEDIA,0,Other_Amphibian,0.3138,3143.6,2303.9,3278.1,2440.4
/srv/shared_leopard_toad/2025/Documents/06.10-13.10.2025/4Z/104MEDIA/DSCF0528.JPG,DSCF0528.JPG,4Z/104MEDIA,0,Other_Amphibian,0.4500,3149.3,2302.2,3273.0,2439.1
/srv/shared_leopard_toad/2025/Documents/06.10-13.10.2025/4Z/104MEDIA/DSCF0528.JPG,DSCF0528.JPG,4Z/104MEDIA,0,Other_Amphibian,0.3622,3143.9,2304.7,3277.8,2439.7
/srv/shared_leopard_toad/2025/Documents/06.10-13.10.2025/4Z/104MEDIA/DSCF0528.JPG,DSCF0528.JPG,4Z/104MEDIA,0,Other_Amphibian,0.2062,3149.8,2310.3,3265.7,2449.1
/srv/shared_leopard_toad/2025/Documents/06.10-13.10.2025/4Z/104MEDIA/DSCF0008.JPG,DSCF0008.JPG,4Z/104MEDIA,0,Other_Amphibian,0.2264,3205.9,2032.3,3319.2,2175.4
/srv/shared_leopard_toad/2025/Documents/06.10-13.10.2025/4Z/104MEDIA/DSCF0564.JPG,DSCF0564.JPG,4Z/104MEDIA,0,Other_Amphibian,0.2698,3145.3,2303.5,3263.6,2440.0
/srv/shared_leopard_toad/2025/Documents/06.10-13.10.2025/4Z/104MEDIA/DSCF0303.JPG,DSCF0303.JPG,4Z/104MEDIA,0,Other_Amphibian,0.4673,3149.5,2301.6,3275.0,2440.4
/srv/shared_leopard_toad/2025/Documents/06.10-13.10.2025/4Z/104MEDIA/DSCF0303.JPG,DSCF0303.JPG,4Z/104MEDIA,0,Other_Amphibian,0.3003,3147.1,2306.6,3280.4,2442.6
/srv/shared_leopard_toad/2025/Documents/06.10-13.10.2025/4Z/104MEDIA/DSCF0644.JPG,DSCF0644.JPG,4Z/104MEDIA,0,Other_Amphibian,0.2585,3152.3,2307.7,3272.1,2444.0
/srv/shared_leopard_toad/2025/Documents/06.10-13.10.2025/4Z/104MEDIA/DSCF0644.JPG,DSCF0644.JPG,4Z/104MEDIA,0,Other_Amphibian,0.2047,2601.8,2692.4,2743.6,2853.4
/srv/shared_leopard_toad/2025/Documents/06.10-13.10.2025/4Z/104MEDIA/DSCF0220.JPG,DSCF0220.JPG,4Z/104MEDIA,2,Western_Leopard_Toad,0.6533,4627.6,1721.3,5371.1,2863.4
/srv/shared_leopard_toad/2025/Documents/06.10-13.10.2025/4Z/104MEDIA/DSCF0220.JPG,DSCF0220.JPG,4Z/104MEDIA,2,Western_Leopard_Toad,0.4143,3565.7,1914.8,3858.3,2186.9
/srv/shared_leopard_toad/2025/Documents/06.10-13.10.2025/4Z/104MEDIA/DSCF0515.JPG,DSCF0515.JPG,4Z/104MEDIA,0,Other_Amphibian,0.2722,3148.0,2305.0,3268.7,2442.3
/srv/shared_leopard_toad/2025/Documents/06.10-13.10.2025/4Z/104MEDIA/DSCF0837.JPG,DSCF0837.JPG,4Z/104MEDIA,0,Other_Amphibian,0.2653,2594.6,2695.7,2745.4,2854.9
/srv/shared_leopard_toad/2025/Documents/06.10-13.10.2025/4Z/104MEDIA/DSCF0837.JPG,DSCF0837.JPG,4Z/104MEDIA,0,Other_Amphibian,0.2532,3149.7,2307.5,3271.9,2445.5
/srv/shared_leopard_toad/2025/Documents/06.10-13.10.2025/4Z/104MEDIA/DSCF0853.JPG,DSCF0853.JPG,4Z/104MEDIA,0,Other_Amphibian,0.3106,3146.2,2304.2,3270.0,2441.3
/srv/shared_leopard_toad/2025/Documents/06.10-13.10.2025/4Z/104MEDIA/DSCF0853.JPG,DSCF0853.JPG,4Z/104MEDIA,0,Other_Amphibian,0.2131,3148.2,2308.1,3279.8,2444.4
/srv/shared_leopard_toad/2025/Documents/06.10-13.10.2025/4Z/104MEDIA/DSCF0661.JPG,DSCF0661.JPG,4Z/104MEDIA,0,Other_Amphibian,0.7362,3042.0,2585.3,3245.6,2857.7
/srv/shared_leopard_toad/2025/Documents/06.10-13.10.2025/4Z/104MEDIA/DSCF0858.JPG,DSCF0858.JPG,4Z/104MEDIA,0,Other_Amphibian,0.2899,3149.1,2303.7,3271.8,2442.3
/srv/shared_leopard_toad/2025/Documents/06.10-13.10.2025/4Z/104MEDIA/DSCF0722.JPG,DSCF0722.JPG,4Z/104MEDIA,0,Other_Amphibian,0.2635,3150.0,2302.3,3270.0,2441.0
/srv/shared_leopard_toad/2025/Documents/06.10-13.10.2025/4Z/104MEDIA/DSCF0722.JPG,DSCF0722.JPG,4Z/104MEDIA,0,Other_Amphibian,0.2549,2602.5,2694.0,2746.6,2853.7
/srv/shared_leopard_toad/2025/Documents/06.10-13.10.2025/4Z/104MEDIA/DSCF0988.JPG,DSCF0988.JPG,4Z/104MEDIA,0,Other_Amphibian,0.3496,3144.4,2303.1,3269.8,2440.0
/srv/shared_leopard_toad/2025/Documents/06.10-13.10.2025/4Z/104MEDIA/DSCF0006.JPG,DSCF0006.JPG,4Z/104MEDIA,0,Other_Amphibian,0.2982,2628.6,2243.8,2791.9,2407.2
/srv/shared_leopard_toad/2025/Documents/06.10-13.10.2025/4Z/104MEDIA/DSCF0508.JPG,DSCF0508.JPG,4Z/104MEDIA,0,Other_Amphibian,0.2945,3147.9,2305.0,3267.8,2441.0
/srv/shared_leopard_toad/2025/Documents/06.10-13.10.2025/4Z/104MEDIA/DSCF0508.JPG,DSCF0508.JPG,4Z/104MEDIA,0,Other_Amphibian,0.2106,3149.6,2307.8,3280.7,2442.9
/srv/shared_leopard_toad/2025/Documents/06.10-13.10.2025/4Z/104MEDIA/DSCF0608.JPG,DSCF0608.JPG,4Z/104MEDIA,0,Other_Amphibian,0.3203,3147.7,2303.5,3268.1,2440.7
/srv/shared_leopard_toad/2025/Documents/06.10-13.10.2025/4Z/104MEDIA/DSCF0451.JPG,DSCF0451.JPG,4Z/104MEDIA,0,Other_Amphibian,0.3633,3149.6,2301.5,3270.5,2440.4
/srv/shared_leopard_toad/2025/Documents/06.10-13.10.2025/4Z/104MEDIA/DSCF0451.JPG,DSCF0451.JPG,4Z/104MEDIA,0,Other_Amphibian,0.2670,3144.0,2304.5,3277.2,2440.8
/srv/shared_leopard_toad/2025/Documents/06.10-13.10.2025/4Z/104MEDIA/DSCF0532.JPG,DSCF0532.JPG,4Z/104MEDIA,0,Other_Amphibian,0.3221,3146.3,2303.4,3266.6,2439.3
/srv/shared_leopard_toad/2025/Documents/06.10-13.10.2025/4Z/104MEDIA/DSCF0290.JPG,DSCF0290.JPG,4Z/104MEDIA,0,Other_Amphibian,0.4192,3150.0,2301.3,3273.0,2439.4
/srv/shared_leopard_toad/2025/Documents/06.10-13.10.2025/4Z/104MEDIA/DSCF0290.JPG,DSCF0290.JPG,4Z/104MEDIA,0,Other_Amphibian,0.3320,3145.1,2303.6,3278.7,2439.1
/srv/shared_leopard_toad/2025/Documents/06.10-13.10.2025/4Z/104MEDIA/DSCF0556.JPG,DSCF0556.JPG,4Z/104MEDIA,0,Other_Amphibian,0.3107,3145.9,2304.5,3266.7,2440.6
/srv/shared_leopard_toad/2025/Documents/06.10-13.10.2025/4Z/104MEDIA/DSCF0057.JPG,DSCF0057.JPG,4Z/104MEDIA,0,Other_Amphibian,0.3211,3208.6,2033.2,3321.0,2175.0
/srv/shared_leopard_toad/2025/Documents/06.10-13.10.2025/4Z/104MEDIA/DSCF0057.JPG,DSCF0057.JPG,4Z/104MEDIA,0,Other_Amphibian,0.2409,3205.6,2033.5,3314.1,2174.2
/srv/shared_leopard_toad/2025/Documents/06.10-13.10.2025/4Z/104MEDIA/DSCF0758.JPG,DSCF0758.JPG,4Z/104MEDIA,0,Other_Amphibian,0.2569,3147.5,2304.1,3270.1,2444.0
/srv/shared_leopard_toad/2025/Documents/06.10-13.10.2025/4Z/104MEDIA/DSCF0652.JPG,DSCF0652.JPG,4Z/104MEDIA,0,Other_Amphibian,0.2630,3149.1,2303.9,3270.0,2441.3
/srv/shared_leopard_toad/2025/Documents/06.10-13.10.2025/4Z/104MEDIA/DSCF0652.JPG,DSCF0652.JPG,4Z/104MEDIA,0,Other_Amphibian,0.2035,2599.8,2692.6,2745.6,2853.6
/srv/shared_leopard_toad/2025/Documents/06.10-13.10.2025/4Z/104MEDIA/DSCF0165.JPG,DSCF0165.JPG,4Z/104MEDIA,2,Western_Leopard_Toad,0.2697,3562.1,1912.4,3853.4,2191.3
/srv/shared_leopard_toad/2025/Documents/06.10-13.10.2025/4Z/104MEDIA/DSCF0615.JPG,DSCF0615.JPG,4Z/104MEDIA,0,Other_Amphibian,0.2367,3143.9,2305.7,3262.4,2442.3
/srv/shared_leopard_toad/2025/Documents/06.10-13.10.2025/4Z/104MEDIA/DSCF0258.JPG,DSCF0258.JPG,4Z/104MEDIA,0,Other_Amphibian,0.3685,3150.1,2300.7,3275.8,2441.4
/srv/shared_leopard_toad/2025/Documents/06.10-13.10.2025/4Z/104MEDIA/DSCF0258.JPG,DSCF0258.JPG,4Z/104MEDIA,0,Other_Amphibian,0.2739,3143.2,2304.0,3280.0,2441.3
/srv/shared_leopard_toad/2025/Documents/06.10-13.10.2025/4Z/104MEDIA/DSCF0258.JPG,DSCF0258.JPG,4Z/104MEDIA,0,Other_Amphibian,0.2505,3588.7,1907.7,3850.3,2180.5
/srv/shared_leopard_toad/2025/Documents/06.10-13.10.2025/4Z/104MEDIA/DSCF0346.JPG,DSCF0346.JPG,4Z/104MEDIA,0,Other_Amphibian,0.3619,3150.3,2300.3,3274.0,2440.1
/srv/shared_leopard_toad/2025/Documents/06.10-13.10.2025/4Z/104MEDIA/DSCF0346.JPG,DSCF0346.JPG,4Z/104MEDIA,0,Other_Amphibian,0.2981,3143.0,2302.9,3277.6,2439.8
/srv/shared_leopard_toad/2025/Documents/06.10-13.10.2025/4Z/104MEDIA/DSCF0346.JPG,DSCF0346.JPG,4Z/104MEDIA,0,Other_Amphibian,0.2118,3589.1,1906.4,3844.8,2181.3
/srv/shared_leopard_toad/2025/Documents/06.10-13.10.2025/4Z/104MEDIA/DSCF0723.JPG,DSCF0723.JPG,4Z/104MEDIA,0,Other_Amphibian,0.2677,3151.9,2305.4,3273.1,2442.4
/srv/shared_leopard_toad/2025/Documents/06.10-13.10.2025/4Z/104MEDIA/DSCF0723.JPG,DSCF0723.JPG,4Z/104MEDIA,0,Other_Amphibian,0.2370,2596.6,2693.7,2743.6,2854.0
/srv/shared_leopard_toad/2025/Documents/06.10-13.10.2025/4Z/104MEDIA/DSCF0878.JPG,DSCF0878.JPG,4Z/104MEDIA,0,Other_Amphibian,0.2326,3150.3,2304.8,3270.6,2444.5
/srv/shared_leopard_toad/2025/Documents/06.10-13.10.2025/4Z/104MEDIA/DSCF0878.JPG,DSCF0878.JPG,4Z/104MEDIA,0,Other_Amphibian,0.2134,2604.4,2695.0,2745.0,2853.9
/srv/shared_leopard_toad/2025/Documents/06.10-13.10.2025/4Z/104MEDIA/DSCF0432.JPG,DSCF0432.JPG,4Z/104MEDIA,0,Other_Amphibian,0.3981,3150.7,2302.5,3270.3,2441.2
/srv/shared_leopard_toad/2025/Documents/06.10-13.10.2025/4Z/104MEDIA/DSCF0432.JPG,DSCF0432.JPG,4Z/104MEDIA,0,Other_Amphibian,0.2889,3145.6,2305.4,3277.5,2442.1
/srv/shared_leopard_toad/2025/Documents/06.10-13.10.2025/4Z/104MEDIA/DSCF0174.JPG,DSCF0174.JPG,4Z/104MEDIA,2,Western_Leopard_Toad,0.6970,3571.2,1914.4,3864.9,2185.6
/srv/shared_leopard_toad/2025/Documents/06.10-13.10.2025/4Z/104MEDIA/DSCF0864.JPG,DSCF0864.JPG,4Z/104MEDIA,0,Other_Amphibian,0.2445,3149.4,2308.0,3273.2,2445.7
/srv/shared_leopard_toad/2025/Documents/06.10-13.10.2025/4Z/104MEDIA/DSCF0697.JPG,DSCF0697.JPG,4Z/104MEDIA,0,Other_Amphibian,0.3087,3146.7,2302.9,3270.6,2440.0
/srv/shared_leopard_toad/2025/Documents/06.10-13.10.2025/4Z/104MEDIA/DSCF0697.JPG,DSCF0697.JPG,4Z/104MEDIA,0,Other_Amphibian,0.2738,2603.9,2692.6,2746.6,2852.9
/srv/shared_leopard_toad/2025/Documents/06.10-13.10.2025/4Z/104MEDIA/DSCF0248.JPG,DSCF0248.JPG,4Z/104MEDIA,0,Other_Amphibian,0.3400,3152.2,2301.5,3275.1,2441.3
/srv/shared_leopard_toad/2025/Documents/06.10-13.10.2025/4Z/104MEDIA/DSCF0248.JPG,DSCF0248.JPG,4Z/104MEDIA,0,Other_Amphibian,0.2991,3146.0,2303.5,3279.0,2440.3
/srv/shared_leopard_toad/2025/Documents/06.10-13.10.2025/4Z/104MEDIA/DSCF0833.JPG,DSCF0833.JPG,4Z/104MEDIA,0,Other_Amphibian,0.2861,2595.1,2694.1,2745.0,2854.8
/srv/shared_leopard_toad/2025/Documents/06.10-13.10.2025/4Z/104MEDIA/DSCF0833.JPG,DSCF0833.JPG,4Z/104MEDIA,0,Other_Amphibian,0.2423,2593.7,2693.4,2744.6,2854.3
/srv/shared_leopard_toad/2025/Documents/06.10-13.10.2025/4Z/104MEDIA/DSCF0945.JPG,DSCF0945.JPG,4Z/104MEDIA,0,Other_Amphibian,0.2979,2598.5,2694.6,2744.0,2854.2
/srv/shared_leopard_toad/2025/Documents/06.10-13.10.2025/4Z/104MEDIA/DSCF0945.JPG,DSCF0945.JPG,4Z/104MEDIA,0,Other_Amphibian,0.2747,3148.6,2303.1,3275.8,2444.8
/srv/shared_leopard_toad/2025/Documents/06.10-13.10.2025/4Z/104MEDIA/DSCF0063.JPG,DSCF0063.JPG,4Z/104MEDIA,0,Other_Amphibian,0.4013,3206.7,2031.5,3320.1,2173.3
/srv/shared_leopard_toad/2025/Documents/06.10-13.10.2025/4Z/104MEDIA/DSCF0063.JPG,DSCF0063.JPG,4Z/104MEDIA,0,Other_Amphibian,0.3509,3208.5,2030.3,3316.6,2172.0
/srv/shared_leopard_toad/2025/Documents/06.10-13.10.2025/4Z/104MEDIA/DSCF0063.JPG,DSCF0063.JPG,4Z/104MEDIA,0,Other_Amphibian,0.3084,2639.6,2241.9,2790.0,2405.1
/srv/shared_leopard_toad/2025/Documents/06.10-13.10.2025/4Z/104MEDIA/DSCF0063.JPG,DSCF0063.JPG,4Z/104MEDIA,0,Other_Amphibian,0.2208,3198.3,2032.7,3326.3,2173.6
/srv/shared_leopard_toad/2025/Documents/06.10-13.10.2025/4Z/104MEDIA/DSCF0412.JPG,DSCF0412.JPG,4Z/104MEDIA,0,Other_Amphibian,0.3611,3149.5,2302.0,3270.1,2440.0
/srv/shared_leopard_toad/2025/Documents/06.10-13.10.2025/4Z/104MEDIA/DSCF0405.JPG,DSCF0405.JPG,4Z/104MEDIA,0,Other_Amphibian,0.3677,3148.8,2301.2,3272.4,2439.9
/srv/shared_leopard_toad/2025/Documents/06.10-13.10.2025/4Z/104MEDIA/DSCF0405.JPG,DSCF0405.JPG,4Z/104MEDIA,0,Other_Amphibian,0.2507,3147.9,2305.5,3281.1,2442.1
/srv/shared_leopard_toad/2025/Documents/06.10-13.10.2025/4Z/104MEDIA/DSCF0989.JPG,DSCF0989.JPG,4Z/104MEDIA,0,Other_Amphibian,0.2986,2596.7,2694.6,2744.3,2854.1
/srv/shared_leopard_toad/2025/Documents/06.10-13.10.2025/4Z/104MEDIA/DSCF0989.JPG,DSCF0989.JPG,4Z/104MEDIA,0,Other_Amphibian,0.2483,3146.4,2303.8,3271.1,2442.7
/srv/shared_leopard_toad/2025/Documents/06.10-13.10.2025/4Z/104MEDIA/DSCF0989.JPG,DSCF0989.JPG,4Z/104MEDIA,0,Other_Amphibian,0.2025,2598.6,2694.0,2746.9,2853.8
/srv/shared_leopard_toad/2025/Documents/06.10-13.10.2025/4Z/104MEDIA/DSCF0036.JPG,DSCF0036.JPG,4Z/104MEDIA,0,Other_Amphibian,0.3272,2638.3,2241.7,2793.7,2403.5
/srv/shared_leopard_toad/2025/Documents/06.10-13.10.2025/4Z/104MEDIA/DSCF0052.JPG,DSCF0052.JPG,4Z/104MEDIA,0,Other_Amphibian,0.3606,2635.5,2241.7,2787.8,2404.8
/srv/shared_leopard_toad/2025/Documents/06.10-13.10.2025/4Z/104MEDIA/DSCF0052.JPG,DSCF0052.JPG,4Z/104MEDIA,0,Other_Amphibian,0.2963,3205.7,2034.0,3319.7,2174.0
/srv/shared_leopard_toad/2025/Documents/06.10-13.10.2025/4Z/104MEDIA/DSCF0653.JPG,DSCF0653.JPG,4Z/104MEDIA,0,Other_Amphibian,0.3047,3148.2,2302.7,3269.1,2440.4
/srv/shared_leopard_toad/2025/Documents/06.10-13.10.2025/4Z/104MEDIA/DSCF0653.JPG,DSCF0653.JPG,4Z/104MEDIA,0,Other_Amphibian,0.2232,3147.1,2305.8,3278.7,2442.2
/srv/shared_leopard_toad/2025/Documents/06.10-13.10.2025/4Z/104MEDIA/DSCF0838.JPG,DSCF0838.JPG,4Z/104MEDIA,0,Other_Amphibian,0.3892,2599.1,2697.0,2744.5,2854.2
/srv/shared_leopard_toad/2025/Documents/06.10-13.10.2025/4Z/104MEDIA/DSCF0838.JPG,DSCF0838.JPG,4Z/104MEDIA,0,Other_Amphibian,0.2413,3149.4,2308.0,3274.6,2445.2
/srv/shared_leopard_toad/2025/Documents/06.10-13.10.2025/4Z/104MEDIA/DSCF0838.JPG,DSCF0838.JPG,4Z/104MEDIA,0,Other_Amphibian,0.2392,2600.2,2696.6,2745.5,2853.6
/srv/shared_leopard_toad/2025/Documents/06.10-13.10.2025/4Z/104MEDIA/DSCF0189.JPG,DSCF0189.JPG,4Z/104MEDIA,2,Western_Leopard_Toad,0.3774,3560.0,1914.6,3853.5,2191.5
/srv/shared_leopard_toad/2025/Documents/06.10-13.10.2025/4Z/104MEDIA/DSCF0171.JPG,DSCF0171.JPG,4Z/104MEDIA,2,Western_Leopard_Toad,0.5805,3568.3,1913.7,3863.4,2187.6
/srv/shared_leopard_toad/2025/Documents/06.10-13.10.2025/4Z/104MEDIA/DSCF0040.JPG,DSCF0040.JPG,4Z/104MEDIA,0,Other_Amphibian,0.2604,2691.5,2425.1,2820.5,2552.9
/srv/shared_leopard_toad/2025/Documents/06.10-13.10.2025/4Z/104MEDIA/DSCF0729.JPG,DSCF0729.JPG,4Z/104MEDIA,0,Other_Amphibian,0.2854,2599.9,2692.2,2747.0,2853.8
/srv/shared_leopard_toad/2025/Documents/06.10-13.10.2025/4Z/104MEDIA/DSCF0315.JPG,DSCF0315.JPG,4Z/104MEDIA,0,Other_Amphibian,0.3587,3148.9,2300.4,3273.5,2439.9
/srv/shared_leopard_toad/2025/Documents/06.10-13.10.2025/4Z/104MEDIA/DSCF0315.JPG,DSCF0315.JPG,4Z/104MEDIA,0,Other_Amphibian,0.2228,3148.1,2306.6,3281.9,2443.6
/srv/shared_leopard_toad/2025/Documents/06.10-13.10.2025/4Z/104MEDIA/DSCF0288.JPG,DSCF0288.JPG,4Z/104MEDIA,0,Other_Amphibian,0.3423,3151.7,2304.1,3270.4,2440.8
/srv/shared_leopard_toad/2025/Documents/06.10-13.10.2025/4Z/104MEDIA/DSCF0288.JPG,DSCF0288.JPG,4Z/104MEDIA,0,Other_Amphibian,0.2788,3144.7,2305.6,3277.4,2440.1
/srv/shared_leopard_toad/2025/Documents/06.10-13.10.2025/4Z/104MEDIA/DSCF0423.JPG,DSCF0423.JPG,4Z/104MEDIA,0,Other_Amphibian,0.3512,3149.8,2301.3,3271.1,2439.7
/srv/shared_leopard_toad/2025/Documents/06.10-13.10.2025/4Z/104MEDIA/DSCF0423.JPG,DSCF0423.JPG,4Z/104MEDIA,0,Other_Amphibian,0.2180,3148.5,2306.1,3280.9,2442.6
/srv/shared_leopard_toad/2025/Documents/06.10-13.10.2025/4Z/104MEDIA/DSCF0045.JPG,DSCF0045.JPG,4Z/104MEDIA,0,Other_Amphibian,0.2413,3210.1,2038.2,3324.3,2178.2
/srv/shared_leopard_toad/2025/Documents/06.10-13.10.2025/4Z/104MEDIA/DSCF0045.JPG,DSCF0045.JPG,4Z/104MEDIA,0,Other_Amphibian,0.2217,2638.2,2241.3,2789.8,2404.8
/srv/shared_leopard_toad/2025/Documents/06.10-13.10.2025/4Z/104MEDIA/DSCF0264.JPG,DSCF0264.JPG,4Z/104MEDIA,0,Other_Amphibian,0.3686,3151.3,2301.1,3269.8,2440.6
/srv/shared_leopard_toad/2025/Documents/06.10-13.10.2025/4Z/104MEDIA/DSCF0264.JPG,DSCF0264.JPG,4Z/104MEDIA,0,Other_Amphibian,0.3027,3144.7,2303.8,3275.9,2440.2
/srv/shared_leopard_toad/2025/Documents/06.10-13.10.2025/4Z/104MEDIA/DSCF0848.JPG,DSCF0848.JPG,4Z/104MEDIA,0,Other_Amphibian,0.2330,3145.8,2303.7,3265.5,2442.4
/srv/shared_leopard_toad/2025/Documents/06.10-13.10.2025/4Z/104MEDIA/DSCF0145.JPG,DSCF0145.JPG,4Z/104MEDIA,0,Other_Amphibian,0.2128,3630.0,1663.3,3920.4,1940.9
/srv/shared_leopard_toad/2025/Documents/06.10-13.10.2025/4Z/104MEDIA/DSCF0284.JPG,DSCF0284.JPG,4Z/104MEDIA,0,Other_Amphibian,0.3782,3150.1,2301.8,3275.5,2439.9
/srv/shared_leopard_toad/2025/Documents/06.10-13.10.2025/4Z/104MEDIA/DSCF0284.JPG,DSCF0284.JPG,4Z/104MEDIA,0,Other_Amphibian,0.2983,3146.8,2304.6,3281.9,2440.0
/srv/shared_leopard_toad/2025/Documents/06.10-13.10.2025/4Z/104MEDIA/DSCF0504.JPG,DSCF0504.JPG,4Z/104MEDIA,0,Other_Amphibian,0.3209,3148.7,2300.7,3271.6,2439.5
/srv/shared_leopard_toad/2025/Documents/06.10-13.10.2025/4Z/104MEDIA/DSCF0504.JPG,DSCF0504.JPG,4Z/104MEDIA,0,Other_Amphibian,0.2419,3146.8,2304.1,3278.6,2441.0
/srv/shared_leopard_toad/2025/Documents/06.10-13.10.2025/4Z/104MEDIA/DSCF0637.JPG,DSCF0637.JPG,4Z/104MEDIA,0,Other_Amphibian,0.2697,3148.8,2304.3,3274.7,2443.2
/srv/shared_leopard_toad/2025/Documents/06.10-13.10.2025/4Z/104MEDIA/DSCF0271.JPG,DSCF0271.JPG,4Z/104MEDIA,0,Other_Amphibian,0.3517,3149.5,2302.8,3271.3,2440.5
/srv/shared_leopard_toad/2025/Documents/06.10-13.10.2025/4Z/104MEDIA/DSCF0271.JPG,DSCF0271.JPG,4Z/104MEDIA,0,Other_Amphibian,0.3038,3141.3,2305.1,3274.7,2439.5
/srv/shared_leopard_toad/2025/Documents/06.10-13.10.2025/4Z/104MEDIA/DSCF0861.JPG,DSCF0861.JPG,4Z/104MEDIA,0,Other_Amphibian,0.2483,3147.6,2303.7,3271.0,2443.7
/srv/shared_leopard_toad/2025/Documents/06.10-13.10.2025/4Z/104MEDIA/DSCF0648.JPG,DSCF0648.JPG,4Z/104MEDIA,0,Other_Amphibian,0.2362,3147.6,2306.6,3273.0,2442.6
/srv/shared_leopard_toad/2025/Documents/06.10-13.10.2025/4Z/104MEDIA/DSCF0659.JPG,DSCF0659.JPG,4Z/104MEDIA,0,Other_Amphibian,0.3124,3148.0,2304.0,3271.4,2440.7
/srv/shared_leopard_toad/2025/Documents/06.10-13.10.2025/4Z/104MEDIA/DSCF0659.JPG,DSCF0659.JPG,4Z/104MEDIA,0,Other_Amphibian,0.2141,3148.8,2307.5,3277.6,2442.7
/srv/shared_leopard_toad/2025/Documents/06.10-13.10.2025/4Z/104MEDIA/DSCF0096.JPG,DSCF0096.JPG,4Z/104MEDIA,0,Other_Amphibian,0.3397,2631.1,2241.3,2787.3,2405.2
/srv/shared_leopard_toad/2025/Documents/06.10-13.10.2025/4Z/104MEDIA/DSCF0295.JPG,DSCF0295.JPG,4Z/104MEDIA,0,Other_Amphibian,0.3084,3150.4,2302.5,3272.9,2440.8
/srv/shared_leopard_toad/2025/Documents/06.10-13.10.2025/4Z/104MEDIA/DSCF0740.JPG,DSCF0740.JPG,4Z/104MEDIA,0,Other_Amphibian,0.2854,3148.4,2304.2,3273.0,2442.3
/srv/shared_leopard_toad/2025/Documents/06.10-13.10.2025/4Z/104MEDIA/DSCF0740.JPG,DSCF0740.JPG,4Z/104MEDIA,0,Other_Amphibian,0.2638,2597.6,2692.5,2745.5,2853.7
/srv/shared_leopard_toad/2025/Documents/06.10-13.10.2025/4Z/104MEDIA/DSCF0384.JPG,DSCF0384.JPG,4Z/104MEDIA,0,Other_Amphibian,0.3668,3148.6,2300.3,3270.6,2440.2
/srv/shared_leopard_toad/2025/Documents/06.10-13.10.2025/4Z/104MEDIA/DSCF0384.JPG,DSCF0384.JPG,4Z/104MEDIA,0,Other_Amphibian,0.3270,3141.0,2302.5,3273.9,2441.0
/srv/shared_leopard_toad/2025/Documents/06.10-13.10.2025/4Z/104MEDIA/DSCF0955.JPG,DSCF0955.JPG,4Z/104MEDIA,0,Other_Amphibian,0.2525,3145.5,2303.2,3272.8,2444.0
/srv/shared_leopard_toad/2025/Documents/06.10-13.10.2025/4Z/104MEDIA/DSCF0149.JPG,DSCF0149.JPG,4Z/104MEDIA,0,Other_Amphibian,0.2035,2647.5,2246.3,2782.7,2408.4
/srv/shared_leopard_toad/2025/Documents/06.10-13.10.2025/4Z/104MEDIA/DSCF0502.JPG,DSCF0502.JPG,4Z/104MEDIA,0,Other_Amphibian,0.3528,3147.5,2302.3,3270.3,2439.4
/srv/shared_leopard_toad/2025/Documents/06.10-13.10.2025/4Z/104MEDIA/DSCF0502.JPG,DSCF0502.JPG,4Z/104MEDIA,0,Other_Amphibian,0.2107,3147.6,2307.8,3282.2,2443.3
/srv/shared_leopard_toad/2025/Documents/06.10-13.10.2025/4Z/104MEDIA/DSCF0231.JPG,DSCF0231.JPG,4Z/104MEDIA,2,Western_Leopard_Toad,0.8314,4594.3,1696.6,5374.5,2870.1
/srv/shared_leopard_toad/2025/Documents/06.10-13.10.2025/4Z/104MEDIA/DSCF0930.JPG,DSCF0930.JPG,4Z/104MEDIA,0,Other_Amphibian,0.2906,3146.0,2303.1,3269.4,2442.5
/srv/shared_leopard_toad/2025/Documents/06.10-13.10.2025/4Z/104MEDIA/DSCF0320.JPG,DSCF0320.JPG,4Z/104MEDIA,0,Other_Amphibian,0.3693,3150.5,2301.2,3273.3,2441.1
/srv/shared_leopard_toad/2025/Documents/06.10-13.10.2025/4Z/104MEDIA/DSCF0320.JPG,DSCF0320.JPG,4Z/104MEDIA,0,Other_Amphibian,0.2953,3143.1,2304.0,3276.5,2441.3
/srv/shared_leopard_toad/2025/Documents/06.10-13.10.2025/4Z/104MEDIA/DSCF0731.JPG,DSCF0731.JPG,4Z/104MEDIA,0,Other_Amphibian,0.2113,3148.2,2307.9,3270.9,2447.0
/srv/shared_leopard_toad/2025/Documents/06.10-13.10.2025/4Z/104MEDIA/DSCF0479.JPG,DSCF0479.JPG,4Z/104MEDIA,0,Other_Amphibian,0.4066,3148.4,2301.8,3271.1,2439.9
/srv/shared_leopard_toad/2025/Documents/06.10-13.10.2025/4Z/104MEDIA/DSCF0479.JPG,DSCF0479.JPG,4Z/104MEDIA,0,Other_Amphibian,0.2088,3154.8,2310.6,3272.4,2448.3
/srv/shared_leopard_toad/2025/Documents/06.10-13.10.2025/4Z/104MEDIA/DSCF0479.JPG,DSCF0479.JPG,4Z/104MEDIA,0,Other_Amphibian,0.2067,3147.5,2309.4,3281.1,2445.6
/srv/shared_leopard_toad/2025/Documents/06.10-13.10.2025/4Z/104MEDIA/DSCF0247.JPG,DSCF0247.JPG,4Z/104MEDIA,0,Other_Amphibian,0.3241,3147.9,2303.5,3272.3,2440.8
/srv/shared_leopard_toad/2025/Documents/06.10-13.10.2025/4Z/104MEDIA/DSCF0247.JPG,DSCF0247.JPG,4Z/104MEDIA,0,Other_Amphibian,0.2135,3147.7,2307.3,3281.7,2442.3
/srv/shared_leopard_toad/2025/Documents/06.10-13.10.2025/4Z/104MEDIA/DSCF0898.JPG,DSCF0898.JPG,4Z/104MEDIA,0,Other_Amphibian,0.3311,2596.5,2694.7,2745.3,2854.5
/srv/shared_leopard_toad/2025/Documents/06.10-13.10.2025/4Z/104MEDIA/DSCF0898.JPG,DSCF0898.JPG,4Z/104MEDIA,0,Other_Amphibian,0.2587,2598.7,2694.2,2746.9,2854.0
/srv/shared_leopard_toad/2025/Documents/06.10-13.10.2025/4Z/104MEDIA/DSCF0898.JPG,DSCF0898.JPG,4Z/104MEDIA,0,Other_Amphibian,0.2216,3147.9,2304.6,3268.5,2444.5
/srv/shared_leopard_toad/2025/Documents/06.10-13.10.2025/4Z/104MEDIA/DSCF0307.JPG,DSCF0307.JPG,4Z/104MEDIA,0,Other_Amphibian,0.4137,3148.8,2301.4,3272.1,2438.6
/srv/shared_leopard_toad/2025/Documents/06.10-13.10.2025/4Z/104MEDIA/DSCF0307.JPG,DSCF0307.JPG,4Z/104MEDIA,0,Other_Amphibian,0.3683,3143.3,2302.8,3275.5,2438.2
/srv/shared_leopard_toad/2025/Documents/06.10-13.10.2025/4Z/104MEDIA/DSCF0268.JPG,DSCF0268.JPG,4Z/104MEDIA,0,Other_Amphibian,0.3006,3150.4,2302.5,3273.1,2439.7
/srv/shared_leopard_toad/2025/Documents/06.10-13.10.2025/4Z/104MEDIA/DSCF0268.JPG,DSCF0268.JPG,4Z/104MEDIA,0,Other_Amphibian,0.2502,3146.8,2304.3,3279.6,2439.4
/srv/shared_leopard_toad/2025/Documents/06.10-13.10.2025/4Z/104MEDIA/DSCF0582.JPG,DSCF0582.JPG,4Z/104MEDIA,0,Other_Amphibian,0.3524,3149.4,2300.8,3270.9,2439.2
/srv/shared_leopard_toad/2025/Documents/06.10-13.10.2025/4Z/104MEDIA/DSCF0582.JPG,DSCF0582.JPG,4Z/104MEDIA,0,Other_Amphibian,0.2533,3146.5,2304.4,3279.4,2441.1
/srv/shared_leopard_toad/2025/Documents/06.10-13.10.2025/4Z/104MEDIA/DSCF0716.JPG,DSCF0716.JPG,4Z/104MEDIA,0,Other_Amphibian,0.2612,3151.4,2305.1,3272.2,2443.4
/srv/shared_leopard_toad/2025/Documents/06.10-13.10.2025/4Z/104MEDIA/DSCF0716.JPG,DSCF0716.JPG,4Z/104MEDIA,0,Other_Amphibian,0.2259,2597.4,2693.7,2745.2,2854.1
/srv/shared_leopard_toad/2025/Documents/06.10-13.10.2025/4Z/104MEDIA/DSCF0963.JPG,DSCF0963.JPG,4Z/104MEDIA,0,Other_Amphibian,0.3411,2598.4,2694.8,2744.7,2853.8
/srv/shared_leopard_toad/2025/Documents/06.10-13.10.2025/4Z/104MEDIA/DSCF0963.JPG,DSCF0963.JPG,4Z/104MEDIA,0,Other_Amphibian,0.2843,3145.0,2302.8,3269.3,2442.4
/srv/shared_leopard_toad/2025/Documents/06.10-13.10.2025/4Z/104MEDIA/DSCF0963.JPG,DSCF0963.JPG,4Z/104MEDIA,0,Other_Amphibian,0.2111,2595.4,2694.5,2740.6,2852.8
/srv/shared_leopard_toad/2025/Documents/06.10-13.10.2025/4Z/104MEDIA/DSCF0663.JPG,DSCF0663.JPG,4Z/104MEDIA,0,Other_Amphibian,0.2603,3145.5,2306.7,3264.2,2443.3
/srv/shared_leopard_toad/2025/Documents/06.10-13.10.2025/4Z/104MEDIA/DSCF0931.JPG,DSCF0931.JPG,4Z/104MEDIA,0,Other_Amphibian,0.2563,2595.8,2694.4,2743.3,2854.2
/srv/shared_leopard_toad/2025/Documents/06.10-13.10.2025/4Z/104MEDIA/DSCF0931.JPG,DSCF0931.JPG,4Z/104MEDIA,0,Other_Amphibian,0.2507,3150.1,2305.7,3272.7,2445.1
/srv/shared_leopard_toad/2025/Documents/06.10-13.10.2025/4Z/104MEDIA/DSCF0106.JPG,DSCF0106.JPG,4Z/104MEDIA,0,Other_Amphibian,0.3129,2634.8,2240.0,2786.1,2403.9
/srv/shared_leopard_toad/2025/Documents/06.10-13.10.2025/4Z/104MEDIA/DSCF0246.JPG,DSCF0246.JPG,4Z/104MEDIA,0,Other_Amphibian,0.3879,3149.1,2300.9,3273.7,2439.4
/srv/shared_leopard_toad/2025/Documents/06.10-13.10.2025/4Z/104MEDIA/DSCF0246.JPG,DSCF0246.JPG,4Z/104MEDIA,0,Other_Amphibian,0.3548,3141.3,2303.2,3275.8,2439.6
/srv/shared_leopard_toad/2025/Documents/06.10-13.10.2025/4Z/104MEDIA/DSCF0378.JPG,DSCF0378.JPG,4Z/104MEDIA,0,Other_Amphibian,0.2693,3151.1,2305.2,3271.4,2442.3
/srv/shared_leopard_toad/2025/Documents/06.10-13.10.2025/4Z/104MEDIA/DSCF0704.JPG,DSCF0704.JPG,4Z/104MEDIA,0,Other_Amphibian,0.2299,2603.8,2692.6,2745.0,2853.1
/srv/shared_leopard_toad/2025/Documents/06.10-13.10.2025/4Z/104MEDIA/DSCF0704.JPG,DSCF0704.JPG,4Z/104MEDIA,0,Other_Amphibian,0.2063,3150.4,2308.0,3271.0,2444.9
/srv/shared_leopard_toad/2025/Documents/06.10-13.10.2025/4Z/104MEDIA/DSCF0148.JPG,DSCF0148.JPG,4Z/104MEDIA,0,Other_Amphibian,0.4169,3638.6,1664.3,3923.8,1942.0
/srv/shared_leopard_toad/2025/Documents/06.10-13.10.2025/4Z/104MEDIA/DSCF0842.JPG,DSCF0842.JPG,4Z/104MEDIA,0,Other_Amphibian,0.2306,2601.8,2694.2,2745.7,2853.7
/srv/shared_leopard_toad/2025/Documents/06.10-13.10.2025/4Z/104MEDIA/DSCF0178.JPG,DSCF0178.JPG,4Z/104MEDIA,2,Western_Leopard_Toad,0.6779,3567.3,1914.6,3863.9,2186.1
/srv/shared_leopard_toad/2025/Documents/06.10-13.10.2025/4Z/104MEDIA/DSCF0738.JPG,DSCF0738.JPG,4Z/104MEDIA,0,Other_Amphibian,0.3081,2601.5,2693.8,2745.6,2853.3
/srv/shared_leopard_toad/2025/Documents/06.10-13.10.2025/4Z/104MEDIA/DSCF0739.JPG,DSCF0739.JPG,4Z/104MEDIA,0,Other_Amphibian,0.3013,2599.6,2695.2,2745.2,2853.6
/srv/shared_leopard_toad/2025/Documents/06.10-13.10.2025/4Z/104MEDIA/DSCF0875.JPG,DSCF0875.JPG,4Z/104MEDIA,0,Other_Amphibian,0.2814,3146.2,2305.0,3271.1,2443.6
/srv/shared_leopard_toad/2025/Documents/06.10-13.10.2025/4Z/104MEDIA/DSCF0875.JPG,DSCF0875.JPG,4Z/104MEDIA,0,Other_Amphibian,0.2625,2598.8,2694.0,2745.0,2854.1
/srv/shared_leopard_toad/2025/Documents/06.10-13.10.2025/4Z/104MEDIA/DSCF0576.JPG,DSCF0576.JPG,4Z/104MEDIA,0,Other_Amphibian,0.3275,3143.7,2301.6,3264.9,2439.8
/srv/shared_leopard_toad/2025/Documents/06.10-13.10.2025/4Z/104MEDIA/DSCF0576.JPG,DSCF0576.JPG,4Z/104MEDIA,0,Other_Amphibian,0.2017,3147.1,2306.2,3278.2,2442.8
/srv/shared_leopard_toad/2025/Documents/06.10-13.10.2025/4Z/104MEDIA/DSCF0856.JPG,DSCF0856.JPG,4Z/104MEDIA,0,Other_Amphibian,0.2579,2598.4,2694.7,2744.2,2853.9
/srv/shared_leopard_toad/2025/Documents/06.10-13.10.2025/4Z/104MEDIA/DSCF0856.JPG,DSCF0856.JPG,4Z/104MEDIA,0,Other_Amphibian,0.2409,3147.4,2303.6,3269.4,2443.9
/srv/shared_leopard_toad/2025/Documents/06.10-13.10.2025/4Z/104MEDIA/DSCF0607.JPG,DSCF0607.JPG,4Z/104MEDIA,0,Other_Amphibian,0.3514,3145.7,2302.9,3269.4,2440.3
/srv/shared_leopard_toad/2025/Documents/06.10-13.10.2025/4Z/104MEDIA/DSCF0607.JPG,DSCF0607.JPG,4Z/104MEDIA,0,Other_Amphibian,0.2611,3145.6,2305.3,3276.6,2441.3
/srv/shared_leopard_toad/2025/Documents/06.10-13.10.2025/4Z/104MEDIA/DSCF0607.JPG,DSCF0607.JPG,4Z/104MEDIA,0,Other_Amphibian,0.2028,3142.2,2309.6,3257.1,2448.5
/srv/shared_leopard_toad/2025/Documents/06.10-13.10.2025/4Z/104MEDIA/DSCF0097.JPG,DSCF0097.JPG,4Z/104MEDIA,0,Other_Amphibian,0.4093,2633.7,2240.5,2789.6,2403.5
/srv/shared_leopard_toad/2025/Documents/06.10-13.10.2025/4Z/104MEDIA/DSCF0252.JPG,DSCF0252.JPG,4Z/104MEDIA,0,Other_Amphibian,0.4472,3149.1,2300.6,3273.4,2440.7
/srv/shared_leopard_toad/2025/Documents/06.10-13.10.2025/4Z/104MEDIA/DSCF0252.JPG,DSCF0252.JPG,4Z/104MEDIA,0,Other_Amphibian,0.3968,3141.1,2302.7,3275.9,2440.7
/srv/shared_leopard_toad/2025/Documents/06.10-13.10.2025/4Z/104MEDIA/DSCF0472.JPG,DSCF0472.JPG,4Z/104MEDIA,0,Other_Amphibian,0.2818,3146.6,2304.0,3269.1,2441.9
/srv/shared_leopard_toad/2025/Documents/06.10-13.10.2025/4Z/104MEDIA/DSCF0396.JPG,DSCF0396.JPG,4Z/104MEDIA,0,Other_Amphibian,0.3888,3148.2,2301.2,3270.4,2439.6
/srv/shared_leopard_toad/2025/Documents/06.10-13.10.2025/4Z/104MEDIA/DSCF0396.JPG,DSCF0396.JPG,4Z/104MEDIA,0,Other_Amphibian,0.2540,3146.8,2305.9,3281.3,2441.9
/srv/shared_leopard_toad/2025/Documents/06.10-13.10.2025/4Z/104MEDIA/DSCF0721.JPG,DSCF0721.JPG,4Z/104MEDIA,0,Other_Amphibian,0.3034,3145.3,2302.8,3270.9,2441.7
/srv/shared_leopard_toad/2025/Documents/06.10-13.10.2025/4Z/104MEDIA/DSCF0927.JPG,DSCF0927.JPG,4Z/104MEDIA,0,Other_Amphibian,0.3360,2593.6,2695.0,2746.7,2855.1
/srv/shared_leopard_toad/2025/Documents/06.10-13.10.2025/4Z/104MEDIA/DSCF0927.JPG,DSCF0927.JPG,4Z/104MEDIA,0,Other_Amphibian,0.2872,3147.8,2303.8,3271.1,2443.8
/srv/shared_leopard_toad/2025/Documents/06.10-13.10.2025/4Z/104MEDIA/DSCF0927.JPG,DSCF0927.JPG,4Z/104MEDIA,0,Other_Amphibian,0.2360,2593.1,2694.4,2746.5,2854.4
/srv/shared_leopard_toad/2025/Documents/06.10-13.10.2025/4Z/104MEDIA/DSCF0536.JPG,DSCF0536.JPG,4Z/104MEDIA,0,Other_Amphibian,0.3564,3147.5,2301.1,3269.8,2439.2
/srv/shared_leopard_toad/2025/Documents/06.10-13.10.2025/4Z/104MEDIA/DSCF0536.JPG,DSCF0536.JPG,4Z/104MEDIA,0,Other_Amphibian,0.2216,3142.5,2307.3,3259.5,2446.8
/srv/shared_leopard_toad/2025/Documents/06.10-13.10.2025/4Z/104MEDIA/DSCF0448.JPG,DSCF0448.JPG,4Z/104MEDIA,0,Other_Amphibian,0.2932,3147.6,2304.1,3265.7,2439.7
/srv/shared_leopard_toad/2025/Documents/06.10-13.10.2025/4Z/104MEDIA/DSCF0683.JPG,DSCF0683.JPG,4Z/104MEDIA,0,Other_Amphibian,0.3136,3146.7,2303.4,3269.0,2440.4
/srv/shared_leopard_toad/2025/Documents/06.10-13.10.2025/4Z/104MEDIA/DSCF0449.JPG,DSCF0449.JPG,4Z/104MEDIA,0,Other_Amphibian,0.3350,3149.0,2303.8,3267.8,2439.1
/srv/shared_leopard_toad/2025/Documents/06.10-13.10.2025/4Z/104MEDIA/DSCF0449.JPG,DSCF0449.JPG,4Z/104MEDIA,0,Other_Amphibian,0.2263,3147.2,2308.3,3279.2,2442.1
/srv/shared_leopard_toad/2025/Documents/06.10-13.10.2025/4Z/104MEDIA/DSCF0888.JPG,DSCF0888.JPG,4Z/104MEDIA,0,Other_Amphibian,0.3402,2600.7,2695.9,2744.2,2854.1
/srv/shared_leopard_toad/2025/Documents/06.10-13.10.2025/4Z/104MEDIA/DSCF0888.JPG,DSCF0888.JPG,4Z/104MEDIA,0,Other_Amphibian,0.2262,2603.4,2695.7,2748.4,2853.9
/srv/shared_leopard_toad/2025/Documents/06.10-13.10.2025/4Z/104MEDIA/DSCF0888.JPG,DSCF0888.JPG,4Z/104MEDIA,0,Other_Amphibian,0.2131,3149.6,2306.7,3271.2,2444.5
/srv/shared_leopard_toad/2025/Documents/06.10-13.10.2025/4Z/104MEDIA/DSCF0287.JPG,DSCF0287.JPG,4Z/104MEDIA,0,Other_Amphibian,0.3815,3151.2,2302.8,3275.0,2442.5
/srv/shared_leopard_toad/2025/Documents/06.10-13.10.2025/4Z/104MEDIA/DSCF0287.JPG,DSCF0287.JPG,4Z/104MEDIA,0,Other_Amphibian,0.2989,3144.4,2304.4,3278.3,2441.0
/srv/shared_leopard_toad/2025/Documents/06.10-13.10.2025/4Z/104MEDIA/DSCF0494.JPG,DSCF0494.JPG,4Z/104MEDIA,0,Other_Amphibian,0.3127,3150.2,2302.7,3271.8,2439.7
/srv/shared_leopard_toad/2025/Documents/06.10-13.10.2025/4Z/104MEDIA/DSCF0494.JPG,DSCF0494.JPG,4Z/104MEDIA,0,Other_Amphibian,0.2238,3148.0,2306.4,3279.7,2441.0
/srv/shared_leopard_toad/2025/Documents/06.10-13.10.2025/4Z/104MEDIA/DSCF0908.JPG,DSCF0908.JPG,4Z/104MEDIA,0,Other_Amphibian,0.2651,3148.0,2302.9,3271.0,2444.1
/srv/shared_leopard_toad/2025/Documents/06.10-13.10.2025/4Z/104MEDIA/DSCF0908.JPG,DSCF0908.JPG,4Z/104MEDIA,0,Other_Amphibian,0.2053,2602.2,2693.8,2744.8,2854.3
/srv/shared_leopard_toad/2025/Documents/06.10-13.10.2025/4Z/104MEDIA/DSCF0386.JPG,DSCF0386.JPG,4Z/104MEDIA,0,Other_Amphibian,0.3513,3149.6,2301.2,3272.0,2440.2
/srv/shared_leopard_toad/2025/Documents/06.10-13.10.2025/4Z/104MEDIA/DSCF0072.JPG,DSCF0072.JPG,4Z/104MEDIA,0,Other_Amphibian,0.2581,2633.6,2242.5,2790.5,2407.9
/srv/shared_leopard_toad/2025/Documents/06.10-13.10.2025/4Z/104MEDIA/DSCF0134.JPG,DSCF0134.JPG,4Z/104MEDIA,0,Other_Amphibian,0.2943,3642.2,1667.7,3924.6,1944.1
/srv/shared_leopard_toad/2025/Documents/06.10-13.10.2025/4Z/104MEDIA/DSCF0023.JPG,DSCF0023.JPG,4Z/104MEDIA,0,Other_Amphibian,0.3565,2635.0,2241.2,2789.2,2405.0
/srv/shared_leopard_toad/2025/Documents/06.10-13.10.2025/4Z/104MEDIA/DSCF0023.JPG,DSCF0023.JPG,4Z/104MEDIA,0,Other_Amphibian,0.2099,3208.4,2035.1,3319.8,2175.8
/srv/shared_leopard_toad/2025/Documents/06.10-13.10.2025/4Z/104MEDIA/DSCF0399.JPG,DSCF0399.JPG,4Z/104MEDIA,0,Other_Amphibian,0.4005,3148.5,2301.8,3273.7,2438.6
/srv/shared_leopard_toad/2025/Documents/06.10-13.10.2025/4Z/104MEDIA/DSCF0399.JPG,DSCF0399.JPG,4Z/104MEDIA,0,Other_Amphibian,0.2180,3149.7,2309.5,3283.5,2443.2
/srv/shared_leopard_toad/2025/Documents/06.10-13.10.2025/4Z/104MEDIA/DSCF0158.JPG,DSCF0158.JPG,4Z/104MEDIA,0,Other_Amphibian,0.2461,3632.9,1665.1,3917.4,1948.3
/srv/shared_leopard_toad/2025/Documents/06.10-13.10.2025/4Z/104MEDIA/DSCF0474.JPG,DSCF0474.JPG,4Z/104MEDIA,0,Other_Amphibian,0.3885,3148.6,2300.6,3272.7,2439.3
/srv/shared_leopard_toad/2025/Documents/06.10-13.10.2025/4Z/104MEDIA/DSCF0474.JPG,DSCF0474.JPG,4Z/104MEDIA,0,Other_Amphibian,0.2210,3148.3,2307.3,3283.0,2444.3
/srv/shared_leopard_toad/2025/Documents/06.10-13.10.2025/4Z/104MEDIA/DSCF0567.JPG,DSCF0567.JPG,4Z/104MEDIA,0,Other_Amphibian,0.3266,3145.8,2302.3,3266.0,2439.9
/srv/shared_leopard_toad/2025/Documents/06.10-13.10.2025/4Z/104MEDIA/DSCF0567.JPG,DSCF0567.JPG,4Z/104MEDIA,0,Other_Amphibian,0.2810,3142.9,2303.0,3275.8,2438.9
/srv/shared_leopard_toad/2025/Documents/06.10-13.10.2025/4Z/104MEDIA/DSCF0567.JPG,DSCF0567.JPG,4Z/104MEDIA,0,Other_Amphibian,0.2019,3145.0,2308.3,3260.7,2446.5
/srv/shared_leopard_toad/2025/Documents/06.10-13.10.2025/4Z/104MEDIA/DSCF0872.JPG,DSCF0872.JPG,4Z/104MEDIA,0,Other_Amphibian,0.2132,3148.0,2302.7,3269.4,2444.9
/srv/shared_leopard_toad/2025/Documents/06.10-13.10.2025/4Z/104MEDIA/DSCF0499.JPG,DSCF0499.JPG,4Z/104MEDIA,0,Other_Amphibian,0.3836,3150.5,2301.0,3276.0,2439.1
/srv/shared_leopard_toad/2025/Documents/06.10-13.10.2025/4Z/104MEDIA/DSCF0499.JPG,DSCF0499.JPG,4Z/104MEDIA,0,Other_Amphibian,0.2665,3148.4,2305.2,3282.0,2441.4
/srv/shared_leopard_toad/2025/Documents/06.10-13.10.2025/4Z/104MEDIA/DSCF0892.JPG,DSCF0892.JPG,4Z/104MEDIA,0,Other_Amphibian,0.2656,2603.4,2694.3,2746.3,2854.0
/srv/shared_leopard_toad/2025/Documents/06.10-13.10.2025/4Z/104MEDIA/DSCF0892.JPG,DSCF0892.JPG,4Z/104MEDIA,0,Other_Amphibian,0.2231,3149.5,2305.6,3272.4,2444.0
/srv/shared_leopard_toad/2025/Documents/06.10-13.10.2025/4Z/104MEDIA/DSCF0900.JPG,DSCF0900.JPG,4Z/104MEDIA,0,Other_Amphibian,0.2760,2599.9,2694.0,2744.8,2854.1
/srv/shared_leopard_toad/2025/Documents/06.10-13.10.2025/4Z/104MEDIA/DSCF0900.JPG,DSCF0900.JPG,4Z/104MEDIA,0,Other_Amphibian,0.2665,3146.6,2304.8,3272.1,2444.1
/srv/shared_leopard_toad/2025/Documents/06.10-13.10.2025/4Z/104MEDIA/DSCF0900.JPG,DSCF0900.JPG,4Z/104MEDIA,0,Other_Amphibian,0.2015,2601.2,2693.9,2747.6,2853.6
/srv/shared_leopard_toad/2025/Documents/06.10-13.10.2025/4Z/104MEDIA/DSCF0768.JPG,DSCF0768.JPG,4Z/104MEDIA,0,Other_Amphibian,0.2903,3148.8,2306.1,3273.8,2442.3
/srv/shared_leopard_toad/2025/Documents/06.10-13.10.2025/4Z/104MEDIA/DSCF0768.JPG,DSCF0768.JPG,4Z/104MEDIA,0,Other_Amphibian,0.2227,2601.5,2694.6,2745.1,2853.4
/srv/shared_leopard_toad/2025/Documents/06.10-13.10.2025/4Z/104MEDIA/DSCF0335.JPG,DSCF0335.JPG,4Z/104MEDIA,0,Other_Amphibian,0.4377,3147.9,2301.1,3275.7,2440.7
/srv/shared_leopard_toad/2025/Documents/06.10-13.10.2025/4Z/104MEDIA/DSCF0335.JPG,DSCF0335.JPG,4Z/104MEDIA,0,Other_Amphibian,0.3600,3142.1,2303.0,3278.8,2440.7
/srv/shared_leopard_toad/2025/Documents/06.10-13.10.2025/4Z/104MEDIA/DSCF0877.JPG,DSCF0877.JPG,4Z/104MEDIA,0,Other_Amphibian,0.2813,2600.0,2695.2,2745.7,2854.5
/srv/shared_leopard_toad/2025/Documents/06.10-13.10.2025/4Z/104MEDIA/DSCF0877.JPG,DSCF0877.JPG,4Z/104MEDIA,0,Other_Amphibian,0.2739,3146.5,2304.0,3270.2,2442.8
/srv/shared_leopard_toad/2025/Documents/06.10-13.10.2025/4Z/104MEDIA/DSCF0523.JPG,DSCF0523.JPG,4Z/104MEDIA,0,Other_Amphibian,0.3034,3149.9,2302.5,3275.0,2439.7
/srv/shared_leopard_toad/2025/Documents/06.10-13.10.2025/4Z/104MEDIA/DSCF0890.JPG,DSCF0890.JPG,4Z/104MEDIA,0,Other_Amphibian,0.3448,3145.5,2305.2,3271.5,2442.8
/srv/shared_leopard_toad/2025/Documents/06.10-13.10.2025/4Z/104MEDIA/DSCF0262.JPG,DSCF0262.JPG,4Z/104MEDIA,0,Other_Amphibian,0.3780,3150.6,2300.7,3273.4,2440.9
/srv/shared_leopard_toad/2025/Documents/06.10-13.10.2025/4Z/104MEDIA/DSCF0262.JPG,DSCF0262.JPG,4Z/104MEDIA,0,Other_Amphibian,0.3412,3141.9,2302.1,3277.1,2439.5
/srv/shared_leopard_toad/2025/Documents/06.10-13.10.2025/4Z/104MEDIA/DSCF0655.JPG,DSCF0655.JPG,4Z/104MEDIA,0,Other_Amphibian,0.3787,3145.0,2302.8,3271.5,2439.9
/srv/shared_leopard_toad/2025/Documents/06.10-13.10.2025/4Z/104MEDIA/DSCF0655.JPG,DSCF0655.JPG,4Z/104MEDIA,0,Other_Amphibian,0.2362,3146.0,2308.4,3279.3,2443.8
/srv/shared_leopard_toad/2025/Documents/06.10-13.10.2025/4Z/104MEDIA/DSCF0965.JPG,DSCF0965.JPG,4Z/104MEDIA,0,Other_Amphibian,0.2294,2599.1,2694.0,2743.7,2854.2
/srv/shared_leopard_toad/2025/Documents/06.10-13.10.2025/4Z/104MEDIA/DSCF0750.JPG,DSCF0750.JPG,4Z/104MEDIA,0,Other_Amphibian,0.3535,2598.9,2695.0,2743.8,2854.0
/srv/shared_leopard_toad/2025/Documents/06.10-13.10.2025/4Z/104MEDIA/DSCF0750.JPG,DSCF0750.JPG,4Z/104MEDIA,0,Other_Amphibian,0.2530,2597.9,2694.2,2747.2,2853.3
/srv/shared_leopard_toad/2025/Documents/06.10-13.10.2025/4Z/104MEDIA/DSCF0223.JPG,DSCF0223.JPG,4Z/104MEDIA,2,Western_Leopard_Toad,0.6137,4617.8,1697.8,5368.3,2866.4
/srv/shared_leopard_toad/2025/Documents/06.10-13.10.2025/4Z/104MEDIA/DSCF0223.JPG,DSCF0223.JPG,4Z/104MEDIA,2,Western_Leopard_Toad,0.6031,4620.6,1720.3,5371.3,2866.0
/srv/shared_leopard_toad/2025/Documents/06.10-13.10.2025/4Z/104MEDIA/DSCF0223.JPG,DSCF0223.JPG,4Z/104MEDIA,2,Western_Leopard_Toad,0.3406,3563.3,1912.8,3856.4,2190.3
/srv/shared_leopard_toad/2025/Documents/06.10-13.10.2025/4Z/104MEDIA/DSCF0223.JPG,DSCF0223.JPG,4Z/104MEDIA,2,Western_Leopard_Toad,0.2947,4636.6,1704.2,5367.4,2830.3
/srv/shared_leopard_toad/2025/Documents/06.10-13.10.2025/4Z/104MEDIA/DSCF0669.JPG,DSCF0669.JPG,4Z/104MEDIA,0,Other_Amphibian,0.2595,3146.5,2305.0,3266.8,2442.4
/srv/shared_leopard_toad/2025/Documents/06.10-13.10.2025/4Z/104MEDIA/DSCF0669.JPG,DSCF0669.JPG,4Z/104MEDIA,0,Other_Amphibian,0.2212,2599.1,2694.2,2744.4,2853.8
/srv/shared_leopard_toad/2025/Documents/06.10-13.10.2025/4Z/104MEDIA/DSCF0745.JPG,DSCF0745.JPG,4Z/104MEDIA,0,Other_Amphibian,0.2537,3151.7,2305.4,3274.0,2443.5
/srv/shared_leopard_toad/2025/Documents/06.10-13.10.2025/4Z/104MEDIA/DSCF0745.JPG,DSCF0745.JPG,4Z/104MEDIA,0,Other_Amphibian,0.2372,2598.3,2694.0,2745.3,2854.2
/srv/shared_leopard_toad/2025/Documents/06.10-13.10.2025/4Z/104MEDIA/DSCF0601.JPG,DSCF0601.JPG,4Z/104MEDIA,0,Other_Amphibian,0.3149,3146.2,2300.5,3269.5,2439.8
/srv/shared_leopard_toad/2025/Documents/06.10-13.10.2025/4Z/104MEDIA/DSCF0753.JPG,DSCF0753.JPG,4Z/104MEDIA,0,Other_Amphibian,0.3586,3145.7,2301.7,3271.3,2441.0
/srv/shared_leopard_toad/2025/Documents/06.10-13.10.2025/4Z/104MEDIA/DSCF0753.JPG,DSCF0753.JPG,4Z/104MEDIA,0,Other_Amphibian,0.3018,2596.6,2694.9,2746.9,2853.7
/srv/shared_leopard_toad/2025/Documents/06.10-13.10.2025/4Z/104MEDIA/DSCF0095.JPG,DSCF0095.JPG,4Z/104MEDIA,0,Other_Amphibian,0.3328,2632.5,2240.7,2788.1,2404.1
/srv/shared_leopard_toad/2025/Documents/06.10-13.10.2025/4Z/104MEDIA/DSCF0363.JPG,DSCF0363.JPG,4Z/104MEDIA,0,Other_Amphibian,0.3867,3149.4,2300.8,3270.5,2439.3
/srv/shared_leopard_toad/2025/Documents/06.10-13.10.2025/4Z/104MEDIA/DSCF0363.JPG,DSCF0363.JPG,4Z/104MEDIA,0,Other_Amphibian,0.3462,3144.7,2302.1,3277.1,2438.3
/srv/shared_leopard_toad/2025/Documents/06.10-13.10.2025/4Z/104MEDIA/DSCF0823.JPG,DSCF0823.JPG,4Z/104MEDIA,0,Other_Amphibian,0.2559,3149.1,2305.9,3271.4,2444.1
/srv/shared_leopard_toad/2025/Documents/06.10-13.10.2025/4Z/104MEDIA/DSCF0823.JPG,DSCF0823.JPG,4Z/104MEDIA,0,Other_Amphibian,0.2101,2602.3,2693.7,2747.2,2854.4
/srv/shared_leopard_toad/2025/Documents/06.10-13.10.2025/4Z/104MEDIA/DSCF0376.JPG,DSCF0376.JPG,4Z/104MEDIA,0,Other_Amphibian,0.4633,3150.8,2301.5,3272.0,2440.7
/srv/shared_leopard_toad/2025/Documents/06.10-13.10.2025/4Z/104MEDIA/DSCF0376.JPG,DSCF0376.JPG,4Z/104MEDIA,0,Other_Amphibian,0.3344,3141.5,2304.3,3276.5,2440.0
/srv/shared_leopard_toad/2025/Documents/06.10-13.10.2025/4Z/104MEDIA/DSCF0376.JPG,DSCF0376.JPG,4Z/104MEDIA,0,Other_Amphibian,0.2405,3147.8,2308.8,3263.0,2448.0
/srv/shared_leopard_toad/2025/Documents/06.10-13.10.2025/4Z/104MEDIA/DSCF0186.JPG,DSCF0186.JPG,4Z/104MEDIA,2,Western_Leopard_Toad,0.6769,3564.6,1913.2,3858.1,2187.0
/srv/shared_leopard_toad/2025/Documents/06.10-13.10.2025/4Z/104MEDIA/DSCF0196.JPG,DSCF0196.JPG,4Z/104MEDIA,2,Western_Leopard_Toad,0.2917,3561.2,1913.4,3856.4,2192.4
/srv/shared_leopard_toad/2025/Documents/06.10-13.10.2025/4Z/104MEDIA/DSCF0577.JPG,DSCF0577.JPG,4Z/104MEDIA,0,Other_Amphibian,0.3059,3148.7,2303.1,3270.2,2439.2
/srv/shared_leopard_toad/2025/Documents/06.10-13.10.2025/4Z/104MEDIA/DSCF0577.JPG,DSCF0577.JPG,4Z/104MEDIA,0,Other_Amphibian,0.2574,3148.6,2304.5,3280.0,2439.9
/srv/shared_leopard_toad/2025/Documents/06.10-13.10.2025/4Z/104MEDIA/DSCF0478.JPG,DSCF0478.JPG,4Z/104MEDIA,0,Other_Amphibian,0.3757,3149.4,2302.0,3271.2,2439.6
/srv/shared_leopard_toad/2025/Documents/06.10-13.10.2025/4Z/104MEDIA/DSCF0478.JPG,DSCF0478.JPG,4Z/104MEDIA,0,Other_Amphibian,0.2778,3145.5,2304.6,3277.9,2440.2
/srv/shared_leopard_toad/2025/Documents/06.10-13.10.2025/4Z/104MEDIA/DSCF0666.JPG,DSCF0666.JPG,4Z/104MEDIA,0,Other_Amphibian,0.3543,3147.3,2301.0,3269.8,2440.6
/srv/shared_leopard_toad/2025/Documents/06.10-13.10.2025/4Z/104MEDIA/DSCF0280.JPG,DSCF0280.JPG,4Z/104MEDIA,0,Other_Amphibian,0.3580,3149.7,2302.5,3273.4,2439.9
/srv/shared_leopard_toad/2025/Documents/06.10-13.10.2025/4Z/104MEDIA/DSCF0280.JPG,DSCF0280.JPG,4Z/104MEDIA,0,Other_Amphibian,0.2331,3146.6,2307.3,3280.4,2441.9
/srv/shared_leopard_toad/2025/Documents/06.10-13.10.2025/4Z/104MEDIA/DSCF0629.JPG,DSCF0629.JPG,4Z/104MEDIA,0,Other_Amphibian,0.2650,3150.9,2305.7,3271.8,2443.1
/srv/shared_leopard_toad/2025/Documents/06.10-13.10.2025/4Z/104MEDIA/DSCF0675.JPG,DSCF0675.JPG,4Z/104MEDIA,0,Other_Amphibian,0.2436,3149.0,2306.5,3272.1,2443.4
/srv/shared_leopard_toad/2025/Documents/06.10-13.10.2025/4Z/104MEDIA/DSCF0049.JPG,DSCF0049.JPG,4Z/104MEDIA,0,Other_Amphibian,0.2943,2637.2,2241.4,2790.0,2407.1
/srv/shared_leopard_toad/2025/Documents/06.10-13.10.2025/4Z/104MEDIA/DSCF0049.JPG,DSCF0049.JPG,4Z/104MEDIA,0,Other_Amphibian,0.2395,3207.5,2033.9,3318.8,2175.0
/srv/shared_leopard_toad/2025/Documents/06.10-13.10.2025/4Z/104MEDIA/DSCF0208.JPG,DSCF0208.JPG,4Z/104MEDIA,2,Western_Leopard_Toad,0.3892,4611.9,1719.4,5368.5,2861.5
/srv/shared_leopard_toad/2025/Documents/06.10-13.10.2025/4Z/104MEDIA/DSCF0208.JPG,DSCF0208.JPG,4Z/104MEDIA,2,Western_Leopard_Toad,0.2700,3563.8,1912.3,3854.7,2194.9
/srv/shared_leopard_toad/2025/Documents/06.10-13.10.2025/4Z/104MEDIA/DSCF0635.JPG,DSCF0635.JPG,4Z/104MEDIA,0,Other_Amphibian,0.2728,3149.3,2304.2,3269.6,2440.9
/srv/shared_leopard_toad/2025/Documents/06.10-13.10.2025/4Z/104MEDIA/DSCF0065.JPG,DSCF0065.JPG,4Z/104MEDIA,0,Other_Amphibian,0.2821,3208.4,2033.3,3321.0,2175.2
/srv/shared_leopard_toad/2025/Documents/06.10-13.10.2025/4Z/104MEDIA/DSCF0065.JPG,DSCF0065.JPG,4Z/104MEDIA,0,Other_Amphibian,0.2387,3206.2,2032.0,3314.0,2173.0
/srv/shared_leopard_toad/2025/Documents/06.10-13.10.2025/4Z/104MEDIA/DSCF0065.JPG,DSCF0065.JPG,4Z/104MEDIA,0,Other_Amphibian,0.2141,2636.7,2243.1,2791.2,2406.4
/srv/shared_leopard_toad/2025/Documents/06.10-13.10.2025/4Z/104MEDIA/DSCF0414.JPG,DSCF0414.JPG,4Z/104MEDIA,0,Other_Amphibian,0.3747,3151.7,2302.7,3272.8,2438.6
/srv/shared_leopard_toad/2025/Documents/06.10-13.10.2025/4Z/104MEDIA/DSCF0820.JPG,DSCF0820.JPG,4Z/104MEDIA,0,Other_Amphibian,0.3013,2600.4,2695.1,2745.2,2853.4
/srv/shared_leopard_toad/2025/Documents/06.10-13.10.2025/4Z/104MEDIA/DSCF0820.JPG,DSCF0820.JPG,4Z/104MEDIA,0,Other_Amphibian,0.2305,3150.2,2305.9,3271.6,2446.0
/srv/shared_leopard_toad/2025/Documents/06.10-13.10.2025/4Z/104MEDIA/DSCF0820.JPG,DSCF0820.JPG,4Z/104MEDIA,0,Other_Amphibian,0.2188,2599.6,2694.9,2748.4,2852.6
/srv/shared_leopard_toad/2025/Documents/06.10-13.10.2025/4Z/104MEDIA/DSCF0110.JPG,DSCF0110.JPG,4Z/104MEDIA,2,Western_Leopard_Toad,0.2200,4706.8,1786.0,5124.0,2363.4
/srv/shared_leopard_toad/2025/Documents/06.10-13.10.2025/4Z/104MEDIA/DSCF0421.JPG,DSCF0421.JPG,4Z/104MEDIA,0,Other_Amphibian,0.3539,3149.8,2303.1,3271.0,2440.2
/srv/shared_leopard_toad/2025/Documents/06.10-13.10.2025/4Z/104MEDIA/DSCF0421.JPG,DSCF0421.JPG,4Z/104MEDIA,0,Other_Amphibian,0.2861,3148.1,2304.0,3279.1,2439.9
/srv/shared_leopard_toad/2025/Documents/06.10-13.10.2025/4Z/104MEDIA/DSCF0907.JPG,DSCF0907.JPG,4Z/104MEDIA,0,Other_Amphibian,0.3419,3145.6,2299.9,3270.7,2441.4
/srv/shared_leopard_toad/2025/Documents/06.10-13.10.2025/4Z/104MEDIA/DSCF0533.JPG,DSCF0533.JPG,4Z/104MEDIA,0,Other_Amphibian,0.2316,3146.1,2303.0,3267.3,2440.7
/srv/shared_leopard_toad/2025/Documents/06.10-13.10.2025/4Z/104MEDIA/DSCF0511.JPG,DSCF0511.JPG,4Z/104MEDIA,0,Other_Amphibian,0.4132,3148.7,2301.8,3271.6,2439.1
/srv/shared_leopard_toad/2025/Documents/06.10-13.10.2025/4Z/104MEDIA/DSCF0503.JPG,DSCF0503.JPG,4Z/104MEDIA,0,Other_Amphibian,0.4082,3148.0,2301.6,3272.7,2438.6
/srv/shared_leopard_toad/2025/Documents/06.10-13.10.2025/4Z/104MEDIA/DSCF0503.JPG,DSCF0503.JPG,4Z/104MEDIA,0,Other_Amphibian,0.2038,3150.3,2308.7,3283.9,2443.8
/srv/shared_leopard_toad/2025/Documents/06.10-13.10.2025/4Z/104MEDIA/DSCF0885.JPG,DSCF0885.JPG,4Z/104MEDIA,0,Other_Amphibian,0.2978,2601.6,2694.8,2744.3,2854.3
/srv/shared_leopard_toad/2025/Documents/06.10-13.10.2025/4Z/104MEDIA/DSCF0622.JPG,DSCF0622.JPG,4Z/104MEDIA,0,Other_Amphibian,0.2830,3150.8,2305.4,3272.9,2441.4
/srv/shared_leopard_toad/2025/Documents/06.10-13.10.2025/4Z/104MEDIA/DSCF0418.JPG,DSCF0418.JPG,4Z/104MEDIA,0,Other_Amphibian,0.3770,3148.6,2303.0,3269.8,2438.6
/srv/shared_leopard_toad/2025/Documents/06.10-13.10.2025/4Z/104MEDIA/DSCF0418.JPG,DSCF0418.JPG,4Z/104MEDIA,0,Other_Amphibian,0.2012,3150.7,2309.9,3282.2,2443.6
/srv/shared_leopard_toad/2025/Documents/06.10-13.10.2025/4Z/104MEDIA/DSCF0211.JPG,DSCF0211.JPG,4Z/104MEDIA,2,Western_Leopard_Toad,0.3692,4595.1,1808.7,5363.6,2863.7
/srv/shared_leopard_toad/2025/Documents/06.10-13.10.2025/4Z/104MEDIA/DSCF0621.JPG,DSCF0621.JPG,4Z/104MEDIA,0,Other_Amphibian,0.2568,3148.2,2304.9,3271.8,2441.9
/srv/shared_leopard_toad/2025/Documents/06.10-13.10.2025/4Z/104MEDIA/DSCF0030.JPG,DSCF0030.JPG,4Z/104MEDIA,0,Other_Amphibian,0.2532,3209.7,2034.5,3324.2,2176.4
/srv/shared_leopard_toad/2025/Documents/06.10-13.10.2025/4Z/104MEDIA/DSCF0030.JPG,DSCF0030.JPG,4Z/104MEDIA,0,Other_Amphibian,0.2108,2688.4,2424.9,2819.7,2554.0
/srv/shared_leopard_toad/2025/Documents/06.10-13.10.2025/4Z/104MEDIA/DSCF0483.JPG,DSCF0483.JPG,4Z/104MEDIA,0,Other_Amphibian,0.3999,3149.3,2301.4,3269.1,2438.4
/srv/shared_leopard_toad/2025/Documents/06.10-13.10.2025/4Z/104MEDIA/DSCF0483.JPG,DSCF0483.JPG,4Z/104MEDIA,0,Other_Amphibian,0.2573,3145.9,2307.1,3278.5,2441.8
/srv/shared_leopard_toad/2025/Documents/06.10-13.10.2025/4Z/104MEDIA/DSCF0483.JPG,DSCF0483.JPG,4Z/104MEDIA,0,Other_Amphibian,0.2138,3146.1,2308.5,3261.0,2445.8
/srv/shared_leopard_toad/2025/Documents/06.10-13.10.2025/4Z/104MEDIA/DSCF0937.JPG,DSCF0937.JPG,4Z/104MEDIA,0,Other_Amphibian,0.2423,2597.4,2694.4,2743.4,2854.7
/srv/shared_leopard_toad/2025/Documents/06.10-13.10.2025/4Z/104MEDIA/DSCF0686.JPG,DSCF0686.JPG,4Z/104MEDIA,0,Other_Amphibian,0.2109,3149.6,2304.2,3274.1,2442.1
/srv/shared_leopard_toad/2025/Documents/06.10-13.10.2025/4Z/104MEDIA/DSCF0790.JPG,DSCF0790.JPG,4Z/104MEDIA,0,Other_Amphibian,0.2713,3151.1,2305.8,3271.4,2443.7
/srv/shared_leopard_toad/2025/Documents/06.10-13.10.2025/4Z/104MEDIA/DSCF0333.JPG,DSCF0333.JPG,4Z/104MEDIA,0,Other_Amphibian,0.3583,3150.1,2301.7,3270.7,2440.9
/srv/shared_leopard_toad/2025/Documents/06.10-13.10.2025/4Z/104MEDIA/DSCF0333.JPG,DSCF0333.JPG,4Z/104MEDIA,0,Other_Amphibian,0.3230,3143.0,2303.4,3276.8,2440.4
/srv/shared_leopard_toad/2025/Documents/06.10-13.10.2025/4Z/104MEDIA/DSCF0482.JPG,DSCF0482.JPG,4Z/104MEDIA,0,Other_Amphibian,0.4227,3147.5,2302.3,3267.9,2439.3
/srv/shared_leopard_toad/2025/Documents/06.10-13.10.2025/4Z/104MEDIA/DSCF0482.JPG,DSCF0482.JPG,4Z/104MEDIA,0,Other_Amphibian,0.3231,3143.5,2304.7,3275.9,2439.7
/srv/shared_leopard_toad/2025/Documents/06.10-13.10.2025/4Z/104MEDIA/DSCF0482.JPG,DSCF0482.JPG,4Z/104MEDIA,0,Other_Amphibian,0.2189,3143.3,2308.7,3256.4,2448.1
/srv/shared_leopard_toad/2025/Documents/06.10-13.10.2025/4Z/104MEDIA/DSCF0805.JPG,DSCF0805.JPG,4Z/104MEDIA,0,Other_Amphibian,0.2415,2597.4,2694.6,2746.3,2854.1
/srv/shared_leopard_toad/2025/Documents/06.10-13.10.2025/4Z/104MEDIA/DSCF0805.JPG,DSCF0805.JPG,4Z/104MEDIA,0,Other_Amphibian,0.2186,3150.7,2306.5,3272.4,2443.9
/srv/shared_leopard_toad/2025/Documents/06.10-13.10.2025/4Z/104MEDIA/DSCF0387.JPG,DSCF0387.JPG,4Z/104MEDIA,0,Other_Amphibian,0.3873,3149.1,2301.1,3270.7,2439.5
/srv/shared_leopard_toad/2025/Documents/06.10-13.10.2025/4Z/104MEDIA/DSCF0962.JPG,DSCF0962.JPG,4Z/104MEDIA,0,Other_Amphibian,0.3023,2591.0,2695.3,2745.2,2854.6
/srv/shared_leopard_toad/2025/Documents/06.10-13.10.2025/4Z/104MEDIA/DSCF0962.JPG,DSCF0962.JPG,4Z/104MEDIA,0,Other_Amphibian,0.2102,3151.1,2302.9,3272.8,2444.6
/srv/shared_leopard_toad/2025/Documents/06.10-13.10.2025/4Z/104MEDIA/DSCF0867.JPG,DSCF0867.JPG,4Z/104MEDIA,0,Other_Amphibian,0.3653,2597.6,2695.6,2745.3,2854.6
/srv/shared_leopard_toad/2025/Documents/06.10-13.10.2025/4Z/104MEDIA/DSCF0867.JPG,DSCF0867.JPG,4Z/104MEDIA,0,Other_Amphibian,0.2305,2600.3,2695.4,2747.6,2854.1
/srv/shared_leopard_toad/2025/Documents/06.10-13.10.2025/4Z/104MEDIA/DSCF0867.JPG,DSCF0867.JPG,4Z/104MEDIA,0,Other_Amphibian,0.2020,3150.9,2308.1,3274.6,2447.1
/srv/shared_leopard_toad/2025/Documents/06.10-13.10.2025/4Z/104MEDIA/DSCF0874.JPG,DSCF0874.JPG,4Z/104MEDIA,0,Other_Amphibian,0.2677,3148.5,2305.2,3275.3,2445.2
/srv/shared_leopard_toad/2025/Documents/06.10-13.10.2025/4Z/104MEDIA/DSCF0874.JPG,DSCF0874.JPG,4Z/104MEDIA,0,Other_Amphibian,0.2627,2599.0,2693.9,2744.5,2855.2
/srv/shared_leopard_toad/2025/Documents/06.10-13.10.2025/4Z/104MEDIA/DSCF0548.JPG,DSCF0548.JPG,4Z/104MEDIA,0,Other_Amphibian,0.2872,3147.0,2304.0,3267.4,2440.9
/srv/shared_leopard_toad/2025/Documents/06.10-13.10.2025/4Z/104MEDIA/DSCF0786.JPG,DSCF0786.JPG,4Z/104MEDIA,0,Other_Amphibian,0.2522,3148.8,2305.6,3270.8,2442.1
/srv/shared_leopard_toad/2025/Documents/06.10-13.10.2025/4Z/104MEDIA/DSCF0786.JPG,DSCF0786.JPG,4Z/104MEDIA,0,Other_Amphibian,0.2075,2604.1,2694.0,2745.3,2854.3
/srv/shared_leopard_toad/2025/Documents/06.10-13.10.2025/4Z/104MEDIA/DSCF0091.JPG,DSCF0091.JPG,4Z/104MEDIA,0,Other_Amphibian,0.2579,2638.4,2242.8,2790.7,2406.2
/srv/shared_leopard_toad/2025/Documents/06.10-13.10.2025/4Z/104MEDIA/DSCF0660.JPG,DSCF0660.JPG,4Z/104MEDIA,0,Other_Amphibian,0.3226,3149.6,2302.5,3270.2,2439.9
/srv/shared_leopard_toad/2025/Documents/06.10-13.10.2025/4Z/104MEDIA/DSCF0660.JPG,DSCF0660.JPG,4Z/104MEDIA,0,Other_Amphibian,0.2577,2602.7,2692.0,2747.7,2853.7
/srv/shared_leopard_toad/2025/Documents/06.10-13.10.2025/4Z/104MEDIA/DSCF0554.JPG,DSCF0554.JPG,4Z/104MEDIA,0,Other_Amphibian,0.2439,3147.7,2304.1,3264.8,2440.8
/srv/shared_leopard_toad/2025/Documents/06.10-13.10.2025/4Z/104MEDIA/DSCF0942.JPG,DSCF0942.JPG,4Z/104MEDIA,0,Other_Amphibian,0.3547,2596.4,2695.5,2744.3,2854.3
/srv/shared_leopard_toad/2025/Documents/06.10-13.10.2025/4Z/104MEDIA/DSCF0942.JPG,DSCF0942.JPG,4Z/104MEDIA,0,Other_Amphibian,0.2641,3148.3,2304.4,3270.0,2442.9
/srv/shared_leopard_toad/2025/Documents/06.10-13.10.2025/4Z/104MEDIA/DSCF0942.JPG,DSCF0942.JPG,4Z/104MEDIA,0,Other_Amphibian,0.2396,2599.6,2695.2,2749.0,2854.0
/srv/shared_leopard_toad/2025/Documents/06.10-13.10.2025/4Z/104MEDIA/DSCF0991.JPG,DSCF0991.JPG,4Z/104MEDIA,0,Other_Amphibian,0.2873,2597.0,2695.7,2744.2,2854.4
/srv/shared_leopard_toad/2025/Documents/06.10-13.10.2025/4Z/104MEDIA/DSCF0991.JPG,DSCF0991.JPG,4Z/104MEDIA,0,Other_Amphibian,0.2084,3150.8,2307.0,3276.1,2447.2
/srv/shared_leopard_toad/2025/Documents/06.10-13.10.2025/4Z/104MEDIA/DSCF0691.JPG,DSCF0691.JPG,4Z/104MEDIA,0,Other_Amphibian,0.3220,3149.8,2304.1,3274.9,2442.8
/srv/shared_leopard_toad/2025/Documents/06.10-13.10.2025/4Z/104MEDIA/DSCF0691.JPG,DSCF0691.JPG,4Z/104MEDIA,0,Other_Amphibian,0.2030,2599.2,2692.0,2744.7,2854.1
/srv/shared_leopard_toad/2025/Documents/06.10-13.10.2025/4Z/104MEDIA/DSCF0742.JPG,DSCF0742.JPG,4Z/104MEDIA,0,Other_Amphibian,0.2792,3148.5,2305.0,3270.1,2441.8
/srv/shared_leopard_toad/2025/Documents/06.10-13.10.2025/4Z/104MEDIA/DSCF0742.JPG,DSCF0742.JPG,4Z/104MEDIA,0,Other_Amphibian,0.2115,3146.7,2306.6,3279.2,2442.2
/srv/shared_leopard_toad/2025/Documents/06.10-13.10.2025/4Z/104MEDIA/DSCF0966.JPG,DSCF0966.JPG,4Z/104MEDIA,0,Other_Amphibian,0.2223,3148.0,2304.2,3273.6,2445.4
/srv/shared_leopard_toad/2025/Documents/06.10-13.10.2025/4Z/104MEDIA/DSCF0966.JPG,DSCF0966.JPG,4Z/104MEDIA,0,Other_Amphibian,0.2041,2601.3,2694.7,2745.0,2854.2
/srv/shared_leopard_toad/2025/Documents/06.10-13.10.2025/4Z/104MEDIA/DSCF0632.JPG,DSCF0632.JPG,4Z/104MEDIA,0,Other_Amphibian,0.2762,3146.9,2304.4,3266.6,2441.4
/srv/shared_leopard_toad/2025/Documents/06.10-13.10.2025/4Z/104MEDIA/DSCF0031.JPG,DSCF0031.JPG,4Z/104MEDIA,0,Other_Amphibian,0.2845,2630.1,2242.5,2788.6,2406.9
/srv/shared_leopard_toad/2025/Documents/06.10-13.10.2025/4Z/104MEDIA/DSCF0031.JPG,DSCF0031.JPG,4Z/104MEDIA,0,Other_Amphibian,0.2157,3206.8,2034.5,3320.4,2176.2
/srv/shared_leopard_toad/2025/Documents/06.10-13.10.2025/4Z/104MEDIA/DSCF0841.JPG,DSCF0841.JPG,4Z/104MEDIA,0,Other_Amphibian,0.2193,3150.9,2308.2,3275.7,2447.8
/srv/shared_leopard_toad/2025/Documents/06.10-13.10.2025/4Z/104MEDIA/DSCF0841.JPG,DSCF0841.JPG,4Z/104MEDIA,0,Other_Amphibian,0.2089,2604.2,2695.9,2744.8,2853.4
/srv/shared_leopard_toad/2025/Documents/06.10-13.10.2025/4Z/104MEDIA/DSCF0391.JPG,DSCF0391.JPG,4Z/104MEDIA,0,Other_Amphibian,0.3896,3149.0,2302.8,3272.3,2440.3
/srv/shared_leopard_toad/2025/Documents/06.10-13.10.2025/4Z/104MEDIA/DSCF0391.JPG,DSCF0391.JPG,4Z/104MEDIA,0,Other_Amphibian,0.3034,3144.2,2304.5,3278.2,2439.9
/srv/shared_leopard_toad/2025/Documents/06.10-13.10.2025/4Z/104MEDIA/DSCF0516.JPG,DSCF0516.JPG,4Z/104MEDIA,0,Other_Amphibian,0.3182,3152.0,2302.0,3270.8,2440.1
/srv/shared_leopard_toad/2025/Documents/06.10-13.10.2025/4Z/104MEDIA/DSCF0516.JPG,DSCF0516.JPG,4Z/104MEDIA,0,Other_Amphibian,0.2446,3147.6,2304.7,3279.2,2440.6
/srv/shared_leopard_toad/2025/Documents/06.10-13.10.2025/4Z/104MEDIA/DSCF0191.JPG,DSCF0191.JPG,4Z/104MEDIA,2,Western_Leopard_Toad,0.2087,3560.7,1913.3,3849.8,2189.6
/srv/shared_leopard_toad/2025/Documents/06.10-13.10.2025/4Z/104MEDIA/DSCF0500.JPG,DSCF0500.JPG,4Z/104MEDIA,0,Other_Amphibian,0.3433,3151.1,2303.1,3274.8,2441.2
/srv/shared_leopard_toad/2025/Documents/06.10-13.10.2025/4Z/104MEDIA/DSCF0058.JPG,DSCF0058.JPG,4Z/104MEDIA,0,Other_Amphibian,0.3810,2630.3,2240.7,2785.1,2404.3
/srv/shared_leopard_toad/2025/Documents/06.10-13.10.2025/4Z/104MEDIA/DSCF0058.JPG,DSCF0058.JPG,4Z/104MEDIA,0,Other_Amphibian,0.2154,3209.9,2035.9,3321.2,2176.7
/srv/shared_leopard_toad/2025/Documents/06.10-13.10.2025/4Z/104MEDIA/DSCF0169.JPG,DSCF0169.JPG,4Z/104MEDIA,2,Western_Leopard_Toad,0.2574,3562.5,1913.7,3851.3,2189.9
/srv/shared_leopard_toad/2025/Documents/06.10-13.10.2025/4Z/104MEDIA/DSCF0706.JPG,DSCF0706.JPG,4Z/104MEDIA,0,Other_Amphibian,0.3021,3149.9,2304.0,3272.2,2441.0
/srv/shared_leopard_toad/2025/Documents/06.10-13.10.2025/4Z/104MEDIA/DSCF0706.JPG,DSCF0706.JPG,4Z/104MEDIA,0,Other_Amphibian,0.2966,2605.7,2694.2,2744.9,2853.0
/srv/shared_leopard_toad/2025/Documents/06.10-13.10.2025/4Z/104MEDIA/DSCF0525.JPG,DSCF0525.JPG,4Z/104MEDIA,0,Other_Amphibian,0.3814,3147.1,2302.8,3269.6,2439.2
/srv/shared_leopard_toad/2025/Documents/06.10-13.10.2025/4Z/104MEDIA/DSCF0525.JPG,DSCF0525.JPG,4Z/104MEDIA,0,Other_Amphibian,0.2719,3146.6,2305.8,3278.7,2440.6
/srv/shared_leopard_toad/2025/Documents/06.10-13.10.2025/4Z/104MEDIA/DSCF0798.JPG,DSCF0798.JPG,4Z/104MEDIA,0,Other_Amphibian,0.2525,2597.5,2695.1,2743.5,2854.1
/srv/shared_leopard_toad/2025/Documents/06.10-13.10.2025/4Z/104MEDIA/DSCF0798.JPG,DSCF0798.JPG,4Z/104MEDIA,0,Other_Amphibian,0.2407,3149.9,2304.7,3274.9,2443.8
/srv/shared_leopard_toad/2025/Documents/06.10-13.10.2025/4Z/104MEDIA/DSCF0757.JPG,DSCF0757.JPG,4Z/104MEDIA,0,Other_Amphibian,0.2260,2599.2,2694.4,2747.0,2853.9
/srv/shared_leopard_toad/2025/Documents/06.10-13.10.2025/4Z/104MEDIA/DSCF0757.JPG,DSCF0757.JPG,4Z/104MEDIA,0,Other_Amphibian,0.2122,3152.2,2305.3,3273.5,2443.6
/srv/shared_leopard_toad/2025/Documents/06.10-13.10.2025/4Z/104MEDIA/DSCF0144.JPG,DSCF0144.JPG,4Z/104MEDIA,0,Other_Amphibian,0.2644,3630.5,1666.1,3917.1,1949.2
/srv/shared_leopard_toad/2025/Documents/06.10-13.10.2025/4Z/104MEDIA/DSCF0904.JPG,DSCF0904.JPG,4Z/104MEDIA,0,Other_Amphibian,0.2194,2599.6,2695.2,2745.1,2854.9
/srv/shared_leopard_toad/2025/Documents/06.10-13.10.2025/4Z/104MEDIA/DSCF0238.JPG,DSCF0238.JPG,4Z/104MEDIA,0,Other_Amphibian,0.3016,3149.5,2303.8,3269.5,2440.8
/srv/shared_leopard_toad/2025/Documents/06.10-13.10.2025/4Z/104MEDIA/DSCF0238.JPG,DSCF0238.JPG,4Z/104MEDIA,0,Other_Amphibian,0.2316,3146.5,2304.8,3278.2,2439.4
/srv/shared_leopard_toad/2025/Documents/06.10-13.10.2025/4Z/104MEDIA/DSCF0086.JPG,DSCF0086.JPG,4Z/104MEDIA,0,Other_Amphibian,0.3430,2633.6,2241.1,2792.0,2405.3
/srv/shared_leopard_toad/2025/Documents/06.10-13.10.2025/4Z/104MEDIA/DSCF0735.JPG,DSCF0735.JPG,4Z/104MEDIA,0,Other_Amphibian,0.4064,2597.9,2692.9,2745.8,2853.5
/srv/shared_leopard_toad/2025/Documents/06.10-13.10.2025/4Z/104MEDIA/DSCF0735.JPG,DSCF0735.JPG,4Z/104MEDIA,0,Other_Amphibian,0.2470,2599.5,2692.0,2747.9,2852.3
/srv/shared_leopard_toad/2025/Documents/06.10-13.10.2025/4Z/104MEDIA/DSCF0735.JPG,DSCF0735.JPG,4Z/104MEDIA,0,Other_Amphibian,0.2395,3150.2,2305.6,3271.0,2443.6
/srv/shared_leopard_toad/2025/Documents/06.10-13.10.2025/4Z/104MEDIA/DSCF0613.JPG,DSCF0613.JPG,4Z/104MEDIA,0,Other_Amphibian,0.2827,3148.2,2304.1,3268.7,2440.9
/srv/shared_leopard_toad/2025/Documents/06.10-13.10.2025/4Z/104MEDIA/DSCF0551.JPG,DSCF0551.JPG,4Z/104MEDIA,0,Other_Amphibian,0.3951,3146.9,2301.2,3270.1,2440.2
/srv/shared_leopard_toad/2025/Documents/06.10-13.10.2025/4Z/104MEDIA/DSCF0551.JPG,DSCF0551.JPG,4Z/104MEDIA,0,Other_Amphibian,0.2776,3142.5,2304.6,3276.6,2441.4
/srv/shared_leopard_toad/2025/Documents/06.10-13.10.2025/4Z/104MEDIA/DSCF0551.JPG,DSCF0551.JPG,4Z/104MEDIA,0,Other_Amphibian,0.2079,3146.7,2308.4,3261.1,2449.3
/srv/shared_leopard_toad/2025/Documents/06.10-13.10.2025/4Z/104MEDIA/DSCF0748.JPG,DSCF0748.JPG,4Z/104MEDIA,0,Other_Amphibian,0.2379,2602.5,2693.6,2744.0,2853.1
/srv/shared_leopard_toad/2025/Documents/06.10-13.10.2025/4Z/104MEDIA/DSCF0748.JPG,DSCF0748.JPG,4Z/104MEDIA,0,Other_Amphibian,0.2129,3151.5,2308.5,3271.8,2445.0
/srv/shared_leopard_toad/2025/Documents/06.10-13.10.2025/4Z/104MEDIA/DSCF0192.JPG,DSCF0192.JPG,4Z/104MEDIA,2,Western_Leopard_Toad,0.2876,3557.8,1913.2,3851.5,2194.9
/srv/shared_leopard_toad/2025/Documents/06.10-13.10.2025/4Z/104MEDIA/DSCF0182.JPG,DSCF0182.JPG,4Z/104MEDIA,2,Western_Leopard_Toad,0.6256,3566.7,1913.5,3862.6,2187.1
/srv/shared_leopard_toad/2025/Documents/06.10-13.10.2025/4Z/104MEDIA/DSCF0182.JPG,DSCF0182.JPG,4Z/104MEDIA,0,Other_Amphibian,0.2169,135.9,1309.3,271.5,1462.7
/srv/shared_leopard_toad/2025/Documents/06.10-13.10.2025/4Z/104MEDIA/DSCF0299.JPG,DSCF0299.JPG,4Z/104MEDIA,0,Other_Amphibian,0.3820,3148.6,2302.5,3276.8,2442.3
/srv/shared_leopard_toad/2025/Documents/06.10-13.10.2025/4Z/104MEDIA/DSCF0816.JPG,DSCF0816.JPG,4Z/104MEDIA,0,Other_Amphibian,0.2913,2599.9,2694.6,2746.0,2853.9
/srv/shared_leopard_toad/2025/Documents/06.10-13.10.2025/4Z/104MEDIA/DSCF0816.JPG,DSCF0816.JPG,4Z/104MEDIA,0,Other_Amphibian,0.2216,3151.5,2307.4,3273.4,2446.2
/srv/shared_leopard_toad/2025/Documents/06.10-13.10.2025/4Z/104MEDIA/DSCF0345.JPG,DSCF0345.JPG,4Z/104MEDIA,0,Other_Amphibian,0.3357,3150.5,2302.5,3271.1,2440.1
/srv/shared_leopard_toad/2025/Documents/06.10-13.10.2025/4Z/104MEDIA/DSCF0345.JPG,DSCF0345.JPG,4Z/104MEDIA,0,Other_Amphibian,0.2340,3149.6,2306.7,3279.7,2442.2
/srv/shared_leopard_toad/2025/Documents/06.10-13.10.2025/4Z/104MEDIA/DSCF0293.JPG,DSCF0293.JPG,4Z/104MEDIA,0,Other_Amphibian,0.3625,3148.2,2303.3,3272.6,2439.8
/srv/shared_leopard_toad/2025/Documents/06.10-13.10.2025/4Z/104MEDIA/DSCF0293.JPG,DSCF0293.JPG,4Z/104MEDIA,0,Other_Amphibian,0.3123,3145.4,2304.3,3278.1,2439.1
/srv/shared_leopard_toad/2025/Documents/06.10-13.10.2025/4Z/104MEDIA/DSCF0020.JPG,DSCF0020.JPG,4Z/104MEDIA,0,Other_Amphibian,0.2494,3209.0,2034.3,3321.7,2175.9
/srv/shared_leopard_toad/2025/Documents/06.10-13.10.2025/4Z/104MEDIA/DSCF0020.JPG,DSCF0020.JPG,4Z/104MEDIA,0,Other_Amphibian,0.2104,2638.1,2240.3,2791.2,2404.4
/srv/shared_leopard_toad/2025/Documents/06.10-13.10.2025/4Z/104MEDIA/DSCF0018.JPG,DSCF0018.JPG,4Z/104MEDIA,0,Other_Amphibian,0.3543,2634.5,2242.6,2788.6,2405.2
/srv/shared_leopard_toad/2025/Documents/06.10-13.10.2025/4Z/104MEDIA/DSCF0794.JPG,DSCF0794.JPG,4Z/104MEDIA,0,Other_Amphibian,0.2835,2605.3,2694.2,2745.4,2853.1
/srv/shared_leopard_toad/2025/Documents/06.10-13.10.2025/4Z/104MEDIA/DSCF0794.JPG,DSCF0794.JPG,4Z/104MEDIA,0,Other_Amphibian,0.2461,3148.4,2305.6,3272.0,2444.5
/srv/shared_leopard_toad/2025/Documents/06.10-13.10.2025/4Z/104MEDIA/DSCF0527.JPG,DSCF0527.JPG,4Z/104MEDIA,0,Other_Amphibian,0.2771,3148.5,2304.2,3271.7,2440.9
/srv/shared_leopard_toad/2025/Documents/06.10-13.10.2025/4Z/104MEDIA/DSCF0338.JPG,DSCF0338.JPG,4Z/104MEDIA,0,Other_Amphibian,0.3552,3149.9,2300.6,3272.0,2441.0
/srv/shared_leopard_toad/2025/Documents/06.10-13.10.2025/4Z/104MEDIA/DSCF0338.JPG,DSCF0338.JPG,4Z/104MEDIA,0,Other_Amphibian,0.2583,3145.9,2303.8,3280.0,2441.6
/srv/shared_leopard_toad/2025/Documents/06.10-13.10.2025/4Z/104MEDIA/DSCF0940.JPG,DSCF0940.JPG,4Z/104MEDIA,0,Other_Amphibian,0.2546,3147.7,2307.0,3269.9,2444.1
/srv/shared_leopard_toad/2025/Documents/06.10-13.10.2025/4Z/104MEDIA/DSCF0360.JPG,DSCF0360.JPG,4Z/104MEDIA,0,Other_Amphibian,0.3597,3149.1,2301.1,3269.6,2440.3
/srv/shared_leopard_toad/2025/Documents/06.10-13.10.2025/4Z/104MEDIA/DSCF0360.JPG,DSCF0360.JPG,4Z/104MEDIA,0,Other_Amphibian,0.2988,3144.4,2302.9,3276.0,2439.4
/srv/shared_leopard_toad/2025/Documents/06.10-13.10.2025/4Z/104MEDIA/DSCF0206.JPG,DSCF0206.JPG,4Z/104MEDIA,2,Western_Leopard_Toad,0.4763,4584.9,1689.6,5366.8,2863.3
/srv/shared_leopard_toad/2025/Documents/06.10-13.10.2025/4Z/104MEDIA/DSCF0206.JPG,DSCF0206.JPG,4Z/104MEDIA,2,Western_Leopard_Toad,0.2041,3562.8,1912.2,3851.8,2198.5
/srv/shared_leopard_toad/2025/Documents/06.10-13.10.2025/4Z/104MEDIA/DSCF0902.JPG,DSCF0902.JPG,4Z/104MEDIA,0,Other_Amphibian,0.3385,2596.1,2695.7,2743.7,2854.0
/srv/shared_leopard_toad/2025/Documents/06.10-13.10.2025/4Z/104MEDIA/DSCF0902.JPG,DSCF0902.JPG,4Z/104MEDIA,0,Other_Amphibian,0.2440,2599.2,2695.3,2748.8,2853.7
/srv/shared_leopard_toad/2025/Documents/06.10-13.10.2025/4Z/104MEDIA/DSCF0778.JPG,DSCF0778.JPG,4Z/104MEDIA,0,Other_Amphibian,0.3044,2597.4,2694.6,2745.4,2854.6
/srv/shared_leopard_toad/2025/Documents/06.10-13.10.2025/4Z/104MEDIA/DSCF0778.JPG,DSCF0778.JPG,4Z/104MEDIA,0,Other_Amphibian,0.2488,3153.1,2306.0,3271.0,2443.7
/srv/shared_leopard_toad/2025/Documents/06.10-13.10.2025/4Z/104MEDIA/DSCF0778.JPG,DSCF0778.JPG,4Z/104MEDIA,0,Other_Amphibian,0.2060,2596.6,2694.0,2744.5,2853.8
/srv/shared_leopard_toad/2025/Documents/06.10-13.10.2025/4Z/104MEDIA/DSCF0883.JPG,DSCF0883.JPG,4Z/104MEDIA,0,Other_Amphibian,0.2066,3147.7,2306.9,3275.7,2445.2
/srv/shared_leopard_toad/2025/Documents/06.10-13.10.2025/4Z/104MEDIA/DSCF0059.JPG,DSCF0059.JPG,4Z/104MEDIA,0,Other_Amphibian,0.3228,2639.2,2241.6,2790.3,2405.1
/srv/shared_leopard_toad/2025/Documents/06.10-13.10.2025/4Z/104MEDIA/DSCF0059.JPG,DSCF0059.JPG,4Z/104MEDIA,0,Other_Amphibian,0.2477,3206.4,2034.8,3315.8,2174.9
/srv/shared_leopard_toad/2025/Documents/06.10-13.10.2025/4Z/104MEDIA/DSCF0059.JPG,DSCF0059.JPG,4Z/104MEDIA,0,Other_Amphibian,0.2378,3208.1,2036.2,3320.9,2176.3
/srv/shared_leopard_toad/2025/Documents/06.10-13.10.2025/4Z/104MEDIA/DSCF0180.JPG,DSCF0180.JPG,4Z/104MEDIA,2,Western_Leopard_Toad,0.7926,3565.6,1912.6,3863.3,2192.6
/srv/shared_leopard_toad/2025/Documents/06.10-13.10.2025/4Z/104MEDIA/DSCF0791.JPG,DSCF0791.JPG,4Z/104MEDIA,0,Other_Amphibian,0.2228,3151.5,2304.8,3272.6,2444.7
/srv/shared_leopard_toad/2025/Documents/06.10-13.10.2025/4Z/104MEDIA/DSCF0558.JPG,DSCF0558.JPG,4Z/104MEDIA,0,Other_Amphibian,0.2250,3146.0,2305.3,3265.0,2441.5
/srv/shared_leopard_toad/2025/Documents/06.10-13.10.2025/4Z/104MEDIA/DSCF0826.JPG,DSCF0826.JPG,4Z/104MEDIA,0,Other_Amphibian,0.3561,2599.1,2695.3,2746.8,2854.2
/srv/shared_leopard_toad/2025/Documents/06.10-13.10.2025/4Z/104MEDIA/DSCF0826.JPG,DSCF0826.JPG,4Z/104MEDIA,0,Other_Amphibian,0.3115,3146.5,2302.9,3270.7,2442.8
/srv/shared_leopard_toad/2025/Documents/06.10-13.10.2025/4Z/104MEDIA/DSCF0826.JPG,DSCF0826.JPG,4Z/104MEDIA,0,Other_Amphibian,0.2535,3145.4,2304.5,3277.2,2442.7
/srv/shared_leopard_toad/2025/Documents/06.10-13.10.2025/4Z/104MEDIA/DSCF0826.JPG,DSCF0826.JPG,4Z/104MEDIA,0,Other_Amphibian,0.2460,2602.7,2695.0,2748.2,2854.0
/srv/shared_leopard_toad/2025/Documents/06.10-13.10.2025/4Z/104MEDIA/DSCF0775.JPG,DSCF0775.JPG,4Z/104MEDIA,0,Other_Amphibian,0.2511,2601.4,2696.2,2746.7,2854.0
/srv/shared_leopard_toad/2025/Documents/06.10-13.10.2025/4Z/104MEDIA/DSCF0811.JPG,DSCF0811.JPG,4Z/104MEDIA,0,Other_Amphibian,0.2839,2597.5,2696.0,2746.2,2854.8
/srv/shared_leopard_toad/2025/Documents/06.10-13.10.2025/4Z/104MEDIA/DSCF0811.JPG,DSCF0811.JPG,4Z/104MEDIA,0,Other_Amphibian,0.2031,2601.1,2695.4,2749.6,2854.6
/srv/shared_leopard_toad/2025/Documents/06.10-13.10.2025/4Z/104MEDIA/DSCF0689.JPG,DSCF0689.JPG,4Z/104MEDIA,0,Other_Amphibian,0.2764,3150.9,2304.8,3272.1,2442.5
/srv/shared_leopard_toad/2025/Documents/06.10-13.10.2025/4Z/104MEDIA/DSCF0278.JPG,DSCF0278.JPG,4Z/104MEDIA,0,Other_Amphibian,0.2561,3153.3,2305.5,3274.0,2443.6
/srv/shared_leopard_toad/2025/Documents/06.10-13.10.2025/4Z/104MEDIA/DSCF0625.JPG,DSCF0625.JPG,4Z/104MEDIA,0,Other_Amphibian,0.3110,3150.8,2303.6,3275.3,2442.7
/srv/shared_leopard_toad/2025/Documents/06.10-13.10.2025/4Z/104MEDIA/DSCF0625.JPG,DSCF0625.JPG,4Z/104MEDIA,0,Other_Amphibian,0.2046,2603.1,2692.3,2745.7,2853.2
/srv/shared_leopard_toad/2025/Documents/06.10-13.10.2025/4Z/104MEDIA/DSCF0645.JPG,DSCF0645.JPG,4Z/104MEDIA,0,Other_Amphibian,0.2796,3149.2,2303.9,3268.3,2440.8
/srv/shared_leopard_toad/2025/Documents/06.10-13.10.2025/4Z/104MEDIA/DSCF0216.JPG,DSCF0216.JPG,4Z/104MEDIA,2,Western_Leopard_Toad,0.4773,4609.3,1758.1,5368.5,2865.0
/srv/shared_leopard_toad/2025/Documents/06.10-13.10.2025/4Z/104MEDIA/DSCF0050.JPG,DSCF0050.JPG,4Z/104MEDIA,0,Other_Amphibian,0.4342,2629.2,2242.1,2791.7,2405.6
/srv/shared_leopard_toad/2025/Documents/06.10-13.10.2025/4Z/104MEDIA/DSCF0099.JPG,DSCF0099.JPG,4Z/104MEDIA,0,Other_Amphibian,0.2064,2640.3,2242.7,2788.3,2405.6
/srv/shared_leopard_toad/2025/Documents/06.10-13.10.2025/4Z/104MEDIA/DSCF0463.JPG,DSCF0463.JPG,4Z/104MEDIA,0,Other_Amphibian,0.3132,3148.1,2303.1,3268.0,2439.9
/srv/shared_leopard_toad/2025/Documents/06.10-13.10.2025/4Z/104MEDIA/DSCF0327.JPG,DSCF0327.JPG,4Z/104MEDIA,0,Other_Amphibian,0.3170,3151.7,2300.9,3273.7,2441.1
/srv/shared_leopard_toad/2025/Documents/06.10-13.10.2025/4Z/104MEDIA/DSCF0327.JPG,DSCF0327.JPG,4Z/104MEDIA,0,Other_Amphibian,0.2248,3147.9,2305.0,3279.7,2442.5
/srv/shared_leopard_toad/2025/Documents/06.10-13.10.2025/4Z/104MEDIA/DSCF0727.JPG,DSCF0727.JPG,4Z/104MEDIA,0,Other_Amphibian,0.2663,3146.7,2305.6,3266.9,2442.3
/srv/shared_leopard_toad/2025/Documents/06.10-13.10.2025/4Z/104MEDIA/DSCF0727.JPG,DSCF0727.JPG,4Z/104MEDIA,0,Other_Amphibian,0.2412,2598.3,2692.8,2746.3,2854.0
/srv/shared_leopard_toad/2025/Documents/06.10-13.10.2025/4Z/104MEDIA/DSCF0909.JPG,DSCF0909.JPG,4Z/104MEDIA,0,Other_Amphibian,0.4217,2753.5,2413.8,2883.0,2537.9
/srv/shared_leopard_toad/2025/Documents/06.10-13.10.2025/4Z/104MEDIA/DSCF0909.JPG,DSCF0909.JPG,4Z/104MEDIA,0,Other_Amphibian,0.2347,2600.3,2695.3,2744.5,2854.6
/srv/shared_leopard_toad/2025/Documents/06.10-13.10.2025/4Z/104MEDIA/DSCF0840.JPG,DSCF0840.JPG,4Z/104MEDIA,0,Other_Amphibian,0.3260,3145.6,2301.3,3267.5,2440.9
/srv/shared_leopard_toad/2025/Documents/06.10-13.10.2025/4Z/104MEDIA/DSCF0840.JPG,DSCF0840.JPG,4Z/104MEDIA,0,Other_Amphibian,0.2794,2597.5,2695.4,2747.2,2854.4
/srv/shared_leopard_toad/2025/Documents/06.10-13.10.2025/4Z/104MEDIA/DSCF0964.JPG,DSCF0964.JPG,4Z/104MEDIA,0,Other_Amphibian,0.2937,2599.9,2695.1,2743.1,2853.8
/srv/shared_leopard_toad/2025/Documents/06.10-13.10.2025/4Z/104MEDIA/DSCF0964.JPG,DSCF0964.JPG,4Z/104MEDIA,0,Other_Amphibian,0.2519,3150.1,2305.7,3273.4,2444.1
/srv/shared_leopard_toad/2025/Documents/06.10-13.10.2025/4Z/104MEDIA/DSCF0605.JPG,DSCF0605.JPG,4Z/104MEDIA,0,Other_Amphibian,0.2673,3142.0,2304.9,3265.7,2441.7
/srv/shared_leopard_toad/2025/Documents/06.10-13.10.2025/4Z/104MEDIA/DSCF0967.JPG,DSCF0967.JPG,4Z/104MEDIA,0,Other_Amphibian,0.3161,2594.8,2695.3,2748.8,2854.5
/srv/shared_leopard_toad/2025/Documents/06.10-13.10.2025/4Z/104MEDIA/DSCF0967.JPG,DSCF0967.JPG,4Z/104MEDIA,0,Other_Amphibian,0.2547,2597.1,2695.2,2752.6,2854.1
/srv/shared_leopard_toad/2025/Documents/06.10-13.10.2025/4Z/104MEDIA/DSCF0967.JPG,DSCF0967.JPG,4Z/104MEDIA,0,Other_Amphibian,0.2438,3149.4,2306.9,3275.7,2445.5
/srv/shared_leopard_toad/2025/Documents/06.10-13.10.2025/4Z/104MEDIA/DSCF0087.JPG,DSCF0087.JPG,4Z/104MEDIA,0,Other_Amphibian,0.2579,2631.0,2242.7,2788.0,2405.9
/srv/shared_leopard_toad/2025/Documents/06.10-13.10.2025/4Z/104MEDIA/DSCF0087.JPG,DSCF0087.JPG,4Z/104MEDIA,0,Other_Amphibian,0.2025,3210.5,2038.6,3324.6,2178.0
/srv/shared_leopard_toad/2025/Documents/06.10-13.10.2025/4Z/104MEDIA/DSCF0314.JPG,DSCF0314.JPG,4Z/104MEDIA,0,Other_Amphibian,0.3371,3150.7,2302.0,3269.0,2440.5
/srv/shared_leopard_toad/2025/Documents/06.10-13.10.2025/4Z/104MEDIA/DSCF0314.JPG,DSCF0314.JPG,4Z/104MEDIA,0,Other_Amphibian,0.2708,3145.8,2303.8,3278.2,2440.2
/srv/shared_leopard_toad/2025/Documents/06.10-13.10.2025/4Z/104MEDIA/DSCF0760.JPG,DSCF0760.JPG,4Z/104MEDIA,0,Other_Amphibian,0.2772,2600.0,2695.4,2746.3,2853.5
/srv/shared_leopard_toad/2025/Documents/06.10-13.10.2025/4Z/104MEDIA/DSCF0760.JPG,DSCF0760.JPG,4Z/104MEDIA,0,Other_Amphibian,0.2770,3150.0,2306.4,3271.8,2442.3
/srv/shared_leopard_toad/2025/Documents/06.10-13.10.2025/4Z/104MEDIA/DSCF0222.JPG,DSCF0222.JPG,4Z/104MEDIA,2,Western_Leopard_Toad,0.6235,4593.1,1698.3,5369.8,2865.7
/srv/shared_leopard_toad/2025/Documents/06.10-13.10.2025/4Z/104MEDIA/DSCF0222.JPG,DSCF0222.JPG,4Z/104MEDIA,2,Western_Leopard_Toad,0.2617,3561.6,1911.6,3852.7,2199.1
/srv/shared_leopard_toad/2025/Documents/06.10-13.10.2025/4Z/104MEDIA/DSCF0593.JPG,DSCF0593.JPG,4Z/104MEDIA,0,Other_Amphibian,0.3301,3144.5,2305.7,3267.2,2442.7
/srv/shared_leopard_toad/2025/Documents/06.10-13.10.2025/4Z/104MEDIA/DSCF0588.JPG,DSCF0588.JPG,4Z/104MEDIA,0,Other_Amphibian,0.3010,3142.6,2305.1,3259.5,2438.7
/srv/shared_leopard_toad/2025/Documents/06.10-13.10.2025/4Z/104MEDIA/DSCF0903.JPG,DSCF0903.JPG,4Z/104MEDIA,0,Other_Amphibian,0.3566,3148.2,2301.3,3271.3,2440.7
/srv/shared_leopard_toad/2025/Documents/06.10-13.10.2025/4Z/104MEDIA/DSCF0889.JPG,DSCF0889.JPG,4Z/104MEDIA,0,Other_Amphibian,0.2900,2598.0,2694.4,2745.7,2854.1
/srv/shared_leopard_toad/2025/Documents/06.10-13.10.2025/4Z/104MEDIA/DSCF0889.JPG,DSCF0889.JPG,4Z/104MEDIA,0,Other_Amphibian,0.2144,3150.9,2307.1,3276.3,2445.3
/srv/shared_leopard_toad/2025/Documents/06.10-13.10.2025/4Z/104MEDIA/DSCF0068.JPG,DSCF0068.JPG,4Z/104MEDIA,0,Other_Amphibian,0.3073,2628.5,2243.7,2788.2,2405.6
/srv/shared_leopard_toad/2025/Documents/06.10-13.10.2025/4Z/104MEDIA/DSCF0068.JPG,DSCF0068.JPG,4Z/104MEDIA,0,Other_Amphibian,0.2366,3207.7,2034.7,3319.0,2173.9
/srv/shared_leopard_toad/2025/Documents/06.10-13.10.2025/4Z/104MEDIA/DSCF0619.JPG,DSCF0619.JPG,4Z/104MEDIA,0,Other_Amphibian,0.2640,3151.1,2305.1,3270.2,2441.8
/srv/shared_leopard_toad/2025/Documents/06.10-13.10.2025/4Z/104MEDIA/DSCF0025.JPG,DSCF0025.JPG,4Z/104MEDIA,0,Other_Amphibian,0.3367,3206.9,2034.3,3321.0,2173.7
/srv/shared_leopard_toad/2025/Documents/06.10-13.10.2025/4Z/104MEDIA/DSCF0025.JPG,DSCF0025.JPG,4Z/104MEDIA,0,Other_Amphibian,0.2911,3204.4,2034.1,3315.5,2172.9
/srv/shared_leopard_toad/2025/Documents/06.10-13.10.2025/4Z/104MEDIA/DSCF0997.JPG,DSCF0997.JPG,4Z/104MEDIA,0,Other_Amphibian,0.2928,2602.0,2696.0,2744.4,2853.9
/srv/shared_leopard_toad/2025/Documents/06.10-13.10.2025/4Z/104MEDIA/DSCF0381.JPG,DSCF0381.JPG,4Z/104MEDIA,0,Other_Amphibian,0.4663,3148.3,2301.3,3273.4,2439.4
/srv/shared_leopard_toad/2025/Documents/06.10-13.10.2025/4Z/104MEDIA/DSCF0381.JPG,DSCF0381.JPG,4Z/104MEDIA,0,Other_Amphibian,0.4287,3139.6,2303.8,3274.8,2440.3
/srv/shared_leopard_toad/2025/Documents/06.10-13.10.2025/4Z/104MEDIA/DSCF0365.JPG,DSCF0365.JPG,4Z/104MEDIA,0,Other_Amphibian,0.3475,3151.9,2303.1,3275.8,2442.6
/srv/shared_leopard_toad/2025/Documents/06.10-13.10.2025/4Z/104MEDIA/DSCF0365.JPG,DSCF0365.JPG,4Z/104MEDIA,0,Other_Amphibian,0.3352,3141.3,2303.3,3276.2,2440.5
/srv/shared_leopard_toad/2025/Documents/06.10-13.10.2025/4Z/104MEDIA/DSCF0693.JPG,DSCF0693.JPG,4Z/104MEDIA,0,Other_Amphibian,0.4317,3147.1,2300.0,3270.9,2440.4
/srv/shared_leopard_toad/2025/Documents/06.10-13.10.2025/4Z/104MEDIA/DSCF0693.JPG,DSCF0693.JPG,4Z/104MEDIA,0,Other_Amphibian,0.3490,3139.0,2302.6,3273.3,2440.9
/srv/shared_leopard_toad/2025/Documents/06.10-13.10.2025/4Z/104MEDIA/DSCF0693.JPG,DSCF0693.JPG,4Z/104MEDIA,0,Other_Amphibian,0.2489,3148.9,2307.2,3264.3,2447.8
/srv/shared_leopard_toad/2025/Documents/06.10-13.10.2025/4Z/104MEDIA/DSCF0741.JPG,DSCF0741.JPG,4Z/104MEDIA,0,Other_Amphibian,0.3327,2599.2,2694.8,2744.4,2853.7
/srv/shared_leopard_toad/2025/Documents/06.10-13.10.2025/4Z/104MEDIA/DSCF0538.JPG,DSCF0538.JPG,4Z/104MEDIA,0,Other_Amphibian,0.3218,3143.2,2303.5,3267.4,2441.6
/srv/shared_leopard_toad/2025/Documents/06.10-13.10.2025/4Z/104MEDIA/DSCF0913.JPG,DSCF0913.JPG,4Z/104MEDIA,0,Other_Amphibian,0.3212,2598.8,2694.1,2744.5,2853.7
/srv/shared_leopard_toad/2025/Documents/06.10-13.10.2025/4Z/104MEDIA/DSCF0913.JPG,DSCF0913.JPG,4Z/104MEDIA,0,Other_Amphibian,0.2528,2598.8,2693.3,2745.4,2853.0
/srv/shared_leopard_toad/2025/Documents/06.10-13.10.2025/4Z/104MEDIA/DSCF0454.JPG,DSCF0454.JPG,4Z/104MEDIA,0,Other_Amphibian,0.3109,3149.9,2305.4,3271.5,2440.7
/srv/shared_leopard_toad/2025/Documents/06.10-13.10.2025/4Z/104MEDIA/DSCF0188.JPG,DSCF0188.JPG,4Z/104MEDIA,2,Western_Leopard_Toad,0.6165,3564.1,1913.7,3857.9,2190.3
/srv/shared_leopard_toad/2025/Documents/06.10-13.10.2025/4Z/104MEDIA/DSCF0188.JPG,DSCF0188.JPG,4Z/104MEDIA,0,Other_Amphibian,0.2024,8.7,886.5,148.6,1008.8
/srv/shared_leopard_toad/2025/Documents/06.10-13.10.2025/4Z/104MEDIA/DSCF0947.JPG,DSCF0947.JPG,4Z/104MEDIA,0,Other_Amphibian,0.2789,2599.0,2694.2,2745.0,2854.1
/srv/shared_leopard_toad/2025/Documents/06.10-13.10.2025/4Z/104MEDIA/DSCF0947.JPG,DSCF0947.JPG,4Z/104MEDIA,0,Other_Amphibian,0.2253,2597.6,2693.7,2743.7,2853.2
/srv/shared_leopard_toad/2025/Documents/06.10-13.10.2025/4Z/104MEDIA/DSCF0772.JPG,DSCF0772.JPG,4Z/104MEDIA,0,Other_Amphibian,0.2590,3150.8,2305.8,3270.9,2441.8
/srv/shared_leopard_toad/2025/Documents/06.10-13.10.2025/4Z/104MEDIA/DSCF0772.JPG,DSCF0772.JPG,4Z/104MEDIA,0,Other_Amphibian,0.2553,2604.5,2694.0,2745.3,2853.5
/srv/shared_leopard_toad/2025/Documents/06.10-13.10.2025/4Z/104MEDIA/DSCF0844.JPG,DSCF0844.JPG,4Z/104MEDIA,0,Other_Amphibian,0.3825,3144.9,2301.2,3269.2,2440.8
/srv/shared_leopard_toad/2025/Documents/06.10-13.10.2025/4Z/104MEDIA/DSCF0824.JPG,DSCF0824.JPG,4Z/104MEDIA,0,Other_Amphibian,0.3504,3148.6,2300.0,3268.0,2440.2
/srv/shared_leopard_toad/2025/Documents/06.10-13.10.2025/4Z/104MEDIA/DSCF0886.JPG,DSCF0886.JPG,4Z/104MEDIA,0,Other_Amphibian,0.2889,3147.7,2303.5,3272.0,2442.5
/srv/shared_leopard_toad/2025/Documents/06.10-13.10.2025/4Z/104MEDIA/DSCF0886.JPG,DSCF0886.JPG,4Z/104MEDIA,0,Other_Amphibian,0.2384,2602.0,2693.4,2744.4,2854.5
/srv/shared_leopard_toad/2025/Documents/06.10-13.10.2025/4Z/104MEDIA/DSCF0181.JPG,DSCF0181.JPG,4Z/104MEDIA,2,Western_Leopard_Toad,0.5557,3567.3,1913.3,3859.7,2189.7
/srv/shared_leopard_toad/2025/Documents/06.10-13.10.2025/4Z/104MEDIA/DSCF0773.JPG,DSCF0773.JPG,4Z/104MEDIA,0,Other_Amphibian,0.2939,3149.1,2304.0,3269.9,2442.8
/srv/shared_leopard_toad/2025/Documents/06.10-13.10.2025/4Z/104MEDIA/DSCF0849.JPG,DSCF0849.JPG,4Z/104MEDIA,0,Other_Amphibian,0.2608,3149.8,2302.6,3272.8,2443.3
/srv/shared_leopard_toad/2025/Documents/06.10-13.10.2025/4Z/104MEDIA/DSCF0916.JPG,DSCF0916.JPG,4Z/104MEDIA,0,Other_Amphibian,0.2091,3147.5,2305.9,3275.8,2445.8
/srv/shared_leopard_toad/2025/Documents/06.10-13.10.2025/4Z/104MEDIA/DSCF0685.JPG,DSCF0685.JPG,4Z/104MEDIA,0,Other_Amphibian,0.3309,3148.4,2302.5,3271.1,2439.7
/srv/shared_leopard_toad/2025/Documents/06.10-13.10.2025/4Z/104MEDIA/DSCF0209.JPG,DSCF0209.JPG,4Z/104MEDIA,2,Western_Leopard_Toad,0.3465,4589.6,1713.9,5365.2,2862.9
/srv/shared_leopard_toad/2025/Documents/06.10-13.10.2025/4Z/104MEDIA/DSCF0209.JPG,DSCF0209.JPG,4Z/104MEDIA,2,Western_Leopard_Toad,0.2966,3561.5,1911.9,3851.3,2191.0
/srv/shared_leopard_toad/2025/Documents/06.10-13.10.2025/4Z/104MEDIA/DSCF0725.JPG,DSCF0725.JPG,4Z/104MEDIA,0,Other_Amphibian,0.2596,3150.5,2305.0,3274.8,2444.2
/srv/shared_leopard_toad/2025/Documents/06.10-13.10.2025/4Z/104MEDIA/DSCF0550.JPG,DSCF0550.JPG,4Z/104MEDIA,0,Other_Amphibian,0.2712,3148.5,2303.3,3269.7,2440.6
/srv/shared_leopard_toad/2025/Documents/06.10-13.10.2025/4Z/104MEDIA/DSCF0015.JPG,DSCF0015.JPG,4Z/104MEDIA,0,Other_Amphibian,0.3399,2639.7,2241.2,2790.4,2405.8
/srv/shared_leopard_toad/2025/Documents/06.10-13.10.2025/4Z/104MEDIA/DSCF0612.JPG,DSCF0612.JPG,4Z/104MEDIA,0,Other_Amphibian,0.2632,3146.7,2304.1,3268.1,2440.5
/srv/shared_leopard_toad/2025/Documents/06.10-13.10.2025/4Z/104MEDIA/DSCF0633.JPG,DSCF0633.JPG,4Z/104MEDIA,0,Other_Amphibian,0.2517,3151.9,2306.5,3271.5,2443.3
/srv/shared_leopard_toad/2025/Documents/06.10-13.10.2025/4Z/104MEDIA/DSCF0626.JPG,DSCF0626.JPG,4Z/104MEDIA,0,Other_Amphibian,0.2877,3149.7,2303.7,3272.0,2441.1
/srv/shared_leopard_toad/2025/Documents/06.10-13.10.2025/4Z/104MEDIA/DSCF0839.JPG,DSCF0839.JPG,4Z/104MEDIA,0,Other_Amphibian,0.3348,3146.0,2302.2,3270.4,2440.4
/srv/shared_leopard_toad/2025/Documents/06.10-13.10.2025/4Z/104MEDIA/DSCF0839.JPG,DSCF0839.JPG,4Z/104MEDIA,0,Other_Amphibian,0.2287,2599.3,2692.8,2744.4,2854.8
/srv/shared_leopard_toad/2025/Documents/06.10-13.10.2025/4Z/104MEDIA/DSCF0690.JPG,DSCF0690.JPG,4Z/104MEDIA,0,Other_Amphibian,0.3602,3148.3,2302.9,3269.7,2439.8
/srv/shared_leopard_toad/2025/Documents/06.10-13.10.2025/4Z/104MEDIA/DSCF0690.JPG,DSCF0690.JPG,4Z/104MEDIA,0,Other_Amphibian,0.2284,2601.9,2692.1,2745.5,2853.5
/srv/shared_leopard_toad/2025/Documents/06.10-13.10.2025/4Z/104MEDIA/DSCF0918.JPG,DSCF0918.JPG,4Z/104MEDIA,0,Other_Amphibian,0.4072,2597.6,2695.5,2744.9,2854.3
/srv/shared_leopard_toad/2025/Documents/06.10-13.10.2025/4Z/104MEDIA/DSCF0918.JPG,DSCF0918.JPG,4Z/104MEDIA,0,Other_Amphibian,0.3072,2601.0,2695.1,2747.2,2854.1
/srv/shared_leopard_toad/2025/Documents/06.10-13.10.2025/4Z/104MEDIA/DSCF0918.JPG,DSCF0918.JPG,4Z/104MEDIA,0,Other_Amphibian,0.2534,3146.8,2306.6,3272.9,2446.5
/srv/shared_leopard_toad/2025/Documents/06.10-13.10.2025/4Z/104MEDIA/DSCF0240.JPG,DSCF0240.JPG,4Z/104MEDIA,0,Other_Amphibian,0.3804,3149.8,2302.5,3273.6,2440.6
/srv/shared_leopard_toad/2025/Documents/06.10-13.10.2025/4Z/104MEDIA/DSCF0240.JPG,DSCF0240.JPG,4Z/104MEDIA,0,Other_Amphibian,0.3051,3142.5,2304.0,3277.7,2438.9
/srv/shared_leopard_toad/2025/Documents/06.10-13.10.2025/4Z/104MEDIA/DSCF0714.JPG,DSCF0714.JPG,4Z/104MEDIA,0,Other_Amphibian,0.4018,2600.1,2694.7,2745.1,2853.9
/srv/shared_leopard_toad/2025/Documents/06.10-13.10.2025/4Z/104MEDIA/DSCF0714.JPG,DSCF0714.JPG,4Z/104MEDIA,0,Other_Amphibian,0.3062,3148.6,2304.9,3271.1,2440.9
/srv/shared_leopard_toad/2025/Documents/06.10-13.10.2025/4Z/104MEDIA/DSCF0302.JPG,DSCF0302.JPG,4Z/104MEDIA,0,Other_Amphibian,0.3752,3149.5,2301.6,3274.2,2441.4
/srv/shared_leopard_toad/2025/Documents/06.10-13.10.2025/4Z/104MEDIA/DSCF0302.JPG,DSCF0302.JPG,4Z/104MEDIA,0,Other_Amphibian,0.3239,3143.4,2302.9,3279.7,2439.7
/srv/shared_leopard_toad/2025/Documents/06.10-13.10.2025/4Z/104MEDIA/DSCF0801.JPG,DSCF0801.JPG,4Z/104MEDIA,0,Other_Amphibian,0.3141,2598.3,2694.2,2745.7,2854.1
/srv/shared_leopard_toad/2025/Documents/06.10-13.10.2025/4Z/104MEDIA/DSCF0801.JPG,DSCF0801.JPG,4Z/104MEDIA,0,Other_Amphibian,0.2460,2595.8,2693.4,2744.0,2853.3
/srv/shared_leopard_toad/2025/Documents/06.10-13.10.2025/4Z/104MEDIA/DSCF0801.JPG,DSCF0801.JPG,4Z/104MEDIA,0,Other_Amphibian,0.2362,3152.7,2305.6,3275.6,2446.0
/srv/shared_leopard_toad/2025/Documents/06.10-13.10.2025/4Z/104MEDIA/DSCF0232.JPG,DSCF0232.JPG,4Z/104MEDIA,0,Other_Amphibian,0.2573,3149.3,2301.9,3272.4,2441.6
/srv/shared_leopard_toad/2025/Documents/06.10-13.10.2025/4Z/104MEDIA/DSCF0545.JPG,DSCF0545.JPG,4Z/104MEDIA,0,Other_Amphibian,0.4507,3146.2,2300.3,3270.4,2440.0
/srv/shared_leopard_toad/2025/Documents/06.10-13.10.2025/4Z/104MEDIA/DSCF0545.JPG,DSCF0545.JPG,4Z/104MEDIA,0,Other_Amphibian,0.3023,3148.9,2306.8,3264.2,2447.5
/srv/shared_leopard_toad/2025/Documents/06.10-13.10.2025/4Z/104MEDIA/DSCF0545.JPG,DSCF0545.JPG,4Z/104MEDIA,0,Other_Amphibian,0.2743,3147.1,2305.4,3278.7,2442.8
/srv/shared_leopard_toad/2025/Documents/06.10-13.10.2025/4Z/104MEDIA/DSCF0377.JPG,DSCF0377.JPG,4Z/104MEDIA,0,Other_Amphibian,0.3716,3149.4,2300.1,3273.7,2440.6
/srv/shared_leopard_toad/2025/Documents/06.10-13.10.2025/4Z/104MEDIA/DSCF0377.JPG,DSCF0377.JPG,4Z/104MEDIA,0,Other_Amphibian,0.2311,3149.6,2306.1,3283.2,2444.1
/srv/shared_leopard_toad/2025/Documents/06.10-13.10.2025/4Z/104MEDIA/DSCF0705.JPG,DSCF0705.JPG,4Z/104MEDIA,0,Other_Amphibian,0.2483,2597.0,2695.1,2743.6,2853.8
/srv/shared_leopard_toad/2025/Documents/06.10-13.10.2025/4Z/104MEDIA/DSCF0705.JPG,DSCF0705.JPG,4Z/104MEDIA,0,Other_Amphibian,0.2004,3152.6,2306.7,3279.6,2445.8
/srv/shared_leopard_toad/2025/Documents/06.10-13.10.2025/4Z/104MEDIA/DSCF0813.JPG,DSCF0813.JPG,4Z/104MEDIA,0,Other_Amphibian,0.3355,3145.3,2302.7,3265.1,2441.0
/srv/shared_leopard_toad/2025/Documents/06.10-13.10.2025/4Z/104MEDIA/DSCF0813.JPG,DSCF0813.JPG,4Z/104MEDIA,0,Other_Amphibian,0.2823,2603.8,2695.5,2745.6,2853.7
/srv/shared_leopard_toad/2025/Documents/06.10-13.10.2025/4Z/104MEDIA/DSCF0813.JPG,DSCF0813.JPG,4Z/104MEDIA,0,Other_Amphibian,0.2319,3154.1,2308.5,3266.8,2448.2
/srv/shared_leopard_toad/2025/Documents/06.10-13.10.2025/4Z/104MEDIA/DSCF0830.JPG,DSCF0830.JPG,4Z/104MEDIA,0,Other_Amphibian,0.3640,2592.3,2695.9,2745.3,2855.3
/srv/shared_leopard_toad/2025/Documents/06.10-13.10.2025/4Z/104MEDIA/DSCF0830.JPG,DSCF0830.JPG,4Z/104MEDIA,0,Other_Amphibian,0.2800,2595.7,2695.3,2750.0,2855.3
/srv/shared_leopard_toad/2025/Documents/06.10-13.10.2025/4Z/104MEDIA/DSCF0830.JPG,DSCF0830.JPG,4Z/104MEDIA,0,Other_Amphibian,0.2622,3150.6,2305.3,3272.0,2442.7
/srv/shared_leopard_toad/2025/Documents/06.10-13.10.2025/4Z/104MEDIA/DSCF0048.JPG,DSCF0048.JPG,4Z/104MEDIA,0,Other_Amphibian,0.2916,3208.6,2033.9,3324.0,2175.3
/srv/shared_leopard_toad/2025/Documents/06.10-13.10.2025/4Z/104MEDIA/DSCF0267.JPG,DSCF0267.JPG,4Z/104MEDIA,0,Other_Amphibian,0.3133,3152.7,2302.4,3273.9,2442.3
/srv/shared_leopard_toad/2025/Documents/06.10-13.10.2025/4Z/104MEDIA/DSCF0267.JPG,DSCF0267.JPG,4Z/104MEDIA,0,Other_Amphibian,0.2883,3145.1,2302.8,3278.7,2439.0
/srv/shared_leopard_toad/2025/Documents/06.10-13.10.2025/4Z/104MEDIA/DSCF0319.JPG,DSCF0319.JPG,4Z/104MEDIA,0,Other_Amphibian,0.3302,3150.5,2301.8,3270.1,2440.1
/srv/shared_leopard_toad/2025/Documents/06.10-13.10.2025/4Z/104MEDIA/DSCF0319.JPG,DSCF0319.JPG,4Z/104MEDIA,0,Other_Amphibian,0.2707,3144.7,2303.5,3278.2,2439.4
/srv/shared_leopard_toad/2025/Documents/06.10-13.10.2025/4Z/104MEDIA/DSCF0510.JPG,DSCF0510.JPG,4Z/104MEDIA,0,Other_Amphibian,0.3417,3149.9,2301.4,3273.0,2440.7
/srv/shared_leopard_toad/2025/Documents/06.10-13.10.2025/4Z/104MEDIA/DSCF0643.JPG,DSCF0643.JPG,4Z/104MEDIA,0,Other_Amphibian,0.2745,3150.3,2304.5,3274.5,2441.5
/srv/shared_leopard_toad/2025/Documents/06.10-13.10.2025/4Z/104MEDIA/DSCF0643.JPG,DSCF0643.JPG,4Z/104MEDIA,0,Other_Amphibian,0.2177,2595.9,2693.5,2745.5,2854.4
/srv/shared_leopard_toad/2025/Documents/06.10-13.10.2025/4Z/104MEDIA/DSCF0323.JPG,DSCF0323.JPG,4Z/104MEDIA,0,Other_Amphibian,0.3618,3148.3,2300.8,3271.0,2440.4
/srv/shared_leopard_toad/2025/Documents/06.10-13.10.2025/4Z/104MEDIA/DSCF0323.JPG,DSCF0323.JPG,4Z/104MEDIA,0,Other_Amphibian,0.2350,3144.1,2305.9,3277.7,2442.3
/srv/shared_leopard_toad/2025/Documents/06.10-13.10.2025/4Z/104MEDIA/DSCF0013.JPG,DSCF0013.JPG,4Z/104MEDIA,0,Other_Amphibian,0.2461,3209.6,2038.3,3322.2,2177.8
/srv/shared_leopard_toad/2025/Documents/06.10-13.10.2025/4Z/104MEDIA/DSCF0013.JPG,DSCF0013.JPG,4Z/104MEDIA,0,Other_Amphibian,0.2145,2641.9,2241.0,2788.9,2405.8
/srv/shared_leopard_toad/2025/Documents/06.10-13.10.2025/4Z/104MEDIA/DSCF0876.JPG,DSCF0876.JPG,4Z/104MEDIA,0,Other_Amphibian,0.2848,3148.1,2302.7,3269.4,2442.1
/srv/shared_leopard_toad/2025/Documents/06.10-13.10.2025/4Z/104MEDIA/DSCF0876.JPG,DSCF0876.JPG,4Z/104MEDIA,0,Other_Amphibian,0.2339,2600.5,2694.8,2745.3,2854.2
/srv/shared_leopard_toad/2025/Documents/06.10-13.10.2025/4Z/104MEDIA/DSCF0747.JPG,DSCF0747.JPG,4Z/104MEDIA,0,Other_Amphibian,0.3206,3147.8,2304.2,3271.8,2441.7
/srv/shared_leopard_toad/2025/Documents/06.10-13.10.2025/4Z/104MEDIA/DSCF0747.JPG,DSCF0747.JPG,4Z/104MEDIA,0,Other_Amphibian,0.2356,2595.7,2693.2,2744.8,2854.3
/srv/shared_leopard_toad/2025/Documents/06.10-13.10.2025/4Z/104MEDIA/DSCF0079.JPG,DSCF0079.JPG,4Z/104MEDIA,0,Other_Amphibian,0.3321,2628.9,2240.9,2785.4,2405.7
/srv/shared_leopard_toad/2025/Documents/06.10-13.10.2025/4Z/104MEDIA/DSCF0079.JPG,DSCF0079.JPG,4Z/104MEDIA,0,Other_Amphibian,0.2409,3208.4,2034.0,3320.9,2175.5
/srv/shared_leopard_toad/2025/Documents/06.10-13.10.2025/4Z/104MEDIA/DSCF0996.JPG,DSCF0996.JPG,4Z/104MEDIA,0,Other_Amphibian,0.2772,3147.9,2303.9,3273.3,2443.6
/srv/shared_leopard_toad/2025/Documents/06.10-13.10.2025/4Z/104MEDIA/DSCF0610.JPG,DSCF0610.JPG,4Z/104MEDIA,0,Other_Amphibian,0.3612,3148.6,2303.0,3270.4,2439.7
/srv/shared_leopard_toad/2025/Documents/06.10-13.10.2025/4Z/104MEDIA/DSCF0610.JPG,DSCF0610.JPG,4Z/104MEDIA,0,Other_Amphibian,0.2671,3145.1,2306.2,3278.1,2441.6
/srv/shared_leopard_toad/2025/Documents/06.10-13.10.2025/4Z/104MEDIA/DSCF0692.JPG,DSCF0692.JPG,4Z/104MEDIA,0,Other_Amphibian,0.3390,3148.7,2302.3,3272.0,2440.4
/srv/shared_leopard_toad/2025/Documents/06.10-13.10.2025/4Z/104MEDIA/DSCF0692.JPG,DSCF0692.JPG,4Z/104MEDIA,0,Other_Amphibian,0.2800,2601.2,2694.6,2748.5,2853.8
/srv/shared_leopard_toad/2025/Documents/06.10-13.10.2025/4Z/104MEDIA/DSCF0542.JPG,DSCF0542.JPG,4Z/104MEDIA,0,Other_Amphibian,0.3287,3148.2,2302.6,3271.9,2439.8
/srv/shared_leopard_toad/2025/Documents/06.10-13.10.2025/4Z/104MEDIA/DSCF0542.JPG,DSCF0542.JPG,4Z/104MEDIA,0,Other_Amphibian,0.2091,3149.5,2307.8,3280.2,2443.7
/srv/shared_leopard_toad/2025/Documents/06.10-13.10.2025/4Z/104MEDIA/DSCF0708.JPG,DSCF0708.JPG,4Z/104MEDIA,0,Other_Amphibian,0.2685,3149.1,2305.5,3272.3,2441.7
/srv/shared_leopard_toad/2025/Documents/06.10-13.10.2025/4Z/104MEDIA/DSCF0708.JPG,DSCF0708.JPG,4Z/104MEDIA,0,Other_Amphibian,0.2250,2602.7,2692.7,2746.2,2853.4
/srv/shared_leopard_toad/2025/Documents/06.10-13.10.2025/4Z/104MEDIA/DSCF0408.JPG,DSCF0408.JPG,4Z/104MEDIA,0,Other_Amphibian,0.4324,3148.1,2301.5,3273.0,2439.8
/srv/shared_leopard_toad/2025/Documents/06.10-13.10.2025/4Z/104MEDIA/DSCF0408.JPG,DSCF0408.JPG,4Z/104MEDIA,0,Other_Amphibian,0.2629,3145.7,2307.3,3281.0,2443.2
/srv/shared_leopard_toad/2025/Documents/06.10-13.10.2025/4Z/104MEDIA/DSCF0408.JPG,DSCF0408.JPG,4Z/104MEDIA,0,Other_Amphibian,0.2139,3150.9,2309.5,3269.7,2448.5
/srv/shared_leopard_toad/2025/Documents/06.10-13.10.2025/4Z/104MEDIA/DSCF0469.JPG,DSCF0469.JPG,4Z/104MEDIA,0,Other_Amphibian,0.3208,3149.9,2302.7,3271.3,2439.2
/srv/shared_leopard_toad/2025/Documents/06.10-13.10.2025/4Z/104MEDIA/DSCF0469.JPG,DSCF0469.JPG,4Z/104MEDIA,0,Other_Amphibian,0.2680,3148.5,2304.1,3281.1,2439.5
/srv/shared_leopard_toad/2025/Documents/06.10-13.10.2025/4Z/104MEDIA/DSCF0098.JPG,DSCF0098.JPG,4Z/104MEDIA,0,Other_Amphibian,0.2973,2630.6,2241.9,2788.3,2404.6
/srv/shared_leopard_toad/2025/Documents/06.10-13.10.2025/4Z/104MEDIA/DSCF0961.JPG,DSCF0961.JPG,4Z/104MEDIA,0,Other_Amphibian,0.2581,3151.0,2304.0,3274.4,2446.1
/srv/shared_leopard_toad/2025/Documents/06.10-13.10.2025/4Z/104MEDIA/DSCF0214.JPG,DSCF0214.JPG,4Z/104MEDIA,2,Western_Leopard_Toad,0.5362,3567.1,1915.7,3860.4,2189.1
/srv/shared_leopard_toad/2025/Documents/06.10-13.10.2025/4Z/104MEDIA/DSCF0214.JPG,DSCF0214.JPG,4Z/104MEDIA,2,Western_Leopard_Toad,0.3236,4606.0,1683.5,5365.0,2861.6
/srv/shared_leopard_toad/2025/Documents/06.10-13.10.2025/4Z/104MEDIA/DSCF0804.JPG,DSCF0804.JPG,4Z/104MEDIA,0,Other_Amphibian,0.2520,2604.9,2694.7,2744.6,2853.5
/srv/shared_leopard_toad/2025/Documents/06.10-13.10.2025/4Z/104MEDIA/DSCF0804.JPG,DSCF0804.JPG,4Z/104MEDIA,0,Other_Amphibian,0.2218,3150.0,2308.8,3273.8,2445.4
/srv/shared_leopard_toad/2025/Documents/06.10-13.10.2025/4Z/104MEDIA/DSCF0825.JPG,DSCF0825.JPG,4Z/104MEDIA,0,Other_Amphibian,0.3082,3146.6,2301.9,3270.3,2441.4
/srv/shared_leopard_toad/2025/Documents/06.10-13.10.2025/4Z/104MEDIA/DSCF0915.JPG,DSCF0915.JPG,4Z/104MEDIA,0,Other_Amphibian,0.2500,3146.4,2306.3,3270.5,2443.3
/srv/shared_leopard_toad/2025/Documents/06.10-13.10.2025/4Z/104MEDIA/DSCF0915.JPG,DSCF0915.JPG,4Z/104MEDIA,0,Other_Amphibian,0.2051,2596.4,2694.4,2744.7,2854.2
/srv/shared_leopard_toad/2025/Documents/06.10-13.10.2025/4Z/104MEDIA/DSCF0627.JPG,DSCF0627.JPG,4Z/104MEDIA,0,Other_Amphibian,0.2643,3152.7,2305.8,3274.5,2441.8
/srv/shared_leopard_toad/2025/Documents/06.10-13.10.2025/4Z/104MEDIA/DSCF0425.JPG,DSCF0425.JPG,4Z/104MEDIA,0,Other_Amphibian,0.2967,3146.3,2305.1,3267.0,2439.9
/srv/shared_leopard_toad/2025/Documents/06.10-13.10.2025/4Z/104MEDIA/DSCF0420.JPG,DSCF0420.JPG,4Z/104MEDIA,0,Other_Amphibian,0.3623,3147.8,2301.7,3271.7,2439.8
/srv/shared_leopard_toad/2025/Documents/06.10-13.10.2025/4Z/104MEDIA/DSCF0398.JPG,DSCF0398.JPG,4Z/104MEDIA,0,Other_Amphibian,0.4621,3150.0,2301.5,3271.8,2438.4
/srv/shared_leopard_toad/2025/Documents/06.10-13.10.2025/4Z/104MEDIA/DSCF0398.JPG,DSCF0398.JPG,4Z/104MEDIA,0,Other_Amphibian,0.3325,3145.2,2304.5,3276.3,2439.3
/srv/shared_leopard_toad/2025/Documents/06.10-13.10.2025/4Z/104MEDIA/DSCF0205.JPG,DSCF0205.JPG,4Z/104MEDIA,2,Western_Leopard_Toad,0.2269,4606.1,1687.0,5365.9,2860.8
/srv/shared_leopard_toad/2025/Documents/06.10-13.10.2025/4Z/104MEDIA/DSCF0540.JPG,DSCF0540.JPG,4Z/104MEDIA,0,Other_Amphibian,0.2671,3140.6,2304.0,3259.4,2440.0
/srv/shared_leopard_toad/2025/Documents/06.10-13.10.2025/4Z/104MEDIA/DSCF0540.JPG,DSCF0540.JPG,4Z/104MEDIA,0,Other_Amphibian,0.2178,3148.9,2306.8,3281.2,2441.6
/srv/shared_leopard_toad/2025/Documents/06.10-13.10.2025/4Z/104MEDIA/DSCF0618.JPG,DSCF0618.JPG,4Z/104MEDIA,0,Other_Amphibian,0.3148,3149.9,2304.5,3271.7,2441.5
/srv/shared_leopard_toad/2025/Documents/06.10-13.10.2025/4Z/104MEDIA/DSCF0112.JPG,DSCF0112.JPG,4Z/104MEDIA,2,Western_Leopard_Toad,0.3015,1575.6,2590.2,2234.6,2858.4
/srv/shared_leopard_toad/2025/Documents/06.10-13.10.2025/4Z/104MEDIA/DSCF0584.JPG,DSCF0584.JPG,4Z/104MEDIA,0,Other_Amphibian,0.3325,3149.0,2301.4,3269.2,2439.2
/srv/shared_leopard_toad/2025/Documents/06.10-13.10.2025/4Z/104MEDIA/DSCF0584.JPG,DSCF0584.JPG,4Z/104MEDIA,0,Other_Amphibian,0.2026,3149.1,2307.7,3279.2,2444.0
/srv/shared_leopard_toad/2025/Documents/06.10-13.10.2025/4Z/104MEDIA/DSCF0111.JPG,DSCF0111.JPG,4Z/104MEDIA,0,Other_Amphibian,0.2060,4615.8,1047.7,4713.2,1188.3
/srv/shared_leopard_toad/2025/Documents/06.10-13.10.2025/4Z/104MEDIA/DSCF0263.JPG,DSCF0263.JPG,4Z/104MEDIA,0,Other_Amphibian,0.3930,3149.2,2301.5,3271.1,2439.9
/srv/shared_leopard_toad/2025/Documents/06.10-13.10.2025/4Z/104MEDIA/DSCF0263.JPG,DSCF0263.JPG,4Z/104MEDIA,0,Other_Amphibian,0.3634,3144.3,2302.4,3278.0,2438.7
/srv/shared_leopard_toad/2025/Documents/06.10-13.10.2025/4Z/104MEDIA/DSCF0586.JPG,DSCF0586.JPG,4Z/104MEDIA,0,Other_Amphibian,0.3546,3150.6,2302.9,3271.2,2440.4
/srv/shared_leopard_toad/2025/Documents/06.10-13.10.2025/4Z/104MEDIA/DSCF0349.JPG,DSCF0349.JPG,4Z/104MEDIA,0,Other_Amphibian,0.3939,3148.8,2300.7,3271.7,2440.3
/srv/shared_leopard_toad/2025/Documents/06.10-13.10.2025/4Z/104MEDIA/DSCF0349.JPG,DSCF0349.JPG,4Z/104MEDIA,0,Other_Amphibian,0.2332,3147.3,2306.7,3279.6,2443.7
/srv/shared_leopard_toad/2025/Documents/06.10-13.10.2025/4Z/104MEDIA/DSCF0828.JPG,DSCF0828.JPG,4Z/104MEDIA,0,Other_Amphibian,0.2396,3148.7,2308.1,3274.0,2446.4
/srv/shared_leopard_toad/2025/Documents/06.10-13.10.2025/4Z/104MEDIA/DSCF0555.JPG,DSCF0555.JPG,4Z/104MEDIA,0,Other_Amphibian,0.3342,3147.0,2302.5,3269.6,2440.4
/srv/shared_leopard_toad/2025/Documents/06.10-13.10.2025/4Z/104MEDIA/DSCF0695.JPG,DSCF0695.JPG,4Z/104MEDIA,0,Other_Amphibian,0.2271,3150.3,2306.9,3271.9,2444.7
/srv/shared_leopard_toad/2025/Documents/06.10-13.10.2025/4Z/104MEDIA/DSCF0764.JPG,DSCF0764.JPG,4Z/104MEDIA,0,Other_Amphibian,0.3222,3147.1,2301.0,3267.4,2440.7
/srv/shared_leopard_toad/2025/Documents/06.10-13.10.2025/4Z/104MEDIA/DSCF0229.JPG,DSCF0229.JPG,4Z/104MEDIA,2,Western_Leopard_Toad,0.6711,4594.5,1679.1,5372.4,2863.9
/srv/shared_leopard_toad/2025/Documents/06.10-13.10.2025/4Z/104MEDIA/DSCF0229.JPG,DSCF0229.JPG,4Z/104MEDIA,2,Western_Leopard_Toad,0.2049,3565.8,1911.1,3859.8,2190.7
/srv/shared_leopard_toad/2025/Documents/06.10-13.10.2025/4Z/104MEDIA/DSCF0953.JPG,DSCF0953.JPG,4Z/104MEDIA,0,Other_Amphibian,0.2258,2597.1,2695.6,2744.4,2855.0
/srv/shared_leopard_toad/2025/Documents/06.10-13.10.2025/4Z/104MEDIA/DSCF0657.JPG,DSCF0657.JPG,4Z/104MEDIA,0,Other_Amphibian,0.3331,3148.6,2303.8,3272.1,2441.7
/srv/shared_leopard_toad/2025/Documents/06.10-13.10.2025/4Z/104MEDIA/DSCF0657.JPG,DSCF0657.JPG,4Z/104MEDIA,0,Other_Amphibian,0.2028,3146.3,2308.9,3276.5,2444.3
/srv/shared_leopard_toad/2025/Documents/06.10-13.10.2025/4Z/104MEDIA/DSCF0163.JPG,DSCF0163.JPG,4Z/104MEDIA,2,Western_Leopard_Toad,0.3456,3561.1,1914.3,3856.0,2191.6
/srv/shared_leopard_toad/2025/Documents/06.10-13.10.2025/4Z/104MEDIA/DSCF0587.JPG,DSCF0587.JPG,4Z/104MEDIA,0,Other_Amphibian,0.3533,3148.8,2302.3,3271.4,2439.6
/srv/shared_leopard_toad/2025/Documents/06.10-13.10.2025/4Z/104MEDIA/DSCF0587.JPG,DSCF0587.JPG,4Z/104MEDIA,0,Other_Amphibian,0.2681,3148.1,2305.5,3278.9,2441.3
/srv/shared_leopard_toad/2025/Documents/06.10-13.10.2025/4Z/104MEDIA/DSCF0711.JPG,DSCF0711.JPG,4Z/104MEDIA,0,Other_Amphibian,0.3246,2601.9,2694.3,2747.2,2853.7
/srv/shared_leopard_toad/2025/Documents/06.10-13.10.2025/4Z/104MEDIA/DSCF0711.JPG,DSCF0711.JPG,4Z/104MEDIA,0,Other_Amphibian,0.2403,3153.2,2308.4,3269.5,2444.2
/srv/shared_leopard_toad/2025/Documents/06.10-13.10.2025/4Z/104MEDIA/DSCF0563.JPG,DSCF0563.JPG,4Z/104MEDIA,0,Other_Amphibian,0.3375,3144.9,2303.4,3268.5,2439.9
/srv/shared_leopard_toad/2025/Documents/06.10-13.10.2025/4Z/104MEDIA/DSCF0563.JPG,DSCF0563.JPG,4Z/104MEDIA,0,Other_Amphibian,0.3016,3144.9,2303.9,3277.1,2439.7
/srv/shared_leopard_toad/2025/Documents/06.10-13.10.2025/4Z/104MEDIA/DSCF0283.JPG,DSCF0283.JPG,4Z/104MEDIA,0,Other_Amphibian,0.3697,3151.0,2301.6,3272.4,2439.6
/srv/shared_leopard_toad/2025/Documents/06.10-13.10.2025/4Z/104MEDIA/DSCF0283.JPG,DSCF0283.JPG,4Z/104MEDIA,0,Other_Amphibian,0.2946,3143.6,2304.3,3276.3,2439.5
/srv/shared_leopard_toad/2025/Documents/06.10-13.10.2025/4Z/104MEDIA/DSCF0869.JPG,DSCF0869.JPG,4Z/104MEDIA,0,Other_Amphibian,0.2397,2600.3,2694.6,2743.9,2854.2
/srv/shared_leopard_toad/2025/Documents/06.10-13.10.2025/4Z/104MEDIA/DSCF0470.JPG,DSCF0470.JPG,4Z/104MEDIA,0,Other_Amphibian,0.3313,3151.6,2302.9,3273.3,2439.6
/srv/shared_leopard_toad/2025/Documents/06.10-13.10.2025/4Z/104MEDIA/DSCF0710.JPG,DSCF0710.JPG,4Z/104MEDIA,0,Other_Amphibian,0.3094,3147.7,2303.9,3272.2,2442.7
/srv/shared_leopard_toad/2025/Documents/06.10-13.10.2025/4Z/104MEDIA/DSCF0710.JPG,DSCF0710.JPG,4Z/104MEDIA,0,Other_Amphibian,0.2466,2591.3,2693.1,2745.2,2855.2
/srv/shared_leopard_toad/2025/Documents/06.10-13.10.2025/4Z/104MEDIA/DSCF0406.JPG,DSCF0406.JPG,4Z/104MEDIA,0,Other_Amphibian,0.4303,3150.5,2301.0,3268.8,2439.1
/srv/shared_leopard_toad/2025/Documents/06.10-13.10.2025/4Z/104MEDIA/DSCF0406.JPG,DSCF0406.JPG,4Z/104MEDIA,0,Other_Amphibian,0.3622,3141.6,2304.1,3273.3,2440.1
/srv/shared_leopard_toad/2025/Documents/06.10-13.10.2025/4Z/104MEDIA/DSCF0863.JPG,DSCF0863.JPG,4Z/104MEDIA,0,Other_Amphibian,0.2176,3151.2,2306.0,3273.5,2444.1
/srv/shared_leopard_toad/2025/Documents/06.10-13.10.2025/4Z/104MEDIA/DSCF0265.JPG,DSCF0265.JPG,4Z/104MEDIA,0,Other_Amphibian,0.3767,3150.0,2301.3,3271.8,2439.1
/srv/shared_leopard_toad/2025/Documents/06.10-13.10.2025/4Z/104MEDIA/DSCF0265.JPG,DSCF0265.JPG,4Z/104MEDIA,0,Other_Amphibian,0.2964,3145.9,2302.3,3280.0,2437.9
/srv/shared_leopard_toad/2025/Documents/06.10-13.10.2025/4Z/104MEDIA/DSCF0850.JPG,DSCF0850.JPG,4Z/104MEDIA,0,Other_Amphibian,0.3363,2600.4,2695.6,2745.4,2853.7
/srv/shared_leopard_toad/2025/Documents/06.10-13.10.2025/4Z/104MEDIA/DSCF0850.JPG,DSCF0850.JPG,4Z/104MEDIA,0,Other_Amphibian,0.3204,3145.1,2303.4,3272.2,2442.8
/srv/shared_leopard_toad/2025/Documents/06.10-13.10.2025/4Z/104MEDIA/DSCF0850.JPG,DSCF0850.JPG,4Z/104MEDIA,0,Other_Amphibian,0.2529,2602.7,2695.3,2750.1,2853.4
/srv/shared_leopard_toad/2025/Documents/06.10-13.10.2025/4Z/104MEDIA/DSCF0022.JPG,DSCF0022.JPG,4Z/104MEDIA,0,Other_Amphibian,0.2775,3206.6,2033.2,3319.7,2175.1
/srv/shared_leopard_toad/2025/Documents/06.10-13.10.2025/4Z/104MEDIA/DSCF0022.JPG,DSCF0022.JPG,4Z/104MEDIA,0,Other_Amphibian,0.2542,2633.1,2243.3,2789.9,2408.0
/srv/shared_leopard_toad/2025/Documents/06.10-13.10.2025/4Z/104MEDIA/DSCF0389.JPG,DSCF0389.JPG,4Z/104MEDIA,0,Other_Amphibian,0.3543,3151.2,2302.1,3271.4,2439.5
/srv/shared_leopard_toad/2025/Documents/06.10-13.10.2025/4Z/104MEDIA/DSCF0389.JPG,DSCF0389.JPG,4Z/104MEDIA,0,Other_Amphibian,0.3131,3146.1,2303.8,3279.1,2438.8
/srv/shared_leopard_toad/2025/Documents/06.10-13.10.2025/4Z/104MEDIA/DSCF0198.JPG,DSCF0198.JPG,4Z/104MEDIA,2,Western_Leopard_Toad,0.3111,3562.6,1912.8,3859.6,2190.8
/srv/shared_leopard_toad/2025/Documents/06.10-13.10.2025/4Z/104MEDIA/DSCF0379.JPG,DSCF0379.JPG,4Z/104MEDIA,0,Other_Amphibian,0.3314,3149.9,2301.6,3270.1,2440.4
/srv/shared_leopard_toad/2025/Documents/06.10-13.10.2025/4Z/104MEDIA/DSCF0379.JPG,DSCF0379.JPG,4Z/104MEDIA,0,Other_Amphibian,0.2568,3145.4,2304.0,3277.4,2440.0
/srv/shared_leopard_toad/2025/Documents/06.10-13.10.2025/4Z/104MEDIA/DSCF0395.JPG,DSCF0395.JPG,4Z/104MEDIA,0,Other_Amphibian,0.4045,3148.0,2301.1,3272.7,2440.8
/srv/shared_leopard_toad/2025/Documents/06.10-13.10.2025/4Z/104MEDIA/DSCF0395.JPG,DSCF0395.JPG,4Z/104MEDIA,0,Other_Amphibian,0.2395,3147.7,2307.6,3281.2,2444.3
/srv/shared_leopard_toad/2025/Documents/06.10-13.10.2025/4Z/104MEDIA/DSCF0011.JPG,DSCF0011.JPG,4Z/104MEDIA,0,Other_Amphibian,0.3299,3206.1,2029.8,3319.7,2173.4
/srv/shared_leopard_toad/2025/Documents/06.10-13.10.2025/4Z/104MEDIA/DSCF0011.JPG,DSCF0011.JPG,4Z/104MEDIA,0,Other_Amphibian,0.3202,3204.4,2032.6,3321.3,2175.6
/srv/shared_leopard_toad/2025/Documents/06.10-13.10.2025/4Z/104MEDIA/DSCF0570.JPG,DSCF0570.JPG,4Z/104MEDIA,0,Other_Amphibian,0.2893,3149.5,2305.2,3273.7,2441.0
/srv/shared_leopard_toad/2025/Documents/06.10-13.10.2025/4Z/104MEDIA/DSCF0785.JPG,DSCF0785.JPG,4Z/104MEDIA,0,Other_Amphibian,0.2475,3151.6,2304.9,3273.6,2443.7
/srv/shared_leopard_toad/2025/Documents/06.10-13.10.2025/4Z/104MEDIA/DSCF0073.JPG,DSCF0073.JPG,4Z/104MEDIA,0,Other_Amphibian,0.2900,2636.3,2242.5,2790.3,2404.8
/srv/shared_leopard_toad/2025/Documents/06.10-13.10.2025/4Z/104MEDIA/DSCF0073.JPG,DSCF0073.JPG,4Z/104MEDIA,0,Other_Amphibian,0.2759,3207.1,2032.4,3320.3,2173.6
/srv/shared_leopard_toad/2025/Documents/06.10-13.10.2025/4Z/104MEDIA/DSCF0073.JPG,DSCF0073.JPG,4Z/104MEDIA,0,Other_Amphibian,0.2175,3202.3,2035.1,3310.8,2175.5
/srv/shared_leopard_toad/2025/Documents/06.10-13.10.2025/4Z/104MEDIA/DSCF0999.JPG,DSCF0999.JPG,4Z/104MEDIA,0,Other_Amphibian,0.3169,3146.5,2303.8,3269.8,2442.5
/srv/shared_leopard_toad/2025/Documents/06.10-13.10.2025/4Z/104MEDIA/DSCF0999.JPG,DSCF0999.JPG,4Z/104MEDIA,0,Other_Amphibian,0.2410,2594.9,2694.6,2744.2,2855.0
/srv/shared_leopard_toad/2025/Documents/06.10-13.10.2025/4Z/104MEDIA/DSCF0183.JPG,DSCF0183.JPG,4Z/104MEDIA,2,Western_Leopard_Toad,0.4646,3563.8,1913.9,3853.8,2188.5
/srv/shared_leopard_toad/2025/Documents/06.10-13.10.2025/4Z/104MEDIA/DSCF0687.JPG,DSCF0687.JPG,4Z/104MEDIA,0,Other_Amphibian,0.2691,3146.5,2306.0,3271.4,2442.9
/srv/shared_leopard_toad/2025/Documents/06.10-13.10.2025/4Z/104MEDIA/DSCF0894.JPG,DSCF0894.JPG,4Z/104MEDIA,0,Other_Amphibian,0.3106,3147.9,2303.0,3269.3,2442.5
/srv/shared_leopard_toad/2025/Documents/06.10-13.10.2025/4Z/104MEDIA/DSCF0894.JPG,DSCF0894.JPG,4Z/104MEDIA,0,Other_Amphibian,0.2011,2597.4,2693.9,2745.5,2854.5
/srv/shared_leopard_toad/2025/Documents/06.10-13.10.2025/4Z/104MEDIA/DSCF0370.JPG,DSCF0370.JPG,4Z/104MEDIA,0,Other_Amphibian,0.3789,3150.0,2303.5,3271.4,2439.8
/srv/shared_leopard_toad/2025/Documents/06.10-13.10.2025/4Z/104MEDIA/DSCF0370.JPG,DSCF0370.JPG,4Z/104MEDIA,0,Other_Amphibian,0.2241,3148.1,2309.8,3281.5,2443.9
/srv/shared_leopard_toad/2025/Documents/06.10-13.10.2025/4Z/104MEDIA/DSCF0289.JPG,DSCF0289.JPG,4Z/104MEDIA,0,Other_Amphibian,0.3645,3149.7,2303.1,3271.3,2440.7
/srv/shared_leopard_toad/2025/Documents/06.10-13.10.2025/4Z/104MEDIA/DSCF0289.JPG,DSCF0289.JPG,4Z/104MEDIA,0,Other_Amphibian,0.3129,3143.7,2304.2,3276.7,2439.9
/srv/shared_leopard_toad/2025/Documents/06.10-13.10.2025/4Z/104MEDIA/DSCF0718.JPG,DSCF0718.JPG,4Z/104MEDIA,0,Other_Amphibian,0.2654,3149.9,2304.3,3268.7,2442.3
/srv/shared_leopard_toad/2025/Documents/06.10-13.10.2025/4Z/104MEDIA/DSCF0718.JPG,DSCF0718.JPG,4Z/104MEDIA,0,Other_Amphibian,0.2037,2599.7,2693.7,2744.9,2854.1
/srv/shared_leopard_toad/2025/Documents/06.10-13.10.2025/4Z/104MEDIA/DSCF0017.JPG,DSCF0017.JPG,4Z/104MEDIA,0,Other_Amphibian,0.2970,3207.2,2032.0,3321.2,2174.1
/srv/shared_leopard_toad/2025/Documents/06.10-13.10.2025/4Z/104MEDIA/DSCF0017.JPG,DSCF0017.JPG,4Z/104MEDIA,0,Other_Amphibian,0.2691,3206.4,2030.7,3316.4,2172.2
/srv/shared_leopard_toad/2025/Documents/06.10-13.10.2025/4Z/104MEDIA/DSCF0017.JPG,DSCF0017.JPG,4Z/104MEDIA,0,Other_Amphibian,0.2679,2637.7,2241.7,2788.3,2404.0
/srv/shared_leopard_toad/2025/Documents/06.10-13.10.2025/4Z/104MEDIA/DSCF0783.JPG,DSCF0783.JPG,4Z/104MEDIA,0,Other_Amphibian,0.2833,2595.9,2695.3,2745.1,2854.9
/srv/shared_leopard_toad/2025/Documents/06.10-13.10.2025/4Z/104MEDIA/DSCF0783.JPG,DSCF0783.JPG,4Z/104MEDIA,0,Other_Amphibian,0.2165,3152.2,2306.6,3274.6,2445.3
/srv/shared_leopard_toad/2025/Documents/06.10-13.10.2025/4Z/104MEDIA/DSCF0783.JPG,DSCF0783.JPG,4Z/104MEDIA,0,Other_Amphibian,0.2063,2593.7,2694.7,2745.2,2854.2
/srv/shared_leopard_toad/2025/Documents/06.10-13.10.2025/4Z/104MEDIA/DSCF0440.JPG,DSCF0440.JPG,4Z/104MEDIA,0,Other_Amphibian,0.2585,3148.7,2303.3,3265.5,2441.7
/srv/shared_leopard_toad/2025/Documents/06.10-13.10.2025/4Z/104MEDIA/DSCF0440.JPG,DSCF0440.JPG,4Z/104MEDIA,0,Other_Amphibian,0.2061,3144.8,2306.5,3274.4,2442.2
/srv/shared_leopard_toad/2025/Documents/06.10-13.10.2025/4Z/104MEDIA/DSCF0857.JPG,DSCF0857.JPG,4Z/104MEDIA,0,Other_Amphibian,0.2839,2597.8,2695.2,2745.5,2854.4
/srv/shared_leopard_toad/2025/Documents/06.10-13.10.2025/4Z/104MEDIA/DSCF0857.JPG,DSCF0857.JPG,4Z/104MEDIA,0,Other_Amphibian,0.2193,2595.6,2694.4,2745.4,2853.8
/srv/shared_leopard_toad/2025/Documents/06.10-13.10.2025/4Z/104MEDIA/DSCF0703.JPG,DSCF0703.JPG,4Z/104MEDIA,0,Other_Amphibian,0.2115,3149.3,2305.3,3273.1,2444.8
/srv/shared_leopard_toad/2025/Documents/06.10-13.10.2025/4Z/104MEDIA/DSCF0779.JPG,DSCF0779.JPG,4Z/104MEDIA,0,Other_Amphibian,0.3274,3147.4,2302.8,3269.4,2440.3
/srv/shared_leopard_toad/2025/Documents/06.10-13.10.2025/4Z/104MEDIA/DSCF0881.JPG,DSCF0881.JPG,4Z/104MEDIA,0,Other_Amphibian,0.3617,2598.7,2694.6,2745.3,2853.8
/srv/shared_leopard_toad/2025/Documents/06.10-13.10.2025/4Z/104MEDIA/DSCF0881.JPG,DSCF0881.JPG,4Z/104MEDIA,0,Other_Amphibian,0.3266,3147.1,2303.2,3271.9,2441.7
/srv/shared_leopard_toad/2025/Documents/06.10-13.10.2025/4Z/104MEDIA/DSCF0881.JPG,DSCF0881.JPG,4Z/104MEDIA,0,Other_Amphibian,0.2715,2597.7,2694.0,2747.1,2853.0
/srv/shared_leopard_toad/2025/Documents/06.10-13.10.2025/4Z/104MEDIA/DSCF0075.JPG,DSCF0075.JPG,4Z/104MEDIA,0,Other_Amphibian,0.3250,2631.5,2240.9,2788.2,2404.4
/srv/shared_leopard_toad/2025/Documents/06.10-13.10.2025/4Z/104MEDIA/DSCF0075.JPG,DSCF0075.JPG,4Z/104MEDIA,0,Other_Amphibian,0.2070,3208.0,2034.1,3320.7,2176.6
/srv/shared_leopard_toad/2025/Documents/06.10-13.10.2025/4Z/104MEDIA/DSCF0571.JPG,DSCF0571.JPG,4Z/104MEDIA,0,Other_Amphibian,0.2435,3145.4,2302.8,3265.8,2440.3
/srv/shared_leopard_toad/2025/Documents/06.10-13.10.2025/4Z/104MEDIA/DSCF0958.JPG,DSCF0958.JPG,4Z/104MEDIA,0,Other_Amphibian,0.3453,2594.5,2696.2,2746.0,2854.8
/srv/shared_leopard_toad/2025/Documents/06.10-13.10.2025/4Z/104MEDIA/DSCF0958.JPG,DSCF0958.JPG,4Z/104MEDIA,0,Other_Amphibian,0.2821,2597.0,2696.0,2751.6,2854.3
/srv/shared_leopard_toad/2025/Documents/06.10-13.10.2025/4Z/104MEDIA/DSCF0375.JPG,DSCF0375.JPG,4Z/104MEDIA,0,Other_Amphibian,0.4194,3151.1,2301.1,3273.2,2439.5
/srv/shared_leopard_toad/2025/Documents/06.10-13.10.2025/4Z/104MEDIA/DSCF0375.JPG,DSCF0375.JPG,4Z/104MEDIA,0,Other_Amphibian,0.3382,3141.9,2304.0,3275.7,2440.4
/srv/shared_leopard_toad/2025/Documents/06.10-13.10.2025/4Z/104MEDIA/DSCF0929.JPG,DSCF0929.JPG,4Z/104MEDIA,0,Other_Amphibian,0.2870,3148.5,2302.9,3269.8,2442.4
/srv/shared_leopard_toad/2025/Documents/06.10-13.10.2025/4Z/104MEDIA/DSCF0929.JPG,DSCF0929.JPG,4Z/104MEDIA,0,Other_Amphibian,0.2366,2604.9,2695.7,2746.4,2853.1
/srv/shared_leopard_toad/2025/Documents/06.10-13.10.2025/4Z/104MEDIA/DSCF0337.JPG,DSCF0337.JPG,4Z/104MEDIA,0,Other_Amphibian,0.3231,3151.8,2303.2,3272.1,2440.6
/srv/shared_leopard_toad/2025/Documents/06.10-13.10.2025/4Z/104MEDIA/DSCF0337.JPG,DSCF0337.JPG,4Z/104MEDIA,0,Other_Amphibian,0.2101,3148.6,2307.7,3279.7,2443.1
/srv/shared_leopard_toad/2025/Documents/06.10-13.10.2025/4Z/104MEDIA/DSCF0639.JPG,DSCF0639.JPG,4Z/104MEDIA,0,Other_Amphibian,0.2920,3150.9,2304.1,3271.2,2440.6
/srv/shared_leopard_toad/2025/Documents/06.10-13.10.2025/4Z/104MEDIA/DSCF0104.JPG,DSCF0104.JPG,4Z/104MEDIA,0,Other_Amphibian,0.2014,2636.1,2240.7,2787.3,2406.0
/srv/shared_leopard_toad/2025/Documents/06.10-13.10.2025/4Z/104MEDIA/DSCF0972.JPG,DSCF0972.JPG,4Z/104MEDIA,0,Other_Amphibian,0.2653,2598.0,2695.1,2743.6,2854.4
/srv/shared_leopard_toad/2025/Documents/06.10-13.10.2025/4Z/104MEDIA/DSCF0972.JPG,DSCF0972.JPG,4Z/104MEDIA,0,Other_Amphibian,0.2397,3148.6,2303.9,3272.0,2446.7
/srv/shared_leopard_toad/2025/Documents/06.10-13.10.2025/4Z/104MEDIA/DSCF0316.JPG,DSCF0316.JPG,4Z/104MEDIA,0,Other_Amphibian,0.3668,3149.5,2299.6,3271.1,2440.1
/srv/shared_leopard_toad/2025/Documents/06.10-13.10.2025/4Z/104MEDIA/DSCF0316.JPG,DSCF0316.JPG,4Z/104MEDIA,0,Other_Amphibian,0.2825,3144.7,2302.5,3277.5,2439.7
/srv/shared_leopard_toad/2025/Documents/06.10-13.10.2025/4Z/104MEDIA/DSCF0043.JPG,DSCF0043.JPG,4Z/104MEDIA,0,Other_Amphibian,0.2572,3208.2,2035.1,3322.0,2176.0
/srv/shared_leopard_toad/2025/Documents/06.10-13.10.2025/4Z/104MEDIA/DSCF0043.JPG,DSCF0043.JPG,4Z/104MEDIA,0,Other_Amphibian,0.2078,2640.5,2243.3,2791.0,2407.2
/srv/shared_leopard_toad/2025/Documents/06.10-13.10.2025/4Z/104MEDIA/DSCF0275.JPG,DSCF0275.JPG,4Z/104MEDIA,0,Other_Amphibian,0.3852,3150.6,2302.3,3275.8,2442.6
/srv/shared_leopard_toad/2025/Documents/06.10-13.10.2025/4Z/104MEDIA/DSCF0275.JPG,DSCF0275.JPG,4Z/104MEDIA,0,Other_Amphibian,0.3633,3141.3,2303.0,3276.0,2440.7
/srv/shared_leopard_toad/2025/Documents/06.10-13.10.2025/4Z/104MEDIA/DSCF0245.JPG,DSCF0245.JPG,4Z/104MEDIA,0,Other_Amphibian,0.2958,3150.4,2304.1,3270.6,2442.1
/srv/shared_leopard_toad/2025/Documents/06.10-13.10.2025/4Z/104MEDIA/DSCF0245.JPG,DSCF0245.JPG,4Z/104MEDIA,0,Other_Amphibian,0.2207,3147.8,2305.8,3279.7,2441.2
/srv/shared_leopard_toad/2025/Documents/06.10-13.10.2025/4Z/104MEDIA/DSCF0603.JPG,DSCF0603.JPG,4Z/104MEDIA,0,Other_Amphibian,0.4022,3148.8,2301.7,3268.8,2438.4
/srv/shared_leopard_toad/2025/Documents/06.10-13.10.2025/4Z/104MEDIA/DSCF0603.JPG,DSCF0603.JPG,4Z/104MEDIA,0,Other_Amphibian,0.3206,3143.5,2303.7,3275.5,2438.8
/srv/shared_leopard_toad/2025/Documents/06.10-13.10.2025/4Z/104MEDIA/DSCF0603.JPG,DSCF0603.JPG,4Z/104MEDIA,0,Other_Amphibian,0.2212,3145.0,2307.7,3258.8,2445.7
/srv/shared_leopard_toad/2025/Documents/06.10-13.10.2025/4Z/104MEDIA/DSCF0492.JPG,DSCF0492.JPG,4Z/104MEDIA,0,Other_Amphibian,0.4121,3147.0,2301.3,3272.5,2439.6
/srv/shared_leopard_toad/2025/Documents/06.10-13.10.2025/4Z/104MEDIA/DSCF0492.JPG,DSCF0492.JPG,4Z/104MEDIA,0,Other_Amphibian,0.2937,3145.4,2305.3,3278.7,2441.3
/srv/shared_leopard_toad/2025/Documents/06.10-13.10.2025/4Z/104MEDIA/DSCF0530.JPG,DSCF0530.JPG,4Z/104MEDIA,0,Other_Amphibian,0.3812,3149.2,2299.9,3272.9,2438.2
/srv/shared_leopard_toad/2025/Documents/06.10-13.10.2025/4Z/104MEDIA/DSCF0530.JPG,DSCF0530.JPG,4Z/104MEDIA,0,Other_Amphibian,0.3099,3143.7,2302.4,3277.6,2438.7
/srv/shared_leopard_toad/2025/Documents/06.10-13.10.2025/4Z/104MEDIA/DSCF0887.JPG,DSCF0887.JPG,4Z/104MEDIA,0,Other_Amphibian,0.3144,2599.3,2696.6,2745.6,2854.4
/srv/shared_leopard_toad/2025/Documents/06.10-13.10.2025/4Z/104MEDIA/DSCF0887.JPG,DSCF0887.JPG,4Z/104MEDIA,0,Other_Amphibian,0.2243,3152.2,2307.1,3271.5,2446.0
/srv/shared_leopard_toad/2025/Documents/06.10-13.10.2025/4Z/104MEDIA/DSCF0887.JPG,DSCF0887.JPG,4Z/104MEDIA,0,Other_Amphibian,0.2021,2601.6,2696.4,2748.6,2854.3
/srv/shared_leopard_toad/2025/Documents/06.10-13.10.2025/4Z/104MEDIA/DSCF0521.JPG,DSCF0521.JPG,4Z/104MEDIA,0,Other_Amphibian,0.2885,3150.0,2303.6,3272.0,2440.1
/srv/shared_leopard_toad/2025/Documents/06.10-13.10.2025/4Z/104MEDIA/DSCF0132.JPG,DSCF0132.JPG,4Z/104MEDIA,0,Other_Amphibian,0.3514,3634.2,1664.7,3922.2,1945.6
/srv/shared_leopard_toad/2025/Documents/06.10-13.10.2025/4Z/104MEDIA/DSCF0457.JPG,DSCF0457.JPG,4Z/104MEDIA,0,Other_Amphibian,0.3122,3149.1,2302.6,3272.8,2441.7
/srv/shared_leopard_toad/2025/Documents/06.10-13.10.2025/4Z/104MEDIA/DSCF0971.JPG,DSCF0971.JPG,4Z/104MEDIA,0,Other_Amphibian,0.3134,3146.5,2301.3,3269.6,2442.4
/srv/shared_leopard_toad/2025/Documents/06.10-13.10.2025/4Z/104MEDIA/DSCF0456.JPG,DSCF0456.JPG,4Z/104MEDIA,0,Other_Amphibian,0.3527,3148.1,2303.8,3268.8,2439.8
/srv/shared_leopard_toad/2025/Documents/06.10-13.10.2025/4Z/104MEDIA/DSCF0456.JPG,DSCF0456.JPG,4Z/104MEDIA,0,Other_Amphibian,0.2142,3149.4,2309.4,3281.0,2443.6
/srv/shared_leopard_toad/2025/Documents/06.10-13.10.2025/4Z/104MEDIA/DSCF0954.JPG,DSCF0954.JPG,4Z/104MEDIA,0,Other_Amphibian,0.2744,3146.4,2304.7,3273.5,2443.7
/srv/shared_leopard_toad/2025/Documents/06.10-13.10.2025/4Z/104MEDIA/DSCF0799.JPG,DSCF0799.JPG,4Z/104MEDIA,0,Other_Amphibian,0.3821,2597.9,2694.4,2744.4,2854.3
/srv/shared_leopard_toad/2025/Documents/06.10-13.10.2025/4Z/104MEDIA/DSCF0799.JPG,DSCF0799.JPG,4Z/104MEDIA,0,Other_Amphibian,0.2736,2599.3,2693.6,2745.6,2853.8
/srv/shared_leopard_toad/2025/Documents/06.10-13.10.2025/4Z/104MEDIA/DSCF0249.JPG,DSCF0249.JPG,4Z/104MEDIA,0,Other_Amphibian,0.3883,3149.4,2302.6,3274.6,2441.6
/srv/shared_leopard_toad/2025/Documents/06.10-13.10.2025/4Z/104MEDIA/DSCF0249.JPG,DSCF0249.JPG,4Z/104MEDIA,0,Other_Amphibian,0.3536,3143.9,2302.9,3279.8,2439.4
/srv/shared_leopard_toad/2025/Documents/06.10-13.10.2025/4Z/104MEDIA/DSCF0093.JPG,DSCF0093.JPG,4Z/104MEDIA,0,Other_Amphibian,0.3837,2635.4,2241.2,2790.8,2403.7
/srv/shared_leopard_toad/2025/Documents/06.10-13.10.2025/4Z/104MEDIA/DSCF0355.JPG,DSCF0355.JPG,4Z/104MEDIA,0,Other_Amphibian,0.4457,3149.9,2301.2,3271.7,2439.8
/srv/shared_leopard_toad/2025/Documents/06.10-13.10.2025/4Z/104MEDIA/DSCF0355.JPG,DSCF0355.JPG,4Z/104MEDIA,0,Other_Amphibian,0.3701,3140.3,2303.9,3274.0,2440.3
/srv/shared_leopard_toad/2025/Documents/06.10-13.10.2025/4Z/104MEDIA/DSCF0355.JPG,DSCF0355.JPG,4Z/104MEDIA,0,Other_Amphibian,0.2278,3147.6,2308.6,3262.4,2448.6
/srv/shared_leopard_toad/2025/Documents/06.10-13.10.2025/4Z/104MEDIA/DSCF0083.JPG,DSCF0083.JPG,4Z/104MEDIA,0,Other_Amphibian,0.3664,2632.4,2243.0,2788.5,2405.0
/srv/shared_leopard_toad/2025/Documents/06.10-13.10.2025/4Z/104MEDIA/DSCF0682.JPG,DSCF0682.JPG,4Z/104MEDIA,0,Other_Amphibian,0.2743,3148.2,2303.8,3273.1,2441.4
/srv/shared_leopard_toad/2025/Documents/06.10-13.10.2025/4Z/104MEDIA/DSCF0682.JPG,DSCF0682.JPG,4Z/104MEDIA,0,Other_Amphibian,0.2120,2599.1,2692.1,2746.0,2853.8
/srv/shared_leopard_toad/2025/Documents/06.10-13.10.2025/4Z/104MEDIA/DSCF0535.JPG,DSCF0535.JPG,4Z/104MEDIA,0,Other_Amphibian,0.3007,3146.1,2302.1,3263.4,2440.6
/srv/shared_leopard_toad/2025/Documents/06.10-13.10.2025/4Z/104MEDIA/DSCF0285.JPG,DSCF0285.JPG,4Z/104MEDIA,0,Other_Amphibian,0.4463,3151.1,2299.4,3274.6,2439.7
/srv/shared_leopard_toad/2025/Documents/06.10-13.10.2025/4Z/104MEDIA/DSCF0285.JPG,DSCF0285.JPG,4Z/104MEDIA,0,Other_Amphibian,0.3449,3141.5,2302.5,3277.8,2439.2
/srv/shared_leopard_toad/2025/Documents/06.10-13.10.2025/4Z/104MEDIA/DSCF0285.JPG,DSCF0285.JPG,4Z/104MEDIA,0,Other_Amphibian,0.2126,3589.8,1906.8,3846.3,2181.2
/srv/shared_leopard_toad/2025/Documents/06.10-13.10.2025/4Z/104MEDIA/DSCF0787.JPG,DSCF0787.JPG,4Z/104MEDIA,0,Other_Amphibian,0.3133,3148.3,2303.4,3272.3,2440.8
/srv/shared_leopard_toad/2025/Documents/06.10-13.10.2025/4Z/104MEDIA/DSCF0756.JPG,DSCF0756.JPG,4Z/104MEDIA,0,Other_Amphibian,0.4003,2600.0,2694.6,2744.9,2853.7
/srv/shared_leopard_toad/2025/Documents/06.10-13.10.2025/4Z/104MEDIA/DSCF0756.JPG,DSCF0756.JPG,4Z/104MEDIA,0,Other_Amphibian,0.2870,2602.6,2693.6,2752.4,2853.0
/srv/shared_leopard_toad/2025/Documents/06.10-13.10.2025/4Z/104MEDIA/DSCF0756.JPG,DSCF0756.JPG,4Z/104MEDIA,0,Other_Amphibian,0.2170,3149.0,2306.8,3270.1,2444.4
/srv/shared_leopard_toad/2025/Documents/06.10-13.10.2025/4Z/104MEDIA/DSCF0199.JPG,DSCF0199.JPG,4Z/104MEDIA,2,Western_Leopard_Toad,0.5086,3563.0,1913.4,3854.8,2192.3
/srv/shared_leopard_toad/2025/Documents/06.10-13.10.2025/4Z/104MEDIA/DSCF0517.JPG,DSCF0517.JPG,4Z/104MEDIA,0,Other_Amphibian,0.4413,3146.2,2300.4,3275.0,2440.3
/srv/shared_leopard_toad/2025/Documents/06.10-13.10.2025/4Z/104MEDIA/DSCF0517.JPG,DSCF0517.JPG,4Z/104MEDIA,0,Other_Amphibian,0.2397,3146.4,2306.7,3281.9,2443.8
/srv/shared_leopard_toad/2025/Documents/06.10-13.10.2025/4Z/104MEDIA/DSCF0517.JPG,DSCF0517.JPG,4Z/104MEDIA,0,Other_Amphibian,0.2355,3148.6,2307.7,3269.7,2448.1
/srv/shared_leopard_toad/2025/Documents/06.10-13.10.2025/4Z/104MEDIA/DSCF0281.JPG,DSCF0281.JPG,4Z/104MEDIA,0,Other_Amphibian,0.3445,3147.7,2302.0,3272.2,2441.2
/srv/shared_leopard_toad/2025/Documents/06.10-13.10.2025/4Z/104MEDIA/DSCF0281.JPG,DSCF0281.JPG,4Z/104MEDIA,0,Other_Amphibian,0.2857,3144.2,2304.0,3279.7,2440.4
/srv/shared_leopard_toad/2025/Documents/06.10-13.10.2025/4Z/104MEDIA/DSCF0614.JPG,DSCF0614.JPG,4Z/104MEDIA,0,Other_Amphibian,0.2730,3151.1,2301.6,3273.7,2440.9
/srv/shared_leopard_toad/2025/Documents/06.10-13.10.2025/4Z/104MEDIA/DSCF0674.JPG,DSCF0674.JPG,4Z/104MEDIA,0,Other_Amphibian,0.4117,3145.8,2302.8,3272.7,2439.2
/srv/shared_leopard_toad/2025/Documents/06.10-13.10.2025/4Z/104MEDIA/DSCF0674.JPG,DSCF0674.JPG,4Z/104MEDIA,0,Other_Amphibian,0.2738,3147.4,2307.3,3280.2,2442.1
/srv/shared_leopard_toad/2025/Documents/06.10-13.10.2025/4Z/104MEDIA/DSCF0597.JPG,DSCF0597.JPG,4Z/104MEDIA,0,Other_Amphibian,0.2607,3143.7,2302.3,3261.2,2439.9
/srv/shared_leopard_toad/2025/Documents/06.10-13.10.2025/4Z/104MEDIA/DSCF0715.JPG,DSCF0715.JPG,4Z/104MEDIA,0,Other_Amphibian,0.2925,2599.8,2693.3,2746.9,2854.0
/srv/shared_leopard_toad/2025/Documents/06.10-13.10.2025/4Z/104MEDIA/DSCF0715.JPG,DSCF0715.JPG,4Z/104MEDIA,0,Other_Amphibian,0.2649,3148.7,2305.3,3276.6,2443.5
/srv/shared_leopard_toad/2025/Documents/06.10-13.10.2025/4Z/104MEDIA/DSCF0364.JPG,DSCF0364.JPG,4Z/104MEDIA,0,Other_Amphibian,0.3419,3152.1,2302.7,3273.5,2441.1
/srv/shared_leopard_toad/2025/Documents/06.10-13.10.2025/4Z/104MEDIA/DSCF0364.JPG,DSCF0364.JPG,4Z/104MEDIA,0,Other_Amphibian,0.2859,3144.8,2304.6,3276.4,2441.1
/srv/shared_leopard_toad/2025/Documents/06.10-13.10.2025/4Z/104MEDIA/DSCF0673.JPG,DSCF0673.JPG,4Z/104MEDIA,0,Other_Amphibian,0.3249,3147.3,2301.8,3271.0,2439.6
/srv/shared_leopard_toad/2025/Documents/06.10-13.10.2025/4Z/104MEDIA/DSCF0673.JPG,DSCF0673.JPG,4Z/104MEDIA,0,Other_Amphibian,0.2224,2597.9,2691.5,2745.6,2853.5
/srv/shared_leopard_toad/2025/Documents/06.10-13.10.2025/4Z/104MEDIA/DSCF0255.JPG,DSCF0255.JPG,4Z/104MEDIA,0,Other_Amphibian,0.3069,3150.6,2302.3,3275.6,2443.0
/srv/shared_leopard_toad/2025/Documents/06.10-13.10.2025/4Z/104MEDIA/DSCF0477.JPG,DSCF0477.JPG,4Z/104MEDIA,0,Other_Amphibian,0.3009,3152.9,2302.3,3269.8,2440.0
/srv/shared_leopard_toad/2025/Documents/06.10-13.10.2025/4Z/104MEDIA/DSCF0166.JPG,DSCF0166.JPG,4Z/104MEDIA,2,Western_Leopard_Toad,0.4025,3560.5,1912.8,3858.6,2194.9
/srv/shared_leopard_toad/2025/Documents/06.10-13.10.2025/4Z/104MEDIA/DSCF0441.JPG,DSCF0441.JPG,4Z/104MEDIA,0,Other_Amphibian,0.4015,3148.3,2301.2,3271.1,2439.0
/srv/shared_leopard_toad/2025/Documents/06.10-13.10.2025/4Z/104MEDIA/DSCF0441.JPG,DSCF0441.JPG,4Z/104MEDIA,0,Other_Amphibian,0.2603,3147.2,2305.8,3280.9,2441.0
/srv/shared_leopard_toad/2025/Documents/06.10-13.10.2025/4Z/104MEDIA/DSCF0441.JPG,DSCF0441.JPG,4Z/104MEDIA,0,Other_Amphibian,0.2032,3147.3,2308.1,3263.8,2446.4
/srv/shared_leopard_toad/2025/Documents/06.10-13.10.2025/4Z/104MEDIA/DSCF0810.JPG,DSCF0810.JPG,4Z/104MEDIA,0,Other_Amphibian,0.3752,3146.1,2301.6,3270.3,2441.5
/srv/shared_leopard_toad/2025/Documents/06.10-13.10.2025/4Z/104MEDIA/DSCF0810.JPG,DSCF0810.JPG,4Z/104MEDIA,0,Other_Amphibian,0.3544,3138.5,2302.8,3272.8,2440.7
/srv/shared_leopard_toad/2025/Documents/06.10-13.10.2025/4Z/104MEDIA/DSCF0976.JPG,DSCF0976.JPG,4Z/104MEDIA,0,Other_Amphibian,0.2796,3146.6,2305.7,3271.7,2444.1
/srv/shared_leopard_toad/2025/Documents/06.10-13.10.2025/4Z/104MEDIA/DSCF0976.JPG,DSCF0976.JPG,4Z/104MEDIA,0,Other_Amphibian,0.2293,2597.6,2695.9,2745.3,2854.6
/srv/shared_leopard_toad/2025/Documents/06.10-13.10.2025/4Z/104MEDIA/DSCF0814.JPG,DSCF0814.JPG,4Z/104MEDIA,0,Other_Amphibian,0.3029,2604.7,2694.0,2748.2,2853.8
/srv/shared_leopard_toad/2025/Documents/06.10-13.10.2025/4Z/104MEDIA/DSCF0814.JPG,DSCF0814.JPG,4Z/104MEDIA,0,Other_Amphibian,0.2391,3150.6,2309.0,3272.3,2446.1
/srv/shared_leopard_toad/2025/Documents/06.10-13.10.2025/4Z/104MEDIA/DSCF0814.JPG,DSCF0814.JPG,4Z/104MEDIA,0,Other_Amphibian,0.2264,2604.7,2694.2,2753.5,2853.6
/srv/shared_leopard_toad/2025/Documents/06.10-13.10.2025/4Z/104MEDIA/DSCF0698.JPG,DSCF0698.JPG,4Z/104MEDIA,0,Other_Amphibian,0.2645,3152.7,2307.1,3276.5,2443.0
/srv/shared_leopard_toad/2025/Documents/06.10-13.10.2025/4Z/104MEDIA/DSCF0698.JPG,DSCF0698.JPG,4Z/104MEDIA,0,Other_Amphibian,0.2015,2604.2,2692.9,2745.6,2853.3
/srv/shared_leopard_toad/2025/Documents/06.10-13.10.2025/4Z/104MEDIA/DSCF0475.JPG,DSCF0475.JPG,4Z/104MEDIA,0,Other_Amphibian,0.3775,3150.1,2300.5,3270.9,2440.1
/srv/shared_leopard_toad/2025/Documents/06.10-13.10.2025/4Z/104MEDIA/DSCF0475.JPG,DSCF0475.JPG,4Z/104MEDIA,0,Other_Amphibian,0.2214,3148.5,2307.2,3280.4,2444.4
/srv/shared_leopard_toad/2025/Documents/06.10-13.10.2025/4Z/104MEDIA/DSCF0219.JPG,DSCF0219.JPG,4Z/104MEDIA,2,Western_Leopard_Toad,0.6978,4617.3,1761.3,5370.1,2865.0
/srv/shared_leopard_toad/2025/Documents/06.10-13.10.2025/4Z/104MEDIA/DSCF0480.JPG,DSCF0480.JPG,4Z/104MEDIA,0,Other_Amphibian,0.3431,3149.7,2302.1,3270.8,2440.6
/srv/shared_leopard_toad/2025/Documents/06.10-13.10.2025/4Z/104MEDIA/DSCF0737.JPG,DSCF0737.JPG,4Z/104MEDIA,0,Other_Amphibian,0.2497,2599.2,2693.0,2745.1,2854.2
/srv/shared_leopard_toad/2025/Documents/06.10-13.10.2025/4Z/104MEDIA/DSCF0330.JPG,DSCF0330.JPG,4Z/104MEDIA,0,Other_Amphibian,0.3831,3147.1,2301.0,3273.9,2441.2
/srv/shared_leopard_toad/2025/Documents/06.10-13.10.2025/4Z/104MEDIA/DSCF0330.JPG,DSCF0330.JPG,4Z/104MEDIA,0,Other_Amphibian,0.2717,3144.1,2304.8,3278.6,2442.2
/srv/shared_leopard_toad/2025/Documents/06.10-13.10.2025/4Z/104MEDIA/DSCF0428.JPG,DSCF0428.JPG,4Z/104MEDIA,0,Other_Amphibian,0.3603,3147.0,2303.7,3272.0,2441.3
/srv/shared_leopard_toad/2025/Documents/06.10-13.10.2025/4Z/104MEDIA/DSCF0749.JPG,DSCF0749.JPG,4Z/104MEDIA,0,Other_Amphibian,0.3403,2600.1,2694.9,2743.5,2853.3
/srv/shared_leopard_toad/2025/Documents/06.10-13.10.2025/4Z/104MEDIA/DSCF0749.JPG,DSCF0749.JPG,4Z/104MEDIA,0,Other_Amphibian,0.2572,3149.2,2305.5,3274.6,2443.1
/srv/shared_leopard_toad/2025/Documents/06.10-13.10.2025/4Z/104MEDIA/DSCF0684.JPG,DSCF0684.JPG,4Z/104MEDIA,0,Other_Amphibian,0.3405,3148.5,2301.3,3271.6,2440.1
/srv/shared_leopard_toad/2025/Documents/06.10-13.10.2025/4Z/104MEDIA/DSCF0684.JPG,DSCF0684.JPG,4Z/104MEDIA,0,Other_Amphibian,0.2002,2600.9,2693.4,2748.5,2853.6
/srv/shared_leopard_toad/2025/Documents/06.10-13.10.2025/4Z/104MEDIA/DSCF0546.JPG,DSCF0546.JPG,4Z/104MEDIA,0,Other_Amphibian,0.3790,3150.1,2300.8,3269.2,2439.5
/srv/shared_leopard_toad/2025/Documents/06.10-13.10.2025/4Z/104MEDIA/DSCF0546.JPG,DSCF0546.JPG,4Z/104MEDIA,0,Other_Amphibian,0.3304,3138.9,2304.0,3273.1,2441.2
/srv/shared_leopard_toad/2025/Documents/06.10-13.10.2025/4Z/104MEDIA/DSCF0546.JPG,DSCF0546.JPG,4Z/104MEDIA,0,Other_Amphibian,0.2147,3144.1,2307.8,3260.3,2446.2
/srv/shared_leopard_toad/2025/Documents/06.10-13.10.2025/4Z/104MEDIA/DSCF0177.JPG,DSCF0177.JPG,4Z/104MEDIA,2,Western_Leopard_Toad,0.6410,3568.7,1912.5,3863.0,2189.3
/srv/shared_leopard_toad/2025/Documents/06.10-13.10.2025/4Z/104MEDIA/DSCF0296.JPG,DSCF0296.JPG,4Z/104MEDIA,0,Other_Amphibian,0.3890,3148.5,2302.1,3274.8,2442.6
/srv/shared_leopard_toad/2025/Documents/06.10-13.10.2025/4Z/104MEDIA/DSCF0296.JPG,DSCF0296.JPG,4Z/104MEDIA,0,Other_Amphibian,0.2812,3143.8,2305.0,3279.3,2442.2
/srv/shared_leopard_toad/2025/Documents/06.10-13.10.2025/4Z/104MEDIA/DSCF0427.JPG,DSCF0427.JPG,4Z/104MEDIA,0,Other_Amphibian,0.3520,3152.3,2301.5,3269.6,2441.1
/srv/shared_leopard_toad/2025/Documents/06.10-13.10.2025/4Z/104MEDIA/DSCF0427.JPG,DSCF0427.JPG,4Z/104MEDIA,0,Other_Amphibian,0.2585,3147.2,2304.9,3279.2,2441.7
/srv/shared_leopard_toad/2025/Documents/06.10-13.10.2025/4Z/104MEDIA/DSCF0743.JPG,DSCF0743.JPG,4Z/104MEDIA,0,Other_Amphibian,0.2811,2602.9,2694.1,2743.6,2852.9
/srv/shared_leopard_toad/2025/Documents/06.10-13.10.2025/4Z/104MEDIA/DSCF0743.JPG,DSCF0743.JPG,4Z/104MEDIA,0,Other_Amphibian,0.2165,3153.8,2307.7,3272.2,2444.4
/srv/shared_leopard_toad/2025/Documents/06.10-13.10.2025/4Z/104MEDIA/DSCF0046.JPG,DSCF0046.JPG,4Z/104MEDIA,0,Other_Amphibian,0.2056,2634.8,2242.4,2785.5,2402.7
/srv/shared_leopard_toad/2025/Documents/06.10-13.10.2025/4Z/104MEDIA/DSCF0046.JPG,DSCF0046.JPG,4Z/104MEDIA,0,Other_Amphibian,0.2047,3207.8,2037.3,3323.9,2177.8
/srv/shared_leopard_toad/2025/Documents/06.10-13.10.2025/4Z/104MEDIA/DSCF0071.JPG,DSCF0071.JPG,4Z/104MEDIA,0,Other_Amphibian,0.4316,2630.4,2240.5,2790.3,2405.0
/srv/shared_leopard_toad/2025/Documents/06.10-13.10.2025/4Z/104MEDIA/DSCF0028.JPG,DSCF0028.JPG,4Z/104MEDIA,0,Other_Amphibian,0.2921,2631.9,2242.5,2790.8,2406.2
/srv/shared_leopard_toad/2025/Documents/06.10-13.10.2025/4Z/104MEDIA/DSCF0028.JPG,DSCF0028.JPG,4Z/104MEDIA,0,Other_Amphibian,0.2827,3208.0,2034.9,3320.8,2175.4
/srv/shared_leopard_toad/2025/Documents/06.10-13.10.2025/4Z/104MEDIA/DSCF0028.JPG,DSCF0028.JPG,4Z/104MEDIA,0,Other_Amphibian,0.2237,3203.6,2036.5,3313.0,2176.5
/srv/shared_leopard_toad/2025/Documents/06.10-13.10.2025/4Z/104MEDIA/DSCF0437.JPG,DSCF0437.JPG,4Z/104MEDIA,0,Other_Amphibian,0.3640,3148.5,2301.9,3269.0,2440.4
/srv/shared_leopard_toad/2025/Documents/06.10-13.10.2025/4Z/104MEDIA/DSCF0080.JPG,DSCF0080.JPG,4Z/104MEDIA,0,Other_Amphibian,0.3057,2634.7,2241.7,2789.7,2406.7
/srv/shared_leopard_toad/2025/Documents/06.10-13.10.2025/4Z/104MEDIA/DSCF0080.JPG,DSCF0080.JPG,4Z/104MEDIA,0,Other_Amphibian,0.2216,3201.9,2033.6,3311.8,2172.9
/srv/shared_leopard_toad/2025/Documents/06.10-13.10.2025/4Z/104MEDIA/DSCF0080.JPG,DSCF0080.JPG,4Z/104MEDIA,0,Other_Amphibian,0.2120,3207.4,2037.1,3321.2,2176.4
/srv/shared_leopard_toad/2025/Documents/06.10-13.10.2025/4Z/104MEDIA/DSCF0694.JPG,DSCF0694.JPG,4Z/104MEDIA,0,Other_Amphibian,0.3443,3146.4,2302.1,3270.9,2441.5
/srv/shared_leopard_toad/2025/Documents/06.10-13.10.2025/4Z/104MEDIA/DSCF0969.JPG,DSCF0969.JPG,4Z/104MEDIA,0,Other_Amphibian,0.2934,3147.2,2303.4,3269.9,2443.0
/srv/shared_leopard_toad/2025/Documents/06.10-13.10.2025/4Z/104MEDIA/DSCF0032.JPG,DSCF0032.JPG,4Z/104MEDIA,0,Other_Amphibian,0.3404,2636.6,2241.2,2790.8,2405.0
/srv/shared_leopard_toad/2025/Documents/06.10-13.10.2025/4Z/104MEDIA/DSCF0598.JPG,DSCF0598.JPG,4Z/104MEDIA,0,Other_Amphibian,0.3302,3144.1,2303.4,3265.9,2440.1
/srv/shared_leopard_toad/2025/Documents/06.10-13.10.2025/4Z/104MEDIA/DSCF0598.JPG,DSCF0598.JPG,4Z/104MEDIA,0,Other_Amphibian,0.2522,3143.5,2304.8,3275.7,2440.6
/srv/shared_leopard_toad/2025/Documents/06.10-13.10.2025/4Z/104MEDIA/DSCF0905.JPG,DSCF0905.JPG,4Z/104MEDIA,0,Other_Amphibian,0.2157,2602.1,2695.5,2744.6,2853.7
/srv/shared_leopard_toad/2025/Documents/06.10-13.10.2025/4Z/104MEDIA/DSCF0306.JPG,DSCF0306.JPG,4Z/104MEDIA,0,Other_Amphibian,0.3720,3148.9,2301.4,3274.1,2443.5
/srv/shared_leopard_toad/2025/Documents/06.10-13.10.2025/4Z/104MEDIA/DSCF0306.JPG,DSCF0306.JPG,4Z/104MEDIA,0,Other_Amphibian,0.2248,3147.5,2306.8,3281.2,2446.4
/srv/shared_leopard_toad/2025/Documents/06.10-13.10.2025/4Z/104MEDIA/DSCF0131.JPG,DSCF0131.JPG,4Z/104MEDIA,0,Other_Amphibian,0.3549,3642.6,1665.3,3922.2,1944.7
/srv/shared_leopard_toad/2025/Documents/06.10-13.10.2025/4Z/104MEDIA/DSCF0473.JPG,DSCF0473.JPG,4Z/104MEDIA,0,Other_Amphibian,0.4591,3149.0,2301.4,3273.1,2440.4
/srv/shared_leopard_toad/2025/Documents/06.10-13.10.2025/4Z/104MEDIA/DSCF0473.JPG,DSCF0473.JPG,4Z/104MEDIA,0,Other_Amphibian,0.3894,3142.9,2302.8,3277.7,2439.7
/srv/shared_leopard_toad/2025/Documents/06.10-13.10.2025/4Z/104MEDIA/DSCF0176.JPG,DSCF0176.JPG,4Z/104MEDIA,2,Western_Leopard_Toad,0.6744,3570.7,1913.8,3863.8,2187.5
/srv/shared_leopard_toad/2025/Documents/06.10-13.10.2025/4Z/104MEDIA/DSCF0932.JPG,DSCF0932.JPG,4Z/104MEDIA,0,Other_Amphibian,0.4158,2597.7,2694.7,2744.4,2854.6
/srv/shared_leopard_toad/2025/Documents/06.10-13.10.2025/4Z/104MEDIA/DSCF0932.JPG,DSCF0932.JPG,4Z/104MEDIA,0,Other_Amphibian,0.3114,2599.8,2694.0,2745.2,2854.2
/srv/shared_leopard_toad/2025/Documents/06.10-13.10.2025/4Z/104MEDIA/DSCF0498.JPG,DSCF0498.JPG,4Z/104MEDIA,0,Other_Amphibian,0.3873,3150.2,2302.6,3271.1,2439.3
/srv/shared_leopard_toad/2025/Documents/06.10-13.10.2025/4Z/104MEDIA/DSCF0212.JPG,DSCF0212.JPG,4Z/104MEDIA,2,Western_Leopard_Toad,0.3512,4612.7,1795.7,5365.9,2860.0
/srv/shared_leopard_toad/2025/Documents/06.10-13.10.2025/4Z/104MEDIA/DSCF0212.JPG,DSCF0212.JPG,4Z/104MEDIA,2,Western_Leopard_Toad,0.2851,3563.4,1914.6,3857.7,2194.7
/srv/shared_leopard_toad/2025/Documents/06.10-13.10.2025/4Z/104MEDIA/DSCF0928.JPG,DSCF0928.JPG,4Z/104MEDIA,0,Other_Amphibian,0.2767,3148.7,2304.8,3273.3,2443.5
/srv/shared_leopard_toad/2025/Documents/06.10-13.10.2025/4Z/104MEDIA/DSCF0960.JPG,DSCF0960.JPG,4Z/104MEDIA,0,Other_Amphibian,0.3029,3146.3,2302.6,3270.3,2442.6
/srv/shared_leopard_toad/2025/Documents/06.10-13.10.2025/4Z/104MEDIA/DSCF0960.JPG,DSCF0960.JPG,4Z/104MEDIA,0,Other_Amphibian,0.2260,2599.3,2695.4,2743.3,2853.8
/srv/shared_leopard_toad/2025/Documents/06.10-13.10.2025/4Z/104MEDIA/DSCF0960.JPG,DSCF0960.JPG,4Z/104MEDIA,0,Other_Amphibian,0.2076,3146.3,2306.0,3278.1,2444.6
/srv/shared_leopard_toad/2025/Documents/06.10-13.10.2025/4Z/104MEDIA/DSCF0102.JPG,DSCF0102.JPG,4Z/104MEDIA,0,Other_Amphibian,0.3105,2638.1,2239.4,2787.8,2404.2
/srv/shared_leopard_toad/2025/Documents/06.10-13.10.2025/4Z/104MEDIA/DSCF0770.JPG,DSCF0770.JPG,4Z/104MEDIA,0,Other_Amphibian,0.2839,3149.5,2304.0,3272.4,2442.6
/srv/shared_leopard_toad/2025/Documents/06.10-13.10.2025/4Z/104MEDIA/DSCF0770.JPG,DSCF0770.JPG,4Z/104MEDIA,0,Other_Amphibian,0.2223,2609.0,2693.3,2748.8,2853.0
/srv/shared_leopard_toad/2025/Documents/06.10-13.10.2025/4Z/104MEDIA/DSCF0413.JPG,DSCF0413.JPG,4Z/104MEDIA,0,Other_Amphibian,0.4116,3150.8,2303.1,3272.4,2440.5
/srv/shared_leopard_toad/2025/Documents/06.10-13.10.2025/4Z/104MEDIA/DSCF0413.JPG,DSCF0413.JPG,4Z/104MEDIA,0,Other_Amphibian,0.2133,3150.9,2311.0,3284.6,2446.3
/srv/shared_leopard_toad/2025/Documents/06.10-13.10.2025/4Z/104MEDIA/DSCF0438.JPG,DSCF0438.JPG,4Z/104MEDIA,0,Other_Amphibian,0.4041,3148.2,2301.6,3269.1,2439.6
/srv/shared_leopard_toad/2025/Documents/06.10-13.10.2025/4Z/104MEDIA/DSCF0438.JPG,DSCF0438.JPG,4Z/104MEDIA,0,Other_Amphibian,0.2762,3145.2,2305.7,3277.8,2441.5
/srv/shared_leopard_toad/2025/Documents/06.10-13.10.2025/4Z/104MEDIA/DSCF0453.JPG,DSCF0453.JPG,4Z/104MEDIA,0,Other_Amphibian,0.3886,3150.0,2301.7,3273.4,2440.9
/srv/shared_leopard_toad/2025/Documents/06.10-13.10.2025/4Z/104MEDIA/DSCF0453.JPG,DSCF0453.JPG,4Z/104MEDIA,0,Other_Amphibian,0.2932,3146.5,2304.4,3278.5,2441.8
/srv/shared_leopard_toad/2025/Documents/06.10-13.10.2025/4Z/104MEDIA/DSCF0291.JPG,DSCF0291.JPG,4Z/104MEDIA,0,Other_Amphibian,0.2942,3152.8,2303.8,3275.2,2442.6
/srv/shared_leopard_toad/2025/Documents/06.10-13.10.2025/4Z/104MEDIA/DSCF0291.JPG,DSCF0291.JPG,4Z/104MEDIA,0,Other_Amphibian,0.2145,3145.9,2306.1,3280.5,2441.4
/srv/shared_leopard_toad/2025/Documents/06.10-13.10.2025/4Z/104MEDIA/DSCF0021.JPG,DSCF0021.JPG,4Z/104MEDIA,0,Other_Amphibian,0.2412,2631.8,2241.8,2787.4,2405.9
/srv/shared_leopard_toad/2025/Documents/06.10-13.10.2025/4Z/104MEDIA/DSCF0227.JPG,DSCF0227.JPG,4Z/104MEDIA,2,Western_Leopard_Toad,0.5673,4611.4,1685.1,5366.6,2869.3
/srv/shared_leopard_toad/2025/Documents/06.10-13.10.2025/4Z/104MEDIA/DSCF0054.JPG,DSCF0054.JPG,4Z/104MEDIA,0,Other_Amphibian,0.2856,3208.8,2034.2,3323.2,2176.2
/srv/shared_leopard_toad/2025/Documents/06.10-13.10.2025/4Z/104MEDIA/DSCF0054.JPG,DSCF0054.JPG,4Z/104MEDIA,0,Other_Amphibian,0.2533,3206.0,2032.7,3315.7,2174.2
/srv/shared_leopard_toad/2025/Documents/06.10-13.10.2025/4Z/104MEDIA/DSCF0397.JPG,DSCF0397.JPG,4Z/104MEDIA,0,Other_Amphibian,0.3749,3149.2,2301.2,3270.6,2438.4
/srv/shared_leopard_toad/2025/Documents/06.10-13.10.2025/4Z/104MEDIA/DSCF0397.JPG,DSCF0397.JPG,4Z/104MEDIA,0,Other_Amphibian,0.2027,3148.8,2307.9,3281.3,2442.9
/srv/shared_leopard_toad/2025/Documents/06.10-13.10.2025/4Z/104MEDIA/DSCF0334.JPG,DSCF0334.JPG,4Z/104MEDIA,0,Other_Amphibian,0.4135,3148.4,2301.4,3273.6,2439.9
/srv/shared_leopard_toad/2025/Documents/06.10-13.10.2025/4Z/104MEDIA/DSCF0334.JPG,DSCF0334.JPG,4Z/104MEDIA,0,Other_Amphibian,0.2795,3145.9,2305.8,3279.3,2441.8
/srv/shared_leopard_toad/2025/Documents/06.10-13.10.2025/4Z/104MEDIA/DSCF0481.JPG,DSCF0481.JPG,4Z/104MEDIA,0,Other_Amphibian,0.3985,3148.6,2302.1,3271.2,2439.5
/srv/shared_leopard_toad/2025/Documents/06.10-13.10.2025/4Z/104MEDIA/DSCF0481.JPG,DSCF0481.JPG,4Z/104MEDIA,0,Other_Amphibian,0.2270,3146.4,2308.1,3280.8,2443.4
/srv/shared_leopard_toad/2025/Documents/06.10-13.10.2025/4Z/104MEDIA/DSCF0815.JPG,DSCF0815.JPG,4Z/104MEDIA,0,Other_Amphibian,0.2168,2602.2,2695.3,2744.2,2853.7
/srv/shared_leopard_toad/2025/Documents/06.10-13.10.2025/4Z/104MEDIA/DSCF0300.JPG,DSCF0300.JPG,4Z/104MEDIA,0,Other_Amphibian,0.3344,3151.8,2303.0,3274.0,2442.9
/srv/shared_leopard_toad/2025/Documents/06.10-13.10.2025/4Z/104MEDIA/DSCF0300.JPG,DSCF0300.JPG,4Z/104MEDIA,0,Other_Amphibian,0.2317,3147.5,2306.2,3278.3,2443.0
/srv/shared_leopard_toad/2025/Documents/06.10-13.10.2025/4Z/104MEDIA/DSCF0696.JPG,DSCF0696.JPG,4Z/104MEDIA,0,Other_Amphibian,0.2320,3151.2,2308.1,3271.6,2443.5
/srv/shared_leopard_toad/2025/Documents/06.10-13.10.2025/4Z/104MEDIA/DSCF0136.JPG,DSCF0136.JPG,4Z/104MEDIA,0,Other_Amphibian,0.4047,3625.4,1664.4,3926.3,1942.8
/srv/shared_leopard_toad/2025/Documents/06.10-13.10.2025/4Z/104MEDIA/DSCF0946.JPG,DSCF0946.JPG,4Z/104MEDIA,0,Other_Amphibian,0.2872,2594.0,2695.5,2744.3,2854.7
/srv/shared_leopard_toad/2025/Documents/06.10-13.10.2025/4Z/104MEDIA/DSCF0946.JPG,DSCF0946.JPG,4Z/104MEDIA,0,Other_Amphibian,0.2347,3149.5,2306.5,3275.0,2446.7
/srv/shared_leopard_toad/2025/Documents/06.10-13.10.2025/4Z/104MEDIA/DSCF0569.JPG,DSCF0569.JPG,4Z/104MEDIA,0,Other_Amphibian,0.3310,3144.2,2302.8,3277.7,2438.7
/srv/shared_leopard_toad/2025/Documents/06.10-13.10.2025/4Z/104MEDIA/DSCF0569.JPG,DSCF0569.JPG,4Z/104MEDIA,0,Other_Amphibian,0.3170,3140.3,2303.9,3262.7,2441.0
/srv/shared_leopard_toad/2025/Documents/06.10-13.10.2025/4Z/104MEDIA/DSCF0974.JPG,DSCF0974.JPG,4Z/104MEDIA,0,Other_Amphibian,0.2772,3146.7,2306.1,3272.7,2446.0
/srv/shared_leopard_toad/2025/Documents/06.10-13.10.2025/4Z/104MEDIA/DSCF0974.JPG,DSCF0974.JPG,4Z/104MEDIA,0,Other_Amphibian,0.2341,2598.7,2696.3,2744.6,2854.2
/srv/shared_leopard_toad/2025/Documents/06.10-13.10.2025/4Z/104MEDIA/DSCF0204.JPG,DSCF0204.JPG,4Z/104MEDIA,2,Western_Leopard_Toad,0.6284,3566.3,1914.3,3860.8,2186.0
/srv/shared_leopard_toad/2025/Documents/06.10-13.10.2025/4Z/104MEDIA/DSCF0733.JPG,DSCF0733.JPG,4Z/104MEDIA,0,Other_Amphibian,0.2408,2598.4,2693.9,2744.9,2853.8
/srv/shared_leopard_toad/2025/Documents/06.10-13.10.2025/4Z/104MEDIA/DSCF0831.JPG,DSCF0831.JPG,4Z/104MEDIA,0,Other_Amphibian,0.2533,3150.5,2303.4,3270.1,2444.2
/srv/shared_leopard_toad/2025/Documents/06.10-13.10.2025/4Z/104MEDIA/DSCF0831.JPG,DSCF0831.JPG,4Z/104MEDIA,0,Other_Amphibian,0.2409,2602.9,2693.3,2746.9,2854.1
/srv/shared_leopard_toad/2025/Documents/06.10-13.10.2025/4Z/104MEDIA/DSCF0294.JPG,DSCF0294.JPG,4Z/104MEDIA,0,Other_Amphibian,0.3229,3152.8,2303.1,3275.5,2443.1
/srv/shared_leopard_toad/2025/Documents/06.10-13.10.2025/4Z/104MEDIA/DSCF0294.JPG,DSCF0294.JPG,4Z/104MEDIA,0,Other_Amphibian,0.2902,3144.7,2303.1,3278.3,2439.9
/srv/shared_leopard_toad/2025/Documents/06.10-13.10.2025/4Z/104MEDIA/DSCF0276.JPG,DSCF0276.JPG,4Z/104MEDIA,0,Other_Amphibian,0.3558,3150.4,2303.9,3274.3,2440.8
/srv/shared_leopard_toad/2025/Documents/06.10-13.10.2025/4Z/104MEDIA/DSCF0415.JPG,DSCF0415.JPG,4Z/104MEDIA,0,Other_Amphibian,0.4290,3149.7,2300.6,3271.6,2438.5
/srv/shared_leopard_toad/2025/Documents/06.10-13.10.2025/4Z/104MEDIA/DSCF0415.JPG,DSCF0415.JPG,4Z/104MEDIA,0,Other_Amphibian,0.3535,3144.0,2302.6,3275.7,2438.7
/srv/shared_leopard_toad/2025/Documents/06.10-13.10.2025/4Z/104MEDIA/DSCF0771.JPG,DSCF0771.JPG,4Z/104MEDIA,0,Other_Amphibian,0.2549,3151.9,2307.6,3270.1,2444.7
/srv/shared_leopard_toad/2025/Documents/06.10-13.10.2025/4Z/104MEDIA/DSCF0771.JPG,DSCF0771.JPG,4Z/104MEDIA,0,Other_Amphibian,0.2097,2598.0,2693.4,2745.6,2854.6
/srv/shared_leopard_toad/2025/Documents/06.10-13.10.2025/4Z/104MEDIA/DSCF0977.JPG,DSCF0977.JPG,4Z/104MEDIA,0,Other_Amphibian,0.2887,3149.1,2308.4,3272.9,2447.1
/srv/shared_leopard_toad/2025/Documents/06.10-13.10.2025/4Z/104MEDIA/DSCF0977.JPG,DSCF0977.JPG,4Z/104MEDIA,0,Other_Amphibian,0.2878,2597.4,2695.3,2742.8,2854.0
/srv/shared_leopard_toad/2025/Documents/06.10-13.10.2025/4Z/104MEDIA/DSCF0806.JPG,DSCF0806.JPG,4Z/104MEDIA,0,Other_Amphibian,0.2583,3147.8,2305.7,3270.9,2441.8
/srv/shared_leopard_toad/2025/Documents/06.10-13.10.2025/4Z/104MEDIA/DSCF0552.JPG,DSCF0552.JPG,4Z/104MEDIA,0,Other_Amphibian,0.3816,3146.5,2302.5,3268.2,2440.4
/srv/shared_leopard_toad/2025/Documents/06.10-13.10.2025/4Z/104MEDIA/DSCF0552.JPG,DSCF0552.JPG,4Z/104MEDIA,0,Other_Amphibian,0.2739,3148.0,2304.9,3279.0,2441.2
/srv/shared_leopard_toad/2025/Documents/06.10-13.10.2025/4Z/104MEDIA/DSCF0552.JPG,DSCF0552.JPG,4Z/104MEDIA,0,Other_Amphibian,0.2143,3149.5,2308.8,3267.2,2448.3
/srv/shared_leopard_toad/2025/Documents/06.10-13.10.2025/4Z/104MEDIA/DSCF0179.JPG,DSCF0179.JPG,4Z/104MEDIA,2,Western_Leopard_Toad,0.5853,3566.8,1912.6,3861.0,2188.5
/srv/shared_leopard_toad/2025/Documents/06.10-13.10.2025/4Z/104MEDIA/DSCF0575.JPG,DSCF0575.JPG,4Z/104MEDIA,0,Other_Amphibian,0.3737,3148.3,2302.2,3270.4,2438.8
/srv/shared_leopard_toad/2025/Documents/06.10-13.10.2025/4Z/104MEDIA/DSCF0575.JPG,DSCF0575.JPG,4Z/104MEDIA,0,Other_Amphibian,0.2101,3142.2,2308.7,3256.5,2445.9
/srv/shared_leopard_toad/2025/Documents/06.10-13.10.2025/4Z/104MEDIA/DSCF0066.JPG,DSCF0066.JPG,4Z/104MEDIA,0,Other_Amphibian,0.2479,2640.8,2242.4,2788.6,2404.0
/srv/shared_leopard_toad/2025/Documents/06.10-13.10.2025/4Z/104MEDIA/DSCF0019.JPG,DSCF0019.JPG,4Z/104MEDIA,0,Other_Amphibian,0.3973,2636.0,2241.4,2788.2,2402.6
/srv/shared_leopard_toad/2025/Documents/06.10-13.10.2025/4Z/104MEDIA/DSCF0034.JPG,DSCF0034.JPG,4Z/104MEDIA,0,Other_Amphibian,0.3109,2634.4,2241.3,2789.2,2405.6
/srv/shared_leopard_toad/2025/Documents/06.10-13.10.2025/4Z/104MEDIA/DSCF0818.JPG,DSCF0818.JPG,4Z/104MEDIA,0,Other_Amphibian,0.3288,2598.8,2695.1,2745.1,2853.9
/srv/shared_leopard_toad/2025/Documents/06.10-13.10.2025/4Z/104MEDIA/DSCF0583.JPG,DSCF0583.JPG,4Z/104MEDIA,0,Other_Amphibian,0.2576,3145.0,2305.9,3270.5,2441.8
/srv/shared_leopard_toad/2025/Documents/06.10-13.10.2025/4Z/104MEDIA/DSCF0005.JPG,DSCF0005.JPG,4Z/104MEDIA,0,Other_Amphibian,0.2453,3207.0,2036.2,3321.5,2176.0
/srv/shared_leopard_toad/2025/Documents/06.10-13.10.2025/4Z/104MEDIA/DSCF0452.JPG,DSCF0452.JPG,4Z/104MEDIA,0,Other_Amphibian,0.3559,3152.4,2304.0,3274.0,2441.4
/srv/shared_leopard_toad/2025/Documents/06.10-13.10.2025/4Z/104MEDIA/DSCF0452.JPG,DSCF0452.JPG,4Z/104MEDIA,0,Other_Amphibian,0.2961,3145.0,2305.0,3278.7,2440.0
/srv/shared_leopard_toad/2025/Documents/06.10-13.10.2025/4Z/104MEDIA/DSCF0952.JPG,DSCF0952.JPG,4Z/104MEDIA,0,Other_Amphibian,0.2432,2596.8,2693.8,2744.0,2854.6
/srv/shared_leopard_toad/2025/Documents/06.10-13.10.2025/4Z/104MEDIA/DSCF0172.JPG,DSCF0172.JPG,4Z/104MEDIA,2,Western_Leopard_Toad,0.6969,3567.2,1914.2,3866.1,2186.5
/srv/shared_leopard_toad/2025/Documents/06.10-13.10.2025/4Z/104MEDIA/DSCF0172.JPG,DSCF0172.JPG,4Z/104MEDIA,0,Other_Amphibian,0.2799,136.7,1299.4,277.0,1463.6
/srv/shared_leopard_toad/2025/Documents/06.10-13.10.2025/4Z/104MEDIA/DSCF0257.JPG,DSCF0257.JPG,4Z/104MEDIA,0,Other_Amphibian,0.3151,3149.2,2301.7,3273.7,2440.9
/srv/shared_leopard_toad/2025/Documents/06.10-13.10.2025/4Z/104MEDIA/DSCF0257.JPG,DSCF0257.JPG,4Z/104MEDIA,0,Other_Amphibian,0.2189,3147.7,2306.1,3280.3,2442.4
/srv/shared_leopard_toad/2025/Documents/06.10-13.10.2025/4Z/104MEDIA/DSCF0382.JPG,DSCF0382.JPG,4Z/104MEDIA,0,Other_Amphibian,0.4096,3148.4,2302.2,3269.2,2440.1
/srv/shared_leopard_toad/2025/Documents/06.10-13.10.2025/4Z/104MEDIA/DSCF0382.JPG,DSCF0382.JPG,4Z/104MEDIA,0,Other_Amphibian,0.3107,3144.0,2304.9,3275.5,2440.5
/srv/shared_leopard_toad/2025/Documents/06.10-13.10.2025/4Z/104MEDIA/DSCF0467.JPG,DSCF0467.JPG,4Z/104MEDIA,0,Other_Amphibian,0.4281,3147.6,2299.5,3271.8,2440.2
/srv/shared_leopard_toad/2025/Documents/06.10-13.10.2025/4Z/104MEDIA/DSCF0467.JPG,DSCF0467.JPG,4Z/104MEDIA,0,Other_Amphibian,0.2409,3147.8,2306.0,3281.7,2444.0
/srv/shared_leopard_toad/2025/Documents/06.10-13.10.2025/4Z/104MEDIA/DSCF0467.JPG,DSCF0467.JPG,4Z/104MEDIA,0,Other_Amphibian,0.2386,3149.5,2306.2,3266.3,2448.5
/srv/shared_leopard_toad/2025/Documents/06.10-13.10.2025/4Z/104MEDIA/DSCF0162.JPG,DSCF0162.JPG,4Z/104MEDIA,0,Other_Amphibian,0.2631,3628.9,1667.4,3921.5,1942.7
/srv/shared_leopard_toad/2025/Documents/06.10-13.10.2025/4Z/104MEDIA/DSCF0274.JPG,DSCF0274.JPG,4Z/104MEDIA,0,Other_Amphibian,0.3614,3148.2,2302.2,3273.1,2441.1
/srv/shared_leopard_toad/2025/Documents/06.10-13.10.2025/4Z/104MEDIA/DSCF0274.JPG,DSCF0274.JPG,4Z/104MEDIA,0,Other_Amphibian,0.2773,3146.9,2305.5,3281.1,2441.6
/srv/shared_leopard_toad/2025/Documents/06.10-13.10.2025/4Z/104MEDIA/DSCF0259.JPG,DSCF0259.JPG,4Z/104MEDIA,0,Other_Amphibian,0.3579,3147.6,2302.3,3273.6,2441.5
/srv/shared_leopard_toad/2025/Documents/06.10-13.10.2025/4Z/104MEDIA/DSCF0259.JPG,DSCF0259.JPG,4Z/104MEDIA,0,Other_Amphibian,0.2544,3145.4,2306.3,3279.3,2442.9
/srv/shared_leopard_toad/2025/Documents/06.10-13.10.2025/4Z/104MEDIA/DSCF0797.JPG,DSCF0797.JPG,4Z/104MEDIA,0,Other_Amphibian,0.2763,3149.3,2302.2,3270.8,2441.2
/srv/shared_leopard_toad/2025/Documents/06.10-13.10.2025/4Z/104MEDIA/DSCF0665.JPG,DSCF0665.JPG,4Z/104MEDIA,0,Other_Amphibian,0.2114,3151.7,2306.8,3272.8,2444.1
/srv/shared_leopard_toad/2025/Documents/06.10-13.10.2025/4Z/104MEDIA/DSCF0665.JPG,DSCF0665.JPG,4Z/104MEDIA,0,Other_Amphibian,0.2025,2595.0,2695.0,2748.3,2853.7
/srv/shared_leopard_toad/2025/Documents/06.10-13.10.2025/4Z/104MEDIA/DSCF0630.JPG,DSCF0630.JPG,4Z/104MEDIA,0,Other_Amphibian,0.3070,3148.7,2304.4,3272.4,2440.6
/srv/shared_leopard_toad/2025/Documents/06.10-13.10.2025/4Z/104MEDIA/DSCF0776.JPG,DSCF0776.JPG,4Z/104MEDIA,0,Other_Amphibian,0.2820,3149.3,2302.1,3268.2,2440.4
/srv/shared_leopard_toad/2025/Documents/06.10-13.10.2025/4Z/104MEDIA/DSCF0776.JPG,DSCF0776.JPG,4Z/104MEDIA,0,Other_Amphibian,0.2251,2599.0,2692.7,2743.8,2853.7
/srv/shared_leopard_toad/2025/Documents/06.10-13.10.2025/4Z/104MEDIA/DSCF0957.JPG,DSCF0957.JPG,4Z/104MEDIA,0,Other_Amphibian,0.2713,3147.8,2302.5,3272.4,2443.8
/srv/shared_leopard_toad/2025/Documents/06.10-13.10.2025/4Z/104MEDIA/DSCF0957.JPG,DSCF0957.JPG,4Z/104MEDIA,0,Other_Amphibian,0.2265,2594.0,2694.1,2744.1,2855.1
/srv/shared_leopard_toad/2025/Documents/06.10-13.10.2025/4Z/104MEDIA/DSCF0557.JPG,DSCF0557.JPG,4Z/104MEDIA,0,Other_Amphibian,0.3117,3148.6,2301.7,3269.1,2440.7
/srv/shared_leopard_toad/2025/Documents/06.10-13.10.2025/4Z/104MEDIA/DSCF0766.JPG,DSCF0766.JPG,4Z/104MEDIA,0,Other_Amphibian,0.2183,3148.2,2304.3,3270.0,2443.1
/srv/shared_leopard_toad/2025/Documents/06.10-13.10.2025/4Z/104MEDIA/DSCF0496.JPG,DSCF0496.JPG,4Z/104MEDIA,0,Other_Amphibian,0.3482,3149.5,2301.2,3270.2,2439.3
/srv/shared_leopard_toad/2025/Documents/06.10-13.10.2025/4Z/104MEDIA/DSCF0496.JPG,DSCF0496.JPG,4Z/104MEDIA,0,Other_Amphibian,0.2875,3144.6,2303.1,3275.3,2439.2
/srv/shared_leopard_toad/2025/Documents/06.10-13.10.2025/4Z/104MEDIA/DSCF0035.JPG,DSCF0035.JPG,4Z/104MEDIA,0,Other_Amphibian,0.2072,3207.9,2036.1,3323.0,2177.6
/srv/shared_leopard_toad/2025/Documents/06.10-13.10.2025/4Z/104MEDIA/DSCF0995.JPG,DSCF0995.JPG,4Z/104MEDIA,0,Other_Amphibian,0.2481,3146.4,2305.5,3270.6,2444.3
/srv/shared_leopard_toad/2025/Documents/06.10-13.10.2025/4Z/104MEDIA/DSCF0269.JPG,DSCF0269.JPG,4Z/104MEDIA,0,Other_Amphibian,0.2736,3152.5,2303.7,3278.0,2444.8
/srv/shared_leopard_toad/2025/Documents/06.10-13.10.2025/4Z/104MEDIA/DSCF0269.JPG,DSCF0269.JPG,4Z/104MEDIA,0,Other_Amphibian,0.2441,3144.9,2303.2,3278.5,2440.9
/srv/shared_leopard_toad/2025/Documents/06.10-13.10.2025/4Z/104MEDIA/DSCF0004.JPG,DSCF0004.JPG,4Z/104MEDIA,0,Other_Amphibian,0.2807,2633.9,2241.5,2785.5,2403.8
/srv/shared_leopard_toad/2025/Documents/06.10-13.10.2025/4Z/104MEDIA/DSCF0004.JPG,DSCF0004.JPG,4Z/104MEDIA,0,Other_Amphibian,0.2367,3208.8,2035.8,3322.3,2176.9
/srv/shared_leopard_toad/2025/Documents/06.10-13.10.2025/4Z/104MEDIA/DSCF0434.JPG,DSCF0434.JPG,4Z/104MEDIA,0,Other_Amphibian,0.3147,3146.2,2303.0,3265.8,2440.6
/srv/shared_leopard_toad/2025/Documents/06.10-13.10.2025/4Z/104MEDIA/DSCF0313.JPG,DSCF0313.JPG,4Z/104MEDIA,0,Other_Amphibian,0.3978,3149.1,2300.4,3271.7,2439.9
/srv/shared_leopard_toad/2025/Documents/06.10-13.10.2025/4Z/104MEDIA/DSCF0313.JPG,DSCF0313.JPG,4Z/104MEDIA,0,Other_Amphibian,0.2990,3146.3,2302.7,3279.0,2439.7
/srv/shared_leopard_toad/2025/Documents/06.10-13.10.2025/4Z/104MEDIA/DSCF0297.JPG,DSCF0297.JPG,4Z/104MEDIA,0,Other_Amphibian,0.3811,3148.1,2301.6,3272.7,2440.7
/srv/shared_leopard_toad/2025/Documents/06.10-13.10.2025/4Z/104MEDIA/DSCF0297.JPG,DSCF0297.JPG,4Z/104MEDIA,0,Other_Amphibian,0.2664,3144.7,2305.2,3279.0,2441.6
/srv/shared_leopard_toad/2025/Documents/06.10-13.10.2025/4Z/104MEDIA/DSCF0719.JPG,DSCF0719.JPG,4Z/104MEDIA,0,Other_Amphibian,0.2462,3150.5,2307.0,3269.5,2444.0
/srv/shared_leopard_toad/2025/Documents/06.10-13.10.2025/4Z/104MEDIA/DSCF0719.JPG,DSCF0719.JPG,4Z/104MEDIA,0,Other_Amphibian,0.2304,2600.3,2694.9,2746.7,2854.5
/srv/shared_leopard_toad/2025/Documents/06.10-13.10.2025/4Z/104MEDIA/DSCF0424.JPG,DSCF0424.JPG,4Z/104MEDIA,0,Other_Amphibian,0.3717,3149.4,2302.6,3271.6,2439.2
/srv/shared_leopard_toad/2025/Documents/06.10-13.10.2025/4Z/104MEDIA/DSCF0424.JPG,DSCF0424.JPG,4Z/104MEDIA,0,Other_Amphibian,0.2088,3151.2,2309.3,3282.3,2443.5
/srv/shared_leopard_toad/2025/Documents/06.10-13.10.2025/4Z/104MEDIA/DSCF0170.JPG,DSCF0170.JPG,4Z/104MEDIA,2,Western_Leopard_Toad,0.6843,3564.4,1913.5,3863.5,2189.6
/srv/shared_leopard_toad/2025/Documents/06.10-13.10.2025/4Z/104MEDIA/DSCF0897.JPG,DSCF0897.JPG,4Z/104MEDIA,0,Other_Amphibian,0.2438,2599.9,2694.4,2744.1,2854.2
/srv/shared_leopard_toad/2025/Documents/06.10-13.10.2025/4Z/104MEDIA/DSCF0897.JPG,DSCF0897.JPG,4Z/104MEDIA,0,Other_Amphibian,0.2180,3151.0,2307.5,3272.7,2445.0
/srv/shared_leopard_toad/2025/Documents/06.10-13.10.2025/4Z/104MEDIA/DSCF0352.JPG,DSCF0352.JPG,4Z/104MEDIA,0,Other_Amphibian,0.4452,3150.6,2299.6,3274.0,2439.8
/srv/shared_leopard_toad/2025/Documents/06.10-13.10.2025/4Z/104MEDIA/DSCF0352.JPG,DSCF0352.JPG,4Z/104MEDIA,0,Other_Amphibian,0.4176,3139.5,2302.1,3274.7,2440.4
/srv/shared_leopard_toad/2025/Documents/06.10-13.10.2025/4Z/104MEDIA/DSCF0628.JPG,DSCF0628.JPG,4Z/104MEDIA,0,Other_Amphibian,0.2265,3148.5,2303.6,3271.4,2443.1
/srv/shared_leopard_toad/2025/Documents/06.10-13.10.2025/4Z/104MEDIA/DSCF0793.JPG,DSCF0793.JPG,4Z/104MEDIA,0,Other_Amphibian,0.3389,2598.9,2694.6,2745.4,2854.5
/srv/shared_leopard_toad/2025/Documents/06.10-13.10.2025/4Z/104MEDIA/DSCF0793.JPG,DSCF0793.JPG,4Z/104MEDIA,0,Other_Amphibian,0.3021,2598.2,2693.8,2748.3,2854.0
/srv/shared_leopard_toad/2025/Documents/06.10-13.10.2025/4Z/104MEDIA/DSCF0793.JPG,DSCF0793.JPG,4Z/104MEDIA,0,Other_Amphibian,0.2786,3148.0,2305.8,3272.6,2443.1
/srv/shared_leopard_toad/2025/Documents/06.10-13.10.2025/4Z/104MEDIA/DSCF0879.JPG,DSCF0879.JPG,4Z/104MEDIA,0,Other_Amphibian,0.3524,2596.0,2695.5,2745.6,2854.8
/srv/shared_leopard_toad/2025/Documents/06.10-13.10.2025/4Z/104MEDIA/DSCF0879.JPG,DSCF0879.JPG,4Z/104MEDIA,0,Other_Amphibian,0.2307,3148.7,2307.0,3271.7,2445.2
/srv/shared_leopard_toad/2025/Documents/06.10-13.10.2025/4Z/104MEDIA/DSCF0879.JPG,DSCF0879.JPG,4Z/104MEDIA,0,Other_Amphibian,0.2203,2593.9,2694.8,2742.3,2854.0
/srv/shared_leopard_toad/2025/Documents/06.10-13.10.2025/4Z/104MEDIA/DSCF0646.JPG,DSCF0646.JPG,4Z/104MEDIA,0,Other_Amphibian,0.2603,3149.5,2302.4,3274.9,2441.8
/srv/shared_leopard_toad/2025/Documents/06.10-13.10.2025/4Z/104MEDIA/DSCF0859.JPG,DSCF0859.JPG,4Z/104MEDIA,0,Other_Amphibian,0.2658,3146.7,2304.4,3270.3,2442.4
/srv/shared_leopard_toad/2025/Documents/06.10-13.10.2025/4Z/104MEDIA/DSCF0859.JPG,DSCF0859.JPG,4Z/104MEDIA,0,Other_Amphibian,0.2046,2599.5,2695.5,2745.8,2854.6
/srv/shared_leopard_toad/2025/Documents/06.10-13.10.2025/4Z/104MEDIA/DSCF0547.JPG,DSCF0547.JPG,4Z/104MEDIA,0,Other_Amphibian,0.3143,3146.0,2303.1,3266.6,2439.8
/srv/shared_leopard_toad/2025/Documents/06.10-13.10.2025/4Z/104MEDIA/DSCF0547.JPG,DSCF0547.JPG,4Z/104MEDIA,0,Other_Amphibian,0.2125,3149.8,2307.4,3281.6,2443.0
/srv/shared_leopard_toad/2025/Documents/06.10-13.10.2025/4Z/104MEDIA/DSCF0321.JPG,DSCF0321.JPG,4Z/104MEDIA,0,Other_Amphibian,0.4325,3148.0,2301.7,3271.4,2440.2
/srv/shared_leopard_toad/2025/Documents/06.10-13.10.2025/4Z/104MEDIA/DSCF0321.JPG,DSCF0321.JPG,4Z/104MEDIA,0,Other_Amphibian,0.3183,3143.2,2304.5,3276.2,2440.5
/srv/shared_leopard_toad/2025/Documents/06.10-13.10.2025/4Z/104MEDIA/DSCF0919.JPG,DSCF0919.JPG,4Z/104MEDIA,0,Other_Amphibian,0.2755,2597.0,2695.1,2744.6,2854.8
/srv/shared_leopard_toad/2025/Documents/06.10-13.10.2025/4Z/104MEDIA/DSCF0919.JPG,DSCF0919.JPG,4Z/104MEDIA,0,Other_Amphibian,0.2279,3151.4,2307.6,3276.2,2448.1
/srv/shared_leopard_toad/2025/Documents/06.10-13.10.2025/4Z/104MEDIA/DSCF0919.JPG,DSCF0919.JPG,4Z/104MEDIA,0,Other_Amphibian,0.2088,2599.7,2694.8,2748.8,2854.5
/srv/shared_leopard_toad/2025/Documents/06.10-13.10.2025/4Z/104MEDIA/DSCF0002.JPG,DSCF0002.JPG,4Z/104MEDIA,0,Other_Amphibian,0.2824,2633.4,2243.2,2787.8,2404.6
/srv/shared_leopard_toad/2025/Documents/06.10-13.10.2025/4Z/104MEDIA/DSCF0845.JPG,DSCF0845.JPG,4Z/104MEDIA,0,Other_Amphibian,0.2270,2601.8,2695.6,2745.9,2854.6
/srv/shared_leopard_toad/2025/Documents/06.10-13.10.2025/4Z/104MEDIA/DSCF0751.JPG,DSCF0751.JPG,4Z/104MEDIA,0,Other_Amphibian,0.2430,3152.1,2306.7,3276.1,2444.8
/srv/shared_leopard_toad/2025/Documents/06.10-13.10.2025/4Z/104MEDIA/DSCF0751.JPG,DSCF0751.JPG,4Z/104MEDIA,0,Other_Amphibian,0.2060,2603.6,2693.3,2743.4,2853.5
/srv/shared_leopard_toad/2025/Documents/06.10-13.10.2025/4Z/104MEDIA/DSCF0578.JPG,DSCF0578.JPG,4Z/104MEDIA,0,Other_Amphibian,0.3003,3145.0,2303.0,3266.0,2440.2
/srv/shared_leopard_toad/2025/Documents/06.10-13.10.2025/4Z/104MEDIA/DSCF0578.JPG,DSCF0578.JPG,4Z/104MEDIA,0,Other_Amphibian,0.2221,3147.6,2305.9,3277.6,2442.3
/srv/shared_leopard_toad/2025/Documents/06.10-13.10.2025/4Z/104MEDIA/DSCF0847.JPG,DSCF0847.JPG,4Z/104MEDIA,0,Other_Amphibian,0.2466,3150.7,2306.3,3269.5,2443.2
/srv/shared_leopard_toad/2025/Documents/06.10-13.10.2025/4Z/104MEDIA/DSCF0803.JPG,DSCF0803.JPG,4Z/104MEDIA,0,Other_Amphibian,0.2661,3149.4,2304.9,3271.7,2443.0
/srv/shared_leopard_toad/2025/Documents/06.10-13.10.2025/4Z/104MEDIA/DSCF0585.JPG,DSCF0585.JPG,4Z/104MEDIA,0,Other_Amphibian,0.2732,3143.7,2307.2,3262.2,2439.9
/srv/shared_leopard_toad/2025/Documents/06.10-13.10.2025/4Z/104MEDIA/DSCF0585.JPG,DSCF0585.JPG,4Z/104MEDIA,0,Other_Amphibian,0.2041,3146.0,2309.7,3276.8,2442.3
/srv/shared_leopard_toad/2025/Documents/06.10-13.10.2025/4Z/104MEDIA/DSCF0228.JPG,DSCF0228.JPG,4Z/104MEDIA,2,Western_Leopard_Toad,0.6894,4597.4,1696.1,5372.8,2863.4
/srv/shared_leopard_toad/2025/Documents/06.10-13.10.2025/4Z/104MEDIA/DSCF0253.JPG,DSCF0253.JPG,4Z/104MEDIA,0,Other_Amphibian,0.3708,3150.6,2301.7,3274.3,2441.0
/srv/shared_leopard_toad/2025/Documents/06.10-13.10.2025/4Z/104MEDIA/DSCF0253.JPG,DSCF0253.JPG,4Z/104MEDIA,0,Other_Amphibian,0.2575,3148.2,2305.0,3281.4,2441.7
/srv/shared_leopard_toad/2025/Documents/06.10-13.10.2025/4Z/104MEDIA/DSCF0218.JPG,DSCF0218.JPG,4Z/104MEDIA,2,Western_Leopard_Toad,0.7005,4600.2,1705.7,5372.2,2865.6
/srv/shared_leopard_toad/2025/Documents/06.10-13.10.2025/4Z/104MEDIA/DSCF0435.JPG,DSCF0435.JPG,4Z/104MEDIA,0,Other_Amphibian,0.3901,3148.0,2301.2,3269.9,2439.4
/srv/shared_leopard_toad/2025/Documents/06.10-13.10.2025/4Z/104MEDIA/DSCF0435.JPG,DSCF0435.JPG,4Z/104MEDIA,0,Other_Amphibian,0.2486,3147.6,2306.1,3279.5,2442.0
/srv/shared_leopard_toad/2025/Documents/06.10-13.10.2025/4Z/104MEDIA/DSCF0819.JPG,DSCF0819.JPG,4Z/104MEDIA,0,Other_Amphibian,0.2768,3151.1,2306.8,3273.1,2445.5
/srv/shared_leopard_toad/2025/Documents/06.10-13.10.2025/4Z/104MEDIA/DSCF0819.JPG,DSCF0819.JPG,4Z/104MEDIA,0,Other_Amphibian,0.2704,2598.8,2694.9,2744.2,2854.5
/srv/shared_leopard_toad/2025/Documents/06.10-13.10.2025/4Z/104MEDIA/DSCF0819.JPG,DSCF0819.JPG,4Z/104MEDIA,0,Other_Amphibian,0.2076,2598.0,2694.4,2744.2,2853.8
/srv/shared_leopard_toad/2025/Documents/06.10-13.10.2025/4Z/104MEDIA/DSCF0680.JPG,DSCF0680.JPG,4Z/104MEDIA,0,Other_Amphibian,0.3344,3149.5,2302.1,3271.3,2440.0
/srv/shared_leopard_toad/2025/Documents/06.10-13.10.2025/4Z/104MEDIA/DSCF0680.JPG,DSCF0680.JPG,4Z/104MEDIA,0,Other_Amphibian,0.2993,3144.6,2303.1,3275.4,2439.6
/srv/shared_leopard_toad/2025/Documents/06.10-13.10.2025/4Z/104MEDIA/DSCF0260.JPG,DSCF0260.JPG,4Z/104MEDIA,0,Other_Amphibian,0.3800,3150.5,2302.1,3272.4,2439.2
/srv/shared_leopard_toad/2025/Documents/06.10-13.10.2025/4Z/104MEDIA/DSCF0260.JPG,DSCF0260.JPG,4Z/104MEDIA,0,Other_Amphibian,0.2767,3145.0,2305.0,3278.5,2439.6
/srv/shared_leopard_toad/2025/Documents/06.10-13.10.2025/4Z/104MEDIA/DSCF0462.JPG,DSCF0462.JPG,4Z/104MEDIA,0,Other_Amphibian,0.3203,3150.1,2304.4,3274.9,2441.3
/srv/shared_leopard_toad/2025/Documents/06.10-13.10.2025/4Z/104MEDIA/DSCF0037.JPG,DSCF0037.JPG,4Z/104MEDIA,0,Other_Amphibian,0.3245,3206.1,2035.1,3321.6,2173.8
/srv/shared_leopard_toad/2025/Documents/06.10-13.10.2025/4Z/104MEDIA/DSCF0037.JPG,DSCF0037.JPG,4Z/104MEDIA,0,Other_Amphibian,0.2862,3203.3,2034.9,3314.8,2173.2
/srv/shared_leopard_toad/2025/Documents/06.10-13.10.2025/4Z/104MEDIA/DSCF0056.JPG,DSCF0056.JPG,4Z/104MEDIA,0,Other_Amphibian,0.2681,3208.1,2034.6,3321.4,2175.1
/srv/shared_leopard_toad/2025/Documents/06.10-13.10.2025/4Z/104MEDIA/DSCF0056.JPG,DSCF0056.JPG,4Z/104MEDIA,0,Other_Amphibian,0.2444,2631.8,2243.0,2788.5,2406.2
/srv/shared_leopard_toad/2025/Documents/06.10-13.10.2025/4Z/104MEDIA/DSCF0056.JPG,DSCF0056.JPG,4Z/104MEDIA,0,Other_Amphibian,0.2056,3200.7,2036.8,3309.8,2176.5
/srv/shared_leopard_toad/2025/Documents/06.10-13.10.2025/4Z/104MEDIA/DSCF0522.JPG,DSCF0522.JPG,4Z/104MEDIA,0,Other_Amphibian,0.3575,3148.4,2302.2,3271.0,2439.8
/srv/shared_leopard_toad/2025/Documents/06.10-13.10.2025/4Z/104MEDIA/DSCF0522.JPG,DSCF0522.JPG,4Z/104MEDIA,0,Other_Amphibian,0.2506,3146.8,2305.6,3279.1,2440.8
/srv/shared_leopard_toad/2025/Documents/06.10-13.10.2025/4Z/104MEDIA/DSCF0641.JPG,DSCF0641.JPG,4Z/104MEDIA,0,Other_Amphibian,0.3390,3148.5,2300.3,3270.2,2440.2
/srv/shared_leopard_toad/2025/Documents/06.10-13.10.2025/4Z/104MEDIA/DSCF0641.JPG,DSCF0641.JPG,4Z/104MEDIA,0,Other_Amphibian,0.2789,3145.2,2302.9,3276.1,2440.3
/srv/shared_leopard_toad/2025/Documents/06.10-13.10.2025/4Z/104MEDIA/DSCF0624.JPG,DSCF0624.JPG,4Z/104MEDIA,0,Other_Amphibian,0.3699,3147.8,2302.6,3271.4,2440.0
/srv/shared_leopard_toad/2025/Documents/06.10-13.10.2025/4Z/104MEDIA/DSCF0624.JPG,DSCF0624.JPG,4Z/104MEDIA,0,Other_Amphibian,0.2384,3145.5,2307.6,3278.1,2442.8
/srv/shared_leopard_toad/2025/Documents/06.10-13.10.2025/4Z/104MEDIA/DSCF0561.JPG,DSCF0561.JPG,4Z/104MEDIA,0,Other_Amphibian,0.2445,3149.3,2305.4,3267.1,2439.9
/srv/shared_leopard_toad/2025/Documents/06.10-13.10.2025/4Z/104MEDIA/DSCF0436.JPG,DSCF0436.JPG,4Z/104MEDIA,0,Other_Amphibian,0.3714,3148.0,2301.2,3271.7,2439.8
/srv/shared_leopard_toad/2025/Documents/06.10-13.10.2025/4Z/104MEDIA/DSCF0436.JPG,DSCF0436.JPG,4Z/104MEDIA,0,Other_Amphibian,0.2258,3149.7,2307.4,3281.3,2443.4
/srv/shared_leopard_toad/2025/Documents/06.10-13.10.2025/4Z/104MEDIA/DSCF0616.JPG,DSCF0616.JPG,4Z/104MEDIA,0,Other_Amphibian,0.3170,3150.3,2304.2,3273.4,2442.1
/srv/shared_leopard_toad/2025/Documents/06.10-13.10.2025/4Z/104MEDIA/DSCF0829.JPG,DSCF0829.JPG,4Z/104MEDIA,0,Other_Amphibian,0.3292,2595.4,2695.3,2745.7,2854.8
/srv/shared_leopard_toad/2025/Documents/06.10-13.10.2025/4Z/104MEDIA/DSCF0829.JPG,DSCF0829.JPG,4Z/104MEDIA,0,Other_Amphibian,0.3092,2597.5,2694.9,2749.4,2854.6
/srv/shared_leopard_toad/2025/Documents/06.10-13.10.2025/4Z/104MEDIA/DSCF0829.JPG,DSCF0829.JPG,4Z/104MEDIA,0,Other_Amphibian,0.2238,3150.4,2305.9,3272.3,2443.7
/srv/shared_leopard_toad/2025/Documents/06.10-13.10.2025/4Z/104MEDIA/DSCF0069.JPG,DSCF0069.JPG,4Z/104MEDIA,0,Other_Amphibian,0.3344,3205.0,2033.3,3319.7,2173.5
/srv/shared_leopard_toad/2025/Documents/06.10-13.10.2025/4Z/104MEDIA/DSCF0069.JPG,DSCF0069.JPG,4Z/104MEDIA,0,Other_Amphibian,0.2783,3204.2,2034.0,3313.6,2174.0
/srv/shared_leopard_toad/2025/Documents/06.10-13.10.2025/4Z/104MEDIA/DSCF0069.JPG,DSCF0069.JPG,4Z/104MEDIA,0,Other_Amphibian,0.2641,2632.4,2243.6,2788.3,2405.6
/srv/shared_leopard_toad/2025/Documents/06.10-13.10.2025/4Z/104MEDIA/DSCF0069.JPG,DSCF0069.JPG,4Z/104MEDIA,0,Other_Amphibian,0.2168,3197.3,2033.5,3326.1,2173.0
/srv/shared_leopard_toad/2025/Documents/06.10-13.10.2025/4Z/104MEDIA/DSCF0821.JPG,DSCF0821.JPG,4Z/104MEDIA,0,Other_Amphibian,0.2280,2600.8,2694.9,2744.1,2853.9
/srv/shared_leopard_toad/2025/Documents/06.10-13.10.2025/4Z/104MEDIA/DSCF0821.JPG,DSCF0821.JPG,4Z/104MEDIA,0,Other_Amphibian,0.2248,3151.0,2309.4,3272.3,2444.8
/srv/shared_leopard_toad/2025/Documents/06.10-13.10.2025/4Z/104MEDIA/DSCF0471.JPG,DSCF0471.JPG,4Z/104MEDIA,0,Other_Amphibian,0.3297,3151.4,2303.5,3273.0,2441.7
/srv/shared_leopard_toad/2025/Documents/06.10-13.10.2025/4Z/104MEDIA/DSCF0609.JPG,DSCF0609.JPG,4Z/104MEDIA,0,Other_Amphibian,0.3307,3144.6,2302.4,3267.8,2439.6
/srv/shared_leopard_toad/2025/Documents/06.10-13.10.2025/4Z/104MEDIA/DSCF0239.JPG,DSCF0239.JPG,4Z/104MEDIA,0,Other_Amphibian,0.3258,3149.1,2303.2,3274.9,2443.2
/srv/shared_leopard_toad/2025/Documents/06.10-13.10.2025/4Z/104MEDIA/DSCF0239.JPG,DSCF0239.JPG,4Z/104MEDIA,0,Other_Amphibian,0.2626,3141.7,2304.0,3277.0,2440.6
/srv/shared_leopard_toad/2025/Documents/06.10-13.10.2025/4Z/104MEDIA/DSCF0239.JPG,DSCF0239.JPG,4Z/104MEDIA,0,Other_Amphibian,0.2263,3589.0,1907.6,3846.6,2184.2
/srv/shared_leopard_toad/2025/Documents/06.10-13.10.2025/4Z/104MEDIA/DSCF0329.JPG,DSCF0329.JPG,4Z/104MEDIA,0,Other_Amphibian,0.4188,3148.5,2301.0,3272.8,2440.4
/srv/shared_leopard_toad/2025/Documents/06.10-13.10.2025/4Z/104MEDIA/DSCF0329.JPG,DSCF0329.JPG,4Z/104MEDIA,0,Other_Amphibian,0.2694,3144.7,2305.8,3279.5,2442.3
/srv/shared_leopard_toad/2025/Documents/06.10-13.10.2025/4Z/104MEDIA/DSCF0882.JPG,DSCF0882.JPG,4Z/104MEDIA,0,Other_Amphibian,0.3057,2596.6,2696.4,2744.1,2854.3
/srv/shared_leopard_toad/2025/Documents/06.10-13.10.2025/4Z/104MEDIA/DSCF0261.JPG,DSCF0261.JPG,4Z/104MEDIA,0,Other_Amphibian,0.3385,3150.9,2302.4,3272.0,2440.4
/srv/shared_leopard_toad/2025/Documents/06.10-13.10.2025/4Z/104MEDIA/DSCF0261.JPG,DSCF0261.JPG,4Z/104MEDIA,0,Other_Amphibian,0.2884,3143.4,2304.1,3276.1,2439.5
/srv/shared_leopard_toad/2025/Documents/06.10-13.10.2025/4Z/104MEDIA/DSCF0261.JPG,DSCF0261.JPG,4Z/104MEDIA,0,Other_Amphibian,0.2153,3590.7,1906.7,3844.6,2181.2
/srv/shared_leopard_toad/2025/Documents/06.10-13.10.2025/4Z/104MEDIA/DSCF0062.JPG,DSCF0062.JPG,4Z/104MEDIA,0,Other_Amphibian,0.3713,3209.4,2030.6,3318.2,2172.7
/srv/shared_leopard_toad/2025/Documents/06.10-13.10.2025/4Z/104MEDIA/DSCF0062.JPG,DSCF0062.JPG,4Z/104MEDIA,0,Other_Amphibian,0.3451,3205.8,2032.7,3318.7,2173.0
/srv/shared_leopard_toad/2025/Documents/06.10-13.10.2025/4Z/104MEDIA/DSCF0062.JPG,DSCF0062.JPG,4Z/104MEDIA,0,Other_Amphibian,0.3168,2631.4,2242.8,2786.6,2405.8
/srv/shared_leopard_toad/2025/Documents/06.10-13.10.2025/4Z/104MEDIA/DSCF0062.JPG,DSCF0062.JPG,4Z/104MEDIA,0,Other_Amphibian,0.2434,3196.0,2032.8,3325.6,2173.1
/srv/shared_leopard_toad/2025/Documents/06.10-13.10.2025/4Z/104MEDIA/DSCF0326.JPG,DSCF0326.JPG,4Z/104MEDIA,0,Other_Amphibian,0.3450,3148.5,2302.1,3273.7,2442.5
/srv/shared_leopard_toad/2025/Documents/06.10-13.10.2025/4Z/104MEDIA/DSCF0326.JPG,DSCF0326.JPG,4Z/104MEDIA,0,Other_Amphibian,0.2240,3146.1,2306.6,3278.8,2444.3
/srv/shared_leopard_toad/2025/Documents/06.10-13.10.2025/4Z/104MEDIA/DSCF0809.JPG,DSCF0809.JPG,4Z/104MEDIA,0,Other_Amphibian,0.3009,3149.9,2303.7,3270.8,2441.2
/srv/shared_leopard_toad/2025/Documents/06.10-13.10.2025/4Z/104MEDIA/DSCF0975.JPG,DSCF0975.JPG,4Z/104MEDIA,0,Other_Amphibian,0.2884,3149.3,2306.6,3271.2,2444.7
/srv/shared_leopard_toad/2025/Documents/06.10-13.10.2025/4Z/104MEDIA/DSCF0975.JPG,DSCF0975.JPG,4Z/104MEDIA,0,Other_Amphibian,0.2327,2593.5,2694.6,2744.9,2855.1
/srv/shared_leopard_toad/2025/Documents/06.10-13.10.2025/4Z/104MEDIA/DSCF0796.JPG,DSCF0796.JPG,4Z/104MEDIA,0,Other_Amphibian,0.2407,3153.4,2306.8,3272.3,2445.0
/srv/shared_leopard_toad/2025/Documents/06.10-13.10.2025/4Z/104MEDIA/DSCF0495.JPG,DSCF0495.JPG,4Z/104MEDIA,0,Other_Amphibian,0.3809,3151.3,2301.5,3273.3,2440.8
/srv/shared_leopard_toad/2025/Documents/06.10-13.10.2025/4Z/104MEDIA/DSCF0495.JPG,DSCF0495.JPG,4Z/104MEDIA,0,Other_Amphibian,0.2164,3149.0,2308.0,3281.1,2444.9
/srv/shared_leopard_toad/2025/Documents/06.10-13.10.2025/4Z/104MEDIA/DSCF0590.JPG,DSCF0590.JPG,4Z/104MEDIA,0,Other_Amphibian,0.3185,3150.0,2301.9,3271.9,2438.9
/srv/shared_leopard_toad/2025/Documents/06.10-13.10.2025/4Z/104MEDIA/DSCF0590.JPG,DSCF0590.JPG,4Z/104MEDIA,0,Other_Amphibian,0.2852,3145.8,2302.7,3275.3,2438.4
/srv/shared_leopard_toad/2025/Documents/06.10-13.10.2025/4Z/104MEDIA/DSCF0934.JPG,DSCF0934.JPG,4Z/104MEDIA,0,Other_Amphibian,0.2334,2602.4,2695.1,2743.0,2853.6
/srv/shared_leopard_toad/2025/Documents/06.10-13.10.2025/4Z/104MEDIA/DSCF0934.JPG,DSCF0934.JPG,4Z/104MEDIA,0,Other_Amphibian,0.2217,3148.8,2307.6,3272.6,2444.0
/srv/shared_leopard_toad/2025/Documents/06.10-13.10.2025/4Z/104MEDIA/DSCF0175.JPG,DSCF0175.JPG,4Z/104MEDIA,2,Western_Leopard_Toad,0.6878,3567.4,1913.5,3862.4,2187.8
/srv/shared_leopard_toad/2025/Documents/06.10-13.10.2025/4Z/104MEDIA/DSCF0951.JPG,DSCF0951.JPG,4Z/104MEDIA,0,Other_Amphibian,0.2624,2593.3,2694.9,2744.3,2854.1
/srv/shared_leopard_toad/2025/Documents/06.10-13.10.2025/4Z/104MEDIA/DSCF0951.JPG,DSCF0951.JPG,4Z/104MEDIA,0,Other_Amphibian,0.2446,3152.3,2305.9,3272.8,2445.6
/srv/shared_leopard_toad/2025/Documents/06.10-13.10.2025/4Z/104MEDIA/DSCF0951.JPG,DSCF0951.JPG,4Z/104MEDIA,0,Other_Amphibian,0.2005,2593.8,2694.7,2745.9,2853.6
/srv/shared_leopard_toad/2025/Documents/06.10-13.10.2025/4Z/104MEDIA/DSCF0647.JPG,DSCF0647.JPG,4Z/104MEDIA,0,Other_Amphibian,0.3420,3150.5,2302.4,3272.8,2440.1
/srv/shared_leopard_toad/2025/Documents/06.10-13.10.2025/4Z/104MEDIA/DSCF0647.JPG,DSCF0647.JPG,4Z/104MEDIA,0,Other_Amphibian,0.2543,2599.1,2693.0,2744.8,2853.1
/srv/shared_leopard_toad/2025/Documents/06.10-13.10.2025/4Z/104MEDIA/DSCF0647.JPG,DSCF0647.JPG,4Z/104MEDIA,0,Other_Amphibian,0.2421,3147.1,2305.5,3279.1,2441.4
/srv/shared_leopard_toad/2025/Documents/06.10-13.10.2025/4Z/104MEDIA/DSCF0573.JPG,DSCF0573.JPG,4Z/104MEDIA,0,Other_Amphibian,0.2445,3139.8,2304.7,3256.7,2439.0
/srv/shared_leopard_toad/2025/Documents/06.10-13.10.2025/4Z/104MEDIA/DSCF0914.JPG,DSCF0914.JPG,4Z/104MEDIA,0,Other_Amphibian,0.3135,2605.4,2695.0,2745.2,2852.9
/srv/shared_leopard_toad/2025/Documents/06.10-13.10.2025/4Z/104MEDIA/DSCF0914.JPG,DSCF0914.JPG,4Z/104MEDIA,0,Other_Amphibian,0.2562,3148.4,2305.7,3270.4,2445.5
/srv/shared_leopard_toad/2025/Documents/06.10-13.10.2025/4Z/104MEDIA/DSCF0332.JPG,DSCF0332.JPG,4Z/104MEDIA,0,Other_Amphibian,0.4053,3149.7,2301.0,3272.5,2439.2
/srv/shared_leopard_toad/2025/Documents/06.10-13.10.2025/4Z/104MEDIA/DSCF0332.JPG,DSCF0332.JPG,4Z/104MEDIA,0,Other_Amphibian,0.2547,3144.8,2306.5,3279.3,2441.9
/srv/shared_leopard_toad/2025/Documents/06.10-13.10.2025/4Z/104MEDIA/DSCF0203.JPG,DSCF0203.JPG,4Z/104MEDIA,2,Western_Leopard_Toad,0.4771,3564.0,1914.9,3861.2,2186.4
/srv/shared_leopard_toad/2025/Documents/06.10-13.10.2025/4Z/104MEDIA/DSCF0103.JPG,DSCF0103.JPG,4Z/104MEDIA,0,Other_Amphibian,0.3172,2632.4,2242.3,2785.5,2405.0
/srv/shared_leopard_toad/2025/Documents/06.10-13.10.2025/4Z/104MEDIA/DSCF0388.JPG,DSCF0388.JPG,4Z/104MEDIA,0,Other_Amphibian,0.4462,3150.0,2301.4,3272.0,2439.7
/srv/shared_leopard_toad/2025/Documents/06.10-13.10.2025/4Z/104MEDIA/DSCF0388.JPG,DSCF0388.JPG,4Z/104MEDIA,0,Other_Amphibian,0.4035,3141.1,2303.5,3275.1,2440.0
/srv/shared_leopard_toad/2025/Documents/06.10-13.10.2025/4Z/104MEDIA/DSCF0920.JPG,DSCF0920.JPG,4Z/104MEDIA,0,Other_Amphibian,0.3626,2595.4,2696.2,2744.7,2854.0
/srv/shared_leopard_toad/2025/Documents/06.10-13.10.2025/4Z/104MEDIA/DSCF0920.JPG,DSCF0920.JPG,4Z/104MEDIA,0,Other_Amphibian,0.2475,2599.1,2695.5,2749.3,2853.6
/srv/shared_leopard_toad/2025/Documents/06.10-13.10.2025/4Z/104MEDIA/DSCF0039.JPG,DSCF0039.JPG,4Z/104MEDIA,0,Other_Amphibian,0.2986,3206.6,2032.4,3320.0,2173.7
/srv/shared_leopard_toad/2025/Documents/06.10-13.10.2025/4Z/104MEDIA/DSCF0039.JPG,DSCF0039.JPG,4Z/104MEDIA,0,Other_Amphibian,0.2951,2634.9,2242.6,2787.2,2405.4
/srv/shared_leopard_toad/2025/Documents/06.10-13.10.2025/4Z/104MEDIA/DSCF0039.JPG,DSCF0039.JPG,4Z/104MEDIA,0,Other_Amphibian,0.2334,3203.6,2033.4,3312.1,2173.5
/srv/shared_leopard_toad/2025/Documents/06.10-13.10.2025/4Z/104MEDIA/DSCF0968.JPG,DSCF0968.JPG,4Z/104MEDIA,0,Other_Amphibian,0.3144,2600.1,2695.2,2744.0,2853.5
/srv/shared_leopard_toad/2025/Documents/06.10-13.10.2025/4Z/104MEDIA/DSCF0968.JPG,DSCF0968.JPG,4Z/104MEDIA,0,Other_Amphibian,0.2090,3149.1,2306.6,3275.3,2445.9
/srv/shared_leopard_toad/2025/Documents/06.10-13.10.2025/4Z/104MEDIA/DSCF0070.JPG,DSCF0070.JPG,4Z/104MEDIA,0,Other_Amphibian,0.5021,2632.2,2238.8,2789.0,2404.4
/srv/shared_leopard_toad/2025/Documents/06.10-13.10.2025/4Z/104MEDIA/DSCF0092.JPG,DSCF0092.JPG,4Z/104MEDIA,0,Other_Amphibian,0.3727,2633.0,2242.1,2791.7,2406.1
/srv/shared_leopard_toad/2025/Documents/06.10-13.10.2025/4Z/104MEDIA/DSCF0100.JPG,DSCF0100.JPG,4Z/104MEDIA,0,Other_Amphibian,0.3253,2630.2,2241.1,2787.4,2405.0
/srv/shared_leopard_toad/2025/Documents/06.10-13.10.2025/4Z/104MEDIA/DSCF0401.JPG,DSCF0401.JPG,4Z/104MEDIA,0,Other_Amphibian,0.3678,3150.9,2301.5,3272.1,2439.1
/srv/shared_leopard_toad/2025/Documents/06.10-13.10.2025/4Z/104MEDIA/DSCF0401.JPG,DSCF0401.JPG,4Z/104MEDIA,0,Other_Amphibian,0.2074,3150.6,2308.5,3282.2,2444.0
/srv/shared_leopard_toad/2025/Documents/06.10-13.10.2025/4Z/104MEDIA/DSCF0948.JPG,DSCF0948.JPG,4Z/104MEDIA,0,Other_Amphibian,0.2775,2603.4,2694.8,2745.1,2853.7
/srv/shared_leopard_toad/2025/Documents/06.10-13.10.2025/4Z/104MEDIA/DSCF0948.JPG,DSCF0948.JPG,4Z/104MEDIA,0,Other_Amphibian,0.2055,3150.0,2305.9,3274.4,2444.1
/srv/shared_leopard_toad/2025/Documents/06.10-13.10.2025/4Z/104MEDIA/DSCF0973.JPG,DSCF0973.JPG,4Z/104MEDIA,0,Other_Amphibian,0.2104,3148.6,2306.8,3271.3,2445.4
/srv/shared_leopard_toad/2025/Documents/06.10-13.10.2025/4Z/104MEDIA/DSCF0599.JPG,DSCF0599.JPG,4Z/104MEDIA,0,Other_Amphibian,0.3265,3148.2,2301.7,3269.3,2439.6
/srv/shared_leopard_toad/2025/Documents/06.10-13.10.2025/4Z/104MEDIA/DSCF0599.JPG,DSCF0599.JPG,4Z/104MEDIA,0,Other_Amphibian,0.2476,3144.4,2304.4,3275.8,2440.6
/srv/shared_leopard_toad/2025/Documents/06.10-13.10.2025/4Z/104MEDIA/DSCF0491.JPG,DSCF0491.JPG,4Z/104MEDIA,0,Other_Amphibian,0.3159,3149.4,2302.8,3271.1,2440.5
/srv/shared_leopard_toad/2025/Documents/06.10-13.10.2025/4Z/104MEDIA/DSCF0600.JPG,DSCF0600.JPG,4Z/104MEDIA,0,Other_Amphibian,0.3128,3149.6,2305.5,3273.5,2441.7
/srv/shared_leopard_toad/2025/Documents/06.10-13.10.2025/4Z/104MEDIA/DSCF0984.JPG,DSCF0984.JPG,4Z/104MEDIA,0,Other_Amphibian,0.2083,3149.9,2306.2,3271.3,2445.9
/srv/shared_leopard_toad/2025/Documents/06.10-13.10.2025/4Z/104MEDIA/DSCF0042.JPG,DSCF0042.JPG,4Z/104MEDIA,0,Other_Amphibian,0.3162,2633.6,2240.5,2790.6,2405.6
/srv/shared_leopard_toad/2025/Documents/06.10-13.10.2025/4Z/104MEDIA/DSCF0042.JPG,DSCF0042.JPG,4Z/104MEDIA,0,Other_Amphibian,0.2004,3209.4,2037.5,3319.9,2175.9
/srv/shared_leopard_toad/2025/Documents/06.10-13.10.2025/4Z/104MEDIA/DSCF0529.JPG,DSCF0529.JPG,4Z/104MEDIA,0,Other_Amphibian,0.3080,3146.8,2301.8,3266.1,2439.6
/srv/shared_leopard_toad/2025/Documents/06.10-13.10.2025/4Z/104MEDIA/DSCF0529.JPG,DSCF0529.JPG,4Z/104MEDIA,0,Other_Amphibian,0.2193,3146.4,2304.9,3277.7,2440.8
/srv/shared_leopard_toad/2025/Documents/06.10-13.10.2025/4Z/104MEDIA/DSCF0010.JPG,DSCF0010.JPG,4Z/104MEDIA,0,Other_Amphibian,0.2578,2690.3,2426.1,2822.4,2556.6
/srv/shared_leopard_toad/2025/Documents/06.10-13.10.2025/4Z/104MEDIA/DSCF0010.JPG,DSCF0010.JPG,4Z/104MEDIA,0,Other_Amphibian,0.2430,2636.7,2241.3,2790.6,2407.7
/srv/shared_leopard_toad/2025/Documents/06.10-13.10.2025/4Z/104MEDIA/DSCF0010.JPG,DSCF0010.JPG,4Z/104MEDIA,0,Other_Amphibian,0.2151,3207.8,2034.8,3319.3,2175.7
/srv/shared_leopard_toad/2025/Documents/06.10-13.10.2025/4Z/104MEDIA/DSCF0835.JPG,DSCF0835.JPG,4Z/104MEDIA,0,Other_Amphibian,0.3183,3148.5,2303.0,3271.5,2441.4
/srv/shared_leopard_toad/2025/Documents/06.10-13.10.2025/4Z/104MEDIA/DSCF0835.JPG,DSCF0835.JPG,4Z/104MEDIA,0,Other_Amphibian,0.3135,2597.7,2694.3,2746.1,2854.4
/srv/shared_leopard_toad/2025/Documents/06.10-13.10.2025/4Z/104MEDIA/DSCF0835.JPG,DSCF0835.JPG,4Z/104MEDIA,0,Other_Amphibian,0.2087,3145.6,2307.5,3278.3,2443.7
/srv/shared_leopard_toad/2025/Documents/06.10-13.10.2025/4Z/104MEDIA/DSCF0348.JPG,DSCF0348.JPG,4Z/104MEDIA,0,Other_Amphibian,0.4478,3147.9,2299.6,3272.1,2439.7
/srv/shared_leopard_toad/2025/Documents/06.10-13.10.2025/4Z/104MEDIA/DSCF0348.JPG,DSCF0348.JPG,4Z/104MEDIA,0,Other_Amphibian,0.2102,3155.9,2308.2,3272.9,2449.2
/srv/shared_leopard_toad/2025/Documents/06.10-13.10.2025/4Z/104MEDIA/DSCF0078.JPG,DSCF0078.JPG,4Z/104MEDIA,0,Other_Amphibian,0.2739,3208.8,2032.7,3322.1,2175.1
/srv/shared_leopard_toad/2025/Documents/06.10-13.10.2025/4Z/104MEDIA/DSCF0078.JPG,DSCF0078.JPG,4Z/104MEDIA,0,Other_Amphibian,0.2598,2635.1,2243.7,2787.8,2406.4
/srv/shared_leopard_toad/2025/Documents/06.10-13.10.2025/4Z/104MEDIA/DSCF0244.JPG,DSCF0244.JPG,4Z/104MEDIA,0,Other_Amphibian,0.4223,3148.3,2299.2,3273.9,2439.3
/srv/shared_leopard_toad/2025/Documents/06.10-13.10.2025/4Z/104MEDIA/DSCF0244.JPG,DSCF0244.JPG,4Z/104MEDIA,0,Other_Amphibian,0.3355,3141.3,2302.0,3277.1,2439.2
/srv/shared_leopard_toad/2025/Documents/06.10-13.10.2025/4Z/104MEDIA/DSCF0217.JPG,DSCF0217.JPG,4Z/104MEDIA,2,Western_Leopard_Toad,0.4758,4588.3,1815.6,5365.3,2864.4
/srv/shared_leopard_toad/2025/Documents/06.10-13.10.2025/4Z/104MEDIA/DSCF0242.JPG,DSCF0242.JPG,4Z/104MEDIA,0,Other_Amphibian,0.3969,3150.4,2302.2,3273.9,2440.7
/srv/shared_leopard_toad/2025/Documents/06.10-13.10.2025/4Z/104MEDIA/DSCF0242.JPG,DSCF0242.JPG,4Z/104MEDIA,0,Other_Amphibian,0.3557,3141.0,2304.5,3275.9,2440.4
/srv/shared_leopard_toad/2025/Documents/06.10-13.10.2025/4Z/104MEDIA/DSCF0094.JPG,DSCF0094.JPG,4Z/104MEDIA,0,Other_Amphibian,0.3093,2633.6,2241.7,2786.7,2404.3
/srv/shared_leopard_toad/2025/Documents/06.10-13.10.2025/4Z/104MEDIA/DSCF0094.JPG,DSCF0094.JPG,4Z/104MEDIA,0,Other_Amphibian,0.2389,3207.2,2035.8,3322.2,2176.9
/srv/shared_leopard_toad/2025/Documents/06.10-13.10.2025/4Z/104MEDIA/DSCF0190.JPG,DSCF0190.JPG,4Z/104MEDIA,2,Western_Leopard_Toad,0.2584,3561.1,1915.0,3853.9,2195.1
/srv/shared_leopard_toad/2025/Documents/06.10-13.10.2025/4Z/104MEDIA/DSCF0383.JPG,DSCF0383.JPG,4Z/104MEDIA,0,Other_Amphibian,0.3249,3150.5,2302.6,3275.1,2440.8
/srv/shared_leopard_toad/2025/Documents/06.10-13.10.2025/4Z/104MEDIA/DSCF0047.JPG,DSCF0047.JPG,4Z/104MEDIA,0,Other_Amphibian,0.4002,2630.0,2241.8,2787.3,2406.1
/srv/shared_leopard_toad/2025/Documents/06.10-13.10.2025/4Z/104MEDIA/DSCF0047.JPG,DSCF0047.JPG,4Z/104MEDIA,0,Other_Amphibian,0.2665,3208.0,2034.0,3319.3,2174.3
/srv/shared_leopard_toad/2025/Documents/06.10-13.10.2025/4Z/104MEDIA/DSCF0213.JPG,DSCF0213.JPG,4Z/104MEDIA,2,Western_Leopard_Toad,0.4077,4608.0,1685.2,5365.9,2864.9
/srv/shared_leopard_toad/2025/Documents/06.10-13.10.2025/4Z/104MEDIA/DSCF0213.JPG,DSCF0213.JPG,4Z/104MEDIA,2,Western_Leopard_Toad,0.3617,3565.4,1915.3,3855.6,2191.4
/srv/shared_leopard_toad/2025/Documents/06.10-13.10.2025/4Z/104MEDIA/DSCF0935.JPG,DSCF0935.JPG,4Z/104MEDIA,0,Other_Amphibian,0.2074,3149.0,2305.4,3276.3,2446.8
/srv/shared_leopard_toad/2025/Documents/06.10-13.10.2025/4Z/104MEDIA/DSCF0631.JPG,DSCF0631.JPG,4Z/104MEDIA,0,Other_Amphibian,0.2105,3148.7,2307.7,3268.6,2442.5
/srv/shared_leopard_toad/2025/Documents/06.10-13.10.2025/4Z/104MEDIA/DSCF0055.JPG,DSCF0055.JPG,4Z/104MEDIA,0,Other_Amphibian,0.3321,2630.1,2241.6,2790.5,2411.9
/srv/shared_leopard_toad/2025/Documents/06.10-13.10.2025/4Z/104MEDIA/DSCF0055.JPG,DSCF0055.JPG,4Z/104MEDIA,0,Other_Amphibian,0.2451,3204.3,2034.9,3316.6,2175.1
/srv/shared_leopard_toad/2025/Documents/06.10-13.10.2025/4Z/104MEDIA/DSCF0055.JPG,DSCF0055.JPG,4Z/104MEDIA,0,Other_Amphibian,0.2182,3201.5,2035.5,3309.8,2176.1
/srv/shared_leopard_toad/2025/Documents/06.10-13.10.2025/4Z/104MEDIA/DSCF0400.JPG,DSCF0400.JPG,4Z/104MEDIA,0,Other_Amphibian,0.3783,3147.1,2303.3,3268.6,2439.3
/srv/shared_leopard_toad/2025/Documents/06.10-13.10.2025/4Z/104MEDIA/DSCF0400.JPG,DSCF0400.JPG,4Z/104MEDIA,0,Other_Amphibian,0.2922,3143.3,2305.5,3276.8,2439.7
/srv/shared_leopard_toad/2025/Documents/06.10-13.10.2025/4Z/104MEDIA/DSCF0926.JPG,DSCF0926.JPG,4Z/104MEDIA,0,Other_Amphibian,0.3776,2598.9,2694.7,2746.6,2854.5
/srv/shared_leopard_toad/2025/Documents/06.10-13.10.2025/4Z/104MEDIA/DSCF0926.JPG,DSCF0926.JPG,4Z/104MEDIA,0,Other_Amphibian,0.2479,2599.5,2694.2,2747.3,2853.9
/srv/shared_leopard_toad/2025/Documents/06.10-13.10.2025/4Z/104MEDIA/DSCF0658.JPG,DSCF0658.JPG,4Z/104MEDIA,0,Other_Amphibian,0.2478,3151.4,2304.2,3273.4,2443.2
/srv/shared_leopard_toad/2025/Documents/06.10-13.10.2025/4Z/104MEDIA/DSCF0658.JPG,DSCF0658.JPG,4Z/104MEDIA,0,Other_Amphibian,0.2474,2600.5,2693.4,2744.2,2853.7
/srv/shared_leopard_toad/2025/Documents/06.10-13.10.2025/4Z/104MEDIA/DSCF0606.JPG,DSCF0606.JPG,4Z/104MEDIA,0,Other_Amphibian,0.3715,3147.4,2300.2,3267.9,2439.6
/srv/shared_leopard_toad/2025/Documents/06.10-13.10.2025/4Z/104MEDIA/DSCF0064.JPG,DSCF0064.JPG,4Z/104MEDIA,0,Other_Amphibian,0.2914,3206.3,2035.1,3319.8,2174.3
/srv/shared_leopard_toad/2025/Documents/06.10-13.10.2025/4Z/104MEDIA/DSCF0064.JPG,DSCF0064.JPG,4Z/104MEDIA,0,Other_Amphibian,0.2614,3206.1,2034.2,3315.3,2173.4
/srv/shared_leopard_toad/2025/Documents/06.10-13.10.2025/4Z/104MEDIA/DSCF0064.JPG,DSCF0064.JPG,4Z/104MEDIA,0,Other_Amphibian,0.2505,2633.3,2243.0,2787.6,2406.5
/srv/shared_leopard_toad/2025/Documents/06.10-13.10.2025/4Z/104MEDIA/DSCF0351.JPG,DSCF0351.JPG,4Z/104MEDIA,0,Other_Amphibian,0.3484,3149.0,2302.5,3270.1,2440.4
/srv/shared_leopard_toad/2025/Documents/06.10-13.10.2025/4Z/104MEDIA/DSCF0351.JPG,DSCF0351.JPG,4Z/104MEDIA,0,Other_Amphibian,0.2436,3147.8,2306.6,3279.1,2442.1
/srv/shared_leopard_toad/2025/Documents/06.10-13.10.2025/4Z/104MEDIA/DSCF0225.JPG,DSCF0225.JPG,4Z/104MEDIA,2,Western_Leopard_Toad,0.6887,4595.0,1683.7,5367.2,2864.9
/srv/shared_leopard_toad/2025/Documents/06.10-13.10.2025/4Z/104MEDIA/DSCF0354.JPG,DSCF0354.JPG,4Z/104MEDIA,0,Other_Amphibian,0.4348,3150.5,2300.6,3272.9,2439.3
/srv/shared_leopard_toad/2025/Documents/06.10-13.10.2025/4Z/104MEDIA/DSCF0354.JPG,DSCF0354.JPG,4Z/104MEDIA,0,Other_Amphibian,0.3745,3145.6,2301.8,3278.2,2438.5
/srv/shared_leopard_toad/2025/Documents/06.10-13.10.2025/4Z/104MEDIA/DSCF0354.JPG,DSCF0354.JPG,4Z/104MEDIA,0,Other_Amphibian,0.2025,3152.8,2307.6,3269.6,2447.9
/srv/shared_leopard_toad/2025/Documents/06.10-13.10.2025/4Z/104MEDIA/DSCF0272.JPG,DSCF0272.JPG,4Z/104MEDIA,0,Other_Amphibian,0.4865,3150.5,2299.4,3275.3,2439.9
/srv/shared_leopard_toad/2025/Documents/06.10-13.10.2025/4Z/104MEDIA/DSCF0272.JPG,DSCF0272.JPG,4Z/104MEDIA,0,Other_Amphibian,0.4562,3142.1,2301.5,3277.8,2439.6
/srv/shared_leopard_toad/2025/Documents/06.10-13.10.2025/4Z/104MEDIA/DSCF0459.JPG,DSCF0459.JPG,4Z/104MEDIA,0,Other_Amphibian,0.4369,3148.4,2299.4,3271.3,2438.5
/srv/shared_leopard_toad/2025/Documents/06.10-13.10.2025/4Z/104MEDIA/DSCF0459.JPG,DSCF0459.JPG,4Z/104MEDIA,0,Other_Amphibian,0.2712,3146.8,2304.8,3279.6,2441.5
/srv/shared_leopard_toad/2025/Documents/06.10-13.10.2025/4Z/104MEDIA/DSCF0620.JPG,DSCF0620.JPG,4Z/104MEDIA,0,Other_Amphibian,0.3389,3149.4,2302.5,3273.9,2441.1
/srv/shared_leopard_toad/2025/Documents/06.10-13.10.2025/4Z/104MEDIA/DSCF0620.JPG,DSCF0620.JPG,4Z/104MEDIA,0,Other_Amphibian,0.3146,2600.6,2692.7,2747.0,2853.7
/srv/shared_leopard_toad/2025/Documents/06.10-13.10.2025/4Z/104MEDIA/DSCF0746.JPG,DSCF0746.JPG,4Z/104MEDIA,0,Other_Amphibian,0.3039,3147.6,2304.4,3271.0,2442.1
/srv/shared_leopard_toad/2025/Documents/06.10-13.10.2025/4Z/104MEDIA/DSCF0746.JPG,DSCF0746.JPG,4Z/104MEDIA,0,Other_Amphibian,0.2860,2597.0,2693.3,2745.4,2854.3
/srv/shared_leopard_toad/2025/Documents/06.10-13.10.2025/4Z/104MEDIA/DSCF0763.JPG,DSCF0763.JPG,4Z/104MEDIA,0,Other_Amphibian,0.2801,3148.0,2304.4,3271.2,2442.6
/srv/shared_leopard_toad/2025/Documents/06.10-13.10.2025/4Z/104MEDIA/DSCF0763.JPG,DSCF0763.JPG,4Z/104MEDIA,0,Other_Amphibian,0.2033,2597.5,2692.7,2746.5,2854.5
/srv/shared_leopard_toad/2025/Documents/06.10-13.10.2025/4Z/104MEDIA/DSCF0224.JPG,DSCF0224.JPG,4Z/104MEDIA,2,Western_Leopard_Toad,0.7496,4609.0,1732.4,5372.1,2864.3
/srv/shared_leopard_toad/2025/Documents/06.10-13.10.2025/4Z/104MEDIA/DSCF0591.JPG,DSCF0591.JPG,4Z/104MEDIA,0,Other_Amphibian,0.3039,3148.9,2301.2,3271.7,2440.2
/srv/shared_leopard_toad/2025/Documents/06.10-13.10.2025/4Z/104MEDIA/DSCF0081.JPG,DSCF0081.JPG,4Z/104MEDIA,0,Other_Amphibian,0.2819,2637.5,2242.7,2788.8,2406.1
/srv/shared_leopard_toad/2025/Documents/06.10-13.10.2025/4Z/104MEDIA/DSCF0081.JPG,DSCF0081.JPG,4Z/104MEDIA,0,Other_Amphibian,0.2209,3208.0,2036.4,3322.1,2176.8
/srv/shared_leopard_toad/2025/Documents/06.10-13.10.2025/4Z/104MEDIA/DSCF0016.JPG,DSCF0016.JPG,4Z/104MEDIA,0,Other_Amphibian,0.3080,2633.6,2240.7,2789.9,2403.2
/srv/shared_leopard_toad/2025/Documents/06.10-13.10.2025/4Z/104MEDIA/DSCF0016.JPG,DSCF0016.JPG,4Z/104MEDIA,0,Other_Amphibian,0.2325,3210.3,2036.0,3323.2,2176.3
/srv/shared_leopard_toad/2025/Documents/06.10-13.10.2025/4Z/104MEDIA/DSCF0241.JPG,DSCF0241.JPG,4Z/104MEDIA,0,Other_Amphibian,0.3667,3149.9,2303.3,3271.5,2441.6
/srv/shared_leopard_toad/2025/Documents/06.10-13.10.2025/4Z/104MEDIA/DSCF0241.JPG,DSCF0241.JPG,4Z/104MEDIA,0,Other_Amphibian,0.2931,3143.5,2304.0,3277.6,2439.2
/srv/shared_leopard_toad/2025/Documents/06.10-13.10.2025/4Z/104MEDIA/DSCF0101.JPG,DSCF0101.JPG,4Z/104MEDIA,0,Other_Amphibian,0.2548,2634.5,2242.5,2786.3,2405.3
/srv/shared_leopard_toad/2025/Documents/06.10-13.10.2025/4Z/104MEDIA/DSCF0029.JPG,DSCF0029.JPG,4Z/104MEDIA,0,Other_Amphibian,0.2615,3207.4,2032.5,3321.2,2175.4
/srv/shared_leopard_toad/2025/Documents/06.10-13.10.2025/4Z/104MEDIA/DSCF0029.JPG,DSCF0029.JPG,4Z/104MEDIA,0,Other_Amphibian,0.2544,2630.8,2241.5,2790.1,2408.3
/srv/shared_leopard_toad/2025/Documents/06.10-13.10.2025/4Z/104MEDIA/DSCF0728.JPG,DSCF0728.JPG,4Z/104MEDIA,0,Other_Amphibian,0.3139,2601.0,2693.4,2745.7,2853.6
/srv/shared_leopard_toad/2025/Documents/06.10-13.10.2025/4Z/104MEDIA/DSCF0728.JPG,DSCF0728.JPG,4Z/104MEDIA,0,Other_Amphibian,0.2319,3148.6,2306.7,3268.0,2444.8
/srv/shared_leopard_toad/2025/Documents/06.10-13.10.2025/4Z/104MEDIA/DSCF0664.JPG,DSCF0664.JPG,4Z/104MEDIA,0,Other_Amphibian,0.2858,2602.6,2694.1,2746.8,2853.4
/srv/shared_leopard_toad/2025/Documents/06.10-13.10.2025/4Z/104MEDIA/DSCF0468.JPG,DSCF0468.JPG,4Z/104MEDIA,0,Other_Amphibian,0.4369,3148.1,2301.2,3269.6,2438.9
/srv/shared_leopard_toad/2025/Documents/06.10-13.10.2025/4Z/104MEDIA/DSCF0468.JPG,DSCF0468.JPG,4Z/104MEDIA,0,Other_Amphibian,0.2495,3146.9,2306.8,3278.9,2442.4
/srv/shared_leopard_toad/2025/Documents/06.10-13.10.2025/4Z/104MEDIA/DSCF0468.JPG,DSCF0468.JPG,4Z/104MEDIA,0,Other_Amphibian,0.2354,3146.3,2307.4,3261.5,2445.9
/srv/shared_leopard_toad/2025/Documents/06.10-13.10.2025/4Z/104MEDIA/DSCF0105.JPG,DSCF0105.JPG,4Z/104MEDIA,0,Other_Amphibian,0.2304,2633.9,2240.0,2787.3,2405.1
/srv/shared_leopard_toad/2025/Documents/06.10-13.10.2025/4Z/104MEDIA/DSCF0865.JPG,DSCF0865.JPG,4Z/104MEDIA,0,Other_Amphibian,0.2972,2603.9,2696.1,2745.8,2853.2
/srv/shared_leopard_toad/2025/Documents/06.10-13.10.2025/4Z/104MEDIA/DSCF0865.JPG,DSCF0865.JPG,4Z/104MEDIA,0,Other_Amphibian,0.2731,3147.2,2306.2,3272.1,2444.9
/srv/shared_leopard_toad/2025/Documents/06.10-13.10.2025/4Z/104MEDIA/DSCF0085.JPG,DSCF0085.JPG,4Z/104MEDIA,0,Other_Amphibian,0.2687,3207.7,2034.1,3321.1,2174.4
/srv/shared_leopard_toad/2025/Documents/06.10-13.10.2025/4Z/104MEDIA/DSCF0085.JPG,DSCF0085.JPG,4Z/104MEDIA,0,Other_Amphibian,0.2339,2642.7,2242.2,2791.4,2405.6
/srv/shared_leopard_toad/2025/Documents/06.10-13.10.2025/4Z/104MEDIA/DSCF0808.JPG,DSCF0808.JPG,4Z/104MEDIA,0,Other_Amphibian,0.3531,2597.0,2696.6,2746.0,2854.3
/srv/shared_leopard_toad/2025/Documents/06.10-13.10.2025/4Z/104MEDIA/DSCF0808.JPG,DSCF0808.JPG,4Z/104MEDIA,0,Other_Amphibian,0.3128,2598.8,2695.6,2750.9,2853.9
/srv/shared_leopard_toad/2025/Documents/06.10-13.10.2025/4Z/104MEDIA/DSCF0808.JPG,DSCF0808.JPG,4Z/104MEDIA,0,Other_Amphibian,0.2118,3150.6,2308.7,3275.0,2447.3
/srv/shared_leopard_toad/2025/Documents/06.10-13.10.2025/4Z/104MEDIA/DSCF0987.JPG,DSCF0987.JPG,4Z/104MEDIA,0,Other_Amphibian,0.3139,2596.6,2694.1,2746.4,2854.4
/srv/shared_leopard_toad/2025/Documents/06.10-13.10.2025/4Z/104MEDIA/DSCF0987.JPG,DSCF0987.JPG,4Z/104MEDIA,0,Other_Amphibian,0.2240,3149.8,2308.3,3275.0,2446.8
/srv/shared_leopard_toad/2025/Documents/06.10-13.10.2025/4Z/104MEDIA/DSCF0987.JPG,DSCF0987.JPG,4Z/104MEDIA,0,Other_Amphibian,0.2157,2593.8,2693.5,2741.9,2853.5
/srv/shared_leopard_toad/2025/Documents/06.10-13.10.2025/4Z/104MEDIA/DSCF0027.JPG,DSCF0027.JPG,4Z/104MEDIA,0,Other_Amphibian,0.3099,2635.0,2241.5,2788.3,2405.5
/srv/shared_leopard_toad/2025/Documents/06.10-13.10.2025/4Z/104MEDIA/DSCF0800.JPG,DSCF0800.JPG,4Z/104MEDIA,0,Other_Amphibian,0.3200,3145.8,2304.2,3269.1,2442.3
/srv/shared_leopard_toad/2025/Documents/06.10-13.10.2025/4Z/104MEDIA/DSCF0367.JPG,DSCF0367.JPG,4Z/104MEDIA,0,Other_Amphibian,0.3414,3150.4,2301.5,3272.2,2439.3
/srv/shared_leopard_toad/2025/Documents/06.10-13.10.2025/4Z/104MEDIA/DSCF0367.JPG,DSCF0367.JPG,4Z/104MEDIA,0,Other_Amphibian,0.2294,3150.3,2306.0,3281.5,2441.9
/srv/shared_leopard_toad/2025/Documents/06.10-13.10.2025/4Z/104MEDIA/DSCF0832.JPG,DSCF0832.JPG,4Z/104MEDIA,0,Other_Amphibian,0.2396,2602.5,2691.8,2744.7,2853.7
/srv/shared_leopard_toad/2025/Documents/06.10-13.10.2025/4Z/104MEDIA/DSCF0832.JPG,DSCF0832.JPG,4Z/104MEDIA,0,Other_Amphibian,0.2311,3153.0,2306.9,3272.3,2443.9
/srv/shared_leopard_toad/2025/Documents/06.10-13.10.2025/4Z/104MEDIA/DSCF0331.JPG,DSCF0331.JPG,4Z/104MEDIA,0,Other_Amphibian,0.3693,3151.7,2302.2,3270.9,2442.6
/srv/shared_leopard_toad/2025/Documents/06.10-13.10.2025/4Z/104MEDIA/DSCF0331.JPG,DSCF0331.JPG,4Z/104MEDIA,0,Other_Amphibian,0.3204,3141.2,2304.5,3274.0,2442.3
/srv/shared_leopard_toad/2025/Documents/06.10-13.10.2025/4Z/104MEDIA/DSCF0082.JPG,DSCF0082.JPG,4Z/104MEDIA,0,Other_Amphibian,0.2749,2629.6,2242.4,2787.1,2405.4
/srv/shared_leopard_toad/2025/Documents/06.10-13.10.2025/4Z/104MEDIA/DSCF0990.JPG,DSCF0990.JPG,4Z/104MEDIA,0,Other_Amphibian,0.2923,3144.6,2303.6,3268.0,2444.3
/srv/shared_leopard_toad/2025/Documents/06.10-13.10.2025/4Z/104MEDIA/DSCF0789.JPG,DSCF0789.JPG,4Z/104MEDIA,0,Other_Amphibian,0.2642,3149.6,2305.1,3268.4,2442.2
/srv/shared_leopard_toad/2025/Documents/06.10-13.10.2025/4Z/104MEDIA/DSCF0789.JPG,DSCF0789.JPG,4Z/104MEDIA,0,Other_Amphibian,0.2588,2610.0,2693.8,2747.8,2853.0
/srv/shared_leopard_toad/2025/Documents/06.10-13.10.2025/4Z/104MEDIA/DSCF0941.JPG,DSCF0941.JPG,4Z/104MEDIA,0,Other_Amphibian,0.2627,2598.9,2694.8,2745.3,2854.6
/srv/shared_leopard_toad/2025/Documents/06.10-13.10.2025/4Z/104MEDIA/DSCF0602.JPG,DSCF0602.JPG,4Z/104MEDIA,0,Other_Amphibian,0.3639,3146.6,2302.2,3271.4,2439.8
/srv/shared_leopard_toad/2025/Documents/06.10-13.10.2025/4Z/104MEDIA/DSCF0602.JPG,DSCF0602.JPG,4Z/104MEDIA,0,Other_Amphibian,0.2847,3147.4,2304.5,3278.4,2440.5
/srv/shared_leopard_toad/2025/Documents/06.10-13.10.2025/4Z/104MEDIA/DSCF0688.JPG,DSCF0688.JPG,4Z/104MEDIA,0,Other_Amphibian,0.3316,3147.7,2303.2,3270.7,2441.1
/srv/shared_leopard_toad/2025/Documents/06.10-13.10.2025/4Z/104MEDIA/DSCF0688.JPG,DSCF0688.JPG,4Z/104MEDIA,0,Other_Amphibian,0.2299,2602.7,2693.8,2748.8,2852.5
/srv/shared_leopard_toad/2025/Documents/06.10-13.10.2025/4Z/104MEDIA/DSCF0347.JPG,DSCF0347.JPG,4Z/104MEDIA,0,Other_Amphibian,0.3579,3150.7,2301.9,3269.8,2440.1
/srv/shared_leopard_toad/2025/Documents/06.10-13.10.2025/4Z/104MEDIA/DSCF0347.JPG,DSCF0347.JPG,4Z/104MEDIA,0,Other_Amphibian,0.3286,3142.0,2304.2,3275.2,2440.9
/srv/shared_leopard_toad/2025/Documents/06.10-13.10.2025/4Z/104MEDIA/DSCF0357.JPG,DSCF0357.JPG,4Z/104MEDIA,0,Other_Amphibian,0.4173,3148.8,2301.6,3271.1,2439.0
/srv/shared_leopard_toad/2025/Documents/06.10-13.10.2025/4Z/104MEDIA/DSCF0357.JPG,DSCF0357.JPG,4Z/104MEDIA,0,Other_Amphibian,0.3555,3139.3,2304.2,3273.5,2440.3
/srv/shared_leopard_toad/2025/Documents/06.10-13.10.2025/4Z/104MEDIA/DSCF0357.JPG,DSCF0357.JPG,4Z/104MEDIA,0,Other_Amphibian,0.2311,3143.2,2307.8,3260.4,2445.5
/srv/shared_leopard_toad/2025/Documents/06.10-13.10.2025/4Z/104MEDIA/DSCF0843.JPG,DSCF0843.JPG,4Z/104MEDIA,0,Other_Amphibian,0.2971,2595.6,2694.9,2745.0,2854.5
/srv/shared_leopard_toad/2025/Documents/06.10-13.10.2025/4Z/104MEDIA/DSCF0843.JPG,DSCF0843.JPG,4Z/104MEDIA,0,Other_Amphibian,0.2829,3149.3,2303.0,3267.6,2441.9
/srv/shared_leopard_toad/2025/Documents/06.10-13.10.2025/4Z/104MEDIA/DSCF0309.JPG,DSCF0309.JPG,4Z/104MEDIA,0,Other_Amphibian,0.3802,3150.6,2301.0,3274.3,2440.1
/srv/shared_leopard_toad/2025/Documents/06.10-13.10.2025/4Z/104MEDIA/DSCF0309.JPG,DSCF0309.JPG,4Z/104MEDIA,0,Other_Amphibian,0.3551,3142.2,2302.4,3276.7,2439.2
/srv/shared_leopard_toad/2025/Documents/06.10-13.10.2025/4Z/104MEDIA/DSCF0497.JPG,DSCF0497.JPG,4Z/104MEDIA,0,Other_Amphibian,0.4225,3149.5,2301.2,3270.8,2440.0
/srv/shared_leopard_toad/2025/Documents/06.10-13.10.2025/4Z/104MEDIA/DSCF0497.JPG,DSCF0497.JPG,4Z/104MEDIA,0,Other_Amphibian,0.3707,3139.9,2304.2,3272.6,2441.4
/srv/shared_leopard_toad/2025/Documents/06.10-13.10.2025/4Z/104MEDIA/DSCF0497.JPG,DSCF0497.JPG,4Z/104MEDIA,0,Other_Amphibian,0.2102,3147.6,2308.8,3261.8,2447.9
/srv/shared_leopard_toad/2025/Documents/06.10-13.10.2025/4Z/104MEDIA/DSCF0340.JPG,DSCF0340.JPG,4Z/104MEDIA,0,Other_Amphibian,0.3913,3148.4,2300.9,3268.6,2440.4
/srv/shared_leopard_toad/2025/Documents/06.10-13.10.2025/4Z/104MEDIA/DSCF0340.JPG,DSCF0340.JPG,4Z/104MEDIA,0,Other_Amphibian,0.2178,3147.3,2306.8,3278.6,2443.7
/srv/shared_leopard_toad/2025/Documents/06.10-13.10.2025/4Z/104MEDIA/DSCF0340.JPG,DSCF0340.JPG,4Z/104MEDIA,0,Other_Amphibian,0.2040,3147.3,2308.5,3261.2,2448.9
/srv/shared_leopard_toad/2025/Documents/06.10-13.10.2025/4Z/104MEDIA/DSCF0611.JPG,DSCF0611.JPG,4Z/104MEDIA,0,Other_Amphibian,0.2992,3150.1,2303.7,3272.9,2440.3
/srv/shared_leopard_toad/2025/Documents/06.10-13.10.2025/4Z/104MEDIA/DSCF0460.JPG,DSCF0460.JPG,4Z/104MEDIA,0,Other_Amphibian,0.3242,3151.8,2303.7,3273.4,2439.9
/srv/shared_leopard_toad/2025/Documents/06.10-13.10.2025/4Z/104MEDIA/DSCF0855.JPG,DSCF0855.JPG,4Z/104MEDIA,0,Other_Amphibian,0.2115,3140.7,2305.6,3260.8,2443.3
/srv/shared_leopard_toad/2025/Documents/06.10-13.10.2025/4Z/104MEDIA/DSCF0024.JPG,DSCF0024.JPG,4Z/104MEDIA,0,Other_Amphibian,0.3328,2634.6,2241.7,2789.6,2406.8
/srv/shared_leopard_toad/2025/Documents/06.10-13.10.2025/4Z/104MEDIA/DSCF0024.JPG,DSCF0024.JPG,4Z/104MEDIA,0,Other_Amphibian,0.2167,3210.1,2036.9,3323.8,2178.8
/srv/shared_leopard_toad/2025/Documents/06.10-13.10.2025/4Z/104MEDIA/DSCF0852.JPG,DSCF0852.JPG,4Z/104MEDIA,0,Other_Amphibian,0.2143,3153.0,2307.7,3271.5,2444.6
/srv/shared_leopard_toad/2025/Documents/06.10-13.10.2025/4Z/104MEDIA/DSCF0318.JPG,DSCF0318.JPG,4Z/104MEDIA,0,Other_Amphibian,0.4195,3151.0,2301.2,3270.7,2438.9
/srv/shared_leopard_toad/2025/Documents/06.10-13.10.2025/4Z/104MEDIA/DSCF0318.JPG,DSCF0318.JPG,4Z/104MEDIA,0,Other_Amphibian,0.3769,3142.9,2303.0,3275.2,2438.6
/srv/shared_leopard_toad/2025/Documents/06.10-13.10.2025/4Z/104MEDIA/DSCF0939.JPG,DSCF0939.JPG,4Z/104MEDIA,0,Other_Amphibian,0.2907,2602.1,2695.8,2745.5,2854.1
/srv/shared_leopard_toad/2025/Documents/06.10-13.10.2025/4Z/104MEDIA/DSCF0939.JPG,DSCF0939.JPG,4Z/104MEDIA,0,Other_Amphibian,0.2071,3151.4,2309.1,3273.1,2447.0
/srv/shared_leopard_toad/2025/Documents/06.10-13.10.2025/4Z/104MEDIA/DSCF0392.JPG,DSCF0392.JPG,4Z/104MEDIA,0,Other_Amphibian,0.3247,3149.9,2302.5,3272.2,2440.0
/srv/shared_leopard_toad/2025/Documents/06.10-13.10.2025/4Z/104MEDIA/DSCF0493.JPG,DSCF0493.JPG,4Z/104MEDIA,0,Other_Amphibian,0.3826,3147.4,2301.0,3271.8,2440.3
/srv/shared_leopard_toad/2025/Documents/06.10-13.10.2025/4Z/104MEDIA/DSCF0493.JPG,DSCF0493.JPG,4Z/104MEDIA,0,Other_Amphibian,0.2074,3148.1,2308.0,3281.9,2445.0
/srv/shared_leopard_toad/2025/Documents/06.10-13.10.2025/4Z/104MEDIA/DSCF0617.JPG,DSCF0617.JPG,4Z/104MEDIA,0,Other_Amphibian,0.2910,2601.6,2693.6,2747.7,2853.6
/srv/shared_leopard_toad/2025/Documents/06.10-13.10.2025/4Z/104MEDIA/DSCF0671.JPG,DSCF0671.JPG,4Z/104MEDIA,0,Other_Amphibian,0.2975,3150.9,2303.8,3274.2,2441.5
/srv/shared_leopard_toad/2025/Documents/06.10-13.10.2025/4Z/104MEDIA/DSCF0671.JPG,DSCF0671.JPG,4Z/104MEDIA,0,Other_Amphibian,0.2014,2596.8,2692.5,2748.2,2854.7
/srv/shared_leopard_toad/2025/Documents/06.10-13.10.2025/4Z/104MEDIA/DSCF0328.JPG,DSCF0328.JPG,4Z/104MEDIA,0,Other_Amphibian,0.3581,3150.2,2302.3,3274.5,2441.9
/srv/shared_leopard_toad/2025/Documents/06.10-13.10.2025/4Z/104MEDIA/DSCF0328.JPG,DSCF0328.JPG,4Z/104MEDIA,0,Other_Amphibian,0.2673,3144.1,2304.4,3278.4,2441.3
/srv/shared_leopard_toad/2025/Documents/06.10-13.10.2025/4Z/104MEDIA/DSCF0226.JPG,DSCF0226.JPG,4Z/104MEDIA,2,Western_Leopard_Toad,0.4386,4616.4,1683.1,5369.2,2809.4
/srv/shared_leopard_toad/2025/Documents/06.10-13.10.2025/4Z/104MEDIA/DSCF0310.JPG,DSCF0310.JPG,4Z/104MEDIA,0,Other_Amphibian,0.3339,3150.7,2301.9,3270.9,2440.6
/srv/shared_leopard_toad/2025/Documents/06.10-13.10.2025/4Z/104MEDIA/DSCF0310.JPG,DSCF0310.JPG,4Z/104MEDIA,0,Other_Amphibian,0.2616,3145.2,2305.3,3276.7,2441.0
/srv/shared_leopard_toad/2025/Documents/06.10-13.10.2025/4Z/104MEDIA/DSCF0374.JPG,DSCF0374.JPG,4Z/104MEDIA,0,Other_Amphibian,0.3877,3149.7,2301.8,3272.6,2440.1
/srv/shared_leopard_toad/2025/Documents/06.10-13.10.2025/4Z/104MEDIA/DSCF0374.JPG,DSCF0374.JPG,4Z/104MEDIA,0,Other_Amphibian,0.3001,3144.3,2304.8,3279.2,2440.1
/srv/shared_leopard_toad/2025/Documents/06.10-13.10.2025/4Z/104MEDIA/DSCF0371.JPG,DSCF0371.JPG,4Z/104MEDIA,0,Other_Amphibian,0.3219,3151.1,2303.4,3269.8,2441.1
/srv/shared_leopard_toad/2025/Documents/06.10-13.10.2025/4Z/104MEDIA/DSCF0371.JPG,DSCF0371.JPG,4Z/104MEDIA,0,Other_Amphibian,0.2707,3141.8,2305.5,3273.8,2440.7
/srv/shared_leopard_toad/2025/Documents/06.10-13.10.2025/4Z/104MEDIA/DSCF0317.JPG,DSCF0317.JPG,4Z/104MEDIA,0,Other_Amphibian,0.3783,3150.9,2303.4,3273.9,2441.7
/srv/shared_leopard_toad/2025/Documents/06.10-13.10.2025/4Z/104MEDIA/DSCF0317.JPG,DSCF0317.JPG,4Z/104MEDIA,0,Other_Amphibian,0.3223,3141.0,2304.5,3275.6,2440.1
/srv/shared_leopard_toad/2025/Documents/06.10-13.10.2025/4Z/104MEDIA/DSCF0210.JPG,DSCF0210.JPG,4Z/104MEDIA,2,Western_Leopard_Toad,0.4387,3564.5,1912.9,3856.4,2191.8
/srv/shared_leopard_toad/2025/Documents/06.10-13.10.2025/4Z/104MEDIA/DSCF0210.JPG,DSCF0210.JPG,4Z/104MEDIA,2,Western_Leopard_Toad,0.3535,4588.5,1785.6,5363.4,2861.2
/srv/shared_leopard_toad/2025/Documents/06.10-13.10.2025/4Z/104MEDIA/DSCF0234.JPG,DSCF0234.JPG,4Z/104MEDIA,0,Other_Amphibian,0.2868,3149.5,2301.2,3272.1,2439.4
/srv/shared_leopard_toad/2025/Documents/06.10-13.10.2025/4Z/104MEDIA/DSCF0234.JPG,DSCF0234.JPG,4Z/104MEDIA,0,Other_Amphibian,0.2218,3146.0,2303.4,3277.8,2439.0
/srv/shared_leopard_toad/2025/Documents/06.10-13.10.2025/4Z/104MEDIA/DSCF0893.JPG,DSCF0893.JPG,4Z/104MEDIA,0,Other_Amphibian,0.2645,3148.7,2304.0,3272.7,2444.5
/srv/shared_leopard_toad/2025/Documents/06.10-13.10.2025/4Z/104MEDIA/DSCF0893.JPG,DSCF0893.JPG,4Z/104MEDIA,0,Other_Amphibian,0.2570,2598.4,2694.9,2744.3,2854.3
/srv/shared_leopard_toad/2025/Documents/06.10-13.10.2025/4Z/104MEDIA/DSCF0860.JPG,DSCF0860.JPG,4Z/104MEDIA,0,Other_Amphibian,0.2415,3148.7,2305.0,3271.3,2442.5
/srv/shared_leopard_toad/2025/Documents/06.10-13.10.2025/4Z/104MEDIA/DSCF0860.JPG,DSCF0860.JPG,4Z/104MEDIA,0,Other_Amphibian,0.2057,2599.5,2694.0,2745.1,2854.7
/srv/shared_leopard_toad/2025/Documents/06.10-13.10.2025/4Z/104MEDIA/DSCF0465.JPG,DSCF0465.JPG,4Z/104MEDIA,0,Other_Amphibian,0.3724,3145.9,2301.9,3271.8,2441.2
/srv/shared_leopard_toad/2025/Documents/06.10-13.10.2025/4Z/104MEDIA/DSCF0604.JPG,DSCF0604.JPG,4Z/104MEDIA,0,Other_Amphibian,0.4121,3147.9,2302.2,3271.4,2441.2
/srv/shared_leopard_toad/2025/Documents/06.10-13.10.2025/4Z/104MEDIA/DSCF0604.JPG,DSCF0604.JPG,4Z/104MEDIA,0,Other_Amphibian,0.2083,3148.8,2310.4,3264.3,2451.0
/srv/shared_leopard_toad/2025/Documents/06.10-13.10.2025/4Z/104MEDIA/DSCF0270.JPG,DSCF0270.JPG,4Z/104MEDIA,0,Other_Amphibian,0.3056,3150.5,2304.0,3276.7,2442.8
/srv/shared_leopard_toad/2025/Documents/06.10-13.10.2025/4Z/104MEDIA/DSCF0270.JPG,DSCF0270.JPG,4Z/104MEDIA,0,Other_Amphibian,0.2439,3145.7,2305.1,3279.9,2441.4
/srv/shared_leopard_toad/2025/Documents/06.10-13.10.2025/4Z/104MEDIA/DSCF0090.JPG,DSCF0090.JPG,4Z/104MEDIA,0,Other_Amphibian,0.3083,2637.0,2241.9,2790.0,2405.4
/srv/shared_leopard_toad/2025/Documents/06.10-13.10.2025/4Z/104MEDIA/DSCF0450.JPG,DSCF0450.JPG,4Z/104MEDIA,0,Other_Amphibian,0.2902,3150.2,2305.8,3271.7,2441.9
/srv/shared_leopard_toad/2025/Documents/06.10-13.10.2025/4Z/104MEDIA/DSCF0450.JPG,DSCF0450.JPG,4Z/104MEDIA,0,Other_Amphibian,0.2027,3146.3,2308.5,3279.0,2442.7
/srv/shared_leopard_toad/2025/Documents/06.10-13.10.2025/4Z/104MEDIA/DSCF0677.JPG,DSCF0677.JPG,4Z/104MEDIA,0,Other_Amphibian,0.3361,3146.5,2304.5,3272.5,2440.7
/srv/shared_leopard_toad/2025/Documents/06.10-13.10.2025/4Z/104MEDIA/DSCF0677.JPG,DSCF0677.JPG,4Z/104MEDIA,0,Other_Amphibian,0.2642,2599.6,2693.8,2746.8,2853.5
/srv/shared_leopard_toad/2025/Documents/06.10-13.10.2025/4Z/104MEDIA/DSCF0884.JPG,DSCF0884.JPG,4Z/104MEDIA,0,Other_Amphibian,0.3112,3147.6,2303.9,3270.2,2442.1
/srv/shared_leopard_toad/2025/Documents/06.10-13.10.2025/4Z/104MEDIA/DSCF0884.JPG,DSCF0884.JPG,4Z/104MEDIA,0,Other_Amphibian,0.2758,2595.6,2694.0,2746.0,2855.3
/srv/shared_leopard_toad/2025/Documents/06.10-13.10.2025/4Z/104MEDIA/DSCF0884.JPG,DSCF0884.JPG,4Z/104MEDIA,0,Other_Amphibian,0.2105,2591.9,2693.5,2742.8,2854.8
/srv/shared_leopard_toad/2025/Documents/06.10-13.10.2025/4Z/104MEDIA/DSCF0356.JPG,DSCF0356.JPG,4Z/104MEDIA,0,Other_Amphibian,0.3542,3150.0,2302.1,3270.7,2438.9
/srv/shared_leopard_toad/2025/Documents/06.10-13.10.2025/4Z/104MEDIA/DSCF0356.JPG,DSCF0356.JPG,4Z/104MEDIA,0,Other_Amphibian,0.3239,3144.3,2302.5,3277.1,2437.5
/srv/shared_leopard_toad/2025/Documents/06.10-13.10.2025/4Z/104MEDIA/DSCF0444.JPG,DSCF0444.JPG,4Z/104MEDIA,0,Other_Amphibian,0.3971,3150.0,2302.2,3273.2,2440.3
/srv/shared_leopard_toad/2025/Documents/06.10-13.10.2025/4Z/104MEDIA/DSCF0638.JPG,DSCF0638.JPG,4Z/104MEDIA,0,Other_Amphibian,0.2598,3149.2,2304.2,3272.7,2442.5
/srv/shared_leopard_toad/2025/Documents/06.10-13.10.2025/4Z/104MEDIA/DSCF0485.JPG,DSCF0485.JPG,4Z/104MEDIA,0,Other_Amphibian,0.3766,3149.6,2301.0,3271.5,2439.7
/srv/shared_leopard_toad/2025/Documents/06.10-13.10.2025/4Z/104MEDIA/DSCF0485.JPG,DSCF0485.JPG,4Z/104MEDIA,0,Other_Amphibian,0.2142,3150.1,2306.6,3282.8,2443.8
/srv/shared_leopard_toad/2025/Documents/06.10-13.10.2025/4Z/104MEDIA/DSCF0236.JPG,DSCF0236.JPG,4Z/104MEDIA,0,Other_Amphibian,0.2200,3152.3,2303.3,3274.4,2444.5
/srv/shared_leopard_toad/2025/Documents/06.10-13.10.2025/4Z/104MEDIA/DSCF0322.JPG,DSCF0322.JPG,4Z/104MEDIA,0,Other_Amphibian,0.3322,3148.2,2301.5,3271.3,2440.9
/srv/shared_leopard_toad/2025/Documents/06.10-13.10.2025/4Z/104MEDIA/DSCF0084.JPG,DSCF0084.JPG,4Z/104MEDIA,0,Other_Amphibian,0.3085,2636.1,2242.5,2789.8,2406.1
/srv/shared_leopard_toad/2025/Documents/06.10-13.10.2025/4Z/104MEDIA/DSCF0124.JPG,DSCF0124.JPG,4Z/104MEDIA,0,Other_Amphibian,0.4137,3638.4,1666.9,3924.1,1942.1
/srv/shared_leopard_toad/2025/Documents/06.10-13.10.2025/4Z/104MEDIA/DSCF0836.JPG,DSCF0836.JPG,4Z/104MEDIA,0,Other_Amphibian,0.3098,3146.9,2302.8,3268.9,2441.9
/srv/shared_leopard_toad/2025/Documents/06.10-13.10.2025/4Z/104MEDIA/DSCF0520.JPG,DSCF0520.JPG,4Z/104MEDIA,0,Other_Amphibian,0.3515,3149.8,2302.3,3271.1,2438.9
/srv/shared_leopard_toad/2025/Documents/06.10-13.10.2025/4Z/104MEDIA/DSCF0520.JPG,DSCF0520.JPG,4Z/104MEDIA,0,Other_Amphibian,0.2859,3145.2,2304.6,3277.8,2439.4
/srv/shared_leopard_toad/2025/Documents/06.10-13.10.2025/4Z/104MEDIA/DSCF0200.JPG,DSCF0200.JPG,4Z/104MEDIA,2,Western_Leopard_Toad,0.2526,4609.2,1863.5,5357.9,2858.8
/srv/shared_leopard_toad/2025/Documents/06.10-13.10.2025/4Z/104MEDIA/DSCF0200.JPG,DSCF0200.JPG,4Z/104MEDIA,2,Western_Leopard_Toad,0.2045,3564.7,1910.9,3856.2,2190.7
/srv/shared_leopard_toad/2025/Documents/06.10-13.10.2025/4Z/104MEDIA/DSCF0744.JPG,DSCF0744.JPG,4Z/104MEDIA,0,Other_Amphibian,0.4013,3146.6,2300.1,3272.8,2440.7
/srv/shared_leopard_toad/2025/Documents/06.10-13.10.2025/4Z/104MEDIA/DSCF0744.JPG,DSCF0744.JPG,4Z/104MEDIA,0,Other_Amphibian,0.3325,2599.7,2694.2,2745.2,2853.7
/srv/shared_leopard_toad/2025/Documents/06.10-13.10.2025/4Z/104MEDIA/DSCF0359.JPG,DSCF0359.JPG,4Z/104MEDIA,0,Other_Amphibian,0.4570,3147.8,2302.1,3271.2,2439.6
/srv/shared_leopard_toad/2025/Documents/06.10-13.10.2025/4Z/104MEDIA/DSCF0359.JPG,DSCF0359.JPG,4Z/104MEDIA,0,Other_Amphibian,0.3684,3139.0,2304.8,3274.5,2440.6
/srv/shared_leopard_toad/2025/Documents/06.10-13.10.2025/4Z/104MEDIA/DSCF0359.JPG,DSCF0359.JPG,4Z/104MEDIA,0,Other_Amphibian,0.2221,3147.2,2309.9,3263.6,2447.9
/srv/shared_leopard_toad/2025/Documents/06.10-13.10.2025/4Z/104MEDIA/DSCF0009.JPG,DSCF0009.JPG,4Z/104MEDIA,0,Other_Amphibian,0.2147,2636.1,2243.5,2791.9,2408.7
/srv/shared_leopard_toad/2025/Documents/06.10-13.10.2025/4Z/104MEDIA/DSCF0950.JPG,DSCF0950.JPG,4Z/104MEDIA,0,Other_Amphibian,0.3184,3149.6,2304.5,3272.1,2442.4
/srv/shared_leopard_toad/2025/Documents/06.10-13.10.2025/4Z/104MEDIA/DSCF0950.JPG,DSCF0950.JPG,4Z/104MEDIA,0,Other_Amphibian,0.2202,2594.6,2694.3,2744.5,2855.3
/srv/shared_leopard_toad/2025/Documents/06.10-13.10.2025/4Z/104MEDIA/DSCF0447.JPG,DSCF0447.JPG,4Z/104MEDIA,0,Other_Amphibian,0.4437,3151.3,2301.8,3273.6,2439.5
/srv/shared_leopard_toad/2025/Documents/06.10-13.10.2025/4Z/104MEDIA/DSCF0447.JPG,DSCF0447.JPG,4Z/104MEDIA,0,Other_Amphibian,0.4377,3141.9,2303.3,3276.2,2439.4
/srv/shared_leopard_toad/2025/Documents/06.10-13.10.2025/4Z/104MEDIA/DSCF0702.JPG,DSCF0702.JPG,4Z/104MEDIA,0,Other_Amphibian,0.2828,2594.1,2694.2,2744.2,2853.9
/srv/shared_leopard_toad/2025/Documents/06.10-13.10.2025/4Z/104MEDIA/DSCF0702.JPG,DSCF0702.JPG,4Z/104MEDIA,0,Other_Amphibian,0.2256,3153.5,2307.0,3276.4,2445.2
/srv/shared_leopard_toad/2025/Documents/06.10-13.10.2025/4Z/104MEDIA/DSCF0243.JPG,DSCF0243.JPG,4Z/104MEDIA,0,Other_Amphibian,0.3654,3151.3,2302.5,3274.3,2440.8
/srv/shared_leopard_toad/2025/Documents/06.10-13.10.2025/4Z/104MEDIA/DSCF0243.JPG,DSCF0243.JPG,4Z/104MEDIA,0,Other_Amphibian,0.2867,3145.4,2304.4,3279.2,2439.4
/srv/shared_leopard_toad/2025/Documents/06.10-13.10.2025/4Z/104MEDIA/DSCF0717.JPG,DSCF0717.JPG,4Z/104MEDIA,0,Other_Amphibian,0.2725,2599.6,2692.6,2741.9,2854.1
/srv/shared_leopard_toad/2025/Documents/06.10-13.10.2025/4Z/104MEDIA/DSCF0717.JPG,DSCF0717.JPG,4Z/104MEDIA,0,Other_Amphibian,0.2388,3144.9,2306.5,3263.1,2443.2
/srv/shared_leopard_toad/2025/Documents/06.10-13.10.2025/4Z/104MEDIA/DSCF0410.JPG,DSCF0410.JPG,4Z/104MEDIA,0,Other_Amphibian,0.3796,3148.0,2301.8,3269.7,2440.2
/srv/shared_leopard_toad/2025/Documents/06.10-13.10.2025/4Z/104MEDIA/DSCF0410.JPG,DSCF0410.JPG,4Z/104MEDIA,0,Other_Amphibian,0.2743,3144.3,2305.2,3278.3,2441.5
/srv/shared_leopard_toad/2025/Documents/06.10-13.10.2025/4Z/104MEDIA/DSCF0579.JPG,DSCF0579.JPG,4Z/104MEDIA,0,Other_Amphibian,0.2962,3150.1,2301.6,3270.0,2439.2
/srv/shared_leopard_toad/2025/Documents/06.10-13.10.2025/4Z/104MEDIA/DSCF0506.JPG,DSCF0506.JPG,4Z/104MEDIA,0,Other_Amphibian,0.3576,3147.7,2301.2,3271.4,2441.5
/srv/shared_leopard_toad/2025/Documents/06.10-13.10.2025/4Z/104MEDIA/DSCF0361.JPG,DSCF0361.JPG,4Z/104MEDIA,0,Other_Amphibian,0.4371,3148.5,2300.3,3273.0,2440.0
/srv/shared_leopard_toad/2025/Documents/06.10-13.10.2025/4Z/104MEDIA/DSCF0361.JPG,DSCF0361.JPG,4Z/104MEDIA,0,Other_Amphibian,0.3610,3141.1,2302.3,3276.5,2439.6
/srv/shared_leopard_toad/2025/Documents/06.10-13.10.2025/4Z/104MEDIA/DSCF0642.JPG,DSCF0642.JPG,4Z/104MEDIA,0,Other_Amphibian,0.2359,3142.8,2304.2,3265.0,2442.2
/srv/shared_leopard_toad/2025/Documents/06.10-13.10.2025/4Z/104MEDIA/DSCF0762.JPG,DSCF0762.JPG,4Z/104MEDIA,0,Other_Amphibian,0.2694,2597.3,2693.0,2747.7,2854.4
/srv/shared_leopard_toad/2025/Documents/06.10-13.10.2025/4Z/104MEDIA/DSCF0762.JPG,DSCF0762.JPG,4Z/104MEDIA,0,Other_Amphibian,0.2465,3149.1,2305.8,3268.3,2442.9
/srv/shared_leopard_toad/2025/Documents/06.10-13.10.2025/4Z/104MEDIA/DSCF0992.JPG,DSCF0992.JPG,4Z/104MEDIA,0,Other_Amphibian,0.2375,2598.9,2695.5,2743.4,2854.3
/srv/shared_leopard_toad/2025/Documents/06.10-13.10.2025/4Z/104MEDIA/DSCF0513.JPG,DSCF0513.JPG,4Z/104MEDIA,0,Other_Amphibian,0.3904,3148.8,2301.0,3271.9,2439.1
/srv/shared_leopard_toad/2025/Documents/06.10-13.10.2025/4Z/104MEDIA/DSCF0513.JPG,DSCF0513.JPG,4Z/104MEDIA,0,Other_Amphibian,0.2444,3148.4,2305.8,3281.5,2441.5
/srv/shared_leopard_toad/2025/Documents/06.10-13.10.2025/4Z/104MEDIA/DSCF0707.JPG,DSCF0707.JPG,4Z/104MEDIA,0,Other_Amphibian,0.2504,3150.7,2305.1,3272.9,2443.1
/srv/shared_leopard_toad/2025/Documents/06.10-13.10.2025/4Z/102MEDIA/DSCF0135.JPG,DSCF0135.JPG,4Z/102MEDIA,0,Other_Amphibian,0.2849,2637.2,2242.4,2784.7,2408.6
/srv/shared_leopard_toad/2025/Documents/06.10-13.10.2025/4Z/102MEDIA/DSCF0135.JPG,DSCF0135.JPG,4Z/102MEDIA,0,Other_Amphibian,0.2280,2694.8,2428.9,2822.7,2559.0
/srv/shared_leopard_toad/2025/Documents/06.10-13.10.2025/4Z/102MEDIA/DSCF0404.JPG,DSCF0404.JPG,4Z/102MEDIA,0,Other_Amphibian,0.3959,2915.9,2328.1,3149.5,2524.0
/srv/shared_leopard_toad/2025/Documents/06.10-13.10.2025/4Z/102MEDIA/DSCF0404.JPG,DSCF0404.JPG,4Z/102MEDIA,0,Other_Amphibian,0.2776,2629.4,2244.1,2782.9,2410.2
/srv/shared_leopard_toad/2025/Documents/06.10-13.10.2025/4Z/102MEDIA/DSCF0537.JPG,DSCF0537.JPG,4Z/102MEDIA,0,Other_Amphibian,0.2694,2705.5,2427.2,2834.9,2564.1
/srv/shared_leopard_toad/2025/Documents/06.10-13.10.2025/4Z/102MEDIA/DSCF0537.JPG,DSCF0537.JPG,4Z/102MEDIA,0,Other_Amphibian,0.2543,2711.0,2429.2,2835.8,2555.9
/srv/shared_leopard_toad/2025/Documents/06.10-13.10.2025/4Z/102MEDIA/DSCF0537.JPG,DSCF0537.JPG,4Z/102MEDIA,0,Other_Amphibian,0.2162,2629.3,2244.6,2786.9,2414.2
/srv/shared_leopard_toad/2025/Documents/06.10-13.10.2025/4Z/102MEDIA/DSCF0358.JPG,DSCF0358.JPG,4Z/102MEDIA,0,Other_Amphibian,0.3068,2629.0,2243.3,2785.3,2408.2
/srv/shared_leopard_toad/2025/Documents/06.10-13.10.2025/4Z/102MEDIA/DSCF0358.JPG,DSCF0358.JPG,4Z/102MEDIA,0,Other_Amphibian,0.2992,2693.3,2427.2,2821.7,2559.4
/srv/shared_leopard_toad/2025/Documents/06.10-13.10.2025/4Z/102MEDIA/DSCF0012.JPG,DSCF0012.JPG,4Z/102MEDIA,0,Other_Amphibian,0.3095,2691.7,2427.9,2821.5,2560.2
/srv/shared_leopard_toad/2025/Documents/06.10-13.10.2025/4Z/102MEDIA/DSCF0012.JPG,DSCF0012.JPG,4Z/102MEDIA,0,Other_Amphibian,0.2406,2640.2,2243.6,2784.6,2409.1
/srv/shared_leopard_toad/2025/Documents/06.10-13.10.2025/4Z/102MEDIA/DSCF0012.JPG,DSCF0012.JPG,4Z/102MEDIA,0,Other_Amphibian,0.2399,2678.9,2424.6,2808.0,2562.6
/srv/shared_leopard_toad/2025/Documents/06.10-13.10.2025/4Z/102MEDIA/DSCF0488.JPG,DSCF0488.JPG,4Z/102MEDIA,0,Other_Amphibian,0.3888,2630.7,2242.3,2785.1,2409.0
/srv/shared_leopard_toad/2025/Documents/06.10-13.10.2025/4Z/102MEDIA/DSCF0488.JPG,DSCF0488.JPG,4Z/102MEDIA,0,Other_Amphibian,0.2914,2709.5,2429.3,2831.9,2554.7
/srv/shared_leopard_toad/2025/Documents/06.10-13.10.2025/4Z/102MEDIA/DSCF0488.JPG,DSCF0488.JPG,4Z/102MEDIA,0,Other_Amphibian,0.2136,2701.4,2427.5,2829.3,2561.5
/srv/shared_leopard_toad/2025/Documents/06.10-13.10.2025/4Z/102MEDIA/DSCF0541.JPG,DSCF0541.JPG,4Z/102MEDIA,0,Other_Amphibian,0.3290,2632.6,2243.6,2788.0,2409.8
/srv/shared_leopard_toad/2025/Documents/06.10-13.10.2025/4Z/102MEDIA/DSCF0541.JPG,DSCF0541.JPG,4Z/102MEDIA,0,Other_Amphibian,0.2426,2717.3,2429.2,2833.8,2556.2
/srv/shared_leopard_toad/2025/Documents/06.10-13.10.2025/4Z/102MEDIA/DSCF0589.JPG,DSCF0589.JPG,4Z/102MEDIA,0,Other_Amphibian,0.3306,2717.8,2428.5,2834.0,2553.9
/srv/shared_leopard_toad/2025/Documents/06.10-13.10.2025/4Z/102MEDIA/DSCF0589.JPG,DSCF0589.JPG,4Z/102MEDIA,0,Other_Amphibian,0.2805,2635.4,2243.1,2789.5,2412.0
/srv/shared_leopard_toad/2025/Documents/06.10-13.10.2025/4Z/102MEDIA/DSCF0466.JPG,DSCF0466.JPG,4Z/102MEDIA,0,Other_Amphibian,0.2527,2714.3,2428.7,2831.7,2557.7
/srv/shared_leopard_toad/2025/Documents/06.10-13.10.2025/4Z/102MEDIA/DSCF0466.JPG,DSCF0466.JPG,4Z/102MEDIA,0,Other_Amphibian,0.2392,2633.3,2243.5,2787.8,2411.7
/srv/shared_leopard_toad/2025/Documents/06.10-13.10.2025/4Z/102MEDIA/DSCF0443.JPG,DSCF0443.JPG,4Z/102MEDIA,0,Other_Amphibian,0.2598,2714.8,2429.1,2833.4,2553.8
/srv/shared_leopard_toad/2025/Documents/06.10-13.10.2025/4Z/102MEDIA/DSCF0443.JPG,DSCF0443.JPG,4Z/102MEDIA,0,Other_Amphibian,0.2467,2631.7,2245.5,2786.1,2411.6
/srv/shared_leopard_toad/2025/Documents/06.10-13.10.2025/4Z/102MEDIA/DSCF0215.JPG,DSCF0215.JPG,4Z/102MEDIA,0,Other_Amphibian,0.3010,2681.7,2425.2,2811.1,2566.8
/srv/shared_leopard_toad/2025/Documents/06.10-13.10.2025/4Z/102MEDIA/DSCF0215.JPG,DSCF0215.JPG,4Z/102MEDIA,0,Other_Amphibian,0.2628,2691.8,2428.5,2823.1,2562.6
/srv/shared_leopard_toad/2025/Documents/06.10-13.10.2025/4Z/102MEDIA/DSCF0173.JPG,DSCF0173.JPG,4Z/102MEDIA,0,Other_Amphibian,0.3366,2641.4,2243.0,2784.9,2408.2
/srv/shared_leopard_toad/2025/Documents/06.10-13.10.2025/4Z/102MEDIA/DSCF0173.JPG,DSCF0173.JPG,4Z/102MEDIA,0,Other_Amphibian,0.2861,2692.9,2428.9,2822.5,2559.4
/srv/shared_leopard_toad/2025/Documents/06.10-13.10.2025/4Z/102MEDIA/DSCF0173.JPG,DSCF0173.JPG,4Z/102MEDIA,0,Other_Amphibian,0.2070,2679.9,2425.5,2809.5,2561.0
/srv/shared_leopard_toad/2025/Documents/06.10-13.10.2025/4Z/102MEDIA/DSCF0279.JPG,DSCF0279.JPG,4Z/102MEDIA,0,Other_Amphibian,0.3316,2634.8,2243.3,2785.4,2409.2
/srv/shared_leopard_toad/2025/Documents/06.10-13.10.2025/4Z/102MEDIA/DSCF0279.JPG,DSCF0279.JPG,4Z/102MEDIA,0,Other_Amphibian,0.2679,2692.8,2428.2,2822.4,2559.4
/srv/shared_leopard_toad/2025/Documents/06.10-13.10.2025/4Z/102MEDIA/DSCF0464.JPG,DSCF0464.JPG,4Z/102MEDIA,0,Other_Amphibian,0.3332,2629.7,2244.0,2783.9,2410.7
/srv/shared_leopard_toad/2025/Documents/06.10-13.10.2025/4Z/102MEDIA/DSCF0464.JPG,DSCF0464.JPG,4Z/102MEDIA,0,Other_Amphibian,0.2826,2722.1,2428.0,2834.3,2553.6
/srv/shared_leopard_toad/2025/Documents/06.10-13.10.2025/4Z/102MEDIA/DSCF0455.JPG,DSCF0455.JPG,4Z/102MEDIA,0,Other_Amphibian,0.2741,2706.2,2428.1,2833.5,2567.1
/srv/shared_leopard_toad/2025/Documents/06.10-13.10.2025/4Z/102MEDIA/DSCF0455.JPG,DSCF0455.JPG,4Z/102MEDIA,0,Other_Amphibian,0.2484,2710.7,2430.6,2832.8,2558.4
/srv/shared_leopard_toad/2025/Documents/06.10-13.10.2025/4Z/102MEDIA/DSCF0001.JPG,DSCF0001.JPG,4Z/102MEDIA,0,Other_Amphibian,0.3414,2688.7,2428.4,2822.2,2561.7
/srv/shared_leopard_toad/2025/Documents/06.10-13.10.2025/4Z/102MEDIA/DSCF0001.JPG,DSCF0001.JPG,4Z/102MEDIA,0,Other_Amphibian,0.2987,2682.0,2426.0,2815.9,2565.9
/srv/shared_leopard_toad/2025/Documents/06.10-13.10.2025/4Z/102MEDIA/DSCF0001.JPG,DSCF0001.JPG,4Z/102MEDIA,0,Other_Amphibian,0.2469,2636.5,2243.7,2786.7,2410.3
/srv/shared_leopard_toad/2025/Documents/06.10-13.10.2025/4Z/102MEDIA/DSCF0407.JPG,DSCF0407.JPG,4Z/102MEDIA,0,Other_Amphibian,0.2870,2712.7,2428.9,2832.9,2556.8
/srv/shared_leopard_toad/2025/Documents/06.10-13.10.2025/4Z/102MEDIA/DSCF0407.JPG,DSCF0407.JPG,4Z/102MEDIA,0,Other_Amphibian,0.2657,2711.1,2427.3,2837.5,2565.2
/srv/shared_leopard_toad/2025/Documents/06.10-13.10.2025/4Z/102MEDIA/DSCF0407.JPG,DSCF0407.JPG,4Z/102MEDIA,0,Other_Amphibian,0.2407,2624.0,2246.4,2784.3,2415.3
/srv/shared_leopard_toad/2025/Documents/06.10-13.10.2025/4Z/102MEDIA/DSCF0416.JPG,DSCF0416.JPG,4Z/102MEDIA,0,Other_Amphibian,0.3587,2633.3,2244.4,2786.6,2411.6
/srv/shared_leopard_toad/2025/Documents/06.10-13.10.2025/4Z/102MEDIA/DSCF0416.JPG,DSCF0416.JPG,4Z/102MEDIA,0,Other_Amphibian,0.3188,2708.3,2428.7,2831.6,2554.7
/srv/shared_leopard_toad/2025/Documents/06.10-13.10.2025/4Z/102MEDIA/DSCF0416.JPG,DSCF0416.JPG,4Z/102MEDIA,0,Other_Amphibian,0.2392,2701.6,2427.0,2827.6,2560.9
/srv/shared_leopard_toad/2025/Documents/06.10-13.10.2025/4Z/102MEDIA/DSCF0678.JPG,DSCF0678.JPG,4Z/102MEDIA,0,Other_Amphibian,0.2806,2721.1,2428.6,2834.6,2552.7
/srv/shared_leopard_toad/2025/Documents/06.10-13.10.2025/4Z/102MEDIA/DSCF0678.JPG,DSCF0678.JPG,4Z/102MEDIA,0,Other_Amphibian,0.2102,2714.0,2427.3,2833.6,2561.6
/srv/shared_leopard_toad/2025/Documents/06.10-13.10.2025/4Z/102MEDIA/DSCF0651.JPG,DSCF0651.JPG,4Z/102MEDIA,0,Other_Amphibian,0.4143,2629.6,2241.4,2786.3,2408.5
/srv/shared_leopard_toad/2025/Documents/06.10-13.10.2025/4Z/102MEDIA/DSCF0651.JPG,DSCF0651.JPG,4Z/102MEDIA,0,Other_Amphibian,0.2125,2724.4,2430.0,2834.4,2553.6
/srv/shared_leopard_toad/2025/Documents/06.10-13.10.2025/4Z/102MEDIA/DSCF0514.JPG,DSCF0514.JPG,4Z/102MEDIA,0,Other_Amphibian,0.3531,2637.2,2242.1,2787.8,2408.4
/srv/shared_leopard_toad/2025/Documents/06.10-13.10.2025/4Z/102MEDIA/DSCF0514.JPG,DSCF0514.JPG,4Z/102MEDIA,0,Other_Amphibian,0.2820,2714.0,2427.7,2831.6,2551.5
/srv/shared_leopard_toad/2025/Documents/06.10-13.10.2025/4Z/102MEDIA/DSCF0767.JPG,DSCF0767.JPG,4Z/102MEDIA,2,Western_Leopard_Toad,0.2400,5075.9,4.2,5372.1,260.1
/srv/shared_leopard_toad/2025/Documents/06.10-13.10.2025/4Z/102MEDIA/DSCF0774.JPG,DSCF0774.JPG,4Z/102MEDIA,2,Western_Leopard_Toad,0.3434,5066.9,3.5,5375.9,253.5
/srv/shared_leopard_toad/2025/Documents/06.10-13.10.2025/4Z/102MEDIA/DSCF0774.JPG,DSCF0774.JPG,4Z/102MEDIA,0,Other_Amphibian,0.2596,805.1,1818.3,935.1,2010.1
/srv/shared_leopard_toad/2025/Documents/06.10-13.10.2025/4Z/102MEDIA/DSCF0298.JPG,DSCF0298.JPG,4Z/102MEDIA,0,Other_Amphibian,0.3749,2688.7,2428.3,2821.9,2559.9
/srv/shared_leopard_toad/2025/Documents/06.10-13.10.2025/4Z/102MEDIA/DSCF0298.JPG,DSCF0298.JPG,4Z/102MEDIA,0,Other_Amphibian,0.3261,2684.2,2427.0,2817.4,2563.5
/srv/shared_leopard_toad/2025/Documents/06.10-13.10.2025/4Z/102MEDIA/DSCF0298.JPG,DSCF0298.JPG,4Z/102MEDIA,0,Other_Amphibian,0.2566,2635.3,2243.2,2783.0,2410.1
/srv/shared_leopard_toad/2025/Documents/06.10-13.10.2025/4Z/102MEDIA/DSCF0417.JPG,DSCF0417.JPG,4Z/102MEDIA,0,Other_Amphibian,0.3150,2631.8,2244.0,2786.2,2411.2
/srv/shared_leopard_toad/2025/Documents/06.10-13.10.2025/4Z/102MEDIA/DSCF0141.JPG,DSCF0141.JPG,4Z/102MEDIA,0,Other_Amphibian,0.2850,2640.9,2242.9,2783.2,2407.2
/srv/shared_leopard_toad/2025/Documents/06.10-13.10.2025/4Z/102MEDIA/DSCF0141.JPG,DSCF0141.JPG,4Z/102MEDIA,0,Other_Amphibian,0.2085,2694.4,2428.4,2822.0,2561.6
/srv/shared_leopard_toad/2025/Documents/06.10-13.10.2025/4Z/102MEDIA/DSCF0141.JPG,DSCF0141.JPG,4Z/102MEDIA,0,Other_Amphibian,0.2071,2682.1,2425.0,2810.6,2566.6
/srv/shared_leopard_toad/2025/Documents/06.10-13.10.2025/4Z/102MEDIA/DSCF0543.JPG,DSCF0543.JPG,4Z/102MEDIA,0,Other_Amphibian,0.2769,2714.2,2428.1,2831.8,2550.8
/srv/shared_leopard_toad/2025/Documents/06.10-13.10.2025/4Z/102MEDIA/DSCF0543.JPG,DSCF0543.JPG,4Z/102MEDIA,0,Other_Amphibian,0.2522,2636.1,2241.9,2786.4,2408.7
/srv/shared_leopard_toad/2025/Documents/06.10-13.10.2025/4Z/102MEDIA/DSCF0325.JPG,DSCF0325.JPG,4Z/102MEDIA,0,Other_Amphibian,0.2645,2691.8,2428.4,2822.4,2559.9
/srv/shared_leopard_toad/2025/Documents/06.10-13.10.2025/4Z/102MEDIA/DSCF0325.JPG,DSCF0325.JPG,4Z/102MEDIA,0,Other_Amphibian,0.2446,2631.6,2243.2,2785.3,2410.7
/srv/shared_leopard_toad/2025/Documents/06.10-13.10.2025/4Z/102MEDIA/DSCF0325.JPG,DSCF0325.JPG,4Z/102MEDIA,0,Other_Amphibian,0.2053,2680.8,2427.5,2813.3,2565.3
/srv/shared_leopard_toad/2025/Documents/06.10-13.10.2025/4Z/102MEDIA/DSCF0650.JPG,DSCF0650.JPG,4Z/102MEDIA,0,Other_Amphibian,0.3257,2715.0,2428.1,2832.7,2552.8
/srv/shared_leopard_toad/2025/Documents/06.10-13.10.2025/4Z/102MEDIA/DSCF0650.JPG,DSCF0650.JPG,4Z/102MEDIA,0,Other_Amphibian,0.2816,2632.4,2243.2,2788.0,2412.4
/srv/shared_leopard_toad/2025/Documents/06.10-13.10.2025/4Z/102MEDIA/DSCF0650.JPG,DSCF0650.JPG,4Z/102MEDIA,0,Other_Amphibian,0.2329,2707.8,2426.7,2830.5,2560.1
/srv/shared_leopard_toad/2025/Documents/06.10-13.10.2025/4Z/102MEDIA/DSCF0107.JPG,DSCF0107.JPG,4Z/102MEDIA,0,Other_Amphibian,0.3030,2691.8,2428.0,2822.8,2558.0
/srv/shared_leopard_toad/2025/Documents/06.10-13.10.2025/4Z/102MEDIA/DSCF0107.JPG,DSCF0107.JPG,4Z/102MEDIA,0,Other_Amphibian,0.2401,2632.2,2244.4,2785.3,2410.9
/srv/shared_leopard_toad/2025/Documents/06.10-13.10.2025/4Z/102MEDIA/DSCF0107.JPG,DSCF0107.JPG,4Z/102MEDIA,0,Other_Amphibian,0.2186,2682.2,2426.0,2814.9,2561.6
/srv/shared_leopard_toad/2025/Documents/06.10-13.10.2025/4Z/102MEDIA/DSCF0562.JPG,DSCF0562.JPG,4Z/102MEDIA,0,Other_Amphibian,0.2832,2715.4,2428.8,2831.3,2554.1
/srv/shared_leopard_toad/2025/Documents/06.10-13.10.2025/4Z/102MEDIA/DSCF0562.JPG,DSCF0562.JPG,4Z/102MEDIA,0,Other_Amphibian,0.2449,2639.6,2243.1,2788.2,2410.2
/srv/shared_leopard_toad/2025/Documents/06.10-13.10.2025/4Z/102MEDIA/DSCF0446.JPG,DSCF0446.JPG,4Z/102MEDIA,0,Other_Amphibian,0.4635,2629.7,2243.2,2785.9,2409.2
/srv/shared_leopard_toad/2025/Documents/06.10-13.10.2025/4Z/102MEDIA/DSCF0446.JPG,DSCF0446.JPG,4Z/102MEDIA,0,Other_Amphibian,0.2144,2721.9,2429.5,2836.9,2554.5
/srv/shared_leopard_toad/2025/Documents/06.10-13.10.2025/4Z/102MEDIA/DSCF0512.JPG,DSCF0512.JPG,4Z/102MEDIA,0,Other_Amphibian,0.3215,2633.2,2244.1,2788.0,2411.2
/srv/shared_leopard_toad/2025/Documents/06.10-13.10.2025/4Z/102MEDIA/DSCF0512.JPG,DSCF0512.JPG,4Z/102MEDIA,0,Other_Amphibian,0.2402,2718.6,2427.3,2833.8,2552.2
/srv/shared_leopard_toad/2025/Documents/06.10-13.10.2025/4Z/102MEDIA/DSCF0282.JPG,DSCF0282.JPG,4Z/102MEDIA,0,Other_Amphibian,0.3908,2687.9,2427.5,2821.4,2559.9
/srv/shared_leopard_toad/2025/Documents/06.10-13.10.2025/4Z/102MEDIA/DSCF0282.JPG,DSCF0282.JPG,4Z/102MEDIA,0,Other_Amphibian,0.3489,2685.4,2426.0,2818.1,2563.9
/srv/shared_leopard_toad/2025/Documents/06.10-13.10.2025/4Z/102MEDIA/DSCF0282.JPG,DSCF0282.JPG,4Z/102MEDIA,0,Other_Amphibian,0.2086,2639.8,2246.2,2787.0,2410.9
/srv/shared_leopard_toad/2025/Documents/06.10-13.10.2025/4Z/102MEDIA/DSCF0430.JPG,DSCF0430.JPG,4Z/102MEDIA,0,Other_Amphibian,0.2846,2710.3,2429.0,2832.3,2556.5
/srv/shared_leopard_toad/2025/Documents/06.10-13.10.2025/4Z/102MEDIA/DSCF0430.JPG,DSCF0430.JPG,4Z/102MEDIA,0,Other_Amphibian,0.2787,2709.2,2427.0,2835.6,2562.2
/srv/shared_leopard_toad/2025/Documents/06.10-13.10.2025/4Z/102MEDIA/DSCF0430.JPG,DSCF0430.JPG,4Z/102MEDIA,0,Other_Amphibian,0.2612,2638.8,2244.3,2784.6,2409.4
/srv/shared_leopard_toad/2025/Documents/06.10-13.10.2025/4Z/102MEDIA/DSCF0765.JPG,DSCF0765.JPG,4Z/102MEDIA,2,Western_Leopard_Toad,0.2222,5064.2,3.8,5375.8,263.7
/srv/shared_leopard_toad/2025/Documents/06.10-13.10.2025/4Z/102MEDIA/DSCF0594.JPG,DSCF0594.JPG,4Z/102MEDIA,0,Other_Amphibian,0.3042,2717.1,2427.9,2833.9,2551.5
/srv/shared_leopard_toad/2025/Documents/06.10-13.10.2025/4Z/102MEDIA/DSCF0594.JPG,DSCF0594.JPG,4Z/102MEDIA,0,Other_Amphibian,0.2813,2631.9,2243.1,2785.6,2411.4
/srv/shared_leopard_toad/2025/Documents/06.10-13.10.2025/4Z/102MEDIA/DSCF0956.JPG,DSCF0956.JPG,4Z/102MEDIA,0,Other_Amphibian,0.2320,2695.8,2424.2,2824.3,2558.6
/srv/shared_leopard_toad/2025/Documents/06.10-13.10.2025/4Z/102MEDIA/DSCF0221.JPG,DSCF0221.JPG,4Z/102MEDIA,0,Other_Amphibian,0.2622,2692.9,2427.9,2822.2,2560.1
/srv/shared_leopard_toad/2025/Documents/06.10-13.10.2025/4Z/102MEDIA/DSCF0221.JPG,DSCF0221.JPG,4Z/102MEDIA,0,Other_Amphibian,0.2299,2633.1,2245.5,2782.6,2410.6
/srv/shared_leopard_toad/2025/Documents/06.10-13.10.2025/4Z/102MEDIA/DSCF0221.JPG,DSCF0221.JPG,4Z/102MEDIA,0,Other_Amphibian,0.2148,2684.1,2426.4,2811.9,2564.5
/srv/shared_leopard_toad/2025/Documents/06.10-13.10.2025/4Z/102MEDIA/DSCF0442.JPG,DSCF0442.JPG,4Z/102MEDIA,0,Other_Amphibian,0.2723,2634.6,2243.2,2784.7,2411.0
/srv/shared_leopard_toad/2025/Documents/06.10-13.10.2025/4Z/102MEDIA/DSCF0442.JPG,DSCF0442.JPG,4Z/102MEDIA,0,Other_Amphibian,0.2463,2710.6,2428.0,2829.4,2554.9
/srv/shared_leopard_toad/2025/Documents/06.10-13.10.2025/4Z/102MEDIA/DSCF0442.JPG,DSCF0442.JPG,4Z/102MEDIA,0,Other_Amphibian,0.2035,2702.5,2426.3,2825.8,2563.3
/srv/shared_leopard_toad/2025/Documents/06.10-13.10.2025/4Z/102MEDIA/DSCF0812.JPG,DSCF0812.JPG,4Z/102MEDIA,0,Other_Amphibian,0.4104,810.3,1834.9,933.9,2011.3
/srv/shared_leopard_toad/2025/Documents/06.10-13.10.2025/4Z/102MEDIA/DSCF0311.JPG,DSCF0311.JPG,4Z/102MEDIA,0,Other_Amphibian,0.3121,2690.6,2427.7,2820.4,2559.9
/srv/shared_leopard_toad/2025/Documents/06.10-13.10.2025/4Z/102MEDIA/DSCF0311.JPG,DSCF0311.JPG,4Z/102MEDIA,0,Other_Amphibian,0.2388,2680.9,2426.6,2809.6,2565.1
/srv/shared_leopard_toad/2025/Documents/06.10-13.10.2025/4Z/102MEDIA/DSCF0362.JPG,DSCF0362.JPG,4Z/102MEDIA,0,Other_Amphibian,0.6317,2047.1,1121.7,2412.9,1412.2
/srv/shared_leopard_toad/2025/Documents/06.10-13.10.2025/4Z/102MEDIA/DSCF0362.JPG,DSCF0362.JPG,4Z/102MEDIA,0,Other_Amphibian,0.2916,2689.8,2427.8,2820.0,2560.5
/srv/shared_leopard_toad/2025/Documents/06.10-13.10.2025/4Z/102MEDIA/DSCF0362.JPG,DSCF0362.JPG,4Z/102MEDIA,0,Other_Amphibian,0.2654,2684.0,2426.6,2815.7,2564.3
/srv/shared_leopard_toad/2025/Documents/06.10-13.10.2025/4Z/102MEDIA/DSCF0565.JPG,DSCF0565.JPG,4Z/102MEDIA,0,Other_Amphibian,0.2915,2719.8,2429.0,2836.1,2553.2
/srv/shared_leopard_toad/2025/Documents/06.10-13.10.2025/4Z/102MEDIA/DSCF0565.JPG,DSCF0565.JPG,4Z/102MEDIA,0,Other_Amphibian,0.2326,2715.4,2427.5,2839.3,2561.9
/srv/shared_leopard_toad/2025/Documents/06.10-13.10.2025/4Z/102MEDIA/DSCF0565.JPG,DSCF0565.JPG,4Z/102MEDIA,0,Other_Amphibian,0.2080,2628.0,2246.3,2785.3,2413.0
/srv/shared_leopard_toad/2025/Documents/06.10-13.10.2025/4Z/102MEDIA/DSCF0668.JPG,DSCF0668.JPG,4Z/102MEDIA,0,Other_Amphibian,0.3206,2635.4,2241.6,2788.7,2408.8
/srv/shared_leopard_toad/2025/Documents/06.10-13.10.2025/4Z/102MEDIA/DSCF0668.JPG,DSCF0668.JPG,4Z/102MEDIA,0,Other_Amphibian,0.2922,2714.7,2428.7,2834.0,2552.7
/srv/shared_leopard_toad/2025/Documents/06.10-13.10.2025/4Z/102MEDIA/DSCF0668.JPG,DSCF0668.JPG,4Z/102MEDIA,0,Other_Amphibian,0.2235,2705.6,2426.7,2830.4,2560.6
/srv/shared_leopard_toad/2025/Documents/06.10-13.10.2025/4Z/102MEDIA/DSCF0187.JPG,DSCF0187.JPG,4Z/102MEDIA,0,Other_Amphibian,0.3499,2689.4,2428.9,2823.3,2559.4
/srv/shared_leopard_toad/2025/Documents/06.10-13.10.2025/4Z/102MEDIA/DSCF0187.JPG,DSCF0187.JPG,4Z/102MEDIA,0,Other_Amphibian,0.3078,2681.5,2427.7,2815.5,2562.8
/srv/shared_leopard_toad/2025/Documents/06.10-13.10.2025/4Z/102MEDIA/DSCF0187.JPG,DSCF0187.JPG,4Z/102MEDIA,0,Other_Amphibian,0.2764,2632.6,2242.3,2785.4,2410.7
/srv/shared_leopard_toad/2025/Documents/06.10-13.10.2025/4Z/102MEDIA/DSCF0061.JPG,DSCF0061.JPG,4Z/102MEDIA,0,Other_Amphibian,0.2259,2694.1,2427.6,2820.1,2559.9
/srv/shared_leopard_toad/2025/Documents/06.10-13.10.2025/4Z/102MEDIA/DSCF0679.JPG,DSCF0679.JPG,4Z/102MEDIA,0,Other_Amphibian,0.3740,2632.7,2242.2,2786.9,2410.2
/srv/shared_leopard_toad/2025/Documents/06.10-13.10.2025/4Z/102MEDIA/DSCF0679.JPG,DSCF0679.JPG,4Z/102MEDIA,0,Other_Amphibian,0.2970,2710.7,2430.2,2832.7,2555.4
/srv/shared_leopard_toad/2025/Documents/06.10-13.10.2025/4Z/102MEDIA/DSCF0679.JPG,DSCF0679.JPG,4Z/102MEDIA,0,Other_Amphibian,0.2504,2707.0,2428.7,2835.4,2563.7
/srv/shared_leopard_toad/2025/Documents/06.10-13.10.2025/4Z/102MEDIA/DSCF0752.JPG,DSCF0752.JPG,4Z/102MEDIA,2,Western_Leopard_Toad,0.3436,5053.8,4.3,5373.6,436.1
/srv/shared_leopard_toad/2025/Documents/06.10-13.10.2025/4Z/102MEDIA/DSCF0752.JPG,DSCF0752.JPG,4Z/102MEDIA,0,Other_Amphibian,0.2890,1423.2,1870.6,1608.0,2091.1
/srv/shared_leopard_toad/2025/Documents/06.10-13.10.2025/4Z/102MEDIA/DSCF0193.JPG,DSCF0193.JPG,4Z/102MEDIA,0,Other_Amphibian,0.3179,2694.2,2428.2,2820.6,2557.6
/srv/shared_leopard_toad/2025/Documents/06.10-13.10.2025/4Z/102MEDIA/DSCF0193.JPG,DSCF0193.JPG,4Z/102MEDIA,0,Other_Amphibian,0.2599,2637.9,2242.9,2783.5,2408.1
/srv/shared_leopard_toad/2025/Documents/06.10-13.10.2025/4Z/102MEDIA/DSCF0193.JPG,DSCF0193.JPG,4Z/102MEDIA,0,Other_Amphibian,0.2199,2682.4,2425.6,2809.5,2560.9
/srv/shared_leopard_toad/2025/Documents/06.10-13.10.2025/4Z/102MEDIA/DSCF0640.JPG,DSCF0640.JPG,4Z/102MEDIA,0,Other_Amphibian,0.2698,2714.8,2428.8,2832.2,2553.7
/srv/shared_leopard_toad/2025/Documents/06.10-13.10.2025/4Z/102MEDIA/DSCF0640.JPG,DSCF0640.JPG,4Z/102MEDIA,0,Other_Amphibian,0.2661,2633.2,2244.1,2786.0,2410.1
/srv/shared_leopard_toad/2025/Documents/06.10-13.10.2025/4Z/102MEDIA/DSCF0623.JPG,DSCF0623.JPG,4Z/102MEDIA,0,Other_Amphibian,0.3987,2627.9,2243.7,2785.0,2410.4
/srv/shared_leopard_toad/2025/Documents/06.10-13.10.2025/4Z/102MEDIA/DSCF0623.JPG,DSCF0623.JPG,4Z/102MEDIA,0,Other_Amphibian,0.3262,2713.1,2428.8,2833.5,2554.2
/srv/shared_leopard_toad/2025/Documents/06.10-13.10.2025/4Z/102MEDIA/DSCF0623.JPG,DSCF0623.JPG,4Z/102MEDIA,0,Other_Amphibian,0.2385,2709.2,2427.6,2833.5,2560.5
/srv/shared_leopard_toad/2025/Documents/06.10-13.10.2025/4Z/102MEDIA/DSCF0734.JPG,DSCF0734.JPG,4Z/102MEDIA,0,Other_Amphibian,0.2072,2710.9,2428.7,2829.0,2556.4
/srv/shared_leopard_toad/2025/Documents/06.10-13.10.2025/4Z/102MEDIA/DSCF0518.JPG,DSCF0518.JPG,4Z/102MEDIA,0,Other_Amphibian,0.3382,2636.4,2242.8,2786.2,2407.5
/srv/shared_leopard_toad/2025/Documents/06.10-13.10.2025/4Z/102MEDIA/DSCF0777.JPG,DSCF0777.JPG,4Z/102MEDIA,0,Other_Amphibian,0.3688,809.8,1845.3,933.7,2002.6
/srv/shared_leopard_toad/2025/Documents/06.10-13.10.2025/4Z/102MEDIA/DSCF0167.JPG,DSCF0167.JPG,4Z/102MEDIA,0,Other_Amphibian,0.2536,2691.9,2427.3,2820.8,2558.5
/srv/shared_leopard_toad/2025/Documents/06.10-13.10.2025/4Z/102MEDIA/DSCF0167.JPG,DSCF0167.JPG,4Z/102MEDIA,0,Other_Amphibian,0.2229,2643.4,2243.1,2783.7,2408.1
/srv/shared_leopard_toad/2025/Documents/06.10-13.10.2025/4Z/102MEDIA/DSCF0273.JPG,DSCF0273.JPG,4Z/102MEDIA,0,Other_Amphibian,0.2533,2636.6,2245.4,2785.3,2407.9
/srv/shared_leopard_toad/2025/Documents/06.10-13.10.2025/4Z/102MEDIA/DSCF0273.JPG,DSCF0273.JPG,4Z/102MEDIA,0,Other_Amphibian,0.2478,2679.1,2425.7,2811.6,2566.1
/srv/shared_leopard_toad/2025/Documents/06.10-13.10.2025/4Z/102MEDIA/DSCF0273.JPG,DSCF0273.JPG,4Z/102MEDIA,0,Other_Amphibian,0.2424,2691.7,2428.3,2823.6,2561.7
/srv/shared_leopard_toad/2025/Documents/06.10-13.10.2025/4Z/102MEDIA/DSCF0038.JPG,DSCF0038.JPG,4Z/102MEDIA,0,Other_Amphibian,0.3056,2690.0,2429.3,2821.8,2558.4
/srv/shared_leopard_toad/2025/Documents/06.10-13.10.2025/4Z/102MEDIA/DSCF0038.JPG,DSCF0038.JPG,4Z/102MEDIA,0,Other_Amphibian,0.2427,2638.0,2245.2,2783.7,2409.8
/srv/shared_leopard_toad/2025/Documents/06.10-13.10.2025/4Z/102MEDIA/DSCF0038.JPG,DSCF0038.JPG,4Z/102MEDIA,0,Other_Amphibian,0.2417,2680.8,2428.3,2811.4,2561.7
/srv/shared_leopard_toad/2025/Documents/06.10-13.10.2025/4Z/102MEDIA/DSCF0891.JPG,DSCF0891.JPG,4Z/102MEDIA,0,Other_Amphibian,0.2764,3183.7,2075.4,3340.0,2217.8
/srv/shared_leopard_toad/2025/Documents/06.10-13.10.2025/4Z/102MEDIA/DSCF0636.JPG,DSCF0636.JPG,4Z/102MEDIA,0,Other_Amphibian,0.3403,2633.9,2242.0,2787.8,2409.0
/srv/shared_leopard_toad/2025/Documents/06.10-13.10.2025/4Z/102MEDIA/DSCF0636.JPG,DSCF0636.JPG,4Z/102MEDIA,0,Other_Amphibian,0.2091,2704.7,2427.7,2834.6,2567.4
/srv/shared_leopard_toad/2025/Documents/06.10-13.10.2025/4Z/102MEDIA/DSCF0089.JPG,DSCF0089.JPG,4Z/102MEDIA,0,Other_Amphibian,0.3463,2691.1,2427.5,2820.4,2556.7
/srv/shared_leopard_toad/2025/Documents/06.10-13.10.2025/4Z/102MEDIA/DSCF0089.JPG,DSCF0089.JPG,4Z/102MEDIA,0,Other_Amphibian,0.2509,2637.0,2245.3,2787.6,2412.8
/srv/shared_leopard_toad/2025/Documents/06.10-13.10.2025/4Z/102MEDIA/DSCF0089.JPG,DSCF0089.JPG,4Z/102MEDIA,0,Other_Amphibian,0.2327,2680.7,2424.9,2810.9,2560.5
/srv/shared_leopard_toad/2025/Documents/06.10-13.10.2025/4Z/102MEDIA/DSCF0827.JPG,DSCF0827.JPG,4Z/102MEDIA,0,Other_Amphibian,0.6735,804.8,1829.8,932.5,1999.7
/srv/shared_leopard_toad/2025/Documents/06.10-13.10.2025/4Z/102MEDIA/DSCF0827.JPG,DSCF0827.JPG,4Z/102MEDIA,0,Other_Amphibian,0.2030,813.0,1829.0,934.1,2008.9
/srv/shared_leopard_toad/2025/Documents/06.10-13.10.2025/4Z/102MEDIA/DSCF0560.JPG,DSCF0560.JPG,4Z/102MEDIA,0,Other_Amphibian,0.3771,2703.5,2427.0,2832.1,2561.3
/srv/shared_leopard_toad/2025/Documents/06.10-13.10.2025/4Z/102MEDIA/DSCF0560.JPG,DSCF0560.JPG,4Z/102MEDIA,0,Other_Amphibian,0.3352,2706.7,2429.5,2831.0,2554.7
/srv/shared_leopard_toad/2025/Documents/06.10-13.10.2025/4Z/102MEDIA/DSCF0802.JPG,DSCF0802.JPG,4Z/102MEDIA,2,Western_Leopard_Toad,0.2002,4677.7,1814.0,5059.8,2399.4
/srv/shared_leopard_toad/2025/Documents/06.10-13.10.2025/4Z/102MEDIA/DSCF0339.JPG,DSCF0339.JPG,4Z/102MEDIA,0,Other_Amphibian,0.3365,2688.9,2428.7,2822.7,2560.6
/srv/shared_leopard_toad/2025/Documents/06.10-13.10.2025/4Z/102MEDIA/DSCF0339.JPG,DSCF0339.JPG,4Z/102MEDIA,0,Other_Amphibian,0.3322,2685.7,2425.8,2819.3,2566.0
/srv/shared_leopard_toad/2025/Documents/06.10-13.10.2025/4Z/102MEDIA/DSCF0339.JPG,DSCF0339.JPG,4Z/102MEDIA,0,Other_Amphibian,0.2077,2637.4,2245.9,2785.0,2410.9
/srv/shared_leopard_toad/2025/Documents/06.10-13.10.2025/4Z/102MEDIA/DSCF0164.JPG,DSCF0164.JPG,4Z/102MEDIA,0,Other_Amphibian,0.3816,2693.8,2428.0,2823.9,2557.1
/srv/shared_leopard_toad/2025/Documents/06.10-13.10.2025/4Z/102MEDIA/DSCF0164.JPG,DSCF0164.JPG,4Z/102MEDIA,0,Other_Amphibian,0.2673,2685.0,2426.3,2814.5,2559.1
/srv/shared_leopard_toad/2025/Documents/06.10-13.10.2025/4Z/102MEDIA/DSCF0164.JPG,DSCF0164.JPG,4Z/102MEDIA,0,Other_Amphibian,0.2203,2641.6,2245.6,2785.3,2409.5
/srv/shared_leopard_toad/2025/Documents/06.10-13.10.2025/4Z/102MEDIA/DSCF0336.JPG,DSCF0336.JPG,4Z/102MEDIA,0,Other_Amphibian,0.3555,2689.9,2427.8,2822.6,2559.5
/srv/shared_leopard_toad/2025/Documents/06.10-13.10.2025/4Z/102MEDIA/DSCF0336.JPG,DSCF0336.JPG,4Z/102MEDIA,0,Other_Amphibian,0.3252,2685.0,2426.3,2817.5,2563.8
/srv/shared_leopard_toad/2025/Documents/06.10-13.10.2025/4Z/102MEDIA/DSCF0336.JPG,DSCF0336.JPG,4Z/102MEDIA,0,Other_Amphibian,0.2723,2637.1,2245.0,2785.4,2410.1
/srv/shared_leopard_toad/2025/Documents/06.10-13.10.2025/4Z/102MEDIA/DSCF0461.JPG,DSCF0461.JPG,4Z/102MEDIA,0,Other_Amphibian,0.2710,2630.9,2241.5,2784.8,2410.3
/srv/shared_leopard_toad/2025/Documents/06.10-13.10.2025/4Z/102MEDIA/DSCF0461.JPG,DSCF0461.JPG,4Z/102MEDIA,0,Other_Amphibian,0.2241,2692.5,2428.2,2841.4,2602.4
/srv/shared_leopard_toad/2025/Documents/06.10-13.10.2025/4Z/102MEDIA/DSCF0458.JPG,DSCF0458.JPG,4Z/102MEDIA,0,Other_Amphibian,0.2970,2716.1,2428.6,2833.5,2553.9
/srv/shared_leopard_toad/2025/Documents/06.10-13.10.2025/4Z/102MEDIA/DSCF0458.JPG,DSCF0458.JPG,4Z/102MEDIA,0,Other_Amphibian,0.2464,2711.8,2427.0,2834.6,2561.1
/srv/shared_leopard_toad/2025/Documents/06.10-13.10.2025/4Z/102MEDIA/DSCF0458.JPG,DSCF0458.JPG,4Z/102MEDIA,0,Other_Amphibian,0.2175,2638.1,2244.9,2786.0,2411.7
/srv/shared_leopard_toad/2025/Documents/06.10-13.10.2025/4Z/102MEDIA/DSCF0344.JPG,DSCF0344.JPG,4Z/102MEDIA,0,Other_Amphibian,0.2750,2635.2,2244.1,2788.8,2408.5
/srv/shared_leopard_toad/2025/Documents/06.10-13.10.2025/4Z/102MEDIA/DSCF0344.JPG,DSCF0344.JPG,4Z/102MEDIA,0,Other_Amphibian,0.2416,2692.8,2428.2,2822.9,2561.0
/srv/shared_leopard_toad/2025/Documents/06.10-13.10.2025/4Z/102MEDIA/DSCF0194.JPG,DSCF0194.JPG,4Z/102MEDIA,0,Other_Amphibian,0.3071,2691.6,2428.0,2819.3,2559.7
/srv/shared_leopard_toad/2025/Documents/06.10-13.10.2025/4Z/102MEDIA/DSCF0194.JPG,DSCF0194.JPG,4Z/102MEDIA,0,Other_Amphibian,0.2434,2633.2,2245.4,2783.1,2408.7
/srv/shared_leopard_toad/2025/Documents/06.10-13.10.2025/4Z/102MEDIA/DSCF0194.JPG,DSCF0194.JPG,4Z/102MEDIA,0,Other_Amphibian,0.2359,2680.8,2425.8,2809.3,2564.2
/srv/shared_leopard_toad/2025/Documents/06.10-13.10.2025/4Z/102MEDIA/DSCF0712.JPG,DSCF0712.JPG,4Z/102MEDIA,0,Other_Amphibian,0.3051,2635.7,2242.1,2785.8,2409.3
/srv/shared_leopard_toad/2025/Documents/06.10-13.10.2025/4Z/102MEDIA/DSCF0712.JPG,DSCF0712.JPG,4Z/102MEDIA,0,Other_Amphibian,0.2546,2715.4,2429.3,2833.8,2554.7
/srv/shared_leopard_toad/2025/Documents/06.10-13.10.2025/4Z/102MEDIA/DSCF0501.JPG,DSCF0501.JPG,4Z/102MEDIA,0,Other_Amphibian,0.3829,2636.8,2241.6,2787.2,2407.8
/srv/shared_leopard_toad/2025/Documents/06.10-13.10.2025/4Z/102MEDIA/DSCF0233.JPG,DSCF0233.JPG,4Z/102MEDIA,0,Other_Amphibian,0.3981,2635.0,2243.0,2782.9,2408.6
/srv/shared_leopard_toad/2025/Documents/06.10-13.10.2025/4Z/102MEDIA/DSCF0233.JPG,DSCF0233.JPG,4Z/102MEDIA,0,Other_Amphibian,0.2757,2689.7,2428.5,2823.7,2558.5
/srv/shared_leopard_toad/2025/Documents/06.10-13.10.2025/4Z/102MEDIA/DSCF0233.JPG,DSCF0233.JPG,4Z/102MEDIA,0,Other_Amphibian,0.2345,2681.7,2426.7,2814.0,2563.4
/srv/shared_leopard_toad/2025/Documents/06.10-13.10.2025/4Z/102MEDIA/DSCF0489.JPG,DSCF0489.JPG,4Z/102MEDIA,0,Other_Amphibian,0.3744,2631.6,2242.2,2786.8,2407.7
/srv/shared_leopard_toad/2025/Documents/06.10-13.10.2025/4Z/102MEDIA/DSCF0489.JPG,DSCF0489.JPG,4Z/102MEDIA,0,Other_Amphibian,0.2723,2713.7,2429.3,2831.3,2554.4
/srv/shared_leopard_toad/2025/Documents/06.10-13.10.2025/4Z/102MEDIA/DSCF0553.JPG,DSCF0553.JPG,4Z/102MEDIA,0,Other_Amphibian,0.3546,2632.2,2242.6,2785.5,2411.7
/srv/shared_leopard_toad/2025/Documents/06.10-13.10.2025/4Z/102MEDIA/DSCF0553.JPG,DSCF0553.JPG,4Z/102MEDIA,0,Other_Amphibian,0.2815,2713.3,2428.3,2831.8,2555.1
/srv/shared_leopard_toad/2025/Documents/06.10-13.10.2025/4Z/102MEDIA/DSCF0077.JPG,DSCF0077.JPG,4Z/102MEDIA,0,Other_Amphibian,0.3477,2688.4,2428.3,2823.9,2559.1
/srv/shared_leopard_toad/2025/Documents/06.10-13.10.2025/4Z/102MEDIA/DSCF0077.JPG,DSCF0077.JPG,4Z/102MEDIA,0,Other_Amphibian,0.3270,2684.8,2426.3,2818.4,2562.6
/srv/shared_leopard_toad/2025/Documents/06.10-13.10.2025/4Z/102MEDIA/DSCF0350.JPG,DSCF0350.JPG,4Z/102MEDIA,0,Other_Amphibian,0.3309,2691.2,2427.9,2821.5,2559.5
/srv/shared_leopard_toad/2025/Documents/06.10-13.10.2025/4Z/102MEDIA/DSCF0350.JPG,DSCF0350.JPG,4Z/102MEDIA,0,Other_Amphibian,0.2720,2684.3,2425.9,2814.7,2564.8
/srv/shared_leopard_toad/2025/Documents/06.10-13.10.2025/4Z/102MEDIA/DSCF0350.JPG,DSCF0350.JPG,4Z/102MEDIA,0,Other_Amphibian,0.2365,2634.7,2246.2,2784.5,2410.8
/srv/shared_leopard_toad/2025/Documents/06.10-13.10.2025/4Z/102MEDIA/DSCF0390.JPG,DSCF0390.JPG,4Z/102MEDIA,0,Other_Amphibian,0.3269,2693.7,2427.8,2823.3,2558.1
/srv/shared_leopard_toad/2025/Documents/06.10-13.10.2025/4Z/102MEDIA/DSCF0390.JPG,DSCF0390.JPG,4Z/102MEDIA,0,Other_Amphibian,0.2687,2685.7,2425.5,2815.9,2563.5
/srv/shared_leopard_toad/2025/Documents/06.10-13.10.2025/4Z/102MEDIA/DSCF0390.JPG,DSCF0390.JPG,4Z/102MEDIA,0,Other_Amphibian,0.2253,2631.2,2245.5,2782.2,2409.6
/srv/shared_leopard_toad/2025/Documents/06.10-13.10.2025/4Z/102MEDIA/DSCF0185.JPG,DSCF0185.JPG,4Z/102MEDIA,0,Other_Amphibian,0.3178,2690.9,2428.6,2822.3,2560.3
/srv/shared_leopard_toad/2025/Documents/06.10-13.10.2025/4Z/102MEDIA/DSCF0185.JPG,DSCF0185.JPG,4Z/102MEDIA,0,Other_Amphibian,0.2481,2636.8,2245.0,2783.3,2409.4
/srv/shared_leopard_toad/2025/Documents/06.10-13.10.2025/4Z/102MEDIA/DSCF0185.JPG,DSCF0185.JPG,4Z/102MEDIA,0,Other_Amphibian,0.2394,2682.1,2427.3,2812.6,2564.4
/srv/shared_leopard_toad/2025/Documents/06.10-13.10.2025/4Z/102MEDIA/DSCF0539.JPG,DSCF0539.JPG,4Z/102MEDIA,0,Other_Amphibian,0.3580,2632.7,2242.7,2787.1,2410.0
/srv/shared_leopard_toad/2025/Documents/06.10-13.10.2025/4Z/102MEDIA/DSCF0539.JPG,DSCF0539.JPG,4Z/102MEDIA,0,Other_Amphibian,0.2586,2709.8,2429.0,2833.3,2553.3
/srv/shared_leopard_toad/2025/Documents/06.10-13.10.2025/4Z/102MEDIA/DSCF0539.JPG,DSCF0539.JPG,4Z/102MEDIA,0,Other_Amphibian,0.2026,2702.0,2427.4,2830.0,2560.7
/srv/shared_leopard_toad/2025/Documents/06.10-13.10.2025/4Z/102MEDIA/DSCF0051.JPG,DSCF0051.JPG,4Z/102MEDIA,0,Other_Amphibian,0.3592,2689.9,2428.5,2823.1,2559.6
/srv/shared_leopard_toad/2025/Documents/06.10-13.10.2025/4Z/102MEDIA/DSCF0051.JPG,DSCF0051.JPG,4Z/102MEDIA,0,Other_Amphibian,0.3131,2684.8,2426.6,2818.6,2564.8
/srv/shared_leopard_toad/2025/Documents/06.10-13.10.2025/4Z/102MEDIA/DSCF0286.JPG,DSCF0286.JPG,4Z/102MEDIA,0,Other_Amphibian,0.2745,2639.4,2244.1,2784.8,2407.7
/srv/shared_leopard_toad/2025/Documents/06.10-13.10.2025/4Z/102MEDIA/DSCF0429.JPG,DSCF0429.JPG,4Z/102MEDIA,0,Other_Amphibian,0.3303,2717.3,2429.3,2836.0,2554.3
/srv/shared_leopard_toad/2025/Documents/06.10-13.10.2025/4Z/102MEDIA/DSCF0429.JPG,DSCF0429.JPG,4Z/102MEDIA,0,Other_Amphibian,0.2693,2636.3,2244.3,2786.6,2411.3
/srv/shared_leopard_toad/2025/Documents/06.10-13.10.2025/4Z/102MEDIA/DSCF0429.JPG,DSCF0429.JPG,4Z/102MEDIA,0,Other_Amphibian,0.2498,2714.6,2427.8,2838.0,2560.5
/srv/shared_leopard_toad/2025/Documents/06.10-13.10.2025/4Z/102MEDIA/DSCF0431.JPG,DSCF0431.JPG,4Z/102MEDIA,0,Other_Amphibian,0.3447,2714.6,2428.1,2832.1,2555.5
/srv/shared_leopard_toad/2025/Documents/06.10-13.10.2025/4Z/102MEDIA/DSCF0431.JPG,DSCF0431.JPG,4Z/102MEDIA,0,Other_Amphibian,0.3026,2711.5,2426.0,2832.9,2562.6
/srv/shared_leopard_toad/2025/Documents/06.10-13.10.2025/4Z/102MEDIA/DSCF0834.JPG,DSCF0834.JPG,4Z/102MEDIA,0,Other_Amphibian,0.3228,805.7,1824.7,935.4,2005.5
/srv/shared_leopard_toad/2025/Documents/06.10-13.10.2025/4Z/102MEDIA/DSCF0822.JPG,DSCF0822.JPG,4Z/102MEDIA,2,Western_Leopard_Toad,0.2863,4701.4,1688.9,5339.5,2420.3
/srv/shared_leopard_toad/2025/Documents/06.10-13.10.2025/4Z/102MEDIA/DSCF0822.JPG,DSCF0822.JPG,4Z/102MEDIA,0,Other_Amphibian,0.2031,809.0,1828.5,923.0,1995.9
/srv/shared_leopard_toad/2025/Documents/06.10-13.10.2025/4Z/102MEDIA/DSCF0792.JPG,DSCF0792.JPG,4Z/102MEDIA,0,Other_Amphibian,0.2438,3624.7,1659.9,3924.5,1939.1
/srv/shared_leopard_toad/2025/Documents/06.10-13.10.2025/4Z/102MEDIA/DSCF0807.JPG,DSCF0807.JPG,4Z/102MEDIA,0,Other_Amphibian,0.2367,805.6,1830.8,923.0,1997.9
/srv/shared_leopard_toad/2025/Documents/06.10-13.10.2025/4Z/102MEDIA/DSCF0807.JPG,DSCF0807.JPG,4Z/102MEDIA,2,Western_Leopard_Toad,0.2230,4695.3,1823.4,5066.2,2407.1
/srv/shared_leopard_toad/2025/Documents/06.10-13.10.2025/4Z/102MEDIA/DSCF0341.JPG,DSCF0341.JPG,4Z/102MEDIA,0,Other_Amphibian,0.3073,2694.3,2428.2,2822.0,2559.4
/srv/shared_leopard_toad/2025/Documents/06.10-13.10.2025/4Z/102MEDIA/DSCF0341.JPG,DSCF0341.JPG,4Z/102MEDIA,0,Other_Amphibian,0.2348,2684.6,2427.2,2813.1,2563.8
/srv/shared_leopard_toad/2025/Documents/06.10-13.10.2025/4Z/102MEDIA/DSCF0304.JPG,DSCF0304.JPG,4Z/102MEDIA,0,Other_Amphibian,0.2703,2692.1,2428.1,2822.3,2560.4
/srv/shared_leopard_toad/2025/Documents/06.10-13.10.2025/4Z/102MEDIA/DSCF0304.JPG,DSCF0304.JPG,4Z/102MEDIA,0,Other_Amphibian,0.2585,2681.8,2425.9,2812.8,2564.6
/srv/shared_leopard_toad/2025/Documents/06.10-13.10.2025/4Z/102MEDIA/DSCF0304.JPG,DSCF0304.JPG,4Z/102MEDIA,0,Other_Amphibian,0.2487,2634.8,2244.9,2784.5,2408.3
/srv/shared_leopard_toad/2025/Documents/06.10-13.10.2025/4Z/102MEDIA/DSCF0507.JPG,DSCF0507.JPG,4Z/102MEDIA,0,Other_Amphibian,0.2820,2634.2,2243.5,2782.8,2407.9
/srv/shared_leopard_toad/2025/Documents/06.10-13.10.2025/4Z/102MEDIA/DSCF0507.JPG,DSCF0507.JPG,4Z/102MEDIA,0,Other_Amphibian,0.2167,2719.5,2428.9,2831.2,2552.6
/srv/shared_leopard_toad/2025/Documents/06.10-13.10.2025/4Z/102MEDIA/DSCF0681.JPG,DSCF0681.JPG,4Z/102MEDIA,0,Other_Amphibian,0.3423,2631.2,2242.8,2784.1,2409.7
/srv/shared_leopard_toad/2025/Documents/06.10-13.10.2025/4Z/102MEDIA/DSCF0681.JPG,DSCF0681.JPG,4Z/102MEDIA,0,Other_Amphibian,0.2853,2716.2,2428.6,2833.2,2551.5
/srv/shared_leopard_toad/2025/Documents/06.10-13.10.2025/4Z/102MEDIA/DSCF0592.JPG,DSCF0592.JPG,4Z/102MEDIA,0,Other_Amphibian,0.3531,2634.7,2242.8,2786.9,2412.0
/srv/shared_leopard_toad/2025/Documents/06.10-13.10.2025/4Z/102MEDIA/DSCF0592.JPG,DSCF0592.JPG,4Z/102MEDIA,0,Other_Amphibian,0.2513,2715.2,2428.3,2833.0,2553.5
/srv/shared_leopard_toad/2025/Documents/06.10-13.10.2025/4Z/102MEDIA/DSCF0574.JPG,DSCF0574.JPG,4Z/102MEDIA,0,Other_Amphibian,0.3637,2635.0,2242.2,2786.9,2408.3
/srv/shared_leopard_toad/2025/Documents/06.10-13.10.2025/4Z/102MEDIA/DSCF0574.JPG,DSCF0574.JPG,4Z/102MEDIA,0,Other_Amphibian,0.2837,2719.3,2428.9,2834.3,2553.7
/srv/shared_leopard_toad/2025/Documents/06.10-13.10.2025/4Z/102MEDIA/DSCF0795.JPG,DSCF0795.JPG,4Z/102MEDIA,0,Other_Amphibian,0.6210,806.1,1836.5,929.3,1995.9
/srv/shared_leopard_toad/2025/Documents/06.10-13.10.2025/4Z/102MEDIA/DSCF0266.JPG,DSCF0266.JPG,4Z/102MEDIA,0,Other_Amphibian,0.3416,2690.9,2428.5,2823.1,2560.4
/srv/shared_leopard_toad/2025/Documents/06.10-13.10.2025/4Z/102MEDIA/DSCF0266.JPG,DSCF0266.JPG,4Z/102MEDIA,0,Other_Amphibian,0.2777,2683.5,2427.2,2815.2,2564.4
/srv/shared_leopard_toad/2025/Documents/06.10-13.10.2025/4Z/102MEDIA/DSCF0003.JPG,DSCF0003.JPG,4Z/102MEDIA,0,Other_Amphibian,0.3333,2619.8,2245.0,2783.0,2425.0
/srv/shared_leopard_toad/2025/Documents/06.10-13.10.2025/4Z/102MEDIA/DSCF0207.JPG,DSCF0207.JPG,4Z/102MEDIA,0,Other_Amphibian,0.3628,2346.7,1833.7,2589.9,1982.8
/srv/shared_leopard_toad/2025/Documents/06.10-13.10.2025/4Z/102MEDIA/DSCF0207.JPG,DSCF0207.JPG,4Z/102MEDIA,0,Other_Amphibian,0.3517,2634.6,2243.1,2784.8,2408.0
/srv/shared_leopard_toad/2025/Documents/06.10-13.10.2025/4Z/102MEDIA/DSCF0393.JPG,DSCF0393.JPG,4Z/102MEDIA,0,Other_Amphibian,0.6182,2802.2,2327.4,3019.3,2572.6
/srv/shared_leopard_toad/2025/Documents/06.10-13.10.2025/4Z/102MEDIA/DSCF0981.JPG,DSCF0981.JPG,4Z/102MEDIA,0,Other_Amphibian,0.2519,2693.2,2423.6,2823.2,2557.8
/srv/shared_leopard_toad/2025/Documents/06.10-13.10.2025/4Z/102MEDIA/DSCF0403.JPG,DSCF0403.JPG,4Z/102MEDIA,0,Other_Amphibian,0.3025,2920.4,2329.2,3151.9,2525.7
/srv/shared_leopard_toad/2025/Documents/06.10-13.10.2025/4Z/102MEDIA/DSCF0403.JPG,DSCF0403.JPG,4Z/102MEDIA,0,Other_Amphibian,0.2218,2629.7,2245.3,2784.4,2410.3
/srv/shared_leopard_toad/2025/Documents/06.10-13.10.2025/4Z/102MEDIA/DSCF0403.JPG,DSCF0403.JPG,4Z/102MEDIA,0,Other_Amphibian,0.2063,2708.2,2428.3,2828.6,2555.2
/srv/shared_leopard_toad/2025/Documents/06.10-13.10.2025/4Z/102MEDIA/DSCF0369.JPG,DSCF0369.JPG,4Z/102MEDIA,0,Other_Amphibian,0.3000,2752.9,837.1,3031.0,1109.0
/srv/shared_leopard_toad/2025/Documents/06.10-13.10.2025/4Z/102MEDIA/DSCF0369.JPG,DSCF0369.JPG,4Z/102MEDIA,0,Other_Amphibian,0.2770,2691.9,2428.3,2820.8,2558.7
/srv/shared_leopard_toad/2025/Documents/06.10-13.10.2025/4Z/102MEDIA/DSCF0369.JPG,DSCF0369.JPG,4Z/102MEDIA,0,Other_Amphibian,0.2260,2635.1,2245.2,2784.7,2410.2
/srv/shared_leopard_toad/2025/Documents/06.10-13.10.2025/4Z/102MEDIA/DSCF0490.JPG,DSCF0490.JPG,4Z/102MEDIA,0,Other_Amphibian,0.2273,2636.2,2244.6,2787.0,2411.6
/srv/shared_leopard_toad/2025/Documents/06.10-13.10.2025/4Z/102MEDIA/DSCF0422.JPG,DSCF0422.JPG,4Z/102MEDIA,0,Other_Amphibian,0.3176,2630.4,2243.5,2790.1,2412.3
/srv/shared_leopard_toad/2025/Documents/06.10-13.10.2025/4Z/102MEDIA/DSCF0422.JPG,DSCF0422.JPG,4Z/102MEDIA,0,Other_Amphibian,0.2941,2713.5,2428.8,2833.7,2552.8
/srv/shared_leopard_toad/2025/Documents/06.10-13.10.2025/4Z/102MEDIA/DSCF0549.JPG,DSCF0549.JPG,4Z/102MEDIA,0,Other_Amphibian,0.2861,2718.2,2428.3,2833.4,2548.8
/srv/shared_leopard_toad/2025/Documents/06.10-13.10.2025/4Z/102MEDIA/DSCF0549.JPG,DSCF0549.JPG,4Z/102MEDIA,0,Other_Amphibian,0.2832,2630.9,2244.1,2784.2,2412.0
/srv/shared_leopard_toad/2025/Documents/06.10-13.10.2025/4Z/102MEDIA/DSCF0649.JPG,DSCF0649.JPG,4Z/102MEDIA,0,Other_Amphibian,0.3871,2633.8,2242.0,2784.7,2408.6
/srv/shared_leopard_toad/2025/Documents/06.10-13.10.2025/4Z/102MEDIA/DSCF0649.JPG,DSCF0649.JPG,4Z/102MEDIA,0,Other_Amphibian,0.2218,2701.1,2426.8,2829.8,2568.5
/srv/shared_leopard_toad/2025/Documents/06.10-13.10.2025/4Z/102MEDIA/DSCF0912.JPG,DSCF0912.JPG,4Z/102MEDIA,0,Other_Amphibian,0.2467,2692.0,2425.5,2821.9,2558.8
/srv/shared_leopard_toad/2025/Documents/06.10-13.10.2025/4Z/102MEDIA/DSCF0353.JPG,DSCF0353.JPG,4Z/102MEDIA,0,Other_Amphibian,0.3502,2692.5,2428.1,2822.7,2558.1
/srv/shared_leopard_toad/2025/Documents/06.10-13.10.2025/4Z/102MEDIA/DSCF0353.JPG,DSCF0353.JPG,4Z/102MEDIA,0,Other_Amphibian,0.2750,2687.4,2426.7,2817.9,2563.3
/srv/shared_leopard_toad/2025/Documents/06.10-13.10.2025/4Z/102MEDIA/DSCF0394.JPG,DSCF0394.JPG,4Z/102MEDIA,0,Other_Amphibian,0.3837,2809.4,2327.5,3026.0,2564.8
/srv/shared_leopard_toad/2025/Documents/06.10-13.10.2025/4Z/102MEDIA/DSCF0476.JPG,DSCF0476.JPG,4Z/102MEDIA,0,Other_Amphibian,0.3219,2634.7,2242.0,2788.2,2411.5
/srv/shared_leopard_toad/2025/Documents/06.10-13.10.2025/4Z/102MEDIA/DSCF0476.JPG,DSCF0476.JPG,4Z/102MEDIA,0,Other_Amphibian,0.3061,2715.3,2428.5,2833.4,2554.0
/srv/shared_leopard_toad/2025/Documents/06.10-13.10.2025/4Z/102MEDIA/DSCF0476.JPG,DSCF0476.JPG,4Z/102MEDIA,0,Other_Amphibian,0.2249,2709.0,2427.5,2834.7,2561.4
/srv/shared_leopard_toad/2025/Documents/06.10-13.10.2025/4Z/102MEDIA/DSCF0713.JPG,DSCF0713.JPG,4Z/102MEDIA,0,Other_Amphibian,0.3025,2634.9,2242.0,2783.5,2407.9
/srv/shared_leopard_toad/2025/Documents/06.10-13.10.2025/4Z/102MEDIA/DSCF0713.JPG,DSCF0713.JPG,4Z/102MEDIA,0,Other_Amphibian,0.2087,2722.2,2428.8,2833.3,2554.1
/srv/shared_leopard_toad/2025/Documents/06.10-13.10.2025/4Z/102MEDIA/DSCF0699.JPG,DSCF0699.JPG,4Z/102MEDIA,0,Other_Amphibian,0.3044,2719.0,2429.8,2836.1,2553.8
/srv/shared_leopard_toad/2025/Documents/06.10-13.10.2025/4Z/102MEDIA/DSCF0699.JPG,DSCF0699.JPG,4Z/102MEDIA,0,Other_Amphibian,0.2486,2635.2,2244.1,2788.3,2411.3
/srv/shared_leopard_toad/2025/Documents/06.10-13.10.2025/4Z/102MEDIA/DSCF0699.JPG,DSCF0699.JPG,4Z/102MEDIA,0,Other_Amphibian,0.2168,2711.1,2428.4,2835.3,2559.6
/srv/shared_leopard_toad/2025/Documents/06.10-13.10.2025/4Z/102MEDIA/DSCF0146.JPG,DSCF0146.JPG,4Z/102MEDIA,0,Other_Amphibian,0.3641,2688.8,2428.0,2822.1,2558.1
/srv/shared_leopard_toad/2025/Documents/06.10-13.10.2025/4Z/102MEDIA/DSCF0146.JPG,DSCF0146.JPG,4Z/102MEDIA,0,Other_Amphibian,0.2769,2679.1,2426.8,2811.3,2560.6
/srv/shared_leopard_toad/2025/Documents/06.10-13.10.2025/4Z/102MEDIA/DSCF0566.JPG,DSCF0566.JPG,4Z/102MEDIA,0,Other_Amphibian,0.3695,2705.8,2427.5,2833.0,2563.1
/srv/shared_leopard_toad/2025/Documents/06.10-13.10.2025/4Z/102MEDIA/DSCF0566.JPG,DSCF0566.JPG,4Z/102MEDIA,0,Other_Amphibian,0.3266,2710.2,2428.9,2834.5,2556.4
/srv/shared_leopard_toad/2025/Documents/06.10-13.10.2025/4Z/102MEDIA/DSCF0566.JPG,DSCF0566.JPG,4Z/102MEDIA,0,Other_Amphibian,0.2614,2628.7,2244.6,2786.8,2412.4
/srv/shared_leopard_toad/2025/Documents/06.10-13.10.2025/4Z/102MEDIA/DSCF0559.JPG,DSCF0559.JPG,4Z/102MEDIA,0,Other_Amphibian,0.2927,2704.9,2427.7,2828.5,2554.6
/srv/shared_leopard_toad/2025/Documents/06.10-13.10.2025/4Z/102MEDIA/DSCF0559.JPG,DSCF0559.JPG,4Z/102MEDIA,0,Other_Amphibian,0.2766,2699.6,2425.8,2829.0,2564.2
/srv/shared_leopard_toad/2025/Documents/06.10-13.10.2025/4Z/102MEDIA/DSCF0559.JPG,DSCF0559.JPG,4Z/102MEDIA,0,Other_Amphibian,0.2549,2635.1,2245.0,2788.1,2412.6
/srv/shared_leopard_toad/2025/Documents/06.10-13.10.2025/4Z/102MEDIA/DSCF0445.JPG,DSCF0445.JPG,4Z/102MEDIA,0,Other_Amphibian,0.3643,2632.8,2244.0,2787.4,2409.7
/srv/shared_leopard_toad/2025/Documents/06.10-13.10.2025/4Z/102MEDIA/DSCF0445.JPG,DSCF0445.JPG,4Z/102MEDIA,0,Other_Amphibian,0.2738,2713.2,2428.2,2831.5,2551.5
/srv/shared_leopard_toad/2025/Documents/06.10-13.10.2025/4Z/102MEDIA/DSCF0368.JPG,DSCF0368.JPG,4Z/102MEDIA,0,Other_Amphibian,0.3255,2692.3,2427.8,2822.8,2558.6
/srv/shared_leopard_toad/2025/Documents/06.10-13.10.2025/4Z/102MEDIA/DSCF0368.JPG,DSCF0368.JPG,4Z/102MEDIA,0,Other_Amphibian,0.2959,2686.7,2426.2,2816.7,2563.9
/srv/shared_leopard_toad/2025/Documents/06.10-13.10.2025/4Z/102MEDIA/DSCF0656.JPG,DSCF0656.JPG,4Z/102MEDIA,0,Other_Amphibian,0.2936,2708.4,2427.4,2835.5,2562.5
/srv/shared_leopard_toad/2025/Documents/06.10-13.10.2025/4Z/102MEDIA/DSCF0656.JPG,DSCF0656.JPG,4Z/102MEDIA,0,Other_Amphibian,0.2827,2710.9,2429.5,2834.8,2554.6
/srv/shared_leopard_toad/2025/Documents/06.10-13.10.2025/4Z/102MEDIA/DSCF0656.JPG,DSCF0656.JPG,4Z/102MEDIA,0,Other_Amphibian,0.2386,2637.5,2243.5,2786.5,2412.0
/srv/shared_leopard_toad/2025/Documents/06.10-13.10.2025/4Z/102MEDIA/DSCF0994.JPG,DSCF0994.JPG,4Z/102MEDIA,0,Other_Amphibian,0.2283,2690.2,2423.4,2821.6,2555.4
/srv/shared_leopard_toad/2025/Documents/06.10-13.10.2025/4Z/102MEDIA/DSCF0366.JPG,DSCF0366.JPG,4Z/102MEDIA,0,Other_Amphibian,0.3367,2688.4,2428.3,2821.2,2560.9
/srv/shared_leopard_toad/2025/Documents/06.10-13.10.2025/4Z/102MEDIA/DSCF0366.JPG,DSCF0366.JPG,4Z/102MEDIA,0,Other_Amphibian,0.3356,2684.2,2426.1,2817.8,2566.2
/srv/shared_leopard_toad/2025/Documents/06.10-13.10.2025/4Z/102MEDIA/DSCF0366.JPG,DSCF0366.JPG,4Z/102MEDIA,0,Other_Amphibian,0.2165,2634.9,2245.5,2785.3,2411.1
/srv/shared_leopard_toad/2025/Documents/06.10-13.10.2025/4Z/102MEDIA/DSCF0439.JPG,DSCF0439.JPG,4Z/102MEDIA,0,Other_Amphibian,0.4100,2633.2,2243.3,2787.6,2410.0
/srv/shared_leopard_toad/2025/Documents/06.10-13.10.2025/4Z/102MEDIA/DSCF0439.JPG,DSCF0439.JPG,4Z/102MEDIA,0,Other_Amphibian,0.2123,2722.9,2428.9,2832.9,2552.7
/srv/shared_leopard_toad/2025/Documents/06.10-13.10.2025/4Z/102MEDIA/DSCF0755.JPG,DSCF0755.JPG,4Z/102MEDIA,2,Western_Leopard_Toad,0.3362,5031.3,3.6,5374.1,273.1
/srv/shared_leopard_toad/2025/Documents/06.10-13.10.2025/4Z/102MEDIA/DSCF0755.JPG,DSCF0755.JPG,4Z/102MEDIA,0,Other_Amphibian,0.3046,5120.8,1541.1,5249.7,1731.7
/srv/shared_leopard_toad/2025/Documents/06.10-13.10.2025/4Z/102MEDIA/DSCF0251.JPG,DSCF0251.JPG,4Z/102MEDIA,0,Other_Amphibian,0.4705,2627.8,2243.7,2782.2,2409.3
/srv/shared_leopard_toad/2025/Documents/06.10-13.10.2025/4Z/102MEDIA/DSCF0251.JPG,DSCF0251.JPG,4Z/102MEDIA,0,Other_Amphibian,0.2378,2687.0,2431.3,2844.4,2567.9
/srv/shared_leopard_toad/2025/Documents/06.10-13.10.2025/4Z/102MEDIA/DSCF0372.JPG,DSCF0372.JPG,4Z/102MEDIA,0,Other_Amphibian,0.3438,2691.3,2427.4,2823.0,2559.4
/srv/shared_leopard_toad/2025/Documents/06.10-13.10.2025/4Z/102MEDIA/DSCF0372.JPG,DSCF0372.JPG,4Z/102MEDIA,0,Other_Amphibian,0.2737,2684.2,2425.6,2815.1,2564.9
/srv/shared_leopard_toad/2025/Documents/06.10-13.10.2025/4Z/102MEDIA/DSCF0372.JPG,DSCF0372.JPG,4Z/102MEDIA,0,Other_Amphibian,0.2034,2344.3,1869.0,2429.6,1974.3
/srv/shared_leopard_toad/2025/Documents/06.10-13.10.2025/4Z/102MEDIA/DSCF0250.JPG,DSCF0250.JPG,4Z/102MEDIA,0,Other_Amphibian,0.3429,2632.8,2243.1,2785.0,2408.5
/srv/shared_leopard_toad/2025/Documents/06.10-13.10.2025/4Z/102MEDIA/DSCF0342.JPG,DSCF0342.JPG,4Z/102MEDIA,0,Other_Amphibian,0.4614,2627.5,2243.3,2785.1,2411.2
/srv/shared_leopard_toad/2025/Documents/06.10-13.10.2025/4Z/102MEDIA/DSCF0342.JPG,DSCF0342.JPG,4Z/102MEDIA,0,Other_Amphibian,0.2821,2690.9,2429.0,2823.9,2560.5
/srv/shared_leopard_toad/2025/Documents/06.10-13.10.2025/4Z/102MEDIA/DSCF0342.JPG,DSCF0342.JPG,4Z/102MEDIA,0,Other_Amphibian,0.2284,2680.0,2427.3,2814.4,2565.8
/srv/shared_leopard_toad/2025/Documents/06.10-13.10.2025/4Z/102MEDIA/DSCF0305.JPG,DSCF0305.JPG,4Z/102MEDIA,0,Other_Amphibian,0.3223,2687.5,2428.2,2822.4,2560.8
/srv/shared_leopard_toad/2025/Documents/06.10-13.10.2025/4Z/102MEDIA/DSCF0305.JPG,DSCF0305.JPG,4Z/102MEDIA,0,Other_Amphibian,0.2912,2682.0,2425.6,2816.4,2567.7
/srv/shared_leopard_toad/2025/Documents/06.10-13.10.2025/4Z/102MEDIA/DSCF0305.JPG,DSCF0305.JPG,4Z/102MEDIA,0,Other_Amphibian,0.2654,2633.7,2245.4,2783.3,2410.2
/srv/shared_leopard_toad/2025/Documents/06.10-13.10.2025/4Z/102MEDIA/DSCF0033.JPG,DSCF0033.JPG,4Z/102MEDIA,0,Other_Amphibian,0.3661,2691.0,2428.5,2823.3,2555.6
/srv/shared_leopard_toad/2025/Documents/06.10-13.10.2025/4Z/102MEDIA/DSCF0033.JPG,DSCF0033.JPG,4Z/102MEDIA,0,Other_Amphibian,0.3259,2638.8,2243.0,2788.0,2408.2
/srv/shared_leopard_toad/2025/Documents/06.10-13.10.2025/4Z/102MEDIA/DSCF0033.JPG,DSCF0033.JPG,4Z/102MEDIA,0,Other_Amphibian,0.2547,2681.9,2427.1,2813.5,2558.1
/srv/shared_leopard_toad/2025/Documents/06.10-13.10.2025/4Z/102MEDIA/DSCF0487.JPG,DSCF0487.JPG,4Z/102MEDIA,0,Other_Amphibian,0.3378,2628.7,2242.7,2786.6,2410.3
/srv/shared_leopard_toad/2025/Documents/06.10-13.10.2025/4Z/102MEDIA/DSCF0487.JPG,DSCF0487.JPG,4Z/102MEDIA,0,Other_Amphibian,0.2763,2715.9,2428.0,2833.1,2555.2
/srv/shared_leopard_toad/2025/Documents/06.10-13.10.2025/4Z/102MEDIA/DSCF0487.JPG,DSCF0487.JPG,4Z/102MEDIA,0,Other_Amphibian,0.2166,2706.1,2426.6,2832.1,2564.4
/srv/shared_leopard_toad/2025/Documents/06.10-13.10.2025/4Z/102MEDIA/DSCF0709.JPG,DSCF0709.JPG,4Z/102MEDIA,0,Other_Amphibian,0.4373,2634.6,2242.5,2786.4,2407.5
/srv/shared_leopard_toad/2025/Documents/06.10-13.10.2025/4Z/102MEDIA/DSCF0168.JPG,DSCF0168.JPG,4Z/102MEDIA,0,Other_Amphibian,0.3420,2638.2,2245.9,2786.0,2409.1
/srv/shared_leopard_toad/2025/Documents/06.10-13.10.2025/4Z/102MEDIA/DSCF0670.JPG,DSCF0670.JPG,4Z/102MEDIA,0,Other_Amphibian,0.3523,2633.5,2243.9,2788.2,2408.4
/srv/shared_leopard_toad/2025/Documents/06.10-13.10.2025/4Z/102MEDIA/DSCF0670.JPG,DSCF0670.JPG,4Z/102MEDIA,0,Other_Amphibian,0.2279,2717.7,2428.7,2832.8,2551.2
/srv/shared_leopard_toad/2025/Documents/06.10-13.10.2025/4Z/102MEDIA/DSCF0676.JPG,DSCF0676.JPG,4Z/102MEDIA,0,Other_Amphibian,0.3145,2710.9,2429.2,2832.1,2554.6
/srv/shared_leopard_toad/2025/Documents/06.10-13.10.2025/4Z/102MEDIA/DSCF0676.JPG,DSCF0676.JPG,4Z/102MEDIA,0,Other_Amphibian,0.2899,2629.7,2242.5,2785.6,2411.2
/srv/shared_leopard_toad/2025/Documents/06.10-13.10.2025/4Z/102MEDIA/DSCF0676.JPG,DSCF0676.JPG,4Z/102MEDIA,0,Other_Amphibian,0.2437,2707.5,2428.2,2834.5,2561.2
/srv/shared_leopard_toad/2025/Documents/06.10-13.10.2025/4Z/102MEDIA/DSCF0531.JPG,DSCF0531.JPG,4Z/102MEDIA,0,Other_Amphibian,0.2894,2628.8,2243.1,2783.5,2412.5
/srv/shared_leopard_toad/2025/Documents/06.10-13.10.2025/4Z/102MEDIA/DSCF0411.JPG,DSCF0411.JPG,4Z/102MEDIA,0,Other_Amphibian,0.3899,2628.2,2242.8,2784.5,2410.9
/srv/shared_leopard_toad/2025/Documents/06.10-13.10.2025/4Z/102MEDIA/DSCF0411.JPG,DSCF0411.JPG,4Z/102MEDIA,0,Other_Amphibian,0.2668,2715.5,2429.2,2833.1,2555.7
/srv/shared_leopard_toad/2025/Documents/06.10-13.10.2025/4Z/102MEDIA/DSCF0700.JPG,DSCF0700.JPG,4Z/102MEDIA,0,Other_Amphibian,0.3685,2627.4,2242.3,2786.2,2412.3
/srv/shared_leopard_toad/2025/Documents/06.10-13.10.2025/4Z/102MEDIA/DSCF0700.JPG,DSCF0700.JPG,4Z/102MEDIA,0,Other_Amphibian,0.3174,2712.9,2429.9,2836.4,2557.0
/srv/shared_leopard_toad/2025/Documents/06.10-13.10.2025/4Z/102MEDIA/DSCF0700.JPG,DSCF0700.JPG,4Z/102MEDIA,0,Other_Amphibian,0.3097,2711.1,2429.0,2838.6,2563.5
/srv/shared_leopard_toad/2025/Documents/06.10-13.10.2025/4Z/102MEDIA/DSCF0230.JPG,DSCF0230.JPG,4Z/102MEDIA,0,Other_Amphibian,0.3140,2695.4,2427.9,2822.5,2558.9
/srv/shared_leopard_toad/2025/Documents/06.10-13.10.2025/4Z/102MEDIA/DSCF0230.JPG,DSCF0230.JPG,4Z/102MEDIA,0,Other_Amphibian,0.2467,2683.9,2426.3,2812.3,2562.5
/srv/shared_leopard_toad/2025/Documents/06.10-13.10.2025/4Z/102MEDIA/DSCF0007.JPG,DSCF0007.JPG,4Z/102MEDIA,0,Other_Amphibian,0.2512,2695.7,2428.0,2823.9,2559.7
/srv/shared_leopard_toad/2025/Documents/06.10-13.10.2025/4Z/102MEDIA/DSCF0007.JPG,DSCF0007.JPG,4Z/102MEDIA,0,Other_Amphibian,0.2086,2685.0,2425.6,2815.0,2564.3
/srv/shared_leopard_toad/2025/Documents/06.10-13.10.2025/4Z/102MEDIA/DSCF0139.JPG,DSCF0139.JPG,4Z/102MEDIA,0,Other_Amphibian,0.3319,2690.5,2428.3,2823.0,2557.6
/srv/shared_leopard_toad/2025/Documents/06.10-13.10.2025/4Z/102MEDIA/DSCF0139.JPG,DSCF0139.JPG,4Z/102MEDIA,0,Other_Amphibian,0.2397,2681.5,2427.1,2813.4,2560.9
/srv/shared_leopard_toad/2025/Documents/06.10-13.10.2025/4Z/102MEDIA/DSCF0256.JPG,DSCF0256.JPG,4Z/102MEDIA,0,Other_Amphibian,0.3457,2693.4,2427.5,2824.2,2559.4
/srv/shared_leopard_toad/2025/Documents/06.10-13.10.2025/4Z/102MEDIA/DSCF0256.JPG,DSCF0256.JPG,4Z/102MEDIA,0,Other_Amphibian,0.2850,2684.6,2426.3,2816.6,2563.5
/srv/shared_leopard_toad/2025/Documents/06.10-13.10.2025/4Z/102MEDIA/DSCF0256.JPG,DSCF0256.JPG,4Z/102MEDIA,0,Other_Amphibian,0.2633,2635.1,2243.9,2787.3,2411.5
/srv/shared_leopard_toad/2025/Documents/06.10-13.10.2025/4Z/102MEDIA/DSCF0936.JPG,DSCF0936.JPG,4Z/102MEDIA,0,Other_Amphibian,0.2081,2693.9,2422.1,2824.0,2558.4
/srv/shared_leopard_toad/2025/Documents/06.10-13.10.2025/4Z/102MEDIA/DSCF0324.JPG,DSCF0324.JPG,4Z/102MEDIA,0,Other_Amphibian,0.2912,2691.3,2427.8,2821.0,2559.4
/srv/shared_leopard_toad/2025/Documents/06.10-13.10.2025/4Z/102MEDIA/DSCF0324.JPG,DSCF0324.JPG,4Z/102MEDIA,0,Other_Amphibian,0.2528,2631.6,2243.8,2786.3,2412.1
/srv/shared_leopard_toad/2025/Documents/06.10-13.10.2025/4Z/102MEDIA/DSCF0324.JPG,DSCF0324.JPG,4Z/102MEDIA,0,Other_Amphibian,0.2035,2680.4,2425.0,2811.8,2563.6
/srv/shared_leopard_toad/2025/Documents/06.10-13.10.2025/4Z/102MEDIA/DSCF0524.JPG,DSCF0524.JPG,4Z/102MEDIA,0,Other_Amphibian,0.3314,2715.0,2428.7,2832.5,2552.6
/srv/shared_leopard_toad/2025/Documents/06.10-13.10.2025/4Z/102MEDIA/DSCF0524.JPG,DSCF0524.JPG,4Z/102MEDIA,0,Other_Amphibian,0.3007,2635.1,2243.3,2785.4,2409.2
/srv/shared_leopard_toad/2025/Documents/06.10-13.10.2025/4Z/102MEDIA/DSCF0524.JPG,DSCF0524.JPG,4Z/102MEDIA,0,Other_Amphibian,0.2134,2708.7,2427.1,2829.2,2558.6
/srv/shared_leopard_toad/2025/Documents/06.10-13.10.2025/4Z/102MEDIA/DSCF0044.JPG,DSCF0044.JPG,4Z/102MEDIA,0,Other_Amphibian,0.2589,2692.8,2428.1,2822.1,2560.6
/srv/shared_leopard_toad/2025/Documents/06.10-13.10.2025/4Z/102MEDIA/DSCF0044.JPG,DSCF0044.JPG,4Z/102MEDIA,0,Other_Amphibian,0.2311,2635.2,2244.9,2784.7,2410.0
/srv/shared_leopard_toad/2025/Documents/06.10-13.10.2025/4Z/102MEDIA/DSCF0730.JPG,DSCF0730.JPG,4Z/102MEDIA,0,Other_Amphibian,0.2284,2631.8,2240.5,2781.8,2407.6
/srv/shared_leopard_toad/2025/Documents/06.10-13.10.2025/4Z/102MEDIA/DSCF0486.JPG,DSCF0486.JPG,4Z/102MEDIA,0,Other_Amphibian,0.3974,2631.2,2241.9,2786.9,2410.2
/srv/shared_leopard_toad/2025/Documents/06.10-13.10.2025/4Z/102MEDIA/DSCF0486.JPG,DSCF0486.JPG,4Z/102MEDIA,0,Other_Amphibian,0.2238,2711.8,2428.4,2833.2,2556.9
/srv/shared_leopard_toad/2025/Documents/06.10-13.10.2025/4Z/102MEDIA/DSCF0026.JPG,DSCF0026.JPG,4Z/102MEDIA,0,Other_Amphibian,0.3449,2691.6,2428.1,2821.6,2558.0
/srv/shared_leopard_toad/2025/Documents/06.10-13.10.2025/4Z/102MEDIA/DSCF0026.JPG,DSCF0026.JPG,4Z/102MEDIA,0,Other_Amphibian,0.2357,2682.3,2426.9,2813.6,2562.6
/srv/shared_leopard_toad/2025/Documents/06.10-13.10.2025/4Z/102MEDIA/DSCF0026.JPG,DSCF0026.JPG,4Z/102MEDIA,0,Other_Amphibian,0.2283,2632.3,2246.4,2784.2,2412.6
/srv/shared_leopard_toad/2025/Documents/06.10-13.10.2025/4Z/102MEDIA/DSCF0526.JPG,DSCF0526.JPG,4Z/102MEDIA,0,Other_Amphibian,0.2156,2638.0,2244.6,2784.9,2409.9
/srv/shared_leopard_toad/2025/Documents/06.10-13.10.2025/4Z/102MEDIA/DSCF0526.JPG,DSCF0526.JPG,4Z/102MEDIA,0,Other_Amphibian,0.2138,2700.2,2427.0,2828.1,2576.8
/srv/shared_leopard_toad/2025/Documents/06.10-13.10.2025/4Z/102MEDIA/DSCF0380.JPG,DSCF0380.JPG,4Z/102MEDIA,0,Other_Amphibian,0.2279,2692.4,2427.9,2819.7,2561.3
/srv/shared_leopard_toad/2025/Documents/06.10-13.10.2025/4Z/102MEDIA/DSCF0568.JPG,DSCF0568.JPG,4Z/102MEDIA,0,Other_Amphibian,0.3250,2710.0,2428.8,2834.7,2555.7
/srv/shared_leopard_toad/2025/Documents/06.10-13.10.2025/4Z/102MEDIA/DSCF0568.JPG,DSCF0568.JPG,4Z/102MEDIA,0,Other_Amphibian,0.2823,2708.0,2426.8,2837.9,2563.5
/srv/shared_leopard_toad/2025/Documents/06.10-13.10.2025/4Z/102MEDIA/DSCF0568.JPG,DSCF0568.JPG,4Z/102MEDIA,0,Other_Amphibian,0.2449,2639.0,2244.3,2788.3,2413.0
/srv/shared_leopard_toad/2025/Documents/06.10-13.10.2025/4Z/102MEDIA/DSCF0982.JPG,DSCF0982.JPG,4Z/102MEDIA,0,Other_Amphibian,0.2135,2695.4,2422.8,2820.4,2557.6
/srv/shared_leopard_toad/2025/Documents/06.10-13.10.2025/4Z/102MEDIA/DSCF0854.JPG,DSCF0854.JPG,4Z/102MEDIA,0,Other_Amphibian,0.2015,2699.8,2424.5,2825.8,2559.5
/srv/shared_leopard_toad/2025/Documents/06.10-13.10.2025/4Z/102MEDIA/DSCF0409.JPG,DSCF0409.JPG,4Z/102MEDIA,0,Other_Amphibian,0.3193,2633.0,2244.4,2788.8,2412.2
/srv/shared_leopard_toad/2025/Documents/06.10-13.10.2025/4Z/102MEDIA/DSCF0409.JPG,DSCF0409.JPG,4Z/102MEDIA,0,Other_Amphibian,0.2328,2717.6,2429.1,2834.2,2556.0
/srv/shared_leopard_toad/2025/Documents/06.10-13.10.2025/4Z/102MEDIA/DSCF0343.JPG,DSCF0343.JPG,4Z/102MEDIA,0,Other_Amphibian,0.2553,2636.4,2245.2,2783.5,2409.3
/srv/shared_leopard_toad/2025/Documents/06.10-13.10.2025/4Z/102MEDIA/DSCF0343.JPG,DSCF0343.JPG,4Z/102MEDIA,0,Other_Amphibian,0.2086,2695.6,2427.8,2817.1,2559.6
/srv/shared_leopard_toad/2025/Documents/06.10-13.10.2025/4Z/102MEDIA/DSCF0906.JPG,DSCF0906.JPG,4Z/102MEDIA,0,Other_Amphibian,0.3100,2697.4,2422.5,2824.9,2557.8
/srv/shared_leopard_toad/2025/Documents/06.10-13.10.2025/4Z/102MEDIA/DSCF0906.JPG,DSCF0906.JPG,4Z/102MEDIA,0,Other_Amphibian,0.2110,2685.4,2420.1,2814.4,2560.7
/srv/shared_leopard_toad/2025/Documents/06.10-13.10.2025/4Z/102MEDIA/DSCF0402.JPG,DSCF0402.JPG,4Z/102MEDIA,0,Other_Amphibian,0.4197,2918.6,2330.0,3149.7,2523.4
/srv/shared_leopard_toad/2025/Documents/06.10-13.10.2025/4Z/102MEDIA/DSCF0402.JPG,DSCF0402.JPG,4Z/102MEDIA,0,Other_Amphibian,0.3438,2637.9,2244.6,2784.7,2407.3
/srv/shared_leopard_toad/2025/Documents/06.10-13.10.2025/4Z/102MEDIA/DSCF0572.JPG,DSCF0572.JPG,4Z/102MEDIA,0,Other_Amphibian,0.3434,2718.6,2429.4,2835.2,2552.7
/srv/shared_leopard_toad/2025/Documents/06.10-13.10.2025/4Z/102MEDIA/DSCF0572.JPG,DSCF0572.JPG,4Z/102MEDIA,0,Other_Amphibian,0.2737,2718.6,2428.5,2838.1,2557.7
/srv/shared_leopard_toad/2025/Documents/06.10-13.10.2025/4Z/102MEDIA/DSCF0572.JPG,DSCF0572.JPG,4Z/102MEDIA,0,Other_Amphibian,0.2064,2629.0,2246.2,2782.9,2411.9
/srv/shared_leopard_toad/2025/Documents/06.10-13.10.2025/4Z/102MEDIA/DSCF0301.JPG,DSCF0301.JPG,4Z/102MEDIA,0,Other_Amphibian,0.2596,2688.2,2428.5,2821.7,2558.0
/srv/shared_leopard_toad/2025/Documents/06.10-13.10.2025/4Z/102MEDIA/DSCF0301.JPG,DSCF0301.JPG,4Z/102MEDIA,0,Other_Amphibian,0.2080,2677.4,2426.8,2810.6,2561.3
/srv/shared_leopard_toad/2025/Documents/06.10-13.10.2025/4Z/102MEDIA/DSCF0544.JPG,DSCF0544.JPG,4Z/102MEDIA,0,Other_Amphibian,0.2573,2635.1,2242.7,2786.4,2410.3
/srv/shared_leopard_toad/2025/Documents/06.10-13.10.2025/4Z/102MEDIA/DSCF0544.JPG,DSCF0544.JPG,4Z/102MEDIA,0,Other_Amphibian,0.2447,2717.6,2428.6,2834.7,2554.1
/srv/shared_leopard_toad/2025/Documents/06.10-13.10.2025/4Z/102MEDIA/DSCF0596.JPG,DSCF0596.JPG,4Z/102MEDIA,0,Other_Amphibian,0.2622,2715.9,2427.9,2833.8,2551.8
/srv/shared_leopard_toad/2025/Documents/06.10-13.10.2025/4Z/102MEDIA/DSCF0596.JPG,DSCF0596.JPG,4Z/102MEDIA,0,Other_Amphibian,0.2495,2631.9,2244.8,2788.4,2413.1
/srv/shared_leopard_toad/2025/Documents/06.10-13.10.2025/4Z/102MEDIA/DSCF0184.JPG,DSCF0184.JPG,4Z/102MEDIA,0,Other_Amphibian,0.3384,2632.9,2243.3,2782.9,2408.1
/srv/shared_leopard_toad/2025/Documents/06.10-13.10.2025/4Z/102MEDIA/DSCF0184.JPG,DSCF0184.JPG,4Z/102MEDIA,0,Other_Amphibian,0.2179,2692.9,2430.1,2821.3,2559.3
/srv/shared_leopard_toad/2025/Documents/06.10-13.10.2025/4Z/102MEDIA/DSCF0237.JPG,DSCF0237.JPG,4Z/102MEDIA,0,Other_Amphibian,0.3669,2688.3,2428.0,2822.9,2561.7
/srv/shared_leopard_toad/2025/Documents/06.10-13.10.2025/4Z/102MEDIA/DSCF0237.JPG,DSCF0237.JPG,4Z/102MEDIA,0,Other_Amphibian,0.3190,2685.7,2426.4,2819.0,2565.6
/srv/shared_leopard_toad/2025/Documents/06.10-13.10.2025/4Z/102MEDIA/DSCF0373.JPG,DSCF0373.JPG,4Z/102MEDIA,0,Other_Amphibian,0.3365,2688.0,2427.8,2819.2,2560.0
/srv/shared_leopard_toad/2025/Documents/06.10-13.10.2025/4Z/102MEDIA/DSCF0373.JPG,DSCF0373.JPG,4Z/102MEDIA,0,Other_Amphibian,0.2902,2680.1,2425.7,2811.4,2564.7
/srv/shared_leopard_toad/2025/Documents/06.10-13.10.2025/4Z/102MEDIA/DSCF0373.JPG,DSCF0373.JPG,4Z/102MEDIA,0,Other_Amphibian,0.2879,2631.3,2245.4,2782.8,2410.5
/srv/shared_leopard_toad/2025/Documents/06.10-13.10.2025/4Z/102MEDIA/DSCF0871.JPG,DSCF0871.JPG,4Z/102MEDIA,0,Other_Amphibian,0.2529,2695.0,2425.8,2826.4,2558.6
/srv/shared_leopard_toad/2025/Documents/06.10-13.10.2025/4Z/102MEDIA/DSCF0118.JPG,DSCF0118.JPG,4Z/102MEDIA,0,Other_Amphibian,0.3714,2630.7,2243.0,2784.0,2408.1
/srv/shared_leopard_toad/2025/Documents/06.10-13.10.2025/4Z/102MEDIA/DSCF0118.JPG,DSCF0118.JPG,4Z/102MEDIA,0,Other_Amphibian,0.3488,2690.6,2428.2,2823.0,2557.9
/srv/shared_leopard_toad/2025/Documents/06.10-13.10.2025/4Z/102MEDIA/DSCF0118.JPG,DSCF0118.JPG,4Z/102MEDIA,0,Other_Amphibian,0.2204,2680.6,2424.9,2810.8,2559.2
/srv/shared_leopard_toad/2025/Documents/06.10-13.10.2025/4Z/102MEDIA/DSCF0580.JPG,DSCF0580.JPG,4Z/102MEDIA,0,Other_Amphibian,0.2681,2635.2,2244.6,2786.8,2412.1
/srv/shared_leopard_toad/2025/Documents/06.10-13.10.2025/4Z/102MEDIA/DSCF0580.JPG,DSCF0580.JPG,4Z/102MEDIA,0,Other_Amphibian,0.2476,2719.9,2428.9,2834.5,2553.1
/srv/shared_leopard_toad/2025/Documents/06.10-13.10.2025/4Z/102MEDIA/DSCF0060.JPG,DSCF0060.JPG,4Z/102MEDIA,0,Other_Amphibian,0.3139,2637.7,2244.0,2787.9,2408.9
/srv/shared_leopard_toad/2025/Documents/06.10-13.10.2025/4Z/102MEDIA/DSCF0060.JPG,DSCF0060.JPG,4Z/102MEDIA,0,Other_Amphibian,0.3118,2690.1,2429.1,2822.3,2559.8
/srv/shared_leopard_toad/2025/Documents/06.10-13.10.2025/4Z/102MEDIA/DSCF0060.JPG,DSCF0060.JPG,4Z/102MEDIA,0,Other_Amphibian,0.2582,2678.6,2427.4,2810.9,2562.2
/srv/shared_leopard_toad/2025/Documents/06.10-13.10.2025/4Z/102MEDIA/DSCF0949.JPG,DSCF0949.JPG,4Z/102MEDIA,0,Other_Amphibian,0.2116,2689.5,2425.2,2823.4,2558.0
/srv/shared_leopard_toad/2025/Documents/06.10-13.10.2025/4Z/102MEDIA/DSCF0917.JPG,DSCF0917.JPG,4Z/102MEDIA,0,Other_Amphibian,0.2004,2693.2,2423.7,2821.5,2557.4
/srv/shared_leopard_toad/2025/Documents/06.10-13.10.2025/4Z/102MEDIA/DSCF0505.JPG,DSCF0505.JPG,4Z/102MEDIA,0,Other_Amphibian,0.3238,2632.9,2242.0,2787.8,2410.3
/srv/shared_leopard_toad/2025/Documents/06.10-13.10.2025/4Z/102MEDIA/DSCF0505.JPG,DSCF0505.JPG,4Z/102MEDIA,0,Other_Amphibian,0.2563,2718.9,2429.4,2832.0,2550.0
/srv/shared_leopard_toad/2025/Documents/06.10-13.10.2025/4Z/102MEDIA/DSCF0672.JPG,DSCF0672.JPG,4Z/102MEDIA,0,Other_Amphibian,0.3332,2638.7,2241.0,2786.8,2407.5
/srv/shared_leopard_toad/2025/Documents/06.10-13.10.2025/4Z/102MEDIA/DSCF0672.JPG,DSCF0672.JPG,4Z/102MEDIA,0,Other_Amphibian,0.2349,2717.8,2429.2,2834.5,2554.2
/srv/shared_leopard_toad/2025/Documents/06.10-13.10.2025/4Z/102MEDIA/DSCF0662.JPG,DSCF0662.JPG,4Z/102MEDIA,0,Other_Amphibian,0.2823,2633.4,2243.2,2787.6,2410.9
/srv/shared_leopard_toad/2025/Documents/06.10-13.10.2025/4Z/102MEDIA/DSCF0143.JPG,DSCF0143.JPG,4Z/102MEDIA,0,Other_Amphibian,0.2249,2695.0,2427.5,2819.5,2559.1
/srv/shared_leopard_toad/2025/Documents/06.10-13.10.2025/4Z/102MEDIA/DSCF0308.JPG,DSCF0308.JPG,4Z/102MEDIA,0,Other_Amphibian,0.4048,2689.5,2428.6,2820.4,2557.5
/srv/shared_leopard_toad/2025/Documents/06.10-13.10.2025/4Z/102MEDIA/DSCF0308.JPG,DSCF0308.JPG,4Z/102MEDIA,0,Other_Amphibian,0.3085,2683.0,2428.2,2814.0,2561.0
/srv/shared_leopard_toad/2025/Documents/06.10-13.10.2025/4Z/102MEDIA/DSCF0308.JPG,DSCF0308.JPG,4Z/102MEDIA,0,Other_Amphibian,0.2215,2636.2,2246.6,2787.8,2412.8
/srv/shared_leopard_toad/2025/Documents/06.10-13.10.2025/4Z/102MEDIA/DSCF0433.JPG,DSCF0433.JPG,4Z/102MEDIA,0,Other_Amphibian,0.4541,2628.5,2242.3,2786.3,2410.1
/srv/shared_leopard_toad/2025/Documents/06.10-13.10.2025/4Z/102MEDIA/DSCF0312.JPG,DSCF0312.JPG,4Z/102MEDIA,0,Other_Amphibian,0.3278,2690.7,2427.9,2824.1,2559.7
/srv/shared_leopard_toad/2025/Documents/06.10-13.10.2025/4Z/102MEDIA/DSCF0312.JPG,DSCF0312.JPG,4Z/102MEDIA,0,Other_Amphibian,0.2662,2683.9,2426.9,2816.5,2564.4
/srv/shared_leopard_toad/2025/Documents/06.10-13.10.2025/4Z/102MEDIA/DSCF0312.JPG,DSCF0312.JPG,4Z/102MEDIA,0,Other_Amphibian,0.2445,2635.8,2244.9,2783.6,2410.2
/srv/shared_leopard_toad/2025/Documents/06.10-13.10.2025/4Z/102MEDIA/DSCF0385.JPG,DSCF0385.JPG,4Z/102MEDIA,0,Other_Amphibian,0.2654,2691.8,2428.0,2823.4,2559.4
/srv/shared_leopard_toad/2025/Documents/06.10-13.10.2025/4Z/102MEDIA/DSCF0385.JPG,DSCF0385.JPG,4Z/102MEDIA,0,Other_Amphibian,0.2467,2636.5,2244.2,2785.8,2408.2
/srv/shared_leopard_toad/2025/Documents/06.10-13.10.2025/4Z/102MEDIA/DSCF0385.JPG,DSCF0385.JPG,4Z/102MEDIA,0,Other_Amphibian,0.2399,2681.0,2426.0,2812.3,2564.1
/srv/shared_leopard_toad/2025/Documents/06.10-13.10.2025/4Z/102MEDIA/DSCF0151.JPG,DSCF0151.JPG,4Z/102MEDIA,0,Other_Amphibian,0.3150,2690.4,2429.0,2822.7,2559.4
/srv/shared_leopard_toad/2025/Documents/06.10-13.10.2025/4Z/102MEDIA/DSCF0151.JPG,DSCF0151.JPG,4Z/102MEDIA,0,Other_Amphibian,0.2623,2681.6,2427.7,2814.5,2563.8
/srv/shared_leopard_toad/2025/Documents/06.10-13.10.2025/4Z/102MEDIA/DSCF0426.JPG,DSCF0426.JPG,4Z/102MEDIA,0,Other_Amphibian,0.4019,2628.9,2243.6,2783.9,2409.0
/srv/shared_leopard_toad/2025/Documents/06.10-13.10.2025/4Z/102MEDIA/DSCF0534.JPG,DSCF0534.JPG,4Z/102MEDIA,0,Other_Amphibian,0.3111,2713.8,2427.9,2830.9,2552.9
/srv/shared_leopard_toad/2025/Documents/06.10-13.10.2025/4Z/102MEDIA/DSCF0534.JPG,DSCF0534.JPG,4Z/102MEDIA,0,Other_Amphibian,0.2312,2707.7,2426.3,2830.7,2559.7
/srv/shared_leopard_toad/2025/Documents/06.10-13.10.2025/4Z/102MEDIA/DSCF0534.JPG,DSCF0534.JPG,4Z/102MEDIA,0,Other_Amphibian,0.2141,2631.9,2244.8,2783.4,2411.1
/srv/shared_leopard_toad/2025/Documents/06.10-13.10.2025/4Z/102MEDIA/DSCF0041.JPG,DSCF0041.JPG,4Z/102MEDIA,0,Other_Amphibian,0.3869,2692.0,2427.7,2823.0,2560.1
/srv/shared_leopard_toad/2025/Documents/06.10-13.10.2025/4Z/102MEDIA/DSCF0041.JPG,DSCF0041.JPG,4Z/102MEDIA,0,Other_Amphibian,0.3576,2689.2,2426.3,2820.8,2563.9
/srv/shared_leopard_toad/2025/Documents/06.10-13.10.2025/4Z/102MEDIA/DSCF0254.JPG,DSCF0254.JPG,4Z/102MEDIA,0,Other_Amphibian,0.2801,2692.9,2427.8,2822.4,2561.6
/srv/shared_leopard_toad/2025/Documents/06.10-13.10.2025/4Z/102MEDIA/DSCF0254.JPG,DSCF0254.JPG,4Z/102MEDIA,0,Other_Amphibian,0.2554,2634.6,2245.3,2785.9,2409.3
/srv/shared_leopard_toad/2025/Documents/06.10-13.10.2025/4Z/102MEDIA/DSCF0254.JPG,DSCF0254.JPG,4Z/102MEDIA,0,Other_Amphibian,0.2445,2682.7,2426.3,2814.3,2566.8
/srv/shared_leopard_toad/2025/Documents/06.10-13.10.2025/4Z/102MEDIA/DSCF0509.JPG,DSCF0509.JPG,4Z/102MEDIA,0,Other_Amphibian,0.4044,2636.6,2241.1,2786.8,2407.3
/srv/shared_leopard_toad/2025/Documents/06.10-13.10.2025/4Z/102MEDIA/DSCF0509.JPG,DSCF0509.JPG,4Z/102MEDIA,0,Other_Amphibian,0.2287,2712.1,2428.4,2831.8,2556.4
/srv/shared_leopard_toad/2025/Documents/06.10-13.10.2025/4Z/102MEDIA/DSCF0157.JPG,DSCF0157.JPG,4Z/102MEDIA,0,Other_Amphibian,0.2388,2694.5,2428.3,2823.6,2560.1
/srv/shared_leopard_toad/2025/Documents/06.10-13.10.2025/4Z/102MEDIA/DSCF0157.JPG,DSCF0157.JPG,4Z/102MEDIA,0,Other_Amphibian,0.2094,2639.7,2244.7,2785.1,2410.9
/srv/shared_leopard_toad/2025/Documents/06.10-13.10.2025/4Z/102MEDIA/DSCF0732.JPG,DSCF0732.JPG,4Z/102MEDIA,0,Other_Amphibian,0.2958,2637.1,2242.6,2783.2,2408.1
/srv/shared_leopard_toad/2025/Documents/06.10-13.10.2025/4Z/102MEDIA/DSCF0781.JPG,DSCF0781.JPG,4Z/102MEDIA,2,Western_Leopard_Toad,0.2010,4690.1,1832.1,5050.6,2407.3
/srv/shared_leopard_toad/2025/Documents/06.10-13.10.2025/4Z/102MEDIA/DSCF0634.JPG,DSCF0634.JPG,4Z/102MEDIA,0,Other_Amphibian,0.3035,2636.8,2243.9,2785.1,2408.8
/srv/shared_leopard_toad/2025/Documents/06.10-13.10.2025/4Z/102MEDIA/DSCF0634.JPG,DSCF0634.JPG,4Z/102MEDIA,0,Other_Amphibian,0.2623,2718.9,2428.7,2832.7,2553.1
/srv/shared_leopard_toad/2025/Documents/06.10-13.10.2025/4Z/102MEDIA/DSCF0896.JPG,DSCF0896.JPG,4Z/102MEDIA,0,Other_Amphibian,0.2458,3186.7,2090.0,3339.0,2220.8
/srv/shared_leopard_toad/2025/Documents/06.10-13.10.2025/4Z/102MEDIA/DSCF0419.JPG,DSCF0419.JPG,4Z/102MEDIA,0,Other_Amphibian,0.2649,2629.5,2245.4,2786.3,2410.7
/srv/shared_leopard_toad/2025/Documents/06.10-13.10.2025/4Z/102MEDIA/DSCF0419.JPG,DSCF0419.JPG,4Z/102MEDIA,0,Other_Amphibian,0.2372,2710.1,2428.1,2830.5,2557.3
/srv/shared_leopard_toad/2025/Documents/06.10-13.10.2025/4Z/102MEDIA/DSCF0528.JPG,DSCF0528.JPG,4Z/102MEDIA,0,Other_Amphibian,0.3194,2713.7,2428.9,2832.5,2552.3
/srv/shared_leopard_toad/2025/Documents/06.10-13.10.2025/4Z/102MEDIA/DSCF0528.JPG,DSCF0528.JPG,4Z/102MEDIA,0,Other_Amphibian,0.2567,2641.5,2242.9,2785.8,2408.7
/srv/shared_leopard_toad/2025/Documents/06.10-13.10.2025/4Z/102MEDIA/DSCF0528.JPG,DSCF0528.JPG,4Z/102MEDIA,0,Other_Amphibian,0.2551,2706.5,2426.9,2829.5,2559.0
/srv/shared_leopard_toad/2025/Documents/06.10-13.10.2025/4Z/102MEDIA/DSCF0008.JPG,DSCF0008.JPG,4Z/102MEDIA,0,Other_Amphibian,0.3236,2690.7,2428.3,2823.0,2558.6
/srv/shared_leopard_toad/2025/Documents/06.10-13.10.2025/4Z/102MEDIA/DSCF0008.JPG,DSCF0008.JPG,4Z/102MEDIA,0,Other_Amphibian,0.2593,2680.2,2425.7,2811.2,2561.2
/srv/shared_leopard_toad/2025/Documents/06.10-13.10.2025/4Z/102MEDIA/DSCF0008.JPG,DSCF0008.JPG,4Z/102MEDIA,0,Other_Amphibian,0.2402,2630.9,2246.4,2784.2,2413.2
/srv/shared_leopard_toad/2025/Documents/06.10-13.10.2025/4Z/102MEDIA/DSCF0564.JPG,DSCF0564.JPG,4Z/102MEDIA,0,Other_Amphibian,0.3764,2633.1,2241.3,2784.4,2409.8
/srv/shared_leopard_toad/2025/Documents/06.10-13.10.2025/4Z/102MEDIA/DSCF0564.JPG,DSCF0564.JPG,4Z/102MEDIA,0,Other_Amphibian,0.2214,2704.6,2427.5,2832.5,2560.1
/srv/shared_leopard_toad/2025/Documents/06.10-13.10.2025/4Z/102MEDIA/DSCF0303.JPG,DSCF0303.JPG,4Z/102MEDIA,0,Other_Amphibian,0.3016,2634.1,2242.4,2786.0,2409.3
/srv/shared_leopard_toad/2025/Documents/06.10-13.10.2025/4Z/102MEDIA/DSCF0303.JPG,DSCF0303.JPG,4Z/102MEDIA,0,Other_Amphibian,0.2316,2676.6,2425.2,2808.9,2564.7
/srv/shared_leopard_toad/2025/Documents/06.10-13.10.2025/4Z/102MEDIA/DSCF0303.JPG,DSCF0303.JPG,4Z/102MEDIA,0,Other_Amphibian,0.2246,2690.8,2428.7,2822.2,2561.2
/srv/shared_leopard_toad/2025/Documents/06.10-13.10.2025/4Z/102MEDIA/DSCF0155.JPG,DSCF0155.JPG,4Z/102MEDIA,0,Other_Amphibian,0.3785,2692.9,2427.7,2821.9,2559.2
/srv/shared_leopard_toad/2025/Documents/06.10-13.10.2025/4Z/102MEDIA/DSCF0155.JPG,DSCF0155.JPG,4Z/102MEDIA,0,Other_Amphibian,0.2672,2635.0,2244.1,2786.4,2410.1
/srv/shared_leopard_toad/2025/Documents/06.10-13.10.2025/4Z/102MEDIA/DSCF0155.JPG,DSCF0155.JPG,4Z/102MEDIA,0,Other_Amphibian,0.2443,2683.8,2425.9,2813.7,2562.9
/srv/shared_leopard_toad/2025/Documents/06.10-13.10.2025/4Z/102MEDIA/DSCF0644.JPG,DSCF0644.JPG,4Z/102MEDIA,0,Other_Amphibian,0.2540,2716.1,2428.5,2832.2,2554.2
/srv/shared_leopard_toad/2025/Documents/06.10-13.10.2025/4Z/102MEDIA/DSCF0644.JPG,DSCF0644.JPG,4Z/102MEDIA,0,Other_Amphibian,0.2096,2632.9,2243.8,2785.2,2413.3
/srv/shared_leopard_toad/2025/Documents/06.10-13.10.2025/4Z/102MEDIA/DSCF0220.JPG,DSCF0220.JPG,4Z/102MEDIA,0,Other_Amphibian,0.5157,2694.0,2426.4,2835.2,2568.7
/srv/shared_leopard_toad/2025/Documents/06.10-13.10.2025/4Z/102MEDIA/DSCF0515.JPG,DSCF0515.JPG,4Z/102MEDIA,0,Other_Amphibian,0.3928,2629.5,2242.2,2782.8,2408.6
/srv/shared_leopard_toad/2025/Documents/06.10-13.10.2025/4Z/102MEDIA/DSCF0515.JPG,DSCF0515.JPG,4Z/102MEDIA,0,Other_Amphibian,0.2474,2708.5,2428.5,2828.8,2558.4
/srv/shared_leopard_toad/2025/Documents/06.10-13.10.2025/4Z/102MEDIA/DSCF0125.JPG,DSCF0125.JPG,4Z/102MEDIA,0,Other_Amphibian,0.3670,2691.9,2428.7,2823.8,2558.5
/srv/shared_leopard_toad/2025/Documents/06.10-13.10.2025/4Z/102MEDIA/DSCF0125.JPG,DSCF0125.JPG,4Z/102MEDIA,0,Other_Amphibian,0.3532,2689.3,2426.6,2821.2,2563.2
/srv/shared_leopard_toad/2025/Documents/06.10-13.10.2025/4Z/102MEDIA/DSCF0125.JPG,DSCF0125.JPG,4Z/102MEDIA,0,Other_Amphibian,0.3225,2634.2,2243.6,2785.2,2408.4
/srv/shared_leopard_toad/2025/Documents/06.10-13.10.2025/4Z/102MEDIA/DSCF0853.JPG,DSCF0853.JPG,4Z/102MEDIA,0,Other_Amphibian,0.2392,2692.3,2424.7,2825.6,2561.0
/srv/shared_leopard_toad/2025/Documents/06.10-13.10.2025/4Z/102MEDIA/DSCF0661.JPG,DSCF0661.JPG,4Z/102MEDIA,0,Other_Amphibian,0.3415,2630.4,2243.5,2785.8,2410.2
/srv/shared_leopard_toad/2025/Documents/06.10-13.10.2025/4Z/102MEDIA/DSCF0661.JPG,DSCF0661.JPG,4Z/102MEDIA,0,Other_Amphibian,0.2966,2711.9,2429.4,2832.4,2553.9
/srv/shared_leopard_toad/2025/Documents/06.10-13.10.2025/4Z/102MEDIA/DSCF0858.JPG,DSCF0858.JPG,4Z/102MEDIA,0,Other_Amphibian,0.2992,2696.9,2425.5,2825.0,2561.0
/srv/shared_leopard_toad/2025/Documents/06.10-13.10.2025/4Z/102MEDIA/DSCF0858.JPG,DSCF0858.JPG,4Z/102MEDIA,0,Other_Amphibian,0.2041,2687.6,2424.2,2817.5,2565.3
/srv/shared_leopard_toad/2025/Documents/06.10-13.10.2025/4Z/102MEDIA/DSCF0722.JPG,DSCF0722.JPG,4Z/102MEDIA,0,Other_Amphibian,0.2695,2637.7,2242.4,2785.6,2408.3
/srv/shared_leopard_toad/2025/Documents/06.10-13.10.2025/4Z/102MEDIA/DSCF0006.JPG,DSCF0006.JPG,4Z/102MEDIA,0,Other_Amphibian,0.2558,2692.9,2429.0,2822.1,2561.0
/srv/shared_leopard_toad/2025/Documents/06.10-13.10.2025/4Z/102MEDIA/DSCF0006.JPG,DSCF0006.JPG,4Z/102MEDIA,0,Other_Amphibian,0.2417,2635.0,2245.4,2786.1,2411.2
/srv/shared_leopard_toad/2025/Documents/06.10-13.10.2025/4Z/102MEDIA/DSCF0006.JPG,DSCF0006.JPG,4Z/102MEDIA,0,Other_Amphibian,0.2192,2679.7,2425.0,2810.7,2563.0
/srv/shared_leopard_toad/2025/Documents/06.10-13.10.2025/4Z/102MEDIA/DSCF0508.JPG,DSCF0508.JPG,4Z/102MEDIA,0,Other_Amphibian,0.3485,2632.7,2242.2,2788.1,2410.0
/srv/shared_leopard_toad/2025/Documents/06.10-13.10.2025/4Z/102MEDIA/DSCF0508.JPG,DSCF0508.JPG,4Z/102MEDIA,0,Other_Amphibian,0.2711,2718.2,2428.9,2835.1,2553.9
/srv/shared_leopard_toad/2025/Documents/06.10-13.10.2025/4Z/102MEDIA/DSCF0508.JPG,DSCF0508.JPG,4Z/102MEDIA,0,Other_Amphibian,0.2063,2708.2,2427.2,2832.5,2560.6
/srv/shared_leopard_toad/2025/Documents/06.10-13.10.2025/4Z/102MEDIA/DSCF0608.JPG,DSCF0608.JPG,4Z/102MEDIA,0,Other_Amphibian,0.2324,2708.6,2429.2,2829.5,2557.3
/srv/shared_leopard_toad/2025/Documents/06.10-13.10.2025/4Z/102MEDIA/DSCF0608.JPG,DSCF0608.JPG,4Z/102MEDIA,0,Other_Amphibian,0.2268,2699.8,2427.0,2825.9,2567.1
/srv/shared_leopard_toad/2025/Documents/06.10-13.10.2025/4Z/102MEDIA/DSCF0608.JPG,DSCF0608.JPG,4Z/102MEDIA,0,Other_Amphibian,0.2027,2635.5,2244.8,2785.7,2410.9
/srv/shared_leopard_toad/2025/Documents/06.10-13.10.2025/4Z/102MEDIA/DSCF0451.JPG,DSCF0451.JPG,4Z/102MEDIA,0,Other_Amphibian,0.3316,2708.6,2428.6,2831.3,2553.9
/srv/shared_leopard_toad/2025/Documents/06.10-13.10.2025/4Z/102MEDIA/DSCF0451.JPG,DSCF0451.JPG,4Z/102MEDIA,0,Other_Amphibian,0.2936,2706.5,2426.6,2833.3,2562.3
/srv/shared_leopard_toad/2025/Documents/06.10-13.10.2025/4Z/102MEDIA/DSCF0532.JPG,DSCF0532.JPG,4Z/102MEDIA,0,Other_Amphibian,0.3576,2632.4,2242.1,2782.9,2409.1
/srv/shared_leopard_toad/2025/Documents/06.10-13.10.2025/4Z/102MEDIA/DSCF0290.JPG,DSCF0290.JPG,4Z/102MEDIA,0,Other_Amphibian,0.3638,2689.6,2427.5,2820.9,2558.1
/srv/shared_leopard_toad/2025/Documents/06.10-13.10.2025/4Z/102MEDIA/DSCF0290.JPG,DSCF0290.JPG,4Z/102MEDIA,0,Other_Amphibian,0.3033,2682.7,2425.4,2813.0,2563.2
/srv/shared_leopard_toad/2025/Documents/06.10-13.10.2025/4Z/102MEDIA/DSCF0556.JPG,DSCF0556.JPG,4Z/102MEDIA,0,Other_Amphibian,0.2962,2636.8,2242.6,2787.6,2409.5
/srv/shared_leopard_toad/2025/Documents/06.10-13.10.2025/4Z/102MEDIA/DSCF0556.JPG,DSCF0556.JPG,4Z/102MEDIA,0,Other_Amphibian,0.2624,2713.2,2429.5,2834.3,2556.0
/srv/shared_leopard_toad/2025/Documents/06.10-13.10.2025/4Z/102MEDIA/DSCF0556.JPG,DSCF0556.JPG,4Z/102MEDIA,0,Other_Amphibian,0.2329,2707.1,2427.4,2833.3,2565.0
/srv/shared_leopard_toad/2025/Documents/06.10-13.10.2025/4Z/102MEDIA/DSCF0057.JPG,DSCF0057.JPG,4Z/102MEDIA,0,Other_Amphibian,0.2362,2692.3,2429.6,2821.9,2560.7
/srv/shared_leopard_toad/2025/Documents/06.10-13.10.2025/4Z/102MEDIA/DSCF0057.JPG,DSCF0057.JPG,4Z/102MEDIA,0,Other_Amphibian,0.2291,2633.5,2245.6,2785.0,2413.3
/srv/shared_leopard_toad/2025/Documents/06.10-13.10.2025/4Z/102MEDIA/DSCF0758.JPG,DSCF0758.JPG,4Z/102MEDIA,2,Western_Leopard_Toad,0.2626,5055.1,4.1,5375.8,257.2
/srv/shared_leopard_toad/2025/Documents/06.10-13.10.2025/4Z/102MEDIA/DSCF0758.JPG,DSCF0758.JPG,4Z/102MEDIA,0,Other_Amphibian,0.2520,5125.9,1547.3,5251.1,1727.0
/srv/shared_leopard_toad/2025/Documents/06.10-13.10.2025/4Z/102MEDIA/DSCF0652.JPG,DSCF0652.JPG,4Z/102MEDIA,0,Other_Amphibian,0.4118,2634.1,2241.6,2785.2,2408.0
/srv/shared_leopard_toad/2025/Documents/06.10-13.10.2025/4Z/102MEDIA/DSCF0652.JPG,DSCF0652.JPG,4Z/102MEDIA,0,Other_Amphibian,0.2218,2718.7,2428.6,2833.1,2553.9
/srv/shared_leopard_toad/2025/Documents/06.10-13.10.2025/4Z/102MEDIA/DSCF0165.JPG,DSCF0165.JPG,4Z/102MEDIA,0,Other_Amphibian,0.2471,2693.7,2428.5,2823.9,2561.5
/srv/shared_leopard_toad/2025/Documents/06.10-13.10.2025/4Z/102MEDIA/DSCF0165.JPG,DSCF0165.JPG,4Z/102MEDIA,0,Other_Amphibian,0.2428,2685.9,2426.5,2816.5,2566.6
/srv/shared_leopard_toad/2025/Documents/06.10-13.10.2025/4Z/102MEDIA/DSCF0615.JPG,DSCF0615.JPG,4Z/102MEDIA,0,Other_Amphibian,0.3004,2707.6,2428.6,2836.3,2562.9
/srv/shared_leopard_toad/2025/Documents/06.10-13.10.2025/4Z/102MEDIA/DSCF0615.JPG,DSCF0615.JPG,4Z/102MEDIA,0,Other_Amphibian,0.2989,2711.1,2429.6,2836.0,2555.8
/srv/shared_leopard_toad/2025/Documents/06.10-13.10.2025/4Z/102MEDIA/DSCF0615.JPG,DSCF0615.JPG,4Z/102MEDIA,0,Other_Amphibian,0.2349,2626.7,2244.9,2785.7,2415.8
/srv/shared_leopard_toad/2025/Documents/06.10-13.10.2025/4Z/102MEDIA/DSCF0258.JPG,DSCF0258.JPG,4Z/102MEDIA,0,Other_Amphibian,0.4214,2689.3,2428.4,2822.0,2557.1
/srv/shared_leopard_toad/2025/Documents/06.10-13.10.2025/4Z/102MEDIA/DSCF0258.JPG,DSCF0258.JPG,4Z/102MEDIA,0,Other_Amphibian,0.3544,2686.5,2428.0,2819.3,2559.5
/srv/shared_leopard_toad/2025/Documents/06.10-13.10.2025/4Z/102MEDIA/DSCF0346.JPG,DSCF0346.JPG,4Z/102MEDIA,0,Other_Amphibian,0.3314,2691.5,2428.2,2820.8,2558.7
/srv/shared_leopard_toad/2025/Documents/06.10-13.10.2025/4Z/102MEDIA/DSCF0346.JPG,DSCF0346.JPG,4Z/102MEDIA,0,Other_Amphibian,0.2926,2636.2,2242.1,2781.9,2407.3
/srv/shared_leopard_toad/2025/Documents/06.10-13.10.2025/4Z/102MEDIA/DSCF0346.JPG,DSCF0346.JPG,4Z/102MEDIA,0,Other_Amphibian,0.2212,2683.3,2427.5,2812.8,2562.3
/srv/shared_leopard_toad/2025/Documents/06.10-13.10.2025/4Z/102MEDIA/DSCF0723.JPG,DSCF0723.JPG,4Z/102MEDIA,0,Other_Amphibian,0.2817,2635.9,2243.8,2787.6,2410.7
/srv/shared_leopard_toad/2025/Documents/06.10-13.10.2025/4Z/102MEDIA/DSCF0723.JPG,DSCF0723.JPG,4Z/102MEDIA,0,Other_Amphibian,0.2186,2721.4,2428.1,2834.3,2553.1
/srv/shared_leopard_toad/2025/Documents/06.10-13.10.2025/4Z/102MEDIA/DSCF0878.JPG,DSCF0878.JPG,4Z/102MEDIA,0,Other_Amphibian,0.2145,2693.6,2422.7,2821.9,2559.0
/srv/shared_leopard_toad/2025/Documents/06.10-13.10.2025/4Z/102MEDIA/DSCF0432.JPG,DSCF0432.JPG,4Z/102MEDIA,0,Other_Amphibian,0.3061,2635.8,2244.5,2785.0,2408.9
/srv/shared_leopard_toad/2025/Documents/06.10-13.10.2025/4Z/102MEDIA/DSCF0432.JPG,DSCF0432.JPG,4Z/102MEDIA,0,Other_Amphibian,0.2807,2719.1,2428.7,2832.9,2550.9
/srv/shared_leopard_toad/2025/Documents/06.10-13.10.2025/4Z/102MEDIA/DSCF0174.JPG,DSCF0174.JPG,4Z/102MEDIA,0,Other_Amphibian,0.3741,2689.5,2428.4,2822.0,2556.4
/srv/shared_leopard_toad/2025/Documents/06.10-13.10.2025/4Z/102MEDIA/DSCF0174.JPG,DSCF0174.JPG,4Z/102MEDIA,0,Other_Amphibian,0.2858,2679.6,2427.1,2809.4,2559.3
/srv/shared_leopard_toad/2025/Documents/06.10-13.10.2025/4Z/102MEDIA/DSCF0697.JPG,DSCF0697.JPG,4Z/102MEDIA,0,Other_Amphibian,0.3353,2637.3,2240.6,2786.3,2409.0
/srv/shared_leopard_toad/2025/Documents/06.10-13.10.2025/4Z/102MEDIA/DSCF0697.JPG,DSCF0697.JPG,4Z/102MEDIA,0,Other_Amphibian,0.2948,2721.9,2428.6,2834.3,2552.8
/srv/shared_leopard_toad/2025/Documents/06.10-13.10.2025/4Z/102MEDIA/DSCF0761.JPG,DSCF0761.JPG,4Z/102MEDIA,0,Other_Amphibian,0.3742,5125.4,1547.0,5239.2,1723.1
/srv/shared_leopard_toad/2025/Documents/06.10-13.10.2025/4Z/102MEDIA/DSCF0761.JPG,DSCF0761.JPG,4Z/102MEDIA,2,Western_Leopard_Toad,0.2338,5057.9,4.2,5372.1,255.3
/srv/shared_leopard_toad/2025/Documents/06.10-13.10.2025/4Z/102MEDIA/DSCF0248.JPG,DSCF0248.JPG,4Z/102MEDIA,0,Other_Amphibian,0.3882,2689.5,2428.0,2823.0,2560.1
/srv/shared_leopard_toad/2025/Documents/06.10-13.10.2025/4Z/102MEDIA/DSCF0248.JPG,DSCF0248.JPG,4Z/102MEDIA,0,Other_Amphibian,0.3313,2682.2,2426.7,2815.1,2562.8
/srv/shared_leopard_toad/2025/Documents/06.10-13.10.2025/4Z/102MEDIA/DSCF0248.JPG,DSCF0248.JPG,4Z/102MEDIA,0,Other_Amphibian,0.2443,2637.8,2243.6,2785.0,2408.4
/srv/shared_leopard_toad/2025/Documents/06.10-13.10.2025/4Z/102MEDIA/DSCF0117.JPG,DSCF0117.JPG,4Z/102MEDIA,0,Other_Amphibian,0.2957,2689.7,2427.0,2818.4,2559.3
/srv/shared_leopard_toad/2025/Documents/06.10-13.10.2025/4Z/102MEDIA/DSCF0117.JPG,DSCF0117.JPG,4Z/102MEDIA,0,Other_Amphibian,0.2151,2680.4,2423.9,2808.0,2563.3
/srv/shared_leopard_toad/2025/Documents/06.10-13.10.2025/4Z/102MEDIA/DSCF0945.JPG,DSCF0945.JPG,4Z/102MEDIA,0,Other_Amphibian,0.2127,2696.5,2424.3,2822.2,2556.0
/srv/shared_leopard_toad/2025/Documents/06.10-13.10.2025/4Z/102MEDIA/DSCF0063.JPG,DSCF0063.JPG,4Z/102MEDIA,0,Other_Amphibian,0.2592,2690.0,2427.9,2823.3,2559.1
/srv/shared_leopard_toad/2025/Documents/06.10-13.10.2025/4Z/102MEDIA/DSCF0063.JPG,DSCF0063.JPG,4Z/102MEDIA,0,Other_Amphibian,0.2277,2638.6,2245.3,2788.8,2411.8
/srv/shared_leopard_toad/2025/Documents/06.10-13.10.2025/4Z/102MEDIA/DSCF0063.JPG,DSCF0063.JPG,4Z/102MEDIA,0,Other_Amphibian,0.2094,2680.6,2426.7,2813.8,2563.7
/srv/shared_leopard_toad/2025/Documents/06.10-13.10.2025/4Z/102MEDIA/DSCF0412.JPG,DSCF0412.JPG,4Z/102MEDIA,0,Other_Amphibian,0.3421,2627.8,2243.9,2784.8,2410.5
/srv/shared_leopard_toad/2025/Documents/06.10-13.10.2025/4Z/102MEDIA/DSCF0152.JPG,DSCF0152.JPG,4Z/102MEDIA,0,Other_Amphibian,0.3235,2689.5,2428.5,2821.4,2560.8
/srv/shared_leopard_toad/2025/Documents/06.10-13.10.2025/4Z/102MEDIA/DSCF0152.JPG,DSCF0152.JPG,4Z/102MEDIA,0,Other_Amphibian,0.3080,2687.4,2426.5,2819.8,2567.0
/srv/shared_leopard_toad/2025/Documents/06.10-13.10.2025/4Z/102MEDIA/DSCF0405.JPG,DSCF0405.JPG,4Z/102MEDIA,0,Other_Amphibian,0.3925,2917.3,2331.8,3151.3,2525.0
/srv/shared_leopard_toad/2025/Documents/06.10-13.10.2025/4Z/102MEDIA/DSCF0405.JPG,DSCF0405.JPG,4Z/102MEDIA,0,Other_Amphibian,0.2251,2707.9,2429.5,2831.0,2553.7
/srv/shared_leopard_toad/2025/Documents/06.10-13.10.2025/4Z/102MEDIA/DSCF0036.JPG,DSCF0036.JPG,4Z/102MEDIA,0,Other_Amphibian,0.3309,2636.2,2243.3,2787.4,2407.7
/srv/shared_leopard_toad/2025/Documents/06.10-13.10.2025/4Z/102MEDIA/DSCF0036.JPG,DSCF0036.JPG,4Z/102MEDIA,0,Other_Amphibian,0.2110,2696.1,2428.6,2823.3,2560.5
/srv/shared_leopard_toad/2025/Documents/06.10-13.10.2025/4Z/102MEDIA/DSCF0052.JPG,DSCF0052.JPG,4Z/102MEDIA,0,Other_Amphibian,0.3550,2686.6,2428.4,2821.5,2559.5
/srv/shared_leopard_toad/2025/Documents/06.10-13.10.2025/4Z/102MEDIA/DSCF0052.JPG,DSCF0052.JPG,4Z/102MEDIA,0,Other_Amphibian,0.3288,2683.6,2427.1,2816.5,2563.3
/srv/shared_leopard_toad/2025/Documents/06.10-13.10.2025/4Z/102MEDIA/DSCF0653.JPG,DSCF0653.JPG,4Z/102MEDIA,0,Other_Amphibian,0.2410,2638.8,2244.2,2787.2,2410.5
/srv/shared_leopard_toad/2025/Documents/06.10-13.10.2025/4Z/102MEDIA/DSCF0653.JPG,DSCF0653.JPG,4Z/102MEDIA,0,Other_Amphibian,0.2087,2714.1,2427.6,2832.0,2555.4
/srv/shared_leopard_toad/2025/Documents/06.10-13.10.2025/4Z/102MEDIA/DSCF0189.JPG,DSCF0189.JPG,4Z/102MEDIA,0,Other_Amphibian,0.3828,2688.1,2428.2,2821.4,2558.2
/srv/shared_leopard_toad/2025/Documents/06.10-13.10.2025/4Z/102MEDIA/DSCF0189.JPG,DSCF0189.JPG,4Z/102MEDIA,0,Other_Amphibian,0.3114,2683.3,2426.8,2816.8,2561.6
/srv/shared_leopard_toad/2025/Documents/06.10-13.10.2025/4Z/102MEDIA/DSCF0189.JPG,DSCF0189.JPG,4Z/102MEDIA,0,Other_Amphibian,0.2192,2633.6,2244.7,2785.5,2410.5
/srv/shared_leopard_toad/2025/Documents/06.10-13.10.2025/4Z/102MEDIA/DSCF0171.JPG,DSCF0171.JPG,4Z/102MEDIA,0,Other_Amphibian,0.3480,2691.1,2428.0,2823.3,2559.7
/srv/shared_leopard_toad/2025/Documents/06.10-13.10.2025/4Z/102MEDIA/DSCF0171.JPG,DSCF0171.JPG,4Z/102MEDIA,0,Other_Amphibian,0.2973,2686.3,2426.7,2817.5,2563.1
/srv/shared_leopard_toad/2025/Documents/06.10-13.10.2025/4Z/102MEDIA/DSCF0171.JPG,DSCF0171.JPG,4Z/102MEDIA,0,Other_Amphibian,0.2285,2634.0,2245.9,2786.1,2411.9
/srv/shared_leopard_toad/2025/Documents/06.10-13.10.2025/4Z/102MEDIA/DSCF0040.JPG,DSCF0040.JPG,4Z/102MEDIA,0,Other_Amphibian,0.3496,2690.3,2427.8,2823.3,2560.6
/srv/shared_leopard_toad/2025/Documents/06.10-13.10.2025/4Z/102MEDIA/DSCF0040.JPG,DSCF0040.JPG,4Z/102MEDIA,0,Other_Amphibian,0.2942,2682.5,2426.1,2815.7,2564.6
/srv/shared_leopard_toad/2025/Documents/06.10-13.10.2025/4Z/102MEDIA/DSCF0040.JPG,DSCF0040.JPG,4Z/102MEDIA,0,Other_Amphibian,0.2240,2639.7,2245.3,2790.4,2411.6
/srv/shared_leopard_toad/2025/Documents/06.10-13.10.2025/4Z/102MEDIA/DSCF0729.JPG,DSCF0729.JPG,4Z/102MEDIA,0,Other_Amphibian,0.2447,2628.0,2243.1,2782.2,2410.7
/srv/shared_leopard_toad/2025/Documents/06.10-13.10.2025/4Z/102MEDIA/DSCF0315.JPG,DSCF0315.JPG,4Z/102MEDIA,0,Other_Amphibian,0.4441,2689.0,2427.8,2822.4,2556.7
/srv/shared_leopard_toad/2025/Documents/06.10-13.10.2025/4Z/102MEDIA/DSCF0315.JPG,DSCF0315.JPG,4Z/102MEDIA,0,Other_Amphibian,0.3513,2685.7,2427.0,2818.7,2560.6
/srv/shared_leopard_toad/2025/Documents/06.10-13.10.2025/4Z/102MEDIA/DSCF0288.JPG,DSCF0288.JPG,4Z/102MEDIA,0,Other_Amphibian,0.3380,2685.5,2425.6,2817.0,2567.2
/srv/shared_leopard_toad/2025/Documents/06.10-13.10.2025/4Z/102MEDIA/DSCF0288.JPG,DSCF0288.JPG,4Z/102MEDIA,0,Other_Amphibian,0.3362,2690.9,2428.0,2821.9,2562.0
/srv/shared_leopard_toad/2025/Documents/06.10-13.10.2025/4Z/102MEDIA/DSCF0288.JPG,DSCF0288.JPG,4Z/102MEDIA,0,Other_Amphibian,0.2048,2637.4,2244.3,2786.8,2410.4
/srv/shared_leopard_toad/2025/Documents/06.10-13.10.2025/4Z/102MEDIA/DSCF0423.JPG,DSCF0423.JPG,4Z/102MEDIA,0,Other_Amphibian,0.3701,2627.8,2245.1,2785.5,2411.5
/srv/shared_leopard_toad/2025/Documents/06.10-13.10.2025/4Z/102MEDIA/DSCF0423.JPG,DSCF0423.JPG,4Z/102MEDIA,0,Other_Amphibian,0.2446,2707.7,2429.1,2832.5,2554.5
/srv/shared_leopard_toad/2025/Documents/06.10-13.10.2025/4Z/102MEDIA/DSCF0045.JPG,DSCF0045.JPG,4Z/102MEDIA,0,Other_Amphibian,0.3473,2688.4,2428.4,2821.4,2560.4
/srv/shared_leopard_toad/2025/Documents/06.10-13.10.2025/4Z/102MEDIA/DSCF0045.JPG,DSCF0045.JPG,4Z/102MEDIA,0,Other_Amphibian,0.2824,2678.9,2426.8,2811.8,2563.8
/srv/shared_leopard_toad/2025/Documents/06.10-13.10.2025/4Z/102MEDIA/DSCF0045.JPG,DSCF0045.JPG,4Z/102MEDIA,0,Other_Amphibian,0.2784,2632.0,2244.3,2787.2,2409.8
/srv/shared_leopard_toad/2025/Documents/06.10-13.10.2025/4Z/102MEDIA/DSCF0264.JPG,DSCF0264.JPG,4Z/102MEDIA,0,Other_Amphibian,0.3017,2687.8,2428.3,2824.8,2559.7
/srv/shared_leopard_toad/2025/Documents/06.10-13.10.2025/4Z/102MEDIA/DSCF0264.JPG,DSCF0264.JPG,4Z/102MEDIA,0,Other_Amphibian,0.2934,2683.8,2426.5,2819.2,2565.0
/srv/shared_leopard_toad/2025/Documents/06.10-13.10.2025/4Z/102MEDIA/DSCF0264.JPG,DSCF0264.JPG,4Z/102MEDIA,0,Other_Amphibian,0.2781,2631.8,2244.5,2783.4,2409.7
/srv/shared_leopard_toad/2025/Documents/06.10-13.10.2025/4Z/102MEDIA/DSCF0848.JPG,DSCF0848.JPG,4Z/102MEDIA,0,Other_Amphibian,0.2673,2692.2,2424.6,2824.3,2561.0
/srv/shared_leopard_toad/2025/Documents/06.10-13.10.2025/4Z/102MEDIA/DSCF0848.JPG,DSCF0848.JPG,4Z/102MEDIA,0,Other_Amphibian,0.2115,2683.7,2423.2,2817.7,2564.2
/srv/shared_leopard_toad/2025/Documents/06.10-13.10.2025/4Z/102MEDIA/DSCF0145.JPG,DSCF0145.JPG,4Z/102MEDIA,0,Other_Amphibian,0.2554,2632.6,2244.7,2782.9,2408.7
/srv/shared_leopard_toad/2025/Documents/06.10-13.10.2025/4Z/102MEDIA/DSCF0145.JPG,DSCF0145.JPG,4Z/102MEDIA,0,Other_Amphibian,0.2442,2693.6,2427.9,2822.8,2562.5
/srv/shared_leopard_toad/2025/Documents/06.10-13.10.2025/4Z/102MEDIA/DSCF0145.JPG,DSCF0145.JPG,4Z/102MEDIA,0,Other_Amphibian,0.2088,2683.8,2425.6,2814.2,2570.1
/srv/shared_leopard_toad/2025/Documents/06.10-13.10.2025/4Z/102MEDIA/DSCF0284.JPG,DSCF0284.JPG,4Z/102MEDIA,0,Other_Amphibian,0.2433,2689.5,2428.0,2820.4,2562.5
/srv/shared_leopard_toad/2025/Documents/06.10-13.10.2025/4Z/102MEDIA/DSCF0284.JPG,DSCF0284.JPG,4Z/102MEDIA,0,Other_Amphibian,0.2390,2634.5,2244.7,2786.0,2408.7
/srv/shared_leopard_toad/2025/Documents/06.10-13.10.2025/4Z/102MEDIA/DSCF0284.JPG,DSCF0284.JPG,4Z/102MEDIA,0,Other_Amphibian,0.2254,2676.2,2424.9,2810.4,2568.7
/srv/shared_leopard_toad/2025/Documents/06.10-13.10.2025/4Z/102MEDIA/DSCF0504.JPG,DSCF0504.JPG,4Z/102MEDIA,0,Other_Amphibian,0.3170,2713.0,2429.4,2832.1,2556.0
/srv/shared_leopard_toad/2025/Documents/06.10-13.10.2025/4Z/102MEDIA/DSCF0504.JPG,DSCF0504.JPG,4Z/102MEDIA,0,Other_Amphibian,0.3084,2635.3,2242.6,2788.5,2409.4
/srv/shared_leopard_toad/2025/Documents/06.10-13.10.2025/4Z/102MEDIA/DSCF0504.JPG,DSCF0504.JPG,4Z/102MEDIA,0,Other_Amphibian,0.2901,2710.3,2427.4,2834.1,2563.7
/srv/shared_leopard_toad/2025/Documents/06.10-13.10.2025/4Z/102MEDIA/DSCF0637.JPG,DSCF0637.JPG,4Z/102MEDIA,0,Other_Amphibian,0.3491,2705.2,2429.2,2830.2,2554.4
/srv/shared_leopard_toad/2025/Documents/06.10-13.10.2025/4Z/102MEDIA/DSCF0637.JPG,DSCF0637.JPG,4Z/102MEDIA,0,Other_Amphibian,0.3455,2637.1,2243.0,2787.1,2409.8
/srv/shared_leopard_toad/2025/Documents/06.10-13.10.2025/4Z/102MEDIA/DSCF0637.JPG,DSCF0637.JPG,4Z/102MEDIA,0,Other_Amphibian,0.2912,2705.0,2427.6,2834.1,2559.6
/srv/shared_leopard_toad/2025/Documents/06.10-13.10.2025/4Z/102MEDIA/DSCF0271.JPG,DSCF0271.JPG,4Z/102MEDIA,0,Other_Amphibian,0.2368,2633.9,2244.5,2786.2,2410.6
/srv/shared_leopard_toad/2025/Documents/06.10-13.10.2025/4Z/102MEDIA/DSCF0271.JPG,DSCF0271.JPG,4Z/102MEDIA,0,Other_Amphibian,0.2361,2691.8,2428.3,2822.6,2559.9
/srv/shared_leopard_toad/2025/Documents/06.10-13.10.2025/4Z/102MEDIA/DSCF0648.JPG,DSCF0648.JPG,4Z/102MEDIA,0,Other_Amphibian,0.4383,2627.9,2241.6,2788.4,2411.4
/srv/shared_leopard_toad/2025/Documents/06.10-13.10.2025/4Z/102MEDIA/DSCF0648.JPG,DSCF0648.JPG,4Z/102MEDIA,0,Other_Amphibian,0.2718,2712.8,2428.0,2832.4,2551.7
/srv/shared_leopard_toad/2025/Documents/06.10-13.10.2025/4Z/102MEDIA/DSCF0659.JPG,DSCF0659.JPG,4Z/102MEDIA,0,Other_Amphibian,0.2861,2716.4,2428.7,2835.0,2555.7
/srv/shared_leopard_toad/2025/Documents/06.10-13.10.2025/4Z/102MEDIA/DSCF0659.JPG,DSCF0659.JPG,4Z/102MEDIA,0,Other_Amphibian,0.2393,2713.4,2427.6,2836.1,2563.4
/srv/shared_leopard_toad/2025/Documents/06.10-13.10.2025/4Z/102MEDIA/DSCF0659.JPG,DSCF0659.JPG,4Z/102MEDIA,0,Other_Amphibian,0.2059,2634.7,2246.3,2783.0,2412.9
/srv/shared_leopard_toad/2025/Documents/06.10-13.10.2025/4Z/102MEDIA/DSCF0096.JPG,DSCF0096.JPG,4Z/102MEDIA,0,Other_Amphibian,0.3348,2691.2,2428.3,2821.8,2559.9
/srv/shared_leopard_toad/2025/Documents/06.10-13.10.2025/4Z/102MEDIA/DSCF0096.JPG,DSCF0096.JPG,4Z/102MEDIA,0,Other_Amphibian,0.2770,2681.4,2426.6,2812.4,2563.9
/srv/shared_leopard_toad/2025/Documents/06.10-13.10.2025/4Z/102MEDIA/DSCF0096.JPG,DSCF0096.JPG,4Z/102MEDIA,0,Other_Amphibian,0.2322,2634.5,2244.9,2788.6,2411.8
/srv/shared_leopard_toad/2025/Documents/06.10-13.10.2025/4Z/102MEDIA/DSCF0295.JPG,DSCF0295.JPG,4Z/102MEDIA,0,Other_Amphibian,0.3285,2692.3,2428.0,2821.8,2557.9
/srv/shared_leopard_toad/2025/Documents/06.10-13.10.2025/4Z/102MEDIA/DSCF0295.JPG,DSCF0295.JPG,4Z/102MEDIA,0,Other_Amphibian,0.2351,2683.8,2426.7,2812.8,2561.9
/srv/shared_leopard_toad/2025/Documents/06.10-13.10.2025/4Z/102MEDIA/DSCF0053.JPG,DSCF0053.JPG,4Z/102MEDIA,0,Other_Amphibian,0.3033,2690.2,2428.6,2822.4,2556.5
/srv/shared_leopard_toad/2025/Documents/06.10-13.10.2025/4Z/102MEDIA/DSCF0053.JPG,DSCF0053.JPG,4Z/102MEDIA,0,Other_Amphibian,0.2887,2635.1,2245.5,2789.1,2411.9
/srv/shared_leopard_toad/2025/Documents/06.10-13.10.2025/4Z/102MEDIA/DSCF0053.JPG,DSCF0053.JPG,4Z/102MEDIA,0,Other_Amphibian,0.2134,2681.8,2427.1,2814.4,2560.4
/srv/shared_leopard_toad/2025/Documents/06.10-13.10.2025/4Z/102MEDIA/DSCF0740.JPG,DSCF0740.JPG,4Z/102MEDIA,0,Other_Amphibian,0.2044,2634.5,2241.5,2784.2,2409.2
/srv/shared_leopard_toad/2025/Documents/06.10-13.10.2025/4Z/102MEDIA/DSCF0384.JPG,DSCF0384.JPG,4Z/102MEDIA,0,Other_Amphibian,0.2825,2639.3,2244.5,2787.4,2408.8
/srv/shared_leopard_toad/2025/Documents/06.10-13.10.2025/4Z/102MEDIA/DSCF0149.JPG,DSCF0149.JPG,4Z/102MEDIA,0,Other_Amphibian,0.2912,2691.4,2429.5,2822.4,2561.4
/srv/shared_leopard_toad/2025/Documents/06.10-13.10.2025/4Z/102MEDIA/DSCF0149.JPG,DSCF0149.JPG,4Z/102MEDIA,0,Other_Amphibian,0.2643,2679.0,2426.3,2809.6,2564.4
/srv/shared_leopard_toad/2025/Documents/06.10-13.10.2025/4Z/102MEDIA/DSCF0149.JPG,DSCF0149.JPG,4Z/102MEDIA,0,Other_Amphibian,0.2281,2634.0,2245.5,2785.0,2411.2
/srv/shared_leopard_toad/2025/Documents/06.10-13.10.2025/4Z/102MEDIA/DSCF0502.JPG,DSCF0502.JPG,4Z/102MEDIA,0,Other_Amphibian,0.3027,2713.6,2428.9,2830.0,2554.4
/srv/shared_leopard_toad/2025/Documents/06.10-13.10.2025/4Z/102MEDIA/DSCF0502.JPG,DSCF0502.JPG,4Z/102MEDIA,0,Other_Amphibian,0.2994,2637.0,2242.1,2785.7,2408.9
/srv/shared_leopard_toad/2025/Documents/06.10-13.10.2025/4Z/102MEDIA/DSCF0231.JPG,DSCF0231.JPG,4Z/102MEDIA,0,Other_Amphibian,0.2995,2694.1,2428.4,2822.9,2559.1
/srv/shared_leopard_toad/2025/Documents/06.10-13.10.2025/4Z/102MEDIA/DSCF0231.JPG,DSCF0231.JPG,4Z/102MEDIA,0,Other_Amphibian,0.2329,2684.4,2427.2,2813.9,2563.2
/srv/shared_leopard_toad/2025/Documents/06.10-13.10.2025/4Z/102MEDIA/DSCF0320.JPG,DSCF0320.JPG,4Z/102MEDIA,0,Other_Amphibian,0.2392,2688.4,2428.6,2822.2,2562.3
/srv/shared_leopard_toad/2025/Documents/06.10-13.10.2025/4Z/102MEDIA/DSCF0320.JPG,DSCF0320.JPG,4Z/102MEDIA,0,Other_Amphibian,0.2153,2679.4,2426.6,2811.1,2567.5
/srv/shared_leopard_toad/2025/Documents/06.10-13.10.2025/4Z/102MEDIA/DSCF0731.JPG,DSCF0731.JPG,4Z/102MEDIA,0,Other_Amphibian,0.2359,2719.8,2428.7,2831.8,2552.0
/srv/shared_leopard_toad/2025/Documents/06.10-13.10.2025/4Z/102MEDIA/DSCF0731.JPG,DSCF0731.JPG,4Z/102MEDIA,0,Other_Amphibian,0.2134,2644.7,2243.0,2783.4,2408.5
/srv/shared_leopard_toad/2025/Documents/06.10-13.10.2025/4Z/102MEDIA/DSCF0479.JPG,DSCF0479.JPG,4Z/102MEDIA,0,Other_Amphibian,0.3567,2638.4,2242.3,2787.2,2408.4
/srv/shared_leopard_toad/2025/Documents/06.10-13.10.2025/4Z/102MEDIA/DSCF0247.JPG,DSCF0247.JPG,4Z/102MEDIA,0,Other_Amphibian,0.3298,2690.2,2429.4,2822.7,2561.2
/srv/shared_leopard_toad/2025/Documents/06.10-13.10.2025/4Z/102MEDIA/DSCF0247.JPG,DSCF0247.JPG,4Z/102MEDIA,0,Other_Amphibian,0.2989,2681.8,2427.4,2814.9,2565.0
/srv/shared_leopard_toad/2025/Documents/06.10-13.10.2025/4Z/102MEDIA/DSCF0247.JPG,DSCF0247.JPG,4Z/102MEDIA,0,Other_Amphibian,0.2248,2634.9,2245.5,2785.1,2409.8
/srv/shared_leopard_toad/2025/Documents/06.10-13.10.2025/4Z/102MEDIA/DSCF0307.JPG,DSCF0307.JPG,4Z/102MEDIA,0,Other_Amphibian,0.2299,2692.7,2428.9,2821.4,2558.5
/srv/shared_leopard_toad/2025/Documents/06.10-13.10.2025/4Z/102MEDIA/DSCF0307.JPG,DSCF0307.JPG,4Z/102MEDIA,0,Other_Amphibian,0.2150,2639.5,2243.6,2782.4,2408.7
/srv/shared_leopard_toad/2025/Documents/06.10-13.10.2025/4Z/102MEDIA/DSCF0268.JPG,DSCF0268.JPG,4Z/102MEDIA,0,Other_Amphibian,0.2954,2687.3,2429.5,2818.1,2557.3
/srv/shared_leopard_toad/2025/Documents/06.10-13.10.2025/4Z/102MEDIA/DSCF0268.JPG,DSCF0268.JPG,4Z/102MEDIA,0,Other_Amphibian,0.2949,2630.3,2244.3,2785.2,2409.7
/srv/shared_leopard_toad/2025/Documents/06.10-13.10.2025/4Z/102MEDIA/DSCF0268.JPG,DSCF0268.JPG,4Z/102MEDIA,0,Other_Amphibian,0.2162,2677.3,2427.3,2810.4,2560.7
/srv/shared_leopard_toad/2025/Documents/06.10-13.10.2025/4Z/102MEDIA/DSCF0582.JPG,DSCF0582.JPG,4Z/102MEDIA,0,Other_Amphibian,0.3072,2637.8,2243.6,2789.7,2409.8
/srv/shared_leopard_toad/2025/Documents/06.10-13.10.2025/4Z/102MEDIA/DSCF0582.JPG,DSCF0582.JPG,4Z/102MEDIA,0,Other_Amphibian,0.2743,2710.3,2428.7,2833.8,2555.1
/srv/shared_leopard_toad/2025/Documents/06.10-13.10.2025/4Z/102MEDIA/DSCF0582.JPG,DSCF0582.JPG,4Z/102MEDIA,0,Other_Amphibian,0.2339,2706.1,2427.2,2833.6,2562.8
/srv/shared_leopard_toad/2025/Documents/06.10-13.10.2025/4Z/102MEDIA/DSCF0716.JPG,DSCF0716.JPG,4Z/102MEDIA,0,Other_Amphibian,0.3972,2638.1,2241.4,2784.9,2407.3
/srv/shared_leopard_toad/2025/Documents/06.10-13.10.2025/4Z/102MEDIA/DSCF0963.JPG,DSCF0963.JPG,4Z/102MEDIA,0,Other_Amphibian,0.2748,2692.5,2425.8,2824.4,2559.1
/srv/shared_leopard_toad/2025/Documents/06.10-13.10.2025/4Z/102MEDIA/DSCF0963.JPG,DSCF0963.JPG,4Z/102MEDIA,0,Other_Amphibian,0.2213,2687.8,2424.5,2819.5,2563.5
/srv/shared_leopard_toad/2025/Documents/06.10-13.10.2025/4Z/102MEDIA/DSCF0663.JPG,DSCF0663.JPG,4Z/102MEDIA,0,Other_Amphibian,0.2460,2720.4,2429.1,2835.4,2551.0
/srv/shared_leopard_toad/2025/Documents/06.10-13.10.2025/4Z/102MEDIA/DSCF0663.JPG,DSCF0663.JPG,4Z/102MEDIA,0,Other_Amphibian,0.2199,2638.9,2245.5,2786.4,2410.6
/srv/shared_leopard_toad/2025/Documents/06.10-13.10.2025/4Z/102MEDIA/DSCF0106.JPG,DSCF0106.JPG,4Z/102MEDIA,0,Other_Amphibian,0.2551,2694.8,2428.6,2821.7,2560.6
/srv/shared_leopard_toad/2025/Documents/06.10-13.10.2025/4Z/102MEDIA/DSCF0106.JPG,DSCF0106.JPG,4Z/102MEDIA,0,Other_Amphibian,0.2335,2636.7,2246.1,2785.7,2410.4
/srv/shared_leopard_toad/2025/Documents/06.10-13.10.2025/4Z/102MEDIA/DSCF0106.JPG,DSCF0106.JPG,4Z/102MEDIA,0,Other_Amphibian,0.2200,2683.4,2426.4,2812.8,2565.6
/srv/shared_leopard_toad/2025/Documents/06.10-13.10.2025/4Z/102MEDIA/DSCF0246.JPG,DSCF0246.JPG,4Z/102MEDIA,0,Other_Amphibian,0.3208,2690.0,2428.0,2824.0,2558.9
/srv/shared_leopard_toad/2025/Documents/06.10-13.10.2025/4Z/102MEDIA/DSCF0246.JPG,DSCF0246.JPG,4Z/102MEDIA,0,Other_Amphibian,0.3001,2684.5,2426.2,2816.8,2563.9
/srv/shared_leopard_toad/2025/Documents/06.10-13.10.2025/4Z/102MEDIA/DSCF0378.JPG,DSCF0378.JPG,4Z/102MEDIA,0,Other_Amphibian,0.3210,2690.5,2428.5,2819.7,2558.4
/srv/shared_leopard_toad/2025/Documents/06.10-13.10.2025/4Z/102MEDIA/DSCF0378.JPG,DSCF0378.JPG,4Z/102MEDIA,0,Other_Amphibian,0.2956,2626.9,2245.6,2780.2,2410.1
/srv/shared_leopard_toad/2025/Documents/06.10-13.10.2025/4Z/102MEDIA/DSCF0378.JPG,DSCF0378.JPG,4Z/102MEDIA,0,Other_Amphibian,0.2371,2682.3,2427.6,2810.8,2562.4
/srv/shared_leopard_toad/2025/Documents/06.10-13.10.2025/4Z/102MEDIA/DSCF0704.JPG,DSCF0704.JPG,4Z/102MEDIA,0,Other_Amphibian,0.2927,2709.5,2427.3,2835.2,2564.3
/srv/shared_leopard_toad/2025/Documents/06.10-13.10.2025/4Z/102MEDIA/DSCF0704.JPG,DSCF0704.JPG,4Z/102MEDIA,0,Other_Amphibian,0.2725,2712.8,2429.2,2834.0,2556.7
/srv/shared_leopard_toad/2025/Documents/06.10-13.10.2025/4Z/102MEDIA/DSCF0704.JPG,DSCF0704.JPG,4Z/102MEDIA,0,Other_Amphibian,0.2073,2717.1,2428.2,2827.8,2564.9
/srv/shared_leopard_toad/2025/Documents/06.10-13.10.2025/4Z/102MEDIA/DSCF0148.JPG,DSCF0148.JPG,4Z/102MEDIA,0,Other_Amphibian,0.2889,2644.4,2242.9,2788.4,2408.6
/srv/shared_leopard_toad/2025/Documents/06.10-13.10.2025/4Z/102MEDIA/DSCF0842.JPG,DSCF0842.JPG,4Z/102MEDIA,0,Other_Amphibian,0.2433,2692.6,2424.7,2824.0,2560.5
/srv/shared_leopard_toad/2025/Documents/06.10-13.10.2025/4Z/102MEDIA/DSCF0178.JPG,DSCF0178.JPG,4Z/102MEDIA,0,Other_Amphibian,0.3238,2687.6,2428.0,2822.5,2559.7
/srv/shared_leopard_toad/2025/Documents/06.10-13.10.2025/4Z/102MEDIA/DSCF0178.JPG,DSCF0178.JPG,4Z/102MEDIA,0,Other_Amphibian,0.2855,2683.2,2426.2,2817.3,2564.9
/srv/shared_leopard_toad/2025/Documents/06.10-13.10.2025/4Z/102MEDIA/DSCF0738.JPG,DSCF0738.JPG,4Z/102MEDIA,0,Other_Amphibian,0.2547,2632.2,2241.4,2783.2,2409.5
/srv/shared_leopard_toad/2025/Documents/06.10-13.10.2025/4Z/102MEDIA/DSCF0576.JPG,DSCF0576.JPG,4Z/102MEDIA,0,Other_Amphibian,0.2837,2715.0,2428.5,2832.6,2554.8
/srv/shared_leopard_toad/2025/Documents/06.10-13.10.2025/4Z/102MEDIA/DSCF0576.JPG,DSCF0576.JPG,4Z/102MEDIA,0,Other_Amphibian,0.2114,2706.7,2427.2,2831.5,2564.7
/srv/shared_leopard_toad/2025/Documents/06.10-13.10.2025/4Z/102MEDIA/DSCF0576.JPG,DSCF0576.JPG,4Z/102MEDIA,0,Other_Amphibian,0.2062,2636.3,2244.5,2788.5,2413.8
/srv/shared_leopard_toad/2025/Documents/06.10-13.10.2025/4Z/102MEDIA/DSCF0856.JPG,DSCF0856.JPG,4Z/102MEDIA,0,Other_Amphibian,0.2229,2695.0,2423.3,2823.4,2559.1
/srv/shared_leopard_toad/2025/Documents/06.10-13.10.2025/4Z/102MEDIA/DSCF0607.JPG,DSCF0607.JPG,4Z/102MEDIA,0,Other_Amphibian,0.2946,2289.9,1865.2,2435.8,2044.0
/srv/shared_leopard_toad/2025/Documents/06.10-13.10.2025/4Z/102MEDIA/DSCF0607.JPG,DSCF0607.JPG,4Z/102MEDIA,0,Other_Amphibian,0.2713,2715.8,2429.7,2833.6,2555.4
/srv/shared_leopard_toad/2025/Documents/06.10-13.10.2025/4Z/102MEDIA/DSCF0607.JPG,DSCF0607.JPG,4Z/102MEDIA,0,Other_Amphibian,0.2663,2632.9,2244.9,2788.1,2413.0
/srv/shared_leopard_toad/2025/Documents/06.10-13.10.2025/4Z/102MEDIA/DSCF0607.JPG,DSCF0607.JPG,4Z/102MEDIA,0,Other_Amphibian,0.2502,2295.9,1871.9,2431.0,2052.1
/srv/shared_leopard_toad/2025/Documents/06.10-13.10.2025/4Z/102MEDIA/DSCF0607.JPG,DSCF0607.JPG,4Z/102MEDIA,0,Other_Amphibian,0.2457,2712.5,2427.9,2835.9,2562.7
/srv/shared_leopard_toad/2025/Documents/06.10-13.10.2025/4Z/102MEDIA/DSCF0097.JPG,DSCF0097.JPG,4Z/102MEDIA,0,Other_Amphibian,0.3597,2629.9,2244.0,2787.8,2411.3
/srv/shared_leopard_toad/2025/Documents/06.10-13.10.2025/4Z/102MEDIA/DSCF0097.JPG,DSCF0097.JPG,4Z/102MEDIA,0,Other_Amphibian,0.3127,2689.0,2427.9,2822.5,2558.2
/srv/shared_leopard_toad/2025/Documents/06.10-13.10.2025/4Z/102MEDIA/DSCF0097.JPG,DSCF0097.JPG,4Z/102MEDIA,0,Other_Amphibian,0.2334,2679.6,2426.6,2813.0,2561.8
/srv/shared_leopard_toad/2025/Documents/06.10-13.10.2025/4Z/102MEDIA/DSCF0252.JPG,DSCF0252.JPG,4Z/102MEDIA,0,Other_Amphibian,0.3300,2694.7,2428.8,2823.8,2559.1
/srv/shared_leopard_toad/2025/Documents/06.10-13.10.2025/4Z/102MEDIA/DSCF0252.JPG,DSCF0252.JPG,4Z/102MEDIA,0,Other_Amphibian,0.3060,2687.5,2426.7,2815.6,2563.3
/srv/shared_leopard_toad/2025/Documents/06.10-13.10.2025/4Z/102MEDIA/DSCF0472.JPG,DSCF0472.JPG,4Z/102MEDIA,0,Other_Amphibian,0.3047,2632.6,2243.3,2785.1,2410.9
/srv/shared_leopard_toad/2025/Documents/06.10-13.10.2025/4Z/102MEDIA/DSCF0472.JPG,DSCF0472.JPG,4Z/102MEDIA,0,Other_Amphibian,0.2773,2720.8,2428.6,2833.7,2551.3
/srv/shared_leopard_toad/2025/Documents/06.10-13.10.2025/4Z/102MEDIA/DSCF0396.JPG,DSCF0396.JPG,4Z/102MEDIA,0,Other_Amphibian,0.4501,2820.1,2322.1,3012.8,2560.0
/srv/shared_leopard_toad/2025/Documents/06.10-13.10.2025/4Z/102MEDIA/DSCF0788.JPG,DSCF0788.JPG,4Z/102MEDIA,2,Western_Leopard_Toad,0.2349,4704.4,1837.0,5052.6,2406.5
/srv/shared_leopard_toad/2025/Documents/06.10-13.10.2025/4Z/102MEDIA/DSCF0721.JPG,DSCF0721.JPG,4Z/102MEDIA,0,Other_Amphibian,0.3105,2636.6,2241.6,2785.4,2408.2
/srv/shared_leopard_toad/2025/Documents/06.10-13.10.2025/4Z/102MEDIA/DSCF0536.JPG,DSCF0536.JPG,4Z/102MEDIA,0,Other_Amphibian,0.3262,2633.1,2243.2,2785.9,2410.3
/srv/shared_leopard_toad/2025/Documents/06.10-13.10.2025/4Z/102MEDIA/DSCF0536.JPG,DSCF0536.JPG,4Z/102MEDIA,0,Other_Amphibian,0.2717,2719.6,2428.4,2832.3,2554.2
/srv/shared_leopard_toad/2025/Documents/06.10-13.10.2025/4Z/102MEDIA/DSCF0448.JPG,DSCF0448.JPG,4Z/102MEDIA,0,Other_Amphibian,0.2942,2716.7,2429.2,2833.7,2558.1
/srv/shared_leopard_toad/2025/Documents/06.10-13.10.2025/4Z/102MEDIA/DSCF0448.JPG,DSCF0448.JPG,4Z/102MEDIA,0,Other_Amphibian,0.2921,2710.1,2427.0,2833.7,2567.5
/srv/shared_leopard_toad/2025/Documents/06.10-13.10.2025/4Z/102MEDIA/DSCF0448.JPG,DSCF0448.JPG,4Z/102MEDIA,0,Other_Amphibian,0.2552,2630.6,2244.3,2784.9,2409.5
/srv/shared_leopard_toad/2025/Documents/06.10-13.10.2025/4Z/102MEDIA/DSCF0683.JPG,DSCF0683.JPG,4Z/102MEDIA,0,Other_Amphibian,0.4319,2633.3,2242.0,2788.2,2409.4
/srv/shared_leopard_toad/2025/Documents/06.10-13.10.2025/4Z/102MEDIA/DSCF0683.JPG,DSCF0683.JPG,4Z/102MEDIA,0,Other_Amphibian,0.2910,2718.1,2428.1,2834.1,2554.7
/srv/shared_leopard_toad/2025/Documents/06.10-13.10.2025/4Z/102MEDIA/DSCF0449.JPG,DSCF0449.JPG,4Z/102MEDIA,0,Other_Amphibian,0.3682,2634.6,2241.6,2787.4,2408.2
/srv/shared_leopard_toad/2025/Documents/06.10-13.10.2025/4Z/102MEDIA/DSCF0449.JPG,DSCF0449.JPG,4Z/102MEDIA,0,Other_Amphibian,0.2249,2718.1,2428.2,2833.7,2554.2
/srv/shared_leopard_toad/2025/Documents/06.10-13.10.2025/4Z/102MEDIA/DSCF0287.JPG,DSCF0287.JPG,4Z/102MEDIA,0,Other_Amphibian,0.3044,2689.4,2428.2,2821.9,2561.1
/srv/shared_leopard_toad/2025/Documents/06.10-13.10.2025/4Z/102MEDIA/DSCF0287.JPG,DSCF0287.JPG,4Z/102MEDIA,0,Other_Amphibian,0.2677,2681.9,2425.7,2813.6,2565.6
/srv/shared_leopard_toad/2025/Documents/06.10-13.10.2025/4Z/102MEDIA/DSCF0494.JPG,DSCF0494.JPG,4Z/102MEDIA,0,Other_Amphibian,0.3115,2717.4,2428.8,2833.8,2553.7
/srv/shared_leopard_toad/2025/Documents/06.10-13.10.2025/4Z/102MEDIA/DSCF0494.JPG,DSCF0494.JPG,4Z/102MEDIA,0,Other_Amphibian,0.2364,2633.2,2243.9,2786.0,2412.0
/srv/shared_leopard_toad/2025/Documents/06.10-13.10.2025/4Z/102MEDIA/DSCF0494.JPG,DSCF0494.JPG,4Z/102MEDIA,0,Other_Amphibian,0.2078,2709.7,2428.0,2832.8,2559.2
/srv/shared_leopard_toad/2025/Documents/06.10-13.10.2025/4Z/102MEDIA/DSCF0386.JPG,DSCF0386.JPG,4Z/102MEDIA,0,Other_Amphibian,0.3134,2690.5,2428.4,2823.5,2560.4
/srv/shared_leopard_toad/2025/Documents/06.10-13.10.2025/4Z/102MEDIA/DSCF0386.JPG,DSCF0386.JPG,4Z/102MEDIA,0,Other_Amphibian,0.3012,2683.7,2426.7,2815.1,2563.7
/srv/shared_leopard_toad/2025/Documents/06.10-13.10.2025/4Z/102MEDIA/DSCF0386.JPG,DSCF0386.JPG,4Z/102MEDIA,0,Other_Amphibian,0.2878,2639.6,2243.4,2786.0,2408.0
/srv/shared_leopard_toad/2025/Documents/06.10-13.10.2025/4Z/102MEDIA/DSCF0386.JPG,DSCF0386.JPG,4Z/102MEDIA,0,Other_Amphibian,0.2679,1673.0,2009.8,1895.9,2289.8
/srv/shared_leopard_toad/2025/Documents/06.10-13.10.2025/4Z/102MEDIA/DSCF0072.JPG,DSCF0072.JPG,4Z/102MEDIA,0,Other_Amphibian,0.3490,2689.9,2428.2,2822.6,2558.1
/srv/shared_leopard_toad/2025/Documents/06.10-13.10.2025/4Z/102MEDIA/DSCF0072.JPG,DSCF0072.JPG,4Z/102MEDIA,0,Other_Amphibian,0.2513,2681.4,2426.5,2813.7,2560.1
/srv/shared_leopard_toad/2025/Documents/06.10-13.10.2025/4Z/102MEDIA/DSCF0072.JPG,DSCF0072.JPG,4Z/102MEDIA,0,Other_Amphibian,0.2300,2643.5,2244.4,2785.4,2409.0
/srv/shared_leopard_toad/2025/Documents/06.10-13.10.2025/4Z/102MEDIA/DSCF0134.JPG,DSCF0134.JPG,4Z/102MEDIA,0,Other_Amphibian,0.3463,2689.0,2428.4,2820.8,2558.0
/srv/shared_leopard_toad/2025/Documents/06.10-13.10.2025/4Z/102MEDIA/DSCF0134.JPG,DSCF0134.JPG,4Z/102MEDIA,0,Other_Amphibian,0.2580,2678.6,2425.6,2809.9,2560.1
/srv/shared_leopard_toad/2025/Documents/06.10-13.10.2025/4Z/102MEDIA/DSCF0134.JPG,DSCF0134.JPG,4Z/102MEDIA,0,Other_Amphibian,0.2173,2639.4,2243.5,2785.0,2408.3
/srv/shared_leopard_toad/2025/Documents/06.10-13.10.2025/4Z/102MEDIA/DSCF0023.JPG,DSCF0023.JPG,4Z/102MEDIA,0,Other_Amphibian,0.3873,2690.8,2427.2,2821.2,2560.1
/srv/shared_leopard_toad/2025/Documents/06.10-13.10.2025/4Z/102MEDIA/DSCF0023.JPG,DSCF0023.JPG,4Z/102MEDIA,0,Other_Amphibian,0.3435,2684.6,2425.9,2816.3,2563.5
/srv/shared_leopard_toad/2025/Documents/06.10-13.10.2025/4Z/102MEDIA/DSCF0399.JPG,DSCF0399.JPG,4Z/102MEDIA,0,Other_Amphibian,0.4973,2918.6,2329.4,3151.2,2522.3
/srv/shared_leopard_toad/2025/Documents/06.10-13.10.2025/4Z/102MEDIA/DSCF0399.JPG,DSCF0399.JPG,4Z/102MEDIA,0,Other_Amphibian,0.2162,2637.3,2246.8,2783.1,2411.7
/srv/shared_leopard_toad/2025/Documents/06.10-13.10.2025/4Z/102MEDIA/DSCF0399.JPG,DSCF0399.JPG,4Z/102MEDIA,0,Other_Amphibian,0.2102,2706.3,2429.9,2830.5,2553.5
/srv/shared_leopard_toad/2025/Documents/06.10-13.10.2025/4Z/102MEDIA/DSCF0158.JPG,DSCF0158.JPG,4Z/102MEDIA,0,Other_Amphibian,0.3411,2638.3,2242.9,2786.1,2408.8
/srv/shared_leopard_toad/2025/Documents/06.10-13.10.2025/4Z/102MEDIA/DSCF0158.JPG,DSCF0158.JPG,4Z/102MEDIA,0,Other_Amphibian,0.2513,2691.2,2428.9,2825.0,2561.6
/srv/shared_leopard_toad/2025/Documents/06.10-13.10.2025/4Z/102MEDIA/DSCF0158.JPG,DSCF0158.JPG,4Z/102MEDIA,0,Other_Amphibian,0.2319,2680.6,2427.0,2814.5,2566.4
/srv/shared_leopard_toad/2025/Documents/06.10-13.10.2025/4Z/102MEDIA/DSCF0474.JPG,DSCF0474.JPG,4Z/102MEDIA,0,Other_Amphibian,0.3254,2634.3,2242.6,2785.4,2409.4
/srv/shared_leopard_toad/2025/Documents/06.10-13.10.2025/4Z/102MEDIA/DSCF0474.JPG,DSCF0474.JPG,4Z/102MEDIA,0,Other_Amphibian,0.2505,2713.9,2428.9,2833.6,2554.6
/srv/shared_leopard_toad/2025/Documents/06.10-13.10.2025/4Z/102MEDIA/DSCF0474.JPG,DSCF0474.JPG,4Z/102MEDIA,0,Other_Amphibian,0.2153,2708.2,2427.6,2834.3,2562.6
/srv/shared_leopard_toad/2025/Documents/06.10-13.10.2025/4Z/102MEDIA/DSCF0567.JPG,DSCF0567.JPG,4Z/102MEDIA,0,Other_Amphibian,0.3172,2709.9,2429.0,2833.0,2556.6
/srv/shared_leopard_toad/2025/Documents/06.10-13.10.2025/4Z/102MEDIA/DSCF0567.JPG,DSCF0567.JPG,4Z/102MEDIA,0,Other_Amphibian,0.2779,2707.9,2427.0,2834.4,2565.1
/srv/shared_leopard_toad/2025/Documents/06.10-13.10.2025/4Z/102MEDIA/DSCF0567.JPG,DSCF0567.JPG,4Z/102MEDIA,0,Other_Amphibian,0.2318,2636.9,2242.2,2788.0,2411.0
/srv/shared_leopard_toad/2025/Documents/06.10-13.10.2025/4Z/102MEDIA/DSCF0872.JPG,DSCF0872.JPG,4Z/102MEDIA,0,Other_Amphibian,0.2318,2693.6,2423.7,2821.7,2558.2
/srv/shared_leopard_toad/2025/Documents/06.10-13.10.2025/4Z/102MEDIA/DSCF0499.JPG,DSCF0499.JPG,4Z/102MEDIA,0,Other_Amphibian,0.4185,2626.4,2243.0,2784.1,2410.1
/srv/shared_leopard_toad/2025/Documents/06.10-13.10.2025/4Z/102MEDIA/DSCF0499.JPG,DSCF0499.JPG,4Z/102MEDIA,0,Other_Amphibian,0.2437,2720.1,2429.1,2834.2,2551.6
/srv/shared_leopard_toad/2025/Documents/06.10-13.10.2025/4Z/102MEDIA/DSCF0900.JPG,DSCF0900.JPG,4Z/102MEDIA,0,Other_Amphibian,0.2198,2695.8,2422.4,2822.7,2560.7
/srv/shared_leopard_toad/2025/Documents/06.10-13.10.2025/4Z/102MEDIA/DSCF0768.JPG,DSCF0768.JPG,4Z/102MEDIA,0,Other_Amphibian,0.2086,804.5,1816.8,931.6,2011.5
/srv/shared_leopard_toad/2025/Documents/06.10-13.10.2025/4Z/102MEDIA/DSCF0335.JPG,DSCF0335.JPG,4Z/102MEDIA,0,Other_Amphibian,0.3370,2687.8,2428.7,2823.0,2560.5
/srv/shared_leopard_toad/2025/Documents/06.10-13.10.2025/4Z/102MEDIA/DSCF0335.JPG,DSCF0335.JPG,4Z/102MEDIA,0,Other_Amphibian,0.3011,2683.9,2427.4,2819.1,2566.5
/srv/shared_leopard_toad/2025/Documents/06.10-13.10.2025/4Z/102MEDIA/DSCF0335.JPG,DSCF0335.JPG,4Z/102MEDIA,0,Other_Amphibian,0.2099,2633.2,2245.9,2784.1,2412.0
/srv/shared_leopard_toad/2025/Documents/06.10-13.10.2025/4Z/102MEDIA/DSCF0523.JPG,DSCF0523.JPG,4Z/102MEDIA,0,Other_Amphibian,0.2471,2711.6,2428.4,2832.5,2556.0
/srv/shared_leopard_toad/2025/Documents/06.10-13.10.2025/4Z/102MEDIA/DSCF0523.JPG,DSCF0523.JPG,4Z/102MEDIA,0,Other_Amphibian,0.2365,2631.4,2244.2,2784.3,2412.6
/srv/shared_leopard_toad/2025/Documents/06.10-13.10.2025/4Z/102MEDIA/DSCF0523.JPG,DSCF0523.JPG,4Z/102MEDIA,0,Other_Amphibian,0.2306,2705.2,2426.3,2831.9,2565.0
/srv/shared_leopard_toad/2025/Documents/06.10-13.10.2025/4Z/102MEDIA/DSCF0262.JPG,DSCF0262.JPG,4Z/102MEDIA,0,Other_Amphibian,0.3115,2633.6,2242.1,2787.5,2410.5
/srv/shared_leopard_toad/2025/Documents/06.10-13.10.2025/4Z/102MEDIA/DSCF0655.JPG,DSCF0655.JPG,4Z/102MEDIA,0,Other_Amphibian,0.2961,2634.2,2242.7,2788.1,2409.2
/srv/shared_leopard_toad/2025/Documents/06.10-13.10.2025/4Z/102MEDIA/DSCF0655.JPG,DSCF0655.JPG,4Z/102MEDIA,0,Other_Amphibian,0.2075,2717.4,2427.8,2830.4,2552.9
/srv/shared_leopard_toad/2025/Documents/06.10-13.10.2025/4Z/102MEDIA/DSCF0965.JPG,DSCF0965.JPG,4Z/102MEDIA,0,Other_Amphibian,0.2057,2691.6,2423.9,2820.3,2560.2
/srv/shared_leopard_toad/2025/Documents/06.10-13.10.2025/4Z/102MEDIA/DSCF0223.JPG,DSCF0223.JPG,4Z/102MEDIA,0,Other_Amphibian,0.3584,2691.1,2428.2,2823.4,2561.1
/srv/shared_leopard_toad/2025/Documents/06.10-13.10.2025/4Z/102MEDIA/DSCF0223.JPG,DSCF0223.JPG,4Z/102MEDIA,0,Other_Amphibian,0.3009,2689.4,2427.3,2822.9,2567.1
/srv/shared_leopard_toad/2025/Documents/06.10-13.10.2025/4Z/102MEDIA/DSCF0669.JPG,DSCF0669.JPG,4Z/102MEDIA,0,Other_Amphibian,0.3777,2635.1,2209.1,2787.2,2408.6
/srv/shared_leopard_toad/2025/Documents/06.10-13.10.2025/4Z/102MEDIA/DSCF0669.JPG,DSCF0669.JPG,4Z/102MEDIA,0,Other_Amphibian,0.2083,2718.3,2426.9,2831.4,2553.3
/srv/shared_leopard_toad/2025/Documents/06.10-13.10.2025/4Z/102MEDIA/DSCF0745.JPG,DSCF0745.JPG,4Z/102MEDIA,2,Western_Leopard_Toad,0.2634,5030.7,4.8,5373.4,431.6
/srv/shared_leopard_toad/2025/Documents/06.10-13.10.2025/4Z/102MEDIA/DSCF0745.JPG,DSCF0745.JPG,4Z/102MEDIA,0,Other_Amphibian,0.2055,5125.7,1541.7,5241.8,1727.8
/srv/shared_leopard_toad/2025/Documents/06.10-13.10.2025/4Z/102MEDIA/DSCF0127.JPG,DSCF0127.JPG,4Z/102MEDIA,0,Other_Amphibian,0.3464,2691.6,2428.0,2821.2,2559.1
/srv/shared_leopard_toad/2025/Documents/06.10-13.10.2025/4Z/102MEDIA/DSCF0127.JPG,DSCF0127.JPG,4Z/102MEDIA,0,Other_Amphibian,0.2765,2639.9,2243.0,2783.1,2407.1
/srv/shared_leopard_toad/2025/Documents/06.10-13.10.2025/4Z/102MEDIA/DSCF0127.JPG,DSCF0127.JPG,4Z/102MEDIA,0,Other_Amphibian,0.2513,2681.1,2425.7,2810.8,2561.8
/srv/shared_leopard_toad/2025/Documents/06.10-13.10.2025/4Z/102MEDIA/DSCF0601.JPG,DSCF0601.JPG,4Z/102MEDIA,0,Other_Amphibian,0.3024,2632.7,2241.4,2786.0,2408.7
/srv/shared_leopard_toad/2025/Documents/06.10-13.10.2025/4Z/102MEDIA/DSCF0601.JPG,DSCF0601.JPG,4Z/102MEDIA,0,Other_Amphibian,0.2864,2717.1,2428.6,2833.9,2554.0
/srv/shared_leopard_toad/2025/Documents/06.10-13.10.2025/4Z/102MEDIA/DSCF0601.JPG,DSCF0601.JPG,4Z/102MEDIA,0,Other_Amphibian,0.2220,2709.1,2427.4,2831.7,2558.5
/srv/shared_leopard_toad/2025/Documents/06.10-13.10.2025/4Z/102MEDIA/DSCF0095.JPG,DSCF0095.JPG,4Z/102MEDIA,0,Other_Amphibian,0.3273,2691.2,2428.3,2819.9,2558.9
/srv/shared_leopard_toad/2025/Documents/06.10-13.10.2025/4Z/102MEDIA/DSCF0095.JPG,DSCF0095.JPG,4Z/102MEDIA,0,Other_Amphibian,0.2632,2636.3,2243.9,2787.0,2409.6
/srv/shared_leopard_toad/2025/Documents/06.10-13.10.2025/4Z/102MEDIA/DSCF0095.JPG,DSCF0095.JPG,4Z/102MEDIA,0,Other_Amphibian,0.2454,2680.6,2425.5,2811.1,2562.9
/srv/shared_leopard_toad/2025/Documents/06.10-13.10.2025/4Z/102MEDIA/DSCF0363.JPG,DSCF0363.JPG,4Z/102MEDIA,0,Other_Amphibian,0.6480,2220.9,997.7,2469.4,1341.3
/srv/shared_leopard_toad/2025/Documents/06.10-13.10.2025/4Z/102MEDIA/DSCF0363.JPG,DSCF0363.JPG,4Z/102MEDIA,0,Other_Amphibian,0.2774,2690.4,2428.7,2821.8,2561.6
/srv/shared_leopard_toad/2025/Documents/06.10-13.10.2025/4Z/102MEDIA/DSCF0363.JPG,DSCF0363.JPG,4Z/102MEDIA,0,Other_Amphibian,0.2585,2682.4,2426.7,2814.1,2567.4
/srv/shared_leopard_toad/2025/Documents/06.10-13.10.2025/4Z/102MEDIA/DSCF0823.JPG,DSCF0823.JPG,4Z/102MEDIA,0,Other_Amphibian,0.2027,808.9,1825.2,938.4,2022.2
/srv/shared_leopard_toad/2025/Documents/06.10-13.10.2025/4Z/102MEDIA/DSCF0154.JPG,DSCF0154.JPG,4Z/102MEDIA,0,Other_Amphibian,0.3794,2691.1,2428.3,2821.8,2558.3
/srv/shared_leopard_toad/2025/Documents/06.10-13.10.2025/4Z/102MEDIA/DSCF0154.JPG,DSCF0154.JPG,4Z/102MEDIA,0,Other_Amphibian,0.2458,2681.7,2427.8,2812.7,2562.0
/srv/shared_leopard_toad/2025/Documents/06.10-13.10.2025/4Z/102MEDIA/DSCF0376.JPG,DSCF0376.JPG,4Z/102MEDIA,0,Other_Amphibian,0.2951,2692.6,2428.3,2820.2,2557.9
/srv/shared_leopard_toad/2025/Documents/06.10-13.10.2025/4Z/102MEDIA/DSCF0376.JPG,DSCF0376.JPG,4Z/102MEDIA,0,Other_Amphibian,0.2722,2640.9,2243.7,2783.6,2409.0
/srv/shared_leopard_toad/2025/Documents/06.10-13.10.2025/4Z/102MEDIA/DSCF0376.JPG,DSCF0376.JPG,4Z/102MEDIA,0,Other_Amphibian,0.2358,2680.1,2426.0,2807.7,2561.2
/srv/shared_leopard_toad/2025/Documents/06.10-13.10.2025/4Z/102MEDIA/DSCF0186.JPG,DSCF0186.JPG,4Z/102MEDIA,0,Other_Amphibian,0.3720,2689.6,2428.1,2820.8,2557.2
/srv/shared_leopard_toad/2025/Documents/06.10-13.10.2025/4Z/102MEDIA/DSCF0186.JPG,DSCF0186.JPG,4Z/102MEDIA,0,Other_Amphibian,0.2699,2685.2,2428.2,2817.2,2560.9
/srv/shared_leopard_toad/2025/Documents/06.10-13.10.2025/4Z/102MEDIA/DSCF0196.JPG,DSCF0196.JPG,4Z/102MEDIA,0,Other_Amphibian,0.2718,2691.1,2428.7,2817.9,2558.5
/srv/shared_leopard_toad/2025/Documents/06.10-13.10.2025/4Z/102MEDIA/DSCF0577.JPG,DSCF0577.JPG,4Z/102MEDIA,0,Other_Amphibian,0.3540,2631.4,2243.1,2784.3,2410.0
/srv/shared_leopard_toad/2025/Documents/06.10-13.10.2025/4Z/102MEDIA/DSCF0577.JPG,DSCF0577.JPG,4Z/102MEDIA,0,Other_Amphibian,0.2106,3298.3,2355.1,3436.1,2556.9
/srv/shared_leopard_toad/2025/Documents/06.10-13.10.2025/4Z/102MEDIA/DSCF0577.JPG,DSCF0577.JPG,4Z/102MEDIA,0,Other_Amphibian,0.2093,2712.8,2428.3,2832.4,2554.5
/srv/shared_leopard_toad/2025/Documents/06.10-13.10.2025/4Z/102MEDIA/DSCF0478.JPG,DSCF0478.JPG,4Z/102MEDIA,0,Other_Amphibian,0.3312,2719.4,2429.2,2833.3,2555.3
/srv/shared_leopard_toad/2025/Documents/06.10-13.10.2025/4Z/102MEDIA/DSCF0478.JPG,DSCF0478.JPG,4Z/102MEDIA,0,Other_Amphibian,0.2818,2718.7,2427.2,2837.6,2562.2
/srv/shared_leopard_toad/2025/Documents/06.10-13.10.2025/4Z/102MEDIA/DSCF0478.JPG,DSCF0478.JPG,4Z/102MEDIA,0,Other_Amphibian,0.2661,2629.7,2245.0,2787.0,2411.6
/srv/shared_leopard_toad/2025/Documents/06.10-13.10.2025/4Z/102MEDIA/DSCF0123.JPG,DSCF0123.JPG,4Z/102MEDIA,0,Other_Amphibian,0.3809,2693.0,2428.0,2824.0,2558.4
/srv/shared_leopard_toad/2025/Documents/06.10-13.10.2025/4Z/102MEDIA/DSCF0123.JPG,DSCF0123.JPG,4Z/102MEDIA,0,Other_Amphibian,0.3064,2689.6,2426.9,2820.5,2562.8
/srv/shared_leopard_toad/2025/Documents/06.10-13.10.2025/4Z/102MEDIA/DSCF0666.JPG,DSCF0666.JPG,4Z/102MEDIA,0,Other_Amphibian,0.3977,2628.1,2242.1,2786.9,2411.0
/srv/shared_leopard_toad/2025/Documents/06.10-13.10.2025/4Z/102MEDIA/DSCF0666.JPG,DSCF0666.JPG,4Z/102MEDIA,0,Other_Amphibian,0.2543,2720.9,2430.0,2836.5,2552.5
/srv/shared_leopard_toad/2025/Documents/06.10-13.10.2025/4Z/102MEDIA/DSCF0280.JPG,DSCF0280.JPG,4Z/102MEDIA,0,Other_Amphibian,0.4180,2690.6,2428.3,2822.8,2559.4
/srv/shared_leopard_toad/2025/Documents/06.10-13.10.2025/4Z/102MEDIA/DSCF0280.JPG,DSCF0280.JPG,4Z/102MEDIA,0,Other_Amphibian,0.3807,2687.4,2426.7,2819.7,2563.8
/srv/shared_leopard_toad/2025/Documents/06.10-13.10.2025/4Z/102MEDIA/DSCF0629.JPG,DSCF0629.JPG,4Z/102MEDIA,0,Other_Amphibian,0.3240,2633.5,2243.1,2784.8,2408.8
/srv/shared_leopard_toad/2025/Documents/06.10-13.10.2025/4Z/102MEDIA/DSCF0629.JPG,DSCF0629.JPG,4Z/102MEDIA,0,Other_Amphibian,0.2224,2716.4,2427.8,2830.5,2555.9
/srv/shared_leopard_toad/2025/Documents/06.10-13.10.2025/4Z/102MEDIA/DSCF0675.JPG,DSCF0675.JPG,4Z/102MEDIA,0,Other_Amphibian,0.2968,2636.3,2242.9,2786.8,2410.0
/srv/shared_leopard_toad/2025/Documents/06.10-13.10.2025/4Z/102MEDIA/DSCF0049.JPG,DSCF0049.JPG,4Z/102MEDIA,0,Other_Amphibian,0.2772,2632.9,2244.6,2784.6,2411.3
/srv/shared_leopard_toad/2025/Documents/06.10-13.10.2025/4Z/102MEDIA/DSCF0049.JPG,DSCF0049.JPG,4Z/102MEDIA,0,Other_Amphibian,0.2105,2689.6,2427.9,2821.9,2561.1
/srv/shared_leopard_toad/2025/Documents/06.10-13.10.2025/4Z/102MEDIA/DSCF0208.JPG,DSCF0208.JPG,4Z/102MEDIA,0,Other_Amphibian,0.3390,2689.1,2429.0,2824.1,2559.3
/srv/shared_leopard_toad/2025/Documents/06.10-13.10.2025/4Z/102MEDIA/DSCF0208.JPG,DSCF0208.JPG,4Z/102MEDIA,0,Other_Amphibian,0.3033,2683.8,2427.2,2819.0,2564.8
/srv/shared_leopard_toad/2025/Documents/06.10-13.10.2025/4Z/102MEDIA/DSCF0208.JPG,DSCF0208.JPG,4Z/102MEDIA,0,Other_Amphibian,0.2104,2637.1,2246.1,2786.7,2410.2
/srv/shared_leopard_toad/2025/Documents/06.10-13.10.2025/4Z/102MEDIA/DSCF0635.JPG,DSCF0635.JPG,4Z/102MEDIA,0,Other_Amphibian,0.3676,2628.8,2242.5,2786.3,2410.1
/srv/shared_leopard_toad/2025/Documents/06.10-13.10.2025/4Z/102MEDIA/DSCF0635.JPG,DSCF0635.JPG,4Z/102MEDIA,0,Other_Amphibian,0.2950,2719.1,2428.3,2833.6,2552.0
/srv/shared_leopard_toad/2025/Documents/06.10-13.10.2025/4Z/102MEDIA/DSCF0065.JPG,DSCF0065.JPG,4Z/102MEDIA,0,Other_Amphibian,0.3407,2684.5,2426.3,2819.4,2565.5
/srv/shared_leopard_toad/2025/Documents/06.10-13.10.2025/4Z/102MEDIA/DSCF0065.JPG,DSCF0065.JPG,4Z/102MEDIA,0,Other_Amphibian,0.3365,2689.4,2428.6,2824.5,2560.3
/srv/shared_leopard_toad/2025/Documents/06.10-13.10.2025/4Z/102MEDIA/DSCF0414.JPG,DSCF0414.JPG,4Z/102MEDIA,0,Other_Amphibian,0.4160,2624.8,2244.5,2782.1,2409.9
/srv/shared_leopard_toad/2025/Documents/06.10-13.10.2025/4Z/102MEDIA/DSCF0414.JPG,DSCF0414.JPG,4Z/102MEDIA,0,Other_Amphibian,0.2013,2712.3,2426.8,2830.3,2554.9
/srv/shared_leopard_toad/2025/Documents/06.10-13.10.2025/4Z/102MEDIA/DSCF0820.JPG,DSCF0820.JPG,4Z/102MEDIA,2,Western_Leopard_Toad,0.4731,4677.5,1804.0,5122.7,2404.0
/srv/shared_leopard_toad/2025/Documents/06.10-13.10.2025/4Z/102MEDIA/DSCF0820.JPG,DSCF0820.JPG,4Z/102MEDIA,0,Other_Amphibian,0.3986,804.8,1831.7,934.0,1993.7
/srv/shared_leopard_toad/2025/Documents/06.10-13.10.2025/4Z/102MEDIA/DSCF0782.JPG,DSCF0782.JPG,4Z/102MEDIA,0,Other_Amphibian,0.2460,3624.5,1663.5,3932.7,1947.2
/srv/shared_leopard_toad/2025/Documents/06.10-13.10.2025/4Z/102MEDIA/DSCF0074.JPG,DSCF0074.JPG,4Z/102MEDIA,0,Other_Amphibian,0.2879,2692.8,2428.8,2822.2,2560.2
/srv/shared_leopard_toad/2025/Documents/06.10-13.10.2025/4Z/102MEDIA/DSCF0074.JPG,DSCF0074.JPG,4Z/102MEDIA,0,Other_Amphibian,0.2822,2634.7,2243.6,2788.8,2409.7
/srv/shared_leopard_toad/2025/Documents/06.10-13.10.2025/4Z/102MEDIA/DSCF0074.JPG,DSCF0074.JPG,4Z/102MEDIA,0,Other_Amphibian,0.2495,2681.5,2426.4,2811.6,2563.4
/srv/shared_leopard_toad/2025/Documents/06.10-13.10.2025/4Z/102MEDIA/DSCF0110.JPG,DSCF0110.JPG,4Z/102MEDIA,0,Other_Amphibian,0.3075,2691.8,2429.1,2821.5,2558.8
/srv/shared_leopard_toad/2025/Documents/06.10-13.10.2025/4Z/102MEDIA/DSCF0110.JPG,DSCF0110.JPG,4Z/102MEDIA,0,Other_Amphibian,0.2827,2637.9,2243.6,2782.6,2407.8
/srv/shared_leopard_toad/2025/Documents/06.10-13.10.2025/4Z/102MEDIA/DSCF0110.JPG,DSCF0110.JPG,4Z/102MEDIA,0,Other_Amphibian,0.2687,2679.8,2426.6,2808.5,2561.6
/srv/shared_leopard_toad/2025/Documents/06.10-13.10.2025/4Z/102MEDIA/DSCF0421.JPG,DSCF0421.JPG,4Z/102MEDIA,0,Other_Amphibian,0.3685,2630.6,2242.7,2784.8,2409.9
/srv/shared_leopard_toad/2025/Documents/06.10-13.10.2025/4Z/102MEDIA/DSCF0421.JPG,DSCF0421.JPG,4Z/102MEDIA,0,Other_Amphibian,0.2257,2691.9,2426.1,2822.4,2570.2
/srv/shared_leopard_toad/2025/Documents/06.10-13.10.2025/4Z/102MEDIA/DSCF0421.JPG,DSCF0421.JPG,4Z/102MEDIA,0,Other_Amphibian,0.2176,2705.7,2428.7,2831.3,2557.1
/srv/shared_leopard_toad/2025/Documents/06.10-13.10.2025/4Z/102MEDIA/DSCF0533.JPG,DSCF0533.JPG,4Z/102MEDIA,0,Other_Amphibian,0.3428,2715.2,2429.7,2834.2,2555.6
/srv/shared_leopard_toad/2025/Documents/06.10-13.10.2025/4Z/102MEDIA/DSCF0533.JPG,DSCF0533.JPG,4Z/102MEDIA,0,Other_Amphibian,0.3408,2629.7,2241.3,2788.6,2411.1
/srv/shared_leopard_toad/2025/Documents/06.10-13.10.2025/4Z/102MEDIA/DSCF0533.JPG,DSCF0533.JPG,4Z/102MEDIA,0,Other_Amphibian,0.2467,2710.9,2428.9,2833.1,2560.1
/srv/shared_leopard_toad/2025/Documents/06.10-13.10.2025/4Z/102MEDIA/DSCF0511.JPG,DSCF0511.JPG,4Z/102MEDIA,0,Other_Amphibian,0.3582,2629.3,2242.4,2787.3,2409.7
/srv/shared_leopard_toad/2025/Documents/06.10-13.10.2025/4Z/102MEDIA/DSCF0511.JPG,DSCF0511.JPG,4Z/102MEDIA,0,Other_Amphibian,0.2533,2718.6,2429.6,2834.5,2553.3
/srv/shared_leopard_toad/2025/Documents/06.10-13.10.2025/4Z/102MEDIA/DSCF0503.JPG,DSCF0503.JPG,4Z/102MEDIA,0,Other_Amphibian,0.3619,2636.2,2241.6,2787.5,2408.4
/srv/shared_leopard_toad/2025/Documents/06.10-13.10.2025/4Z/102MEDIA/DSCF0503.JPG,DSCF0503.JPG,4Z/102MEDIA,0,Other_Amphibian,0.2681,2707.4,2429.2,2830.1,2557.0
/srv/shared_leopard_toad/2025/Documents/06.10-13.10.2025/4Z/102MEDIA/DSCF0503.JPG,DSCF0503.JPG,4Z/102MEDIA,0,Other_Amphibian,0.2499,2700.0,2427.1,2828.2,2564.8
/srv/shared_leopard_toad/2025/Documents/06.10-13.10.2025/4Z/102MEDIA/DSCF0885.JPG,DSCF0885.JPG,4Z/102MEDIA,0,Other_Amphibian,0.2086,3184.4,2085.6,3337.2,2218.9
/srv/shared_leopard_toad/2025/Documents/06.10-13.10.2025/4Z/102MEDIA/DSCF0622.JPG,DSCF0622.JPG,4Z/102MEDIA,0,Other_Amphibian,0.3664,2710.3,2428.9,2831.5,2554.3
/srv/shared_leopard_toad/2025/Documents/06.10-13.10.2025/4Z/102MEDIA/DSCF0622.JPG,DSCF0622.JPG,4Z/102MEDIA,0,Other_Amphibian,0.3297,2711.8,2427.5,2836.0,2559.8
/srv/shared_leopard_toad/2025/Documents/06.10-13.10.2025/4Z/102MEDIA/DSCF0622.JPG,DSCF0622.JPG,4Z/102MEDIA,0,Other_Amphibian,0.2229,2638.4,2245.0,2786.4,2411.7
/srv/shared_leopard_toad/2025/Documents/06.10-13.10.2025/4Z/102MEDIA/DSCF0418.JPG,DSCF0418.JPG,4Z/102MEDIA,0,Other_Amphibian,0.4923,2627.8,2243.2,2784.9,2409.2
/srv/shared_leopard_toad/2025/Documents/06.10-13.10.2025/4Z/102MEDIA/DSCF0418.JPG,DSCF0418.JPG,4Z/102MEDIA,0,Other_Amphibian,0.2410,2716.8,2428.9,2833.4,2555.0
/srv/shared_leopard_toad/2025/Documents/06.10-13.10.2025/4Z/102MEDIA/DSCF0211.JPG,DSCF0211.JPG,4Z/102MEDIA,0,Other_Amphibian,0.2740,2682.7,2425.8,2816.6,2566.7
/srv/shared_leopard_toad/2025/Documents/06.10-13.10.2025/4Z/102MEDIA/DSCF0211.JPG,DSCF0211.JPG,4Z/102MEDIA,0,Other_Amphibian,0.2704,2688.2,2428.2,2823.0,2561.5
/srv/shared_leopard_toad/2025/Documents/06.10-13.10.2025/4Z/102MEDIA/DSCF0621.JPG,DSCF0621.JPG,4Z/102MEDIA,0,Other_Amphibian,0.3655,2635.5,2242.1,2786.6,2409.0
/srv/shared_leopard_toad/2025/Documents/06.10-13.10.2025/4Z/102MEDIA/DSCF0621.JPG,DSCF0621.JPG,4Z/102MEDIA,0,Other_Amphibian,0.2700,2717.3,2428.5,2834.5,2555.5
/srv/shared_leopard_toad/2025/Documents/06.10-13.10.2025/4Z/102MEDIA/DSCF0030.JPG,DSCF0030.JPG,4Z/102MEDIA,0,Other_Amphibian,0.4274,2690.3,2427.5,2823.9,2558.6
/srv/shared_leopard_toad/2025/Documents/06.10-13.10.2025/4Z/102MEDIA/DSCF0030.JPG,DSCF0030.JPG,4Z/102MEDIA,0,Other_Amphibian,0.3542,2685.5,2426.6,2819.9,2562.0
/srv/shared_leopard_toad/2025/Documents/06.10-13.10.2025/4Z/102MEDIA/DSCF0483.JPG,DSCF0483.JPG,4Z/102MEDIA,0,Other_Amphibian,0.3547,2632.1,2242.3,2787.3,2409.9
/srv/shared_leopard_toad/2025/Documents/06.10-13.10.2025/4Z/102MEDIA/DSCF0483.JPG,DSCF0483.JPG,4Z/102MEDIA,0,Other_Amphibian,0.2566,2717.2,2429.0,2832.1,2553.1
/srv/shared_leopard_toad/2025/Documents/06.10-13.10.2025/4Z/102MEDIA/DSCF0121.JPG,DSCF0121.JPG,4Z/102MEDIA,0,Other_Amphibian,0.3469,2693.0,2428.0,2823.8,2560.2
/srv/shared_leopard_toad/2025/Documents/06.10-13.10.2025/4Z/102MEDIA/DSCF0121.JPG,DSCF0121.JPG,4Z/102MEDIA,0,Other_Amphibian,0.2862,2687.2,2427.0,2817.7,2564.1
/srv/shared_leopard_toad/2025/Documents/06.10-13.10.2025/4Z/102MEDIA/DSCF0686.JPG,DSCF0686.JPG,4Z/102MEDIA,0,Other_Amphibian,0.2950,2713.2,2428.5,2835.3,2556.8
/srv/shared_leopard_toad/2025/Documents/06.10-13.10.2025/4Z/102MEDIA/DSCF0686.JPG,DSCF0686.JPG,4Z/102MEDIA,0,Other_Amphibian,0.2937,2711.2,2426.5,2837.0,2564.3
/srv/shared_leopard_toad/2025/Documents/06.10-13.10.2025/4Z/102MEDIA/DSCF0686.JPG,DSCF0686.JPG,4Z/102MEDIA,0,Other_Amphibian,0.2493,2638.4,2243.3,2786.0,2409.1
/srv/shared_leopard_toad/2025/Documents/06.10-13.10.2025/4Z/102MEDIA/DSCF0333.JPG,DSCF0333.JPG,4Z/102MEDIA,0,Other_Amphibian,0.3378,2680.8,2425.5,2812.8,2568.1
/srv/shared_leopard_toad/2025/Documents/06.10-13.10.2025/4Z/102MEDIA/DSCF0333.JPG,DSCF0333.JPG,4Z/102MEDIA,0,Other_Amphibian,0.2929,2689.0,2428.7,2821.5,2564.1
/srv/shared_leopard_toad/2025/Documents/06.10-13.10.2025/4Z/102MEDIA/DSCF0333.JPG,DSCF0333.JPG,4Z/102MEDIA,0,Other_Amphibian,0.2207,2637.2,2245.1,2782.4,2408.6
/srv/shared_leopard_toad/2025/Documents/06.10-13.10.2025/4Z/102MEDIA/DSCF0482.JPG,DSCF0482.JPG,4Z/102MEDIA,0,Other_Amphibian,0.2902,2632.0,2242.0,2786.6,2411.6
/srv/shared_leopard_toad/2025/Documents/06.10-13.10.2025/4Z/102MEDIA/DSCF0805.JPG,DSCF0805.JPG,4Z/102MEDIA,0,Other_Amphibian,0.4897,810.1,1837.1,927.3,1987.8
/srv/shared_leopard_toad/2025/Documents/06.10-13.10.2025/4Z/102MEDIA/DSCF0113.JPG,DSCF0113.JPG,4Z/102MEDIA,0,Other_Amphibian,0.3770,2692.0,2427.6,2822.0,2559.4
/srv/shared_leopard_toad/2025/Documents/06.10-13.10.2025/4Z/102MEDIA/DSCF0113.JPG,DSCF0113.JPG,4Z/102MEDIA,0,Other_Amphibian,0.3106,2686.4,2426.0,2816.1,2564.3
/srv/shared_leopard_toad/2025/Documents/06.10-13.10.2025/4Z/102MEDIA/DSCF0113.JPG,DSCF0113.JPG,4Z/102MEDIA,0,Other_Amphibian,0.2649,2638.7,2244.3,2788.1,2409.8
/srv/shared_leopard_toad/2025/Documents/06.10-13.10.2025/4Z/102MEDIA/DSCF0387.JPG,DSCF0387.JPG,4Z/102MEDIA,0,Other_Amphibian,0.3838,2690.1,2428.3,2821.4,2558.2
/srv/shared_leopard_toad/2025/Documents/06.10-13.10.2025/4Z/102MEDIA/DSCF0387.JPG,DSCF0387.JPG,4Z/102MEDIA,0,Other_Amphibian,0.3478,2686.3,2426.1,2817.1,2562.6
/srv/shared_leopard_toad/2025/Documents/06.10-13.10.2025/4Z/102MEDIA/DSCF0387.JPG,DSCF0387.JPG,4Z/102MEDIA,0,Other_Amphibian,0.2323,2636.5,2245.8,2784.8,2411.8
/srv/shared_leopard_toad/2025/Documents/06.10-13.10.2025/4Z/102MEDIA/DSCF0874.JPG,DSCF0874.JPG,4Z/102MEDIA,0,Other_Amphibian,0.2188,2695.0,2421.7,2821.5,2560.8
/srv/shared_leopard_toad/2025/Documents/06.10-13.10.2025/4Z/102MEDIA/DSCF0548.JPG,DSCF0548.JPG,4Z/102MEDIA,0,Other_Amphibian,0.3332,2638.0,2243.4,2788.9,2408.6
/srv/shared_leopard_toad/2025/Documents/06.10-13.10.2025/4Z/102MEDIA/DSCF0548.JPG,DSCF0548.JPG,4Z/102MEDIA,0,Other_Amphibian,0.3016,2712.8,2429.2,2834.1,2553.6
/srv/shared_leopard_toad/2025/Documents/06.10-13.10.2025/4Z/102MEDIA/DSCF0548.JPG,DSCF0548.JPG,4Z/102MEDIA,0,Other_Amphibian,0.2144,2707.1,2428.6,2833.1,2559.0
/srv/shared_leopard_toad/2025/Documents/06.10-13.10.2025/4Z/102MEDIA/DSCF0786.JPG,DSCF0786.JPG,4Z/102MEDIA,0,Other_Amphibian,0.2375,810.9,1842.6,935.4,2007.5
/srv/shared_leopard_toad/2025/Documents/06.10-13.10.2025/4Z/102MEDIA/DSCF0091.JPG,DSCF0091.JPG,4Z/102MEDIA,0,Other_Amphibian,0.3378,2691.8,2427.7,2822.9,2558.8
/srv/shared_leopard_toad/2025/Documents/06.10-13.10.2025/4Z/102MEDIA/DSCF0091.JPG,DSCF0091.JPG,4Z/102MEDIA,0,Other_Amphibian,0.3331,2634.0,2244.4,2785.2,2408.6
/srv/shared_leopard_toad/2025/Documents/06.10-13.10.2025/4Z/102MEDIA/DSCF0091.JPG,DSCF0091.JPG,4Z/102MEDIA,0,Other_Amphibian,0.2172,2682.6,2425.7,2813.6,2560.6
/srv/shared_leopard_toad/2025/Documents/06.10-13.10.2025/4Z/102MEDIA/DSCF0660.JPG,DSCF0660.JPG,4Z/102MEDIA,0,Other_Amphibian,0.3231,2627.8,2243.7,2787.0,2411.4
/srv/shared_leopard_toad/2025/Documents/06.10-13.10.2025/4Z/102MEDIA/DSCF0660.JPG,DSCF0660.JPG,4Z/102MEDIA,0,Other_Amphibian,0.2376,2715.6,2427.8,2831.6,2553.7
/srv/shared_leopard_toad/2025/Documents/06.10-13.10.2025/4Z/102MEDIA/DSCF0554.JPG,DSCF0554.JPG,4Z/102MEDIA,2,Western_Leopard_Toad,0.4279,2787.5,2649.2,2976.3,2854.4
/srv/shared_leopard_toad/2025/Documents/06.10-13.10.2025/4Z/102MEDIA/DSCF0554.JPG,DSCF0554.JPG,4Z/102MEDIA,0,Other_Amphibian,0.2015,2633.2,2245.2,2782.8,2413.9
/srv/shared_leopard_toad/2025/Documents/06.10-13.10.2025/4Z/102MEDIA/DSCF0130.JPG,DSCF0130.JPG,4Z/102MEDIA,0,Other_Amphibian,0.3090,2693.5,2428.6,2822.6,2559.9
/srv/shared_leopard_toad/2025/Documents/06.10-13.10.2025/4Z/102MEDIA/DSCF0130.JPG,DSCF0130.JPG,4Z/102MEDIA,0,Other_Amphibian,0.2495,2638.5,2244.7,2788.9,2409.9
/srv/shared_leopard_toad/2025/Documents/06.10-13.10.2025/4Z/102MEDIA/DSCF0130.JPG,DSCF0130.JPG,4Z/102MEDIA,0,Other_Amphibian,0.2360,2682.1,2426.4,2813.5,2564.1
/srv/shared_leopard_toad/2025/Documents/06.10-13.10.2025/4Z/102MEDIA/DSCF0691.JPG,DSCF0691.JPG,4Z/102MEDIA,0,Other_Amphibian,0.3600,2636.3,2242.9,2786.4,2409.1
/srv/shared_leopard_toad/2025/Documents/06.10-13.10.2025/4Z/102MEDIA/DSCF0691.JPG,DSCF0691.JPG,4Z/102MEDIA,0,Other_Amphibian,0.2402,2715.9,2428.8,2830.7,2554.3
/srv/shared_leopard_toad/2025/Documents/06.10-13.10.2025/4Z/102MEDIA/DSCF0742.JPG,DSCF0742.JPG,4Z/102MEDIA,2,Western_Leopard_Toad,0.4298,4681.4,1818.5,5360.5,2857.9
/srv/shared_leopard_toad/2025/Documents/06.10-13.10.2025/4Z/102MEDIA/DSCF0742.JPG,DSCF0742.JPG,4Z/102MEDIA,2,Western_Leopard_Toad,0.3987,5034.0,5.8,5374.3,458.3
/srv/shared_leopard_toad/2025/Documents/06.10-13.10.2025/4Z/102MEDIA/DSCF0632.JPG,DSCF0632.JPG,4Z/102MEDIA,0,Other_Amphibian,0.5064,2632.0,2242.4,2787.4,2407.1
/srv/shared_leopard_toad/2025/Documents/06.10-13.10.2025/4Z/102MEDIA/DSCF0031.JPG,DSCF0031.JPG,4Z/102MEDIA,0,Other_Amphibian,0.3681,2690.8,2427.4,2824.1,2558.6
/srv/shared_leopard_toad/2025/Documents/06.10-13.10.2025/4Z/102MEDIA/DSCF0031.JPG,DSCF0031.JPG,4Z/102MEDIA,0,Other_Amphibian,0.2526,2683.5,2426.9,2816.0,2562.0
/srv/shared_leopard_toad/2025/Documents/06.10-13.10.2025/4Z/102MEDIA/DSCF0031.JPG,DSCF0031.JPG,4Z/102MEDIA,0,Other_Amphibian,0.2406,2635.2,2244.7,2788.9,2411.6
/srv/shared_leopard_toad/2025/Documents/06.10-13.10.2025/4Z/102MEDIA/DSCF0985.JPG,DSCF0985.JPG,4Z/102MEDIA,0,Other_Amphibian,0.2399,2692.5,2424.5,2823.9,2556.6
/srv/shared_leopard_toad/2025/Documents/06.10-13.10.2025/4Z/102MEDIA/DSCF0391.JPG,DSCF0391.JPG,4Z/102MEDIA,0,Other_Amphibian,0.2804,2690.9,2428.8,2818.7,2556.9
/srv/shared_leopard_toad/2025/Documents/06.10-13.10.2025/4Z/102MEDIA/DSCF0391.JPG,DSCF0391.JPG,4Z/102MEDIA,0,Other_Amphibian,0.2691,2632.2,2242.8,2782.9,2410.3
/srv/shared_leopard_toad/2025/Documents/06.10-13.10.2025/4Z/102MEDIA/DSCF0516.JPG,DSCF0516.JPG,4Z/102MEDIA,0,Other_Amphibian,0.4047,2635.7,2241.5,2786.2,2407.6
/srv/shared_leopard_toad/2025/Documents/06.10-13.10.2025/4Z/102MEDIA/DSCF0516.JPG,DSCF0516.JPG,4Z/102MEDIA,0,Other_Amphibian,0.2067,2717.8,2429.7,2834.4,2555.6
/srv/shared_leopard_toad/2025/Documents/06.10-13.10.2025/4Z/102MEDIA/DSCF0191.JPG,DSCF0191.JPG,4Z/102MEDIA,0,Other_Amphibian,0.3740,2688.6,2428.2,2821.0,2558.7
/srv/shared_leopard_toad/2025/Documents/06.10-13.10.2025/4Z/102MEDIA/DSCF0191.JPG,DSCF0191.JPG,4Z/102MEDIA,0,Other_Amphibian,0.3141,2685.0,2426.7,2817.8,2562.4
/srv/shared_leopard_toad/2025/Documents/06.10-13.10.2025/4Z/102MEDIA/DSCF0191.JPG,DSCF0191.JPG,4Z/102MEDIA,0,Other_Amphibian,0.2215,2642.0,2244.2,2786.5,2409.6
/srv/shared_leopard_toad/2025/Documents/06.10-13.10.2025/4Z/102MEDIA/DSCF0500.JPG,DSCF0500.JPG,4Z/102MEDIA,0,Other_Amphibian,0.3246,2717.0,2428.4,2830.1,2555.0
/srv/shared_leopard_toad/2025/Documents/06.10-13.10.2025/4Z/102MEDIA/DSCF0500.JPG,DSCF0500.JPG,4Z/102MEDIA,0,Other_Amphibian,0.3233,2633.6,2243.8,2787.3,2410.4
/srv/shared_leopard_toad/2025/Documents/06.10-13.10.2025/4Z/102MEDIA/DSCF0058.JPG,DSCF0058.JPG,4Z/102MEDIA,0,Other_Amphibian,0.3282,2631.0,2244.0,2784.7,2409.0
/srv/shared_leopard_toad/2025/Documents/06.10-13.10.2025/4Z/102MEDIA/DSCF0058.JPG,DSCF0058.JPG,4Z/102MEDIA,0,Other_Amphibian,0.2920,2694.2,2428.0,2822.3,2557.9
/srv/shared_leopard_toad/2025/Documents/06.10-13.10.2025/4Z/102MEDIA/DSCF0169.JPG,DSCF0169.JPG,4Z/102MEDIA,0,Other_Amphibian,0.2659,2688.3,2427.6,2822.2,2560.3
/srv/shared_leopard_toad/2025/Documents/06.10-13.10.2025/4Z/102MEDIA/DSCF0169.JPG,DSCF0169.JPG,4Z/102MEDIA,0,Other_Amphibian,0.2148,2679.5,2425.8,2811.0,2567.4
/srv/shared_leopard_toad/2025/Documents/06.10-13.10.2025/4Z/102MEDIA/DSCF0706.JPG,DSCF0706.JPG,4Z/102MEDIA,0,Other_Amphibian,0.3124,2635.9,2243.9,2787.9,2410.5
/srv/shared_leopard_toad/2025/Documents/06.10-13.10.2025/4Z/102MEDIA/DSCF0706.JPG,DSCF0706.JPG,4Z/102MEDIA,0,Other_Amphibian,0.2496,2710.0,2427.5,2832.3,2554.0
/srv/shared_leopard_toad/2025/Documents/06.10-13.10.2025/4Z/102MEDIA/DSCF0525.JPG,DSCF0525.JPG,4Z/102MEDIA,0,Other_Amphibian,0.3151,2629.0,2243.9,2783.5,2412.0
/srv/shared_leopard_toad/2025/Documents/06.10-13.10.2025/4Z/102MEDIA/DSCF0525.JPG,DSCF0525.JPG,4Z/102MEDIA,0,Other_Amphibian,0.3022,2714.5,2429.0,2834.9,2552.0
/srv/shared_leopard_toad/2025/Documents/06.10-13.10.2025/4Z/102MEDIA/DSCF0525.JPG,DSCF0525.JPG,4Z/102MEDIA,0,Other_Amphibian,0.2469,2710.3,2427.4,2838.2,2560.7
/srv/shared_leopard_toad/2025/Documents/06.10-13.10.2025/4Z/102MEDIA/DSCF0798.JPG,DSCF0798.JPG,4Z/102MEDIA,0,Other_Amphibian,0.4434,808.5,1835.0,932.6,2001.9
/srv/shared_leopard_toad/2025/Documents/06.10-13.10.2025/4Z/102MEDIA/DSCF0798.JPG,DSCF0798.JPG,4Z/102MEDIA,2,Western_Leopard_Toad,0.2041,4701.8,1828.4,5057.9,2400.7
/srv/shared_leopard_toad/2025/Documents/06.10-13.10.2025/4Z/102MEDIA/DSCF0757.JPG,DSCF0757.JPG,4Z/102MEDIA,2,Western_Leopard_Toad,0.2439,5034.3,3.1,5373.9,385.4
/srv/shared_leopard_toad/2025/Documents/06.10-13.10.2025/4Z/102MEDIA/DSCF0757.JPG,DSCF0757.JPG,4Z/102MEDIA,0,Other_Amphibian,0.2370,802.7,1820.4,932.2,2004.3
/srv/shared_leopard_toad/2025/Documents/06.10-13.10.2025/4Z/102MEDIA/DSCF0144.JPG,DSCF0144.JPG,4Z/102MEDIA,0,Other_Amphibian,0.2973,2695.2,2428.0,2822.5,2559.8
/srv/shared_leopard_toad/2025/Documents/06.10-13.10.2025/4Z/102MEDIA/DSCF0144.JPG,DSCF0144.JPG,4Z/102MEDIA,0,Other_Amphibian,0.2391,2631.9,2243.9,2784.9,2409.4
/srv/shared_leopard_toad/2025/Documents/06.10-13.10.2025/4Z/102MEDIA/DSCF0144.JPG,DSCF0144.JPG,4Z/102MEDIA,0,Other_Amphibian,0.2296,2684.3,2426.1,2812.4,2564.6
/srv/shared_leopard_toad/2025/Documents/06.10-13.10.2025/4Z/102MEDIA/DSCF0238.JPG,DSCF0238.JPG,4Z/102MEDIA,0,Other_Amphibian,0.2967,2637.6,2243.6,2786.2,2409.2
/srv/shared_leopard_toad/2025/Documents/06.10-13.10.2025/4Z/102MEDIA/DSCF0086.JPG,DSCF0086.JPG,4Z/102MEDIA,0,Other_Amphibian,0.3589,2692.6,2428.6,2822.6,2558.9
/srv/shared_leopard_toad/2025/Documents/06.10-13.10.2025/4Z/102MEDIA/DSCF0086.JPG,DSCF0086.JPG,4Z/102MEDIA,0,Other_Amphibian,0.2900,2683.9,2428.0,2814.1,2561.8
/srv/shared_leopard_toad/2025/Documents/06.10-13.10.2025/4Z/102MEDIA/DSCF0086.JPG,DSCF0086.JPG,4Z/102MEDIA,0,Other_Amphibian,0.2066,2637.8,2245.4,2784.9,2409.7
/srv/shared_leopard_toad/2025/Documents/06.10-13.10.2025/4Z/102MEDIA/DSCF0613.JPG,DSCF0613.JPG,4Z/102MEDIA,0,Other_Amphibian,0.3136,2632.4,2242.6,2785.0,2407.9
/srv/shared_leopard_toad/2025/Documents/06.10-13.10.2025/4Z/102MEDIA/DSCF0613.JPG,DSCF0613.JPG,4Z/102MEDIA,0,Other_Amphibian,0.2602,2717.5,2427.0,2830.8,2552.9
/srv/shared_leopard_toad/2025/Documents/06.10-13.10.2025/4Z/102MEDIA/DSCF0551.JPG,DSCF0551.JPG,4Z/102MEDIA,0,Other_Amphibian,0.3884,2629.5,2241.8,2785.2,2410.0
/srv/shared_leopard_toad/2025/Documents/06.10-13.10.2025/4Z/102MEDIA/DSCF0551.JPG,DSCF0551.JPG,4Z/102MEDIA,0,Other_Amphibian,0.2249,2710.9,2430.1,2834.6,2556.6
/srv/shared_leopard_toad/2025/Documents/06.10-13.10.2025/4Z/102MEDIA/DSCF0551.JPG,DSCF0551.JPG,4Z/102MEDIA,0,Other_Amphibian,0.2154,2704.8,2428.8,2835.1,2564.7
/srv/shared_leopard_toad/2025/Documents/06.10-13.10.2025/4Z/102MEDIA/DSCF0748.JPG,DSCF0748.JPG,4Z/102MEDIA,2,Western_Leopard_Toad,0.2391,5033.7,3.3,5373.3,369.9
/srv/shared_leopard_toad/2025/Documents/06.10-13.10.2025/4Z/102MEDIA/DSCF0192.JPG,DSCF0192.JPG,4Z/102MEDIA,0,Other_Amphibian,0.2891,2636.4,2243.8,2784.1,2408.2
/srv/shared_leopard_toad/2025/Documents/06.10-13.10.2025/4Z/102MEDIA/DSCF0192.JPG,DSCF0192.JPG,4Z/102MEDIA,0,Other_Amphibian,0.2298,2696.0,2427.4,2822.5,2560.2
/srv/shared_leopard_toad/2025/Documents/06.10-13.10.2025/4Z/102MEDIA/DSCF0114.JPG,DSCF0114.JPG,4Z/102MEDIA,0,Other_Amphibian,0.4273,2631.4,2242.8,2783.2,2409.8
/srv/shared_leopard_toad/2025/Documents/06.10-13.10.2025/4Z/102MEDIA/DSCF0114.JPG,DSCF0114.JPG,4Z/102MEDIA,0,Other_Amphibian,0.3259,2690.0,2428.6,2821.6,2559.3
/srv/shared_leopard_toad/2025/Documents/06.10-13.10.2025/4Z/102MEDIA/DSCF0114.JPG,DSCF0114.JPG,4Z/102MEDIA,0,Other_Amphibian,0.2620,2680.3,2427.2,2812.5,2564.1
/srv/shared_leopard_toad/2025/Documents/06.10-13.10.2025/4Z/102MEDIA/DSCF0182.JPG,DSCF0182.JPG,4Z/102MEDIA,0,Other_Amphibian,0.3029,2687.9,2428.4,2823.3,2559.5
/srv/shared_leopard_toad/2025/Documents/06.10-13.10.2025/4Z/102MEDIA/DSCF0182.JPG,DSCF0182.JPG,4Z/102MEDIA,0,Other_Amphibian,0.2629,2681.0,2427.5,2816.5,2562.5
/srv/shared_leopard_toad/2025/Documents/06.10-13.10.2025/4Z/102MEDIA/DSCF0182.JPG,DSCF0182.JPG,4Z/102MEDIA,0,Other_Amphibian,0.2031,2634.7,2246.3,2785.7,2410.4
/srv/shared_leopard_toad/2025/Documents/06.10-13.10.2025/4Z/102MEDIA/DSCF0299.JPG,DSCF0299.JPG,4Z/102MEDIA,0,Other_Amphibian,0.3648,2688.7,2429.0,2822.5,2559.5
/srv/shared_leopard_toad/2025/Documents/06.10-13.10.2025/4Z/102MEDIA/DSCF0299.JPG,DSCF0299.JPG,4Z/102MEDIA,0,Other_Amphibian,0.2810,2682.9,2428.2,2816.1,2563.1
/srv/shared_leopard_toad/2025/Documents/06.10-13.10.2025/4Z/102MEDIA/DSCF0816.JPG,DSCF0816.JPG,4Z/102MEDIA,0,Other_Amphibian,0.2671,807.1,1828.6,929.0,2002.1
/srv/shared_leopard_toad/2025/Documents/06.10-13.10.2025/4Z/102MEDIA/DSCF0293.JPG,DSCF0293.JPG,4Z/102MEDIA,0,Other_Amphibian,0.2753,2680.2,2426.2,2812.8,2566.2
/srv/shared_leopard_toad/2025/Documents/06.10-13.10.2025/4Z/102MEDIA/DSCF0293.JPG,DSCF0293.JPG,4Z/102MEDIA,0,Other_Amphibian,0.2619,2691.2,2428.2,2823.9,2561.7
/srv/shared_leopard_toad/2025/Documents/06.10-13.10.2025/4Z/102MEDIA/DSCF0020.JPG,DSCF0020.JPG,4Z/102MEDIA,0,Other_Amphibian,0.3488,2635.6,2242.7,2789.5,2408.6
/srv/shared_leopard_toad/2025/Documents/06.10-13.10.2025/4Z/102MEDIA/DSCF0020.JPG,DSCF0020.JPG,4Z/102MEDIA,0,Other_Amphibian,0.2652,2692.4,2427.2,2823.1,2559.5
/srv/shared_leopard_toad/2025/Documents/06.10-13.10.2025/4Z/102MEDIA/DSCF0195.JPG,DSCF0195.JPG,4Z/102MEDIA,0,Other_Amphibian,0.3090,2688.0,2427.7,2820.9,2558.1
/srv/shared_leopard_toad/2025/Documents/06.10-13.10.2025/4Z/102MEDIA/DSCF0195.JPG,DSCF0195.JPG,4Z/102MEDIA,0,Other_Amphibian,0.2356,2677.2,2426.4,2810.9,2561.6
/srv/shared_leopard_toad/2025/Documents/06.10-13.10.2025/4Z/102MEDIA/DSCF0018.JPG,DSCF0018.JPG,4Z/102MEDIA,0,Other_Amphibian,0.2873,2635.1,2244.9,2787.2,2409.5
/srv/shared_leopard_toad/2025/Documents/06.10-13.10.2025/4Z/102MEDIA/DSCF0018.JPG,DSCF0018.JPG,4Z/102MEDIA,0,Other_Amphibian,0.2770,2694.5,2427.6,2820.6,2560.4
/srv/shared_leopard_toad/2025/Documents/06.10-13.10.2025/4Z/102MEDIA/DSCF0794.JPG,DSCF0794.JPG,4Z/102MEDIA,0,Other_Amphibian,0.3150,810.4,1846.3,930.9,2024.1
/srv/shared_leopard_toad/2025/Documents/06.10-13.10.2025/4Z/102MEDIA/DSCF0794.JPG,DSCF0794.JPG,4Z/102MEDIA,2,Western_Leopard_Toad,0.2766,3624.4,1660.9,3926.6,1941.1
/srv/shared_leopard_toad/2025/Documents/06.10-13.10.2025/4Z/102MEDIA/DSCF0527.JPG,DSCF0527.JPG,4Z/102MEDIA,0,Other_Amphibian,0.3316,2712.9,2428.9,2831.6,2554.4
/srv/shared_leopard_toad/2025/Documents/06.10-13.10.2025/4Z/102MEDIA/DSCF0527.JPG,DSCF0527.JPG,4Z/102MEDIA,0,Other_Amphibian,0.2646,2707.8,2427.1,2830.5,2559.9
/srv/shared_leopard_toad/2025/Documents/06.10-13.10.2025/4Z/102MEDIA/DSCF0527.JPG,DSCF0527.JPG,4Z/102MEDIA,0,Other_Amphibian,0.2497,2641.8,2244.0,2787.6,2409.6
/srv/shared_leopard_toad/2025/Documents/06.10-13.10.2025/4Z/102MEDIA/DSCF0338.JPG,DSCF0338.JPG,4Z/102MEDIA,0,Other_Amphibian,0.2829,2694.0,2427.9,2822.6,2559.3
/srv/shared_leopard_toad/2025/Documents/06.10-13.10.2025/4Z/102MEDIA/DSCF0338.JPG,DSCF0338.JPG,4Z/102MEDIA,0,Other_Amphibian,0.2614,2631.0,2245.4,2785.6,2410.9
/srv/shared_leopard_toad/2025/Documents/06.10-13.10.2025/4Z/102MEDIA/DSCF0338.JPG,DSCF0338.JPG,4Z/102MEDIA,0,Other_Amphibian,0.2077,2683.4,2425.2,2814.1,2564.1
/srv/shared_leopard_toad/2025/Documents/06.10-13.10.2025/4Z/102MEDIA/DSCF0360.JPG,DSCF0360.JPG,4Z/102MEDIA,0,Other_Amphibian,0.6679,1897.9,1243.8,2220.1,1500.7
/srv/shared_leopard_toad/2025/Documents/06.10-13.10.2025/4Z/102MEDIA/DSCF0360.JPG,DSCF0360.JPG,4Z/102MEDIA,0,Other_Amphibian,0.3565,2688.2,2428.5,2824.5,2558.1
/srv/shared_leopard_toad/2025/Documents/06.10-13.10.2025/4Z/102MEDIA/DSCF0360.JPG,DSCF0360.JPG,4Z/102MEDIA,0,Other_Amphibian,0.2776,2684.7,2428.0,2822.3,2563.5
/srv/shared_leopard_toad/2025/Documents/06.10-13.10.2025/4Z/102MEDIA/DSCF0206.JPG,DSCF0206.JPG,4Z/102MEDIA,0,Other_Amphibian,0.3471,2693.0,2427.8,2822.3,2557.7
/srv/shared_leopard_toad/2025/Documents/06.10-13.10.2025/4Z/102MEDIA/DSCF0206.JPG,DSCF0206.JPG,4Z/102MEDIA,0,Other_Amphibian,0.2677,2633.5,2244.0,2784.4,2410.0
/srv/shared_leopard_toad/2025/Documents/06.10-13.10.2025/4Z/102MEDIA/DSCF0206.JPG,DSCF0206.JPG,4Z/102MEDIA,0,Other_Amphibian,0.2431,2684.3,2425.8,2813.1,2560.4
/srv/shared_leopard_toad/2025/Documents/06.10-13.10.2025/4Z/102MEDIA/DSCF0902.JPG,DSCF0902.JPG,4Z/102MEDIA,0,Other_Amphibian,0.2926,2695.6,2424.1,2825.2,2556.2
/srv/shared_leopard_toad/2025/Documents/06.10-13.10.2025/4Z/102MEDIA/DSCF0902.JPG,DSCF0902.JPG,4Z/102MEDIA,0,Other_Amphibian,0.2125,2685.1,2421.5,2816.3,2558.3
/srv/shared_leopard_toad/2025/Documents/06.10-13.10.2025/4Z/102MEDIA/DSCF0778.JPG,DSCF0778.JPG,4Z/102MEDIA,0,Other_Amphibian,0.2689,808.4,1845.8,930.1,2001.8
/srv/shared_leopard_toad/2025/Documents/06.10-13.10.2025/4Z/102MEDIA/DSCF0883.JPG,DSCF0883.JPG,4Z/102MEDIA,0,Other_Amphibian,0.2193,3184.9,2086.1,3337.9,2219.8
/srv/shared_leopard_toad/2025/Documents/06.10-13.10.2025/4Z/102MEDIA/DSCF0059.JPG,DSCF0059.JPG,4Z/102MEDIA,0,Other_Amphibian,0.3397,2688.7,2427.8,2823.0,2559.0
/srv/shared_leopard_toad/2025/Documents/06.10-13.10.2025/4Z/102MEDIA/DSCF0059.JPG,DSCF0059.JPG,4Z/102MEDIA,0,Other_Amphibian,0.2858,2682.4,2426.3,2816.8,2563.5
/srv/shared_leopard_toad/2025/Documents/06.10-13.10.2025/4Z/102MEDIA/DSCF0059.JPG,DSCF0059.JPG,4Z/102MEDIA,0,Other_Amphibian,0.2333,2636.6,2245.2,2786.7,2411.0
/srv/shared_leopard_toad/2025/Documents/06.10-13.10.2025/4Z/102MEDIA/DSCF0180.JPG,DSCF0180.JPG,4Z/102MEDIA,0,Other_Amphibian,0.3225,2630.6,2242.8,2780.8,2409.0
/srv/shared_leopard_toad/2025/Documents/06.10-13.10.2025/4Z/102MEDIA/DSCF0180.JPG,DSCF0180.JPG,4Z/102MEDIA,0,Other_Amphibian,0.2551,2693.4,2428.5,2822.8,2560.2
/srv/shared_leopard_toad/2025/Documents/06.10-13.10.2025/4Z/102MEDIA/DSCF0180.JPG,DSCF0180.JPG,4Z/102MEDIA,0,Other_Amphibian,0.2133,2682.9,2426.4,2812.6,2566.3
/srv/shared_leopard_toad/2025/Documents/06.10-13.10.2025/4Z/102MEDIA/DSCF0791.JPG,DSCF0791.JPG,4Z/102MEDIA,0,Other_Amphibian,0.2975,810.8,1844.6,932.0,1979.0
/srv/shared_leopard_toad/2025/Documents/06.10-13.10.2025/4Z/102MEDIA/DSCF0558.JPG,DSCF0558.JPG,4Z/102MEDIA,0,Other_Amphibian,0.2868,2715.4,2428.9,2835.5,2552.2
/srv/shared_leopard_toad/2025/Documents/06.10-13.10.2025/4Z/102MEDIA/DSCF0558.JPG,DSCF0558.JPG,4Z/102MEDIA,0,Other_Amphibian,0.2470,2626.4,2245.1,2789.1,2415.1
/srv/shared_leopard_toad/2025/Documents/06.10-13.10.2025/4Z/102MEDIA/DSCF0558.JPG,DSCF0558.JPG,4Z/102MEDIA,0,Other_Amphibian,0.2136,2710.8,2428.1,2838.8,2559.6
/srv/shared_leopard_toad/2025/Documents/06.10-13.10.2025/4Z/102MEDIA/DSCF0826.JPG,DSCF0826.JPG,4Z/102MEDIA,0,Other_Amphibian,0.3033,805.6,1827.3,938.2,2048.0
/srv/shared_leopard_toad/2025/Documents/06.10-13.10.2025/4Z/102MEDIA/DSCF0088.JPG,DSCF0088.JPG,4Z/102MEDIA,0,Other_Amphibian,0.2560,2634.2,2244.9,2786.6,2409.6
/srv/shared_leopard_toad/2025/Documents/06.10-13.10.2025/4Z/102MEDIA/DSCF0088.JPG,DSCF0088.JPG,4Z/102MEDIA,0,Other_Amphibian,0.2320,2692.4,2428.6,2822.0,2558.0
/srv/shared_leopard_toad/2025/Documents/06.10-13.10.2025/4Z/102MEDIA/DSCF0811.JPG,DSCF0811.JPG,4Z/102MEDIA,2,Western_Leopard_Toad,0.4360,4689.7,1826.7,5072.9,2406.9
/srv/shared_leopard_toad/2025/Documents/06.10-13.10.2025/4Z/102MEDIA/DSCF0811.JPG,DSCF0811.JPG,4Z/102MEDIA,0,Other_Amphibian,0.3099,809.5,1843.9,931.1,2040.5
/srv/shared_leopard_toad/2025/Documents/06.10-13.10.2025/4Z/102MEDIA/DSCF0811.JPG,DSCF0811.JPG,4Z/102MEDIA,0,Other_Amphibian,0.2530,804.1,1838.7,931.5,2064.1
/srv/shared_leopard_toad/2025/Documents/06.10-13.10.2025/4Z/102MEDIA/DSCF0689.JPG,DSCF0689.JPG,4Z/102MEDIA,0,Other_Amphibian,0.2762,2712.3,2429.3,2833.2,2553.5
/srv/shared_leopard_toad/2025/Documents/06.10-13.10.2025/4Z/102MEDIA/DSCF0689.JPG,DSCF0689.JPG,4Z/102MEDIA,0,Other_Amphibian,0.2690,2708.6,2428.0,2833.9,2559.7
/srv/shared_leopard_toad/2025/Documents/06.10-13.10.2025/4Z/102MEDIA/DSCF0689.JPG,DSCF0689.JPG,4Z/102MEDIA,0,Other_Amphibian,0.2638,2639.7,2242.2,2787.7,2411.4
/srv/shared_leopard_toad/2025/Documents/06.10-13.10.2025/4Z/102MEDIA/DSCF0278.JPG,DSCF0278.JPG,4Z/102MEDIA,0,Other_Amphibian,0.2648,2692.0,2427.5,2822.1,2560.0
/srv/shared_leopard_toad/2025/Documents/06.10-13.10.2025/4Z/102MEDIA/DSCF0278.JPG,DSCF0278.JPG,4Z/102MEDIA,0,Other_Amphibian,0.2025,2682.2,2426.9,2815.4,2566.1
/srv/shared_leopard_toad/2025/Documents/06.10-13.10.2025/4Z/102MEDIA/DSCF0625.JPG,DSCF0625.JPG,4Z/102MEDIA,0,Other_Amphibian,0.3603,2715.7,2428.4,2833.3,2554.1
/srv/shared_leopard_toad/2025/Documents/06.10-13.10.2025/4Z/102MEDIA/DSCF0625.JPG,DSCF0625.JPG,4Z/102MEDIA,0,Other_Amphibian,0.2133,2711.5,2427.3,2831.8,2559.3
/srv/shared_leopard_toad/2025/Documents/06.10-13.10.2025/4Z/102MEDIA/DSCF0645.JPG,DSCF0645.JPG,4Z/102MEDIA,0,Other_Amphibian,0.3486,2634.2,2242.5,2785.7,2408.8
/srv/shared_leopard_toad/2025/Documents/06.10-13.10.2025/4Z/102MEDIA/DSCF0645.JPG,DSCF0645.JPG,4Z/102MEDIA,0,Other_Amphibian,0.2630,2719.0,2428.3,2834.2,2552.4
/srv/shared_leopard_toad/2025/Documents/06.10-13.10.2025/4Z/102MEDIA/DSCF0216.JPG,DSCF0216.JPG,4Z/102MEDIA,0,Other_Amphibian,0.3350,2691.6,2429.9,2821.9,2559.7
/srv/shared_leopard_toad/2025/Documents/06.10-13.10.2025/4Z/102MEDIA/DSCF0216.JPG,DSCF0216.JPG,4Z/102MEDIA,0,Other_Amphibian,0.2459,2682.6,2427.9,2813.3,2562.4
/srv/shared_leopard_toad/2025/Documents/06.10-13.10.2025/4Z/102MEDIA/DSCF0216.JPG,DSCF0216.JPG,4Z/102MEDIA,0,Other_Amphibian,0.2174,2635.2,2245.1,2782.7,2408.6
/srv/shared_leopard_toad/2025/Documents/06.10-13.10.2025/4Z/102MEDIA/DSCF0050.JPG,DSCF0050.JPG,4Z/102MEDIA,0,Other_Amphibian,0.2957,2691.4,2428.4,2822.0,2558.6
/srv/shared_leopard_toad/2025/Documents/06.10-13.10.2025/4Z/102MEDIA/DSCF0050.JPG,DSCF0050.JPG,4Z/102MEDIA,0,Other_Amphibian,0.2348,2678.9,2425.7,2811.4,2562.3
/srv/shared_leopard_toad/2025/Documents/06.10-13.10.2025/4Z/102MEDIA/DSCF0050.JPG,DSCF0050.JPG,4Z/102MEDIA,0,Other_Amphibian,0.2182,2640.4,2245.6,2786.1,2410.5
/srv/shared_leopard_toad/2025/Documents/06.10-13.10.2025/4Z/102MEDIA/DSCF0099.JPG,DSCF0099.JPG,4Z/102MEDIA,0,Other_Amphibian,0.3882,2688.5,2428.1,2823.0,2560.2
/srv/shared_leopard_toad/2025/Documents/06.10-13.10.2025/4Z/102MEDIA/DSCF0099.JPG,DSCF0099.JPG,4Z/102MEDIA,0,Other_Amphibian,0.3451,2687.5,2426.9,2821.7,2563.5
/srv/shared_leopard_toad/2025/Documents/06.10-13.10.2025/4Z/102MEDIA/DSCF0463.JPG,DSCF0463.JPG,4Z/102MEDIA,0,Other_Amphibian,0.3158,2715.5,2429.4,2836.2,2553.5
/srv/shared_leopard_toad/2025/Documents/06.10-13.10.2025/4Z/102MEDIA/DSCF0463.JPG,DSCF0463.JPG,4Z/102MEDIA,0,Other_Amphibian,0.2696,2713.6,2428.1,2838.2,2560.2
/srv/shared_leopard_toad/2025/Documents/06.10-13.10.2025/4Z/102MEDIA/DSCF0463.JPG,DSCF0463.JPG,4Z/102MEDIA,0,Other_Amphibian,0.2014,2633.5,2246.0,2787.3,2412.9
/srv/shared_leopard_toad/2025/Documents/06.10-13.10.2025/4Z/102MEDIA/DSCF0327.JPG,DSCF0327.JPG,4Z/102MEDIA,0,Other_Amphibian,0.3270,2691.4,2427.9,2824.2,2560.1
/srv/shared_leopard_toad/2025/Documents/06.10-13.10.2025/4Z/102MEDIA/DSCF0327.JPG,DSCF0327.JPG,4Z/102MEDIA,0,Other_Amphibian,0.2985,2685.6,2426.4,2817.6,2564.1
/srv/shared_leopard_toad/2025/Documents/06.10-13.10.2025/4Z/102MEDIA/DSCF0327.JPG,DSCF0327.JPG,4Z/102MEDIA,0,Other_Amphibian,0.2152,2640.9,2245.5,2787.2,2410.9
/srv/shared_leopard_toad/2025/Documents/06.10-13.10.2025/4Z/102MEDIA/DSCF0727.JPG,DSCF0727.JPG,4Z/102MEDIA,0,Other_Amphibian,0.2945,2639.6,2242.0,2784.4,2408.3
/srv/shared_leopard_toad/2025/Documents/06.10-13.10.2025/4Z/102MEDIA/DSCF0727.JPG,DSCF0727.JPG,4Z/102MEDIA,0,Other_Amphibian,0.2410,2716.9,2429.2,2830.7,2553.1
/srv/shared_leopard_toad/2025/Documents/06.10-13.10.2025/4Z/102MEDIA/DSCF0605.JPG,DSCF0605.JPG,4Z/102MEDIA,0,Other_Amphibian,0.3528,2638.6,2242.2,2787.1,2408.6
/srv/shared_leopard_toad/2025/Documents/06.10-13.10.2025/4Z/102MEDIA/DSCF0605.JPG,DSCF0605.JPG,4Z/102MEDIA,0,Other_Amphibian,0.3306,2709.0,2428.1,2832.0,2558.9
/srv/shared_leopard_toad/2025/Documents/06.10-13.10.2025/4Z/102MEDIA/DSCF0605.JPG,DSCF0605.JPG,4Z/102MEDIA,0,Other_Amphibian,0.3076,2707.4,2426.3,2834.8,2565.9
/srv/shared_leopard_toad/2025/Documents/06.10-13.10.2025/4Z/102MEDIA/DSCF0967.JPG,DSCF0967.JPG,4Z/102MEDIA,0,Other_Amphibian,0.2248,2694.9,2423.2,2822.4,2557.1
/srv/shared_leopard_toad/2025/Documents/06.10-13.10.2025/4Z/102MEDIA/DSCF0087.JPG,DSCF0087.JPG,4Z/102MEDIA,0,Other_Amphibian,0.3578,2691.4,2427.5,2822.9,2558.5
/srv/shared_leopard_toad/2025/Documents/06.10-13.10.2025/4Z/102MEDIA/DSCF0087.JPG,DSCF0087.JPG,4Z/102MEDIA,0,Other_Amphibian,0.2769,2682.5,2426.5,2813.6,2562.6
/srv/shared_leopard_toad/2025/Documents/06.10-13.10.2025/4Z/102MEDIA/DSCF0314.JPG,DSCF0314.JPG,4Z/102MEDIA,0,Other_Amphibian,0.3308,2691.1,2427.5,2822.2,2560.5
/srv/shared_leopard_toad/2025/Documents/06.10-13.10.2025/4Z/102MEDIA/DSCF0314.JPG,DSCF0314.JPG,4Z/102MEDIA,0,Other_Amphibian,0.2810,2683.6,2425.8,2813.6,2565.6
/srv/shared_leopard_toad/2025/Documents/06.10-13.10.2025/4Z/102MEDIA/DSCF0760.JPG,DSCF0760.JPG,4Z/102MEDIA,2,Western_Leopard_Toad,0.2627,5064.5,4.0,5375.3,263.2
/srv/shared_leopard_toad/2025/Documents/06.10-13.10.2025/4Z/102MEDIA/DSCF0222.JPG,DSCF0222.JPG,4Z/102MEDIA,0,Other_Amphibian,0.2988,2690.6,2428.5,2822.0,2560.6
/srv/shared_leopard_toad/2025/Documents/06.10-13.10.2025/4Z/102MEDIA/DSCF0222.JPG,DSCF0222.JPG,4Z/102MEDIA,0,Other_Amphibian,0.2314,2681.3,2427.7,2813.2,2564.8
/srv/shared_leopard_toad/2025/Documents/06.10-13.10.2025/4Z/102MEDIA/DSCF0222.JPG,DSCF0222.JPG,4Z/102MEDIA,0,Other_Amphibian,0.2295,2633.4,2244.9,2783.6,2411.9
/srv/shared_leopard_toad/2025/Documents/06.10-13.10.2025/4Z/102MEDIA/DSCF0593.JPG,DSCF0593.JPG,4Z/102MEDIA,0,Other_Amphibian,0.3702,2626.3,2242.1,2783.8,2410.8
/srv/shared_leopard_toad/2025/Documents/06.10-13.10.2025/4Z/102MEDIA/DSCF0593.JPG,DSCF0593.JPG,4Z/102MEDIA,0,Other_Amphibian,0.2711,2720.3,2429.5,2834.3,2554.8
/srv/shared_leopard_toad/2025/Documents/06.10-13.10.2025/4Z/102MEDIA/DSCF0588.JPG,DSCF0588.JPG,4Z/102MEDIA,0,Other_Amphibian,0.3483,2626.9,2244.0,2785.6,2409.0
/srv/shared_leopard_toad/2025/Documents/06.10-13.10.2025/4Z/102MEDIA/DSCF0588.JPG,DSCF0588.JPG,4Z/102MEDIA,0,Other_Amphibian,0.3207,2716.2,2428.7,2833.8,2552.1
/srv/shared_leopard_toad/2025/Documents/06.10-13.10.2025/4Z/102MEDIA/DSCF0903.JPG,DSCF0903.JPG,4Z/102MEDIA,0,Other_Amphibian,0.3151,2693.6,2424.1,2823.0,2557.6
/srv/shared_leopard_toad/2025/Documents/06.10-13.10.2025/4Z/102MEDIA/DSCF0903.JPG,DSCF0903.JPG,4Z/102MEDIA,0,Other_Amphibian,0.2357,2683.5,2422.9,2812.1,2559.8
/srv/shared_leopard_toad/2025/Documents/06.10-13.10.2025/4Z/102MEDIA/DSCF0068.JPG,DSCF0068.JPG,4Z/102MEDIA,0,Other_Amphibian,0.4010,2632.0,2242.8,2785.5,2408.8
/srv/shared_leopard_toad/2025/Documents/06.10-13.10.2025/4Z/102MEDIA/DSCF0068.JPG,DSCF0068.JPG,4Z/102MEDIA,0,Other_Amphibian,0.2496,2691.4,2429.1,2823.2,2560.9
/srv/shared_leopard_toad/2025/Documents/06.10-13.10.2025/4Z/102MEDIA/DSCF0068.JPG,DSCF0068.JPG,4Z/102MEDIA,0,Other_Amphibian,0.2243,2678.4,2426.8,2811.7,2564.9
/srv/shared_leopard_toad/2025/Documents/06.10-13.10.2025/4Z/102MEDIA/DSCF0724.JPG,DSCF0724.JPG,4Z/102MEDIA,0,Other_Amphibian,0.2614,2638.3,2242.7,2786.4,2409.9
/srv/shared_leopard_toad/2025/Documents/06.10-13.10.2025/4Z/102MEDIA/DSCF0619.JPG,DSCF0619.JPG,4Z/102MEDIA,0,Other_Amphibian,0.3801,2630.1,2241.4,2786.6,2409.4
/srv/shared_leopard_toad/2025/Documents/06.10-13.10.2025/4Z/102MEDIA/DSCF0619.JPG,DSCF0619.JPG,4Z/102MEDIA,0,Other_Amphibian,0.2446,2718.8,2429.2,2832.7,2553.1
/srv/shared_leopard_toad/2025/Documents/06.10-13.10.2025/4Z/102MEDIA/DSCF0025.JPG,DSCF0025.JPG,4Z/102MEDIA,0,Other_Amphibian,0.3840,2687.9,2427.8,2822.3,2561.1
/srv/shared_leopard_toad/2025/Documents/06.10-13.10.2025/4Z/102MEDIA/DSCF0025.JPG,DSCF0025.JPG,4Z/102MEDIA,0,Other_Amphibian,0.3209,2684.2,2426.0,2818.6,2565.7
/srv/shared_leopard_toad/2025/Documents/06.10-13.10.2025/4Z/102MEDIA/DSCF0025.JPG,DSCF0025.JPG,4Z/102MEDIA,0,Other_Amphibian,0.2317,2639.7,2244.7,2789.2,2408.8
/srv/shared_leopard_toad/2025/Documents/06.10-13.10.2025/4Z/102MEDIA/DSCF0997.JPG,DSCF0997.JPG,4Z/102MEDIA,0,Other_Amphibian,0.2458,2698.0,2422.5,2825.1,2555.6
/srv/shared_leopard_toad/2025/Documents/06.10-13.10.2025/4Z/102MEDIA/DSCF0381.JPG,DSCF0381.JPG,4Z/102MEDIA,0,Other_Amphibian,0.3514,2686.8,2428.2,2818.7,2558.6
/srv/shared_leopard_toad/2025/Documents/06.10-13.10.2025/4Z/102MEDIA/DSCF0381.JPG,DSCF0381.JPG,4Z/102MEDIA,0,Other_Amphibian,0.2975,2681.9,2426.2,2813.7,2562.9
/srv/shared_leopard_toad/2025/Documents/06.10-13.10.2025/4Z/102MEDIA/DSCF0381.JPG,DSCF0381.JPG,4Z/102MEDIA,0,Other_Amphibian,0.2044,2636.3,2245.2,2784.5,2408.6
/srv/shared_leopard_toad/2025/Documents/06.10-13.10.2025/4Z/102MEDIA/DSCF0365.JPG,DSCF0365.JPG,4Z/102MEDIA,0,Other_Amphibian,0.2993,2313.8,987.8,2641.3,1236.0
/srv/shared_leopard_toad/2025/Documents/06.10-13.10.2025/4Z/102MEDIA/DSCF0365.JPG,DSCF0365.JPG,4Z/102MEDIA,0,Other_Amphibian,0.2697,2689.6,2428.3,2822.0,2559.3
/srv/shared_leopard_toad/2025/Documents/06.10-13.10.2025/4Z/102MEDIA/DSCF0365.JPG,DSCF0365.JPG,4Z/102MEDIA,0,Other_Amphibian,0.2241,2680.6,2426.3,2813.7,2563.9
/srv/shared_leopard_toad/2025/Documents/06.10-13.10.2025/4Z/102MEDIA/DSCF0693.JPG,DSCF0693.JPG,4Z/102MEDIA,0,Other_Amphibian,0.3511,2634.9,2242.9,2789.0,2410.2
/srv/shared_leopard_toad/2025/Documents/06.10-13.10.2025/4Z/102MEDIA/DSCF0693.JPG,DSCF0693.JPG,4Z/102MEDIA,0,Other_Amphibian,0.2411,2717.9,2428.0,2832.9,2554.0
/srv/shared_leopard_toad/2025/Documents/06.10-13.10.2025/4Z/102MEDIA/DSCF0538.JPG,DSCF0538.JPG,4Z/102MEDIA,0,Other_Amphibian,0.2636,2632.4,2242.9,2784.7,2411.2
/srv/shared_leopard_toad/2025/Documents/06.10-13.10.2025/4Z/102MEDIA/DSCF0538.JPG,DSCF0538.JPG,4Z/102MEDIA,0,Other_Amphibian,0.2531,2713.8,2428.9,2833.5,2554.6
/srv/shared_leopard_toad/2025/Documents/06.10-13.10.2025/4Z/102MEDIA/DSCF0454.JPG,DSCF0454.JPG,4Z/102MEDIA,0,Other_Amphibian,0.2918,2619.8,2244.2,2785.3,2414.1
/srv/shared_leopard_toad/2025/Documents/06.10-13.10.2025/4Z/102MEDIA/DSCF0454.JPG,DSCF0454.JPG,4Z/102MEDIA,0,Other_Amphibian,0.2743,2716.5,2428.7,2832.5,2554.2
/srv/shared_leopard_toad/2025/Documents/06.10-13.10.2025/4Z/102MEDIA/DSCF0188.JPG,DSCF0188.JPG,4Z/102MEDIA,0,Other_Amphibian,0.3277,2691.5,2428.0,2821.2,2559.1
/srv/shared_leopard_toad/2025/Documents/06.10-13.10.2025/4Z/102MEDIA/DSCF0188.JPG,DSCF0188.JPG,4Z/102MEDIA,0,Other_Amphibian,0.2567,2634.9,2244.6,2787.8,2409.7
/srv/shared_leopard_toad/2025/Documents/06.10-13.10.2025/4Z/102MEDIA/DSCF0188.JPG,DSCF0188.JPG,4Z/102MEDIA,0,Other_Amphibian,0.2538,2681.3,2426.3,2811.9,2562.9
/srv/shared_leopard_toad/2025/Documents/06.10-13.10.2025/4Z/102MEDIA/DSCF0947.JPG,DSCF0947.JPG,4Z/102MEDIA,0,Other_Amphibian,0.2559,2692.2,2424.3,2823.4,2558.0
/srv/shared_leopard_toad/2025/Documents/06.10-13.10.2025/4Z/102MEDIA/DSCF0772.JPG,DSCF0772.JPG,4Z/102MEDIA,2,Western_Leopard_Toad,0.3799,5055.1,3.2,5375.6,257.2
/srv/shared_leopard_toad/2025/Documents/06.10-13.10.2025/4Z/102MEDIA/DSCF0844.JPG,DSCF0844.JPG,4Z/102MEDIA,0,Other_Amphibian,0.2258,2694.8,2425.3,2825.3,2561.2
/srv/shared_leopard_toad/2025/Documents/06.10-13.10.2025/4Z/102MEDIA/DSCF0824.JPG,DSCF0824.JPG,4Z/102MEDIA,0,Other_Amphibian,0.2153,805.7,1824.4,937.6,2008.5
/srv/shared_leopard_toad/2025/Documents/06.10-13.10.2025/4Z/102MEDIA/DSCF0133.JPG,DSCF0133.JPG,4Z/102MEDIA,0,Other_Amphibian,0.3386,2629.6,2243.4,2785.5,2408.1
/srv/shared_leopard_toad/2025/Documents/06.10-13.10.2025/4Z/102MEDIA/DSCF0133.JPG,DSCF0133.JPG,4Z/102MEDIA,0,Other_Amphibian,0.3167,2693.0,2428.2,2822.4,2558.5
/srv/shared_leopard_toad/2025/Documents/06.10-13.10.2025/4Z/102MEDIA/DSCF0886.JPG,DSCF0886.JPG,4Z/102MEDIA,0,Other_Amphibian,0.2178,3183.0,2082.5,3334.8,2218.4
/srv/shared_leopard_toad/2025/Documents/06.10-13.10.2025/4Z/102MEDIA/DSCF0181.JPG,DSCF0181.JPG,4Z/102MEDIA,0,Other_Amphibian,0.2651,2636.6,2244.1,2786.6,2409.0
/srv/shared_leopard_toad/2025/Documents/06.10-13.10.2025/4Z/102MEDIA/DSCF0181.JPG,DSCF0181.JPG,4Z/102MEDIA,0,Other_Amphibian,0.2557,2693.7,2428.8,2822.5,2559.0
/srv/shared_leopard_toad/2025/Documents/06.10-13.10.2025/4Z/102MEDIA/DSCF0181.JPG,DSCF0181.JPG,4Z/102MEDIA,0,Other_Amphibian,0.2029,2680.9,2425.5,2810.5,2562.4
/srv/shared_leopard_toad/2025/Documents/06.10-13.10.2025/4Z/102MEDIA/DSCF0773.JPG,DSCF0773.JPG,4Z/102MEDIA,2,Western_Leopard_Toad,0.3964,5062.4,2.8,5376.4,259.8
/srv/shared_leopard_toad/2025/Documents/06.10-13.10.2025/4Z/102MEDIA/DSCF0849.JPG,DSCF0849.JPG,4Z/102MEDIA,0,Other_Amphibian,0.3183,2692.2,2424.4,2823.0,2558.6
/srv/shared_leopard_toad/2025/Documents/06.10-13.10.2025/4Z/102MEDIA/DSCF0849.JPG,DSCF0849.JPG,4Z/102MEDIA,0,Other_Amphibian,0.2156,2682.0,2422.2,2814.7,2560.8
/srv/shared_leopard_toad/2025/Documents/06.10-13.10.2025/4Z/102MEDIA/DSCF0685.JPG,DSCF0685.JPG,4Z/102MEDIA,0,Other_Amphibian,0.3080,2716.1,2428.9,2833.5,2554.2
/srv/shared_leopard_toad/2025/Documents/06.10-13.10.2025/4Z/102MEDIA/DSCF0685.JPG,DSCF0685.JPG,4Z/102MEDIA,0,Other_Amphibian,0.2086,2710.4,2427.9,2832.2,2560.8
/srv/shared_leopard_toad/2025/Documents/06.10-13.10.2025/4Z/102MEDIA/DSCF0209.JPG,DSCF0209.JPG,4Z/102MEDIA,0,Other_Amphibian,0.3564,2688.1,2427.8,2822.7,2559.6
/srv/shared_leopard_toad/2025/Documents/06.10-13.10.2025/4Z/102MEDIA/DSCF0209.JPG,DSCF0209.JPG,4Z/102MEDIA,0,Other_Amphibian,0.3323,2685.4,2426.2,2819.7,2564.6
/srv/shared_leopard_toad/2025/Documents/06.10-13.10.2025/4Z/102MEDIA/DSCF0209.JPG,DSCF0209.JPG,4Z/102MEDIA,0,Other_Amphibian,0.2707,2635.8,2245.5,2785.7,2411.7
/srv/shared_leopard_toad/2025/Documents/06.10-13.10.2025/4Z/102MEDIA/DSCF0725.JPG,DSCF0725.JPG,4Z/102MEDIA,0,Other_Amphibian,0.2148,2712.2,2428.5,2833.5,2555.2
/srv/shared_leopard_toad/2025/Documents/06.10-13.10.2025/4Z/102MEDIA/DSCF0550.JPG,DSCF0550.JPG,4Z/102MEDIA,0,Other_Amphibian,0.3347,2628.2,2243.5,2784.3,2410.6
/srv/shared_leopard_toad/2025/Documents/06.10-13.10.2025/4Z/102MEDIA/DSCF0550.JPG,DSCF0550.JPG,4Z/102MEDIA,0,Other_Amphibian,0.2951,2716.6,2428.1,2831.7,2559.2
/srv/shared_leopard_toad/2025/Documents/06.10-13.10.2025/4Z/102MEDIA/DSCF0550.JPG,DSCF0550.JPG,4Z/102MEDIA,0,Other_Amphibian,0.2188,2705.4,2426.2,2827.4,2568.6
/srv/shared_leopard_toad/2025/Documents/06.10-13.10.2025/4Z/102MEDIA/DSCF0015.JPG,DSCF0015.JPG,4Z/102MEDIA,0,Other_Amphibian,0.2688,2691.1,2429.0,2820.7,2558.2
/srv/shared_leopard_toad/2025/Documents/06.10-13.10.2025/4Z/102MEDIA/DSCF0015.JPG,DSCF0015.JPG,4Z/102MEDIA,0,Other_Amphibian,0.2498,2635.6,2244.4,2785.7,2410.8
/srv/shared_leopard_toad/2025/Documents/06.10-13.10.2025/4Z/102MEDIA/DSCF0015.JPG,DSCF0015.JPG,4Z/102MEDIA,0,Other_Amphibian,0.2179,2679.8,2426.6,2812.4,2562.1
/srv/shared_leopard_toad/2025/Documents/06.10-13.10.2025/4Z/102MEDIA/DSCF0612.JPG,DSCF0612.JPG,4Z/102MEDIA,0,Other_Amphibian,0.3585,2635.4,2241.7,2789.7,2409.1
/srv/shared_leopard_toad/2025/Documents/06.10-13.10.2025/4Z/102MEDIA/DSCF0633.JPG,DSCF0633.JPG,4Z/102MEDIA,0,Other_Amphibian,0.3242,2637.3,2242.6,2787.1,2408.4
/srv/shared_leopard_toad/2025/Documents/06.10-13.10.2025/4Z/102MEDIA/DSCF0633.JPG,DSCF0633.JPG,4Z/102MEDIA,0,Other_Amphibian,0.3125,2718.5,2427.5,2833.1,2553.5
/srv/shared_leopard_toad/2025/Documents/06.10-13.10.2025/4Z/102MEDIA/DSCF0626.JPG,DSCF0626.JPG,4Z/102MEDIA,0,Other_Amphibian,0.3177,2633.3,2243.5,2789.1,2411.1
/srv/shared_leopard_toad/2025/Documents/06.10-13.10.2025/4Z/102MEDIA/DSCF0626.JPG,DSCF0626.JPG,4Z/102MEDIA,0,Other_Amphibian,0.3100,2717.3,2429.1,2834.9,2550.2
/srv/shared_leopard_toad/2025/Documents/06.10-13.10.2025/4Z/102MEDIA/DSCF0839.JPG,DSCF0839.JPG,4Z/102MEDIA,0,Other_Amphibian,0.2078,2697.6,2424.7,2823.3,2559.1
/srv/shared_leopard_toad/2025/Documents/06.10-13.10.2025/4Z/102MEDIA/DSCF0076.JPG,DSCF0076.JPG,4Z/102MEDIA,0,Other_Amphibian,0.2943,2632.8,2243.0,2785.8,2410.0
/srv/shared_leopard_toad/2025/Documents/06.10-13.10.2025/4Z/102MEDIA/DSCF0690.JPG,DSCF0690.JPG,4Z/102MEDIA,0,Other_Amphibian,0.2770,2637.5,2242.9,2786.6,2411.6
/srv/shared_leopard_toad/2025/Documents/06.10-13.10.2025/4Z/102MEDIA/DSCF0690.JPG,DSCF0690.JPG,4Z/102MEDIA,0,Other_Amphibian,0.2380,2705.8,2427.0,2833.2,2567.0
/srv/shared_leopard_toad/2025/Documents/06.10-13.10.2025/4Z/102MEDIA/DSCF0690.JPG,DSCF0690.JPG,4Z/102MEDIA,0,Other_Amphibian,0.2102,2712.0,2429.4,2833.6,2557.5
/srv/shared_leopard_toad/2025/Documents/06.10-13.10.2025/4Z/102MEDIA/DSCF0240.JPG,DSCF0240.JPG,4Z/102MEDIA,0,Other_Amphibian,0.3155,2695.7,2428.5,2821.9,2557.1
/srv/shared_leopard_toad/2025/Documents/06.10-13.10.2025/4Z/102MEDIA/DSCF0240.JPG,DSCF0240.JPG,4Z/102MEDIA,0,Other_Amphibian,0.2352,2637.4,2245.0,2786.1,2409.6
/srv/shared_leopard_toad/2025/Documents/06.10-13.10.2025/4Z/102MEDIA/DSCF0240.JPG,DSCF0240.JPG,4Z/102MEDIA,0,Other_Amphibian,0.2119,2686.5,2425.7,2814.5,2561.2
/srv/shared_leopard_toad/2025/Documents/06.10-13.10.2025/4Z/102MEDIA/DSCF0714.JPG,DSCF0714.JPG,4Z/102MEDIA,0,Other_Amphibian,0.4252,2629.6,2242.4,2787.0,2409.4
/srv/shared_leopard_toad/2025/Documents/06.10-13.10.2025/4Z/102MEDIA/DSCF0302.JPG,DSCF0302.JPG,4Z/102MEDIA,0,Other_Amphibian,0.3469,2689.8,2427.8,2821.0,2559.0
/srv/shared_leopard_toad/2025/Documents/06.10-13.10.2025/4Z/102MEDIA/DSCF0302.JPG,DSCF0302.JPG,4Z/102MEDIA,0,Other_Amphibian,0.2791,2681.6,2426.7,2812.5,2563.0
/srv/shared_leopard_toad/2025/Documents/06.10-13.10.2025/4Z/102MEDIA/DSCF0801.JPG,DSCF0801.JPG,4Z/102MEDIA,0,Other_Amphibian,0.4754,808.8,1841.7,936.7,2042.6
/srv/shared_leopard_toad/2025/Documents/06.10-13.10.2025/4Z/102MEDIA/DSCF0801.JPG,DSCF0801.JPG,4Z/102MEDIA,0,Other_Amphibian,0.2582,803.1,1830.3,937.1,2080.8
/srv/shared_leopard_toad/2025/Documents/06.10-13.10.2025/4Z/102MEDIA/DSCF0232.JPG,DSCF0232.JPG,4Z/102MEDIA,0,Other_Amphibian,0.3279,2692.9,2427.6,2823.2,2559.5
/srv/shared_leopard_toad/2025/Documents/06.10-13.10.2025/4Z/102MEDIA/DSCF0232.JPG,DSCF0232.JPG,4Z/102MEDIA,0,Other_Amphibian,0.2269,2684.4,2426.1,2815.8,2563.8
/srv/shared_leopard_toad/2025/Documents/06.10-13.10.2025/4Z/102MEDIA/DSCF0232.JPG,DSCF0232.JPG,4Z/102MEDIA,0,Other_Amphibian,0.2196,2630.3,2244.4,2785.1,2411.9
/srv/shared_leopard_toad/2025/Documents/06.10-13.10.2025/4Z/102MEDIA/DSCF0545.JPG,DSCF0545.JPG,4Z/102MEDIA,0,Other_Amphibian,0.3075,2712.5,2428.0,2831.4,2556.0
/srv/shared_leopard_toad/2025/Documents/06.10-13.10.2025/4Z/102MEDIA/DSCF0545.JPG,DSCF0545.JPG,4Z/102MEDIA,0,Other_Amphibian,0.2667,2634.6,2242.7,2788.2,2411.2
/srv/shared_leopard_toad/2025/Documents/06.10-13.10.2025/4Z/102MEDIA/DSCF0545.JPG,DSCF0545.JPG,4Z/102MEDIA,0,Other_Amphibian,0.2250,2705.0,2426.4,2830.2,2563.3
/srv/shared_leopard_toad/2025/Documents/06.10-13.10.2025/4Z/102MEDIA/DSCF0377.JPG,DSCF0377.JPG,4Z/102MEDIA,0,Other_Amphibian,0.2433,2638.8,2243.6,2784.5,2408.7
/srv/shared_leopard_toad/2025/Documents/06.10-13.10.2025/4Z/102MEDIA/DSCF0377.JPG,DSCF0377.JPG,4Z/102MEDIA,0,Other_Amphibian,0.2362,2692.1,2428.6,2821.0,2560.9
/srv/shared_leopard_toad/2025/Documents/06.10-13.10.2025/4Z/102MEDIA/DSCF0377.JPG,DSCF0377.JPG,4Z/102MEDIA,0,Other_Amphibian,0.2263,2679.8,2425.6,2807.7,2564.3
/srv/shared_leopard_toad/2025/Documents/06.10-13.10.2025/4Z/102MEDIA/DSCF0705.JPG,DSCF0705.JPG,4Z/102MEDIA,0,Other_Amphibian,0.2937,2713.3,2428.9,2833.1,2553.8
/srv/shared_leopard_toad/2025/Documents/06.10-13.10.2025/4Z/102MEDIA/DSCF0705.JPG,DSCF0705.JPG,4Z/102MEDIA,0,Other_Amphibian,0.2584,2710.7,2427.0,2834.9,2561.1
/srv/shared_leopard_toad/2025/Documents/06.10-13.10.2025/4Z/102MEDIA/DSCF0813.JPG,DSCF0813.JPG,4Z/102MEDIA,2,Western_Leopard_Toad,0.4740,4704.3,1829.2,5071.4,2408.9
/srv/shared_leopard_toad/2025/Documents/06.10-13.10.2025/4Z/102MEDIA/DSCF0813.JPG,DSCF0813.JPG,4Z/102MEDIA,0,Other_Amphibian,0.3038,808.4,1828.4,931.5,2012.8
/srv/shared_leopard_toad/2025/Documents/06.10-13.10.2025/4Z/102MEDIA/DSCF0048.JPG,DSCF0048.JPG,4Z/102MEDIA,0,Other_Amphibian,0.3286,2687.6,2427.6,2821.0,2558.7
/srv/shared_leopard_toad/2025/Documents/06.10-13.10.2025/4Z/102MEDIA/DSCF0048.JPG,DSCF0048.JPG,4Z/102MEDIA,0,Other_Amphibian,0.2913,2634.0,2243.7,2787.8,2409.9
/srv/shared_leopard_toad/2025/Documents/06.10-13.10.2025/4Z/102MEDIA/DSCF0048.JPG,DSCF0048.JPG,4Z/102MEDIA,0,Other_Amphibian,0.2251,2678.9,2426.4,2814.4,2562.9
/srv/shared_leopard_toad/2025/Documents/06.10-13.10.2025/4Z/102MEDIA/DSCF0267.JPG,DSCF0267.JPG,4Z/102MEDIA,0,Other_Amphibian,0.2577,2691.5,2428.6,2821.5,2562.1
/srv/shared_leopard_toad/2025/Documents/06.10-13.10.2025/4Z/102MEDIA/DSCF0267.JPG,DSCF0267.JPG,4Z/102MEDIA,0,Other_Amphibian,0.2318,2680.7,2426.6,2809.1,2566.8
/srv/shared_leopard_toad/2025/Documents/06.10-13.10.2025/4Z/102MEDIA/DSCF0319.JPG,DSCF0319.JPG,4Z/102MEDIA,0,Other_Amphibian,0.2386,2688.3,2428.7,2818.7,2558.1
/srv/shared_leopard_toad/2025/Documents/06.10-13.10.2025/4Z/102MEDIA/DSCF0150.JPG,DSCF0150.JPG,4Z/102MEDIA,0,Other_Amphibian,0.3692,2686.5,2426.3,2820.5,2566.7
/srv/shared_leopard_toad/2025/Documents/06.10-13.10.2025/4Z/102MEDIA/DSCF0150.JPG,DSCF0150.JPG,4Z/102MEDIA,0,Other_Amphibian,0.3280,2689.0,2428.8,2822.5,2561.1
/srv/shared_leopard_toad/2025/Documents/06.10-13.10.2025/4Z/102MEDIA/DSCF0510.JPG,DSCF0510.JPG,4Z/102MEDIA,0,Other_Amphibian,0.3510,2702.7,2425.9,2828.9,2562.3
/srv/shared_leopard_toad/2025/Documents/06.10-13.10.2025/4Z/102MEDIA/DSCF0510.JPG,DSCF0510.JPG,4Z/102MEDIA,0,Other_Amphibian,0.3400,2704.7,2428.9,2829.0,2555.8
/srv/shared_leopard_toad/2025/Documents/06.10-13.10.2025/4Z/102MEDIA/DSCF0510.JPG,DSCF0510.JPG,4Z/102MEDIA,0,Other_Amphibian,0.2205,2636.8,2244.3,2784.8,2409.8
/srv/shared_leopard_toad/2025/Documents/06.10-13.10.2025/4Z/102MEDIA/DSCF0643.JPG,DSCF0643.JPG,4Z/102MEDIA,0,Other_Amphibian,0.3550,2707.6,2429.1,2832.0,2554.6
/srv/shared_leopard_toad/2025/Documents/06.10-13.10.2025/4Z/102MEDIA/DSCF0643.JPG,DSCF0643.JPG,4Z/102MEDIA,0,Other_Amphibian,0.3103,2707.2,2427.4,2834.5,2561.2
/srv/shared_leopard_toad/2025/Documents/06.10-13.10.2025/4Z/102MEDIA/DSCF0643.JPG,DSCF0643.JPG,4Z/102MEDIA,0,Other_Amphibian,0.2406,2632.8,2244.0,2787.9,2412.4
/srv/shared_leopard_toad/2025/Documents/06.10-13.10.2025/4Z/102MEDIA/DSCF0323.JPG,DSCF0323.JPG,4Z/102MEDIA,0,Other_Amphibian,0.3166,2690.6,2427.8,2821.3,2559.8
/srv/shared_leopard_toad/2025/Documents/06.10-13.10.2025/4Z/102MEDIA/DSCF0323.JPG,DSCF0323.JPG,4Z/102MEDIA,0,Other_Amphibian,0.2729,2682.5,2426.1,2813.8,2563.7
/srv/shared_leopard_toad/2025/Documents/06.10-13.10.2025/4Z/102MEDIA/DSCF0323.JPG,DSCF0323.JPG,4Z/102MEDIA,0,Other_Amphibian,0.2043,2642.1,2244.6,2783.0,2408.2
/srv/shared_leopard_toad/2025/Documents/06.10-13.10.2025/4Z/102MEDIA/DSCF0013.JPG,DSCF0013.JPG,4Z/102MEDIA,0,Other_Amphibian,0.3068,2692.3,2428.3,2821.4,2558.5
/srv/shared_leopard_toad/2025/Documents/06.10-13.10.2025/4Z/102MEDIA/DSCF0013.JPG,DSCF0013.JPG,4Z/102MEDIA,0,Other_Amphibian,0.2357,2683.7,2427.1,2814.1,2563.9
/srv/shared_leopard_toad/2025/Documents/06.10-13.10.2025/4Z/102MEDIA/DSCF0876.JPG,DSCF0876.JPG,4Z/102MEDIA,0,Other_Amphibian,0.3073,2692.1,2425.6,2824.2,2558.8
/srv/shared_leopard_toad/2025/Documents/06.10-13.10.2025/4Z/102MEDIA/DSCF0876.JPG,DSCF0876.JPG,4Z/102MEDIA,0,Other_Amphibian,0.2367,2685.0,2425.3,2816.6,2563.0
/srv/shared_leopard_toad/2025/Documents/06.10-13.10.2025/4Z/102MEDIA/DSCF0108.JPG,DSCF0108.JPG,4Z/102MEDIA,0,Other_Amphibian,0.2544,2635.2,2246.4,2786.1,2410.7
/srv/shared_leopard_toad/2025/Documents/06.10-13.10.2025/4Z/102MEDIA/DSCF0108.JPG,DSCF0108.JPG,4Z/102MEDIA,0,Other_Amphibian,0.2373,2693.7,2428.6,2822.2,2557.8
/srv/shared_leopard_toad/2025/Documents/06.10-13.10.2025/4Z/102MEDIA/DSCF0277.JPG,DSCF0277.JPG,4Z/102MEDIA,0,Other_Amphibian,0.2987,2690.4,2427.8,2823.1,2560.9
/srv/shared_leopard_toad/2025/Documents/06.10-13.10.2025/4Z/102MEDIA/DSCF0277.JPG,DSCF0277.JPG,4Z/102MEDIA,0,Other_Amphibian,0.2943,2632.5,2243.5,2785.8,2409.8
/srv/shared_leopard_toad/2025/Documents/06.10-13.10.2025/4Z/102MEDIA/DSCF0277.JPG,DSCF0277.JPG,4Z/102MEDIA,0,Other_Amphibian,0.2513,2679.5,2426.2,2813.8,2566.4
/srv/shared_leopard_toad/2025/Documents/06.10-13.10.2025/4Z/102MEDIA/DSCF0153.JPG,DSCF0153.JPG,4Z/102MEDIA,0,Other_Amphibian,0.2647,2638.1,2244.6,2783.8,2408.6
/srv/shared_leopard_toad/2025/Documents/06.10-13.10.2025/4Z/102MEDIA/DSCF0153.JPG,DSCF0153.JPG,4Z/102MEDIA,0,Other_Amphibian,0.2175,2693.9,2427.9,2822.1,2562.3
/srv/shared_leopard_toad/2025/Documents/06.10-13.10.2025/4Z/102MEDIA/DSCF0747.JPG,DSCF0747.JPG,4Z/102MEDIA,0,Other_Amphibian,0.4304,800.1,1815.8,934.9,2046.1
/srv/shared_leopard_toad/2025/Documents/06.10-13.10.2025/4Z/102MEDIA/DSCF0747.JPG,DSCF0747.JPG,4Z/102MEDIA,2,Western_Leopard_Toad,0.3925,5043.0,3.7,5375.7,270.4
/srv/shared_leopard_toad/2025/Documents/06.10-13.10.2025/4Z/102MEDIA/DSCF0747.JPG,DSCF0747.JPG,4Z/102MEDIA,0,Other_Amphibian,0.3752,800.8,1817.8,938.7,2061.8
/srv/shared_leopard_toad/2025/Documents/06.10-13.10.2025/4Z/102MEDIA/DSCF0079.JPG,DSCF0079.JPG,4Z/102MEDIA,0,Other_Amphibian,0.3857,2693.1,2428.2,2822.3,2556.4
/srv/shared_leopard_toad/2025/Documents/06.10-13.10.2025/4Z/102MEDIA/DSCF0079.JPG,DSCF0079.JPG,4Z/102MEDIA,0,Other_Amphibian,0.2606,2686.9,2427.2,2815.5,2558.7
/srv/shared_leopard_toad/2025/Documents/06.10-13.10.2025/4Z/102MEDIA/DSCF0079.JPG,DSCF0079.JPG,4Z/102MEDIA,0,Other_Amphibian,0.2554,2638.6,2245.2,2785.5,2409.4
/srv/shared_leopard_toad/2025/Documents/06.10-13.10.2025/4Z/102MEDIA/DSCF0610.JPG,DSCF0610.JPG,4Z/102MEDIA,0,Other_Amphibian,0.2280,2714.8,2427.5,2831.3,2555.2
/srv/shared_leopard_toad/2025/Documents/06.10-13.10.2025/4Z/102MEDIA/DSCF0610.JPG,DSCF0610.JPG,4Z/102MEDIA,0,Other_Amphibian,0.2218,2638.9,2242.3,2786.1,2410.2
/srv/shared_leopard_toad/2025/Documents/06.10-13.10.2025/4Z/102MEDIA/DSCF0692.JPG,DSCF0692.JPG,4Z/102MEDIA,0,Other_Amphibian,0.2883,2719.9,2429.0,2836.0,2551.1
/srv/shared_leopard_toad/2025/Documents/06.10-13.10.2025/4Z/102MEDIA/DSCF0692.JPG,DSCF0692.JPG,4Z/102MEDIA,0,Other_Amphibian,0.2004,2713.7,2427.9,2835.5,2556.8
/srv/shared_leopard_toad/2025/Documents/06.10-13.10.2025/4Z/102MEDIA/DSCF0542.JPG,DSCF0542.JPG,4Z/102MEDIA,0,Other_Amphibian,0.2748,2721.6,2427.6,2835.1,2551.5
/srv/shared_leopard_toad/2025/Documents/06.10-13.10.2025/4Z/102MEDIA/DSCF0542.JPG,DSCF0542.JPG,4Z/102MEDIA,0,Other_Amphibian,0.2677,2629.5,2243.2,2785.1,2410.7
/srv/shared_leopard_toad/2025/Documents/06.10-13.10.2025/4Z/102MEDIA/DSCF0708.JPG,DSCF0708.JPG,4Z/102MEDIA,0,Other_Amphibian,0.3254,2635.8,2241.6,2784.1,2408.7
/srv/shared_leopard_toad/2025/Documents/06.10-13.10.2025/4Z/102MEDIA/DSCF0708.JPG,DSCF0708.JPG,4Z/102MEDIA,0,Other_Amphibian,0.2260,2697.1,2426.9,2824.6,2575.5
/srv/shared_leopard_toad/2025/Documents/06.10-13.10.2025/4Z/102MEDIA/DSCF0119.JPG,DSCF0119.JPG,4Z/102MEDIA,0,Other_Amphibian,0.3645,2689.8,2427.4,2823.8,2558.9
/srv/shared_leopard_toad/2025/Documents/06.10-13.10.2025/4Z/102MEDIA/DSCF0119.JPG,DSCF0119.JPG,4Z/102MEDIA,0,Other_Amphibian,0.2850,2680.6,2425.7,2810.6,2560.3
/srv/shared_leopard_toad/2025/Documents/06.10-13.10.2025/4Z/102MEDIA/DSCF0408.JPG,DSCF0408.JPG,4Z/102MEDIA,0,Other_Amphibian,0.3313,2632.2,2243.3,2787.1,2411.1
/srv/shared_leopard_toad/2025/Documents/06.10-13.10.2025/4Z/102MEDIA/DSCF0408.JPG,DSCF0408.JPG,4Z/102MEDIA,0,Other_Amphibian,0.2938,2717.9,2428.5,2832.9,2550.2
/srv/shared_leopard_toad/2025/Documents/06.10-13.10.2025/4Z/102MEDIA/DSCF0469.JPG,DSCF0469.JPG,4Z/102MEDIA,0,Other_Amphibian,0.3371,2627.4,2244.8,2786.5,2410.3
/srv/shared_leopard_toad/2025/Documents/06.10-13.10.2025/4Z/102MEDIA/DSCF0098.JPG,DSCF0098.JPG,4Z/102MEDIA,0,Other_Amphibian,0.3406,2641.3,2241.9,2787.0,2407.5
/srv/shared_leopard_toad/2025/Documents/06.10-13.10.2025/4Z/102MEDIA/DSCF0098.JPG,DSCF0098.JPG,4Z/102MEDIA,0,Other_Amphibian,0.2548,2694.9,2427.8,2823.7,2559.0
/srv/shared_leopard_toad/2025/Documents/06.10-13.10.2025/4Z/102MEDIA/DSCF0214.JPG,DSCF0214.JPG,4Z/102MEDIA,0,Other_Amphibian,0.3720,2694.6,2428.1,2822.9,2557.5
/srv/shared_leopard_toad/2025/Documents/06.10-13.10.2025/4Z/102MEDIA/DSCF0214.JPG,DSCF0214.JPG,4Z/102MEDIA,0,Other_Amphibian,0.2977,2689.9,2427.0,2819.4,2561.8
/srv/shared_leopard_toad/2025/Documents/06.10-13.10.2025/4Z/102MEDIA/DSCF0214.JPG,DSCF0214.JPG,4Z/102MEDIA,0,Other_Amphibian,0.2254,2637.9,2246.1,2785.8,2410.4
/srv/shared_leopard_toad/2025/Documents/06.10-13.10.2025/4Z/102MEDIA/DSCF0804.JPG,DSCF0804.JPG,4Z/102MEDIA,0,Other_Amphibian,0.2714,809.5,1836.5,934.2,2009.5
/srv/shared_leopard_toad/2025/Documents/06.10-13.10.2025/4Z/102MEDIA/DSCF0915.JPG,DSCF0915.JPG,4Z/102MEDIA,0,Other_Amphibian,0.2523,2689.7,2423.6,2821.2,2557.5
/srv/shared_leopard_toad/2025/Documents/06.10-13.10.2025/4Z/102MEDIA/DSCF0627.JPG,DSCF0627.JPG,4Z/102MEDIA,0,Other_Amphibian,0.2956,2706.4,2426.8,2834.0,2566.4
/srv/shared_leopard_toad/2025/Documents/06.10-13.10.2025/4Z/102MEDIA/DSCF0627.JPG,DSCF0627.JPG,4Z/102MEDIA,0,Other_Amphibian,0.2904,2708.9,2429.0,2832.5,2558.3
/srv/shared_leopard_toad/2025/Documents/06.10-13.10.2025/4Z/102MEDIA/DSCF0627.JPG,DSCF0627.JPG,4Z/102MEDIA,0,Other_Amphibian,0.2223,2627.6,2243.9,2783.1,2414.8
/srv/shared_leopard_toad/2025/Documents/06.10-13.10.2025/4Z/102MEDIA/DSCF0425.JPG,DSCF0425.JPG,4Z/102MEDIA,0,Other_Amphibian,0.2870,2712.5,2429.6,2835.5,2552.5
/srv/shared_leopard_toad/2025/Documents/06.10-13.10.2025/4Z/102MEDIA/DSCF0425.JPG,DSCF0425.JPG,4Z/102MEDIA,0,Other_Amphibian,0.2472,2709.2,2428.4,2838.0,2560.6
/srv/shared_leopard_toad/2025/Documents/06.10-13.10.2025/4Z/102MEDIA/DSCF0425.JPG,DSCF0425.JPG,4Z/102MEDIA,0,Other_Amphibian,0.2393,2631.5,2245.4,2787.1,2415.5
/srv/shared_leopard_toad/2025/Documents/06.10-13.10.2025/4Z/102MEDIA/DSCF0420.JPG,DSCF0420.JPG,4Z/102MEDIA,0,Other_Amphibian,0.2724,2711.6,2428.1,2831.3,2557.0
/srv/shared_leopard_toad/2025/Documents/06.10-13.10.2025/4Z/102MEDIA/DSCF0420.JPG,DSCF0420.JPG,4Z/102MEDIA,0,Other_Amphibian,0.2702,2634.4,2244.5,2788.9,2410.9
/srv/shared_leopard_toad/2025/Documents/06.10-13.10.2025/4Z/102MEDIA/DSCF0420.JPG,DSCF0420.JPG,4Z/102MEDIA,0,Other_Amphibian,0.2089,2700.5,2426.8,2825.7,2564.7
/srv/shared_leopard_toad/2025/Documents/06.10-13.10.2025/4Z/102MEDIA/DSCF0398.JPG,DSCF0398.JPG,4Z/102MEDIA,0,Other_Amphibian,0.5297,2920.2,2331.2,3148.9,2522.6
/srv/shared_leopard_toad/2025/Documents/06.10-13.10.2025/4Z/102MEDIA/DSCF0205.JPG,DSCF0205.JPG,4Z/102MEDIA,0,Other_Amphibian,0.4296,2689.0,2428.1,2823.2,2560.0
/srv/shared_leopard_toad/2025/Documents/06.10-13.10.2025/4Z/102MEDIA/DSCF0205.JPG,DSCF0205.JPG,4Z/102MEDIA,0,Other_Amphibian,0.3771,2687.7,2426.5,2821.8,2564.3
/srv/shared_leopard_toad/2025/Documents/06.10-13.10.2025/4Z/102MEDIA/DSCF0205.JPG,DSCF0205.JPG,4Z/102MEDIA,0,Other_Amphibian,0.2770,2628.3,2245.6,2783.4,2412.9
/srv/shared_leopard_toad/2025/Documents/06.10-13.10.2025/4Z/102MEDIA/DSCF0540.JPG,DSCF0540.JPG,4Z/102MEDIA,0,Other_Amphibian,0.2471,2632.6,2242.1,2784.0,2411.9
/srv/shared_leopard_toad/2025/Documents/06.10-13.10.2025/4Z/102MEDIA/DSCF0618.JPG,DSCF0618.JPG,4Z/102MEDIA,0,Other_Amphibian,0.3505,2640.3,2241.9,2788.7,2408.4
/srv/shared_leopard_toad/2025/Documents/06.10-13.10.2025/4Z/102MEDIA/DSCF0618.JPG,DSCF0618.JPG,4Z/102MEDIA,0,Other_Amphibian,0.2868,2711.4,2429.4,2832.3,2555.8
/srv/shared_leopard_toad/2025/Documents/06.10-13.10.2025/4Z/102MEDIA/DSCF0618.JPG,DSCF0618.JPG,4Z/102MEDIA,0,Other_Amphibian,0.2264,2702.1,2427.2,2826.9,2562.1
/srv/shared_leopard_toad/2025/Documents/06.10-13.10.2025/4Z/102MEDIA/DSCF0112.JPG,DSCF0112.JPG,4Z/102MEDIA,0,Other_Amphibian,0.2717,2690.1,2428.1,2821.5,2559.8
/srv/shared_leopard_toad/2025/Documents/06.10-13.10.2025/4Z/102MEDIA/DSCF0112.JPG,DSCF0112.JPG,4Z/102MEDIA,0,Other_Amphibian,0.2354,2681.3,2426.1,2811.3,2564.8
/srv/shared_leopard_toad/2025/Documents/06.10-13.10.2025/4Z/102MEDIA/DSCF0584.JPG,DSCF0584.JPG,4Z/102MEDIA,0,Other_Amphibian,0.2618,2635.0,2243.6,2787.7,2410.6
/srv/shared_leopard_toad/2025/Documents/06.10-13.10.2025/4Z/102MEDIA/DSCF0584.JPG,DSCF0584.JPG,4Z/102MEDIA,0,Other_Amphibian,0.2440,2720.4,2428.8,2834.5,2552.1
/srv/shared_leopard_toad/2025/Documents/06.10-13.10.2025/4Z/102MEDIA/DSCF0263.JPG,DSCF0263.JPG,4Z/102MEDIA,0,Other_Amphibian,0.2620,2638.3,2244.9,2786.2,2409.1
/srv/shared_leopard_toad/2025/Documents/06.10-13.10.2025/4Z/102MEDIA/DSCF0263.JPG,DSCF0263.JPG,4Z/102MEDIA,0,Other_Amphibian,0.2281,2690.5,2428.4,2821.8,2562.1
/srv/shared_leopard_toad/2025/Documents/06.10-13.10.2025/4Z/102MEDIA/DSCF0263.JPG,DSCF0263.JPG,4Z/102MEDIA,0,Other_Amphibian,0.2198,2677.9,2425.6,2808.8,2566.4
/srv/shared_leopard_toad/2025/Documents/06.10-13.10.2025/4Z/102MEDIA/DSCF0586.JPG,DSCF0586.JPG,4Z/102MEDIA,0,Other_Amphibian,0.3630,2633.6,2243.2,2787.6,2410.9
/srv/shared_leopard_toad/2025/Documents/06.10-13.10.2025/4Z/102MEDIA/DSCF0586.JPG,DSCF0586.JPG,4Z/102MEDIA,0,Other_Amphibian,0.3367,2715.7,2429.6,2833.9,2552.4
/srv/shared_leopard_toad/2025/Documents/06.10-13.10.2025/4Z/102MEDIA/DSCF0586.JPG,DSCF0586.JPG,4Z/102MEDIA,0,Other_Amphibian,0.2225,2713.6,2429.0,2837.8,2557.4
/srv/shared_leopard_toad/2025/Documents/06.10-13.10.2025/4Z/102MEDIA/DSCF0349.JPG,DSCF0349.JPG,4Z/102MEDIA,0,Other_Amphibian,0.3059,2693.0,2427.5,2820.6,2557.3
/srv/shared_leopard_toad/2025/Documents/06.10-13.10.2025/4Z/102MEDIA/DSCF0349.JPG,DSCF0349.JPG,4Z/102MEDIA,0,Other_Amphibian,0.2294,2634.8,2245.4,2784.6,2410.7
/srv/shared_leopard_toad/2025/Documents/06.10-13.10.2025/4Z/102MEDIA/DSCF0828.JPG,DSCF0828.JPG,4Z/102MEDIA,2,Western_Leopard_Toad,0.2399,4708.4,1813.8,5352.0,2421.7
/srv/shared_leopard_toad/2025/Documents/06.10-13.10.2025/4Z/102MEDIA/DSCF0555.JPG,DSCF0555.JPG,4Z/102MEDIA,0,Other_Amphibian,0.2914,2709.2,2428.7,2831.2,2552.8
/srv/shared_leopard_toad/2025/Documents/06.10-13.10.2025/4Z/102MEDIA/DSCF0555.JPG,DSCF0555.JPG,4Z/102MEDIA,0,Other_Amphibian,0.2859,2632.8,2243.8,2789.7,2411.7
/srv/shared_leopard_toad/2025/Documents/06.10-13.10.2025/4Z/102MEDIA/DSCF0695.JPG,DSCF0695.JPG,4Z/102MEDIA,0,Other_Amphibian,0.2972,2716.1,2427.9,2834.2,2554.7
/srv/shared_leopard_toad/2025/Documents/06.10-13.10.2025/4Z/102MEDIA/DSCF0695.JPG,DSCF0695.JPG,4Z/102MEDIA,0,Other_Amphibian,0.2569,2639.4,2243.9,2788.1,2410.3
/srv/shared_leopard_toad/2025/Documents/06.10-13.10.2025/4Z/102MEDIA/DSCF0695.JPG,DSCF0695.JPG,4Z/102MEDIA,0,Other_Amphibian,0.2100,2709.8,2426.8,2833.4,2561.2
/srv/shared_leopard_toad/2025/Documents/06.10-13.10.2025/4Z/102MEDIA/DSCF0229.JPG,DSCF0229.JPG,4Z/102MEDIA,0,Other_Amphibian,0.2319,2693.2,2428.0,2824.3,2560.1
/srv/shared_leopard_toad/2025/Documents/06.10-13.10.2025/4Z/102MEDIA/DSCF0229.JPG,DSCF0229.JPG,4Z/102MEDIA,0,Other_Amphibian,0.2126,2680.9,2425.2,2812.5,2563.5
/srv/shared_leopard_toad/2025/Documents/06.10-13.10.2025/4Z/102MEDIA/DSCF0229.JPG,DSCF0229.JPG,4Z/102MEDIA,0,Other_Amphibian,0.2014,2640.4,2245.1,2787.4,2410.2
/srv/shared_leopard_toad/2025/Documents/06.10-13.10.2025/4Z/102MEDIA/DSCF0657.JPG,DSCF0657.JPG,4Z/102MEDIA,0,Other_Amphibian,0.4864,2631.2,2241.5,2786.5,2407.8
/srv/shared_leopard_toad/2025/Documents/06.10-13.10.2025/4Z/102MEDIA/DSCF0163.JPG,DSCF0163.JPG,4Z/102MEDIA,0,Other_Amphibian,0.3027,2692.3,2428.9,2822.3,2559.5
/srv/shared_leopard_toad/2025/Documents/06.10-13.10.2025/4Z/102MEDIA/DSCF0163.JPG,DSCF0163.JPG,4Z/102MEDIA,0,Other_Amphibian,0.2545,2682.8,2426.8,2812.6,2564.9
/srv/shared_leopard_toad/2025/Documents/06.10-13.10.2025/4Z/102MEDIA/DSCF0587.JPG,DSCF0587.JPG,4Z/102MEDIA,0,Other_Amphibian,0.2928,2713.5,2428.9,2833.8,2554.6
/srv/shared_leopard_toad/2025/Documents/06.10-13.10.2025/4Z/102MEDIA/DSCF0587.JPG,DSCF0587.JPG,4Z/102MEDIA,0,Other_Amphibian,0.2863,2710.2,2426.8,2835.6,2562.6
/srv/shared_leopard_toad/2025/Documents/06.10-13.10.2025/4Z/102MEDIA/DSCF0563.JPG,DSCF0563.JPG,4Z/102MEDIA,0,Other_Amphibian,0.3188,2624.4,2244.7,2785.7,2413.7
/srv/shared_leopard_toad/2025/Documents/06.10-13.10.2025/4Z/102MEDIA/DSCF0563.JPG,DSCF0563.JPG,4Z/102MEDIA,0,Other_Amphibian,0.3105,2714.1,2428.7,2834.0,2550.8
/srv/shared_leopard_toad/2025/Documents/06.10-13.10.2025/4Z/102MEDIA/DSCF0283.JPG,DSCF0283.JPG,4Z/102MEDIA,0,Other_Amphibian,0.2883,2688.8,2428.0,2823.4,2561.4
/srv/shared_leopard_toad/2025/Documents/06.10-13.10.2025/4Z/102MEDIA/DSCF0283.JPG,DSCF0283.JPG,4Z/102MEDIA,0,Other_Amphibian,0.2585,2678.6,2425.9,2811.6,2566.7
/srv/shared_leopard_toad/2025/Documents/06.10-13.10.2025/4Z/102MEDIA/DSCF0283.JPG,DSCF0283.JPG,4Z/102MEDIA,0,Other_Amphibian,0.2179,2634.2,2245.7,2787.3,2411.9
/srv/shared_leopard_toad/2025/Documents/06.10-13.10.2025/4Z/102MEDIA/DSCF0869.JPG,DSCF0869.JPG,4Z/102MEDIA,0,Other_Amphibian,0.3387,2689.1,2424.1,2824.9,2558.3
/srv/shared_leopard_toad/2025/Documents/06.10-13.10.2025/4Z/102MEDIA/DSCF0869.JPG,DSCF0869.JPG,4Z/102MEDIA,0,Other_Amphibian,0.2546,2682.8,2424.0,2816.4,2561.1
/srv/shared_leopard_toad/2025/Documents/06.10-13.10.2025/4Z/102MEDIA/DSCF0470.JPG,DSCF0470.JPG,4Z/102MEDIA,0,Other_Amphibian,0.3102,2708.5,2428.8,2831.2,2554.3
/srv/shared_leopard_toad/2025/Documents/06.10-13.10.2025/4Z/102MEDIA/DSCF0470.JPG,DSCF0470.JPG,4Z/102MEDIA,0,Other_Amphibian,0.2740,2704.2,2426.7,2829.2,2563.0
/srv/shared_leopard_toad/2025/Documents/06.10-13.10.2025/4Z/102MEDIA/DSCF0470.JPG,DSCF0470.JPG,4Z/102MEDIA,0,Other_Amphibian,0.2112,2638.5,2246.0,2784.3,2410.0
/srv/shared_leopard_toad/2025/Documents/06.10-13.10.2025/4Z/102MEDIA/DSCF0710.JPG,DSCF0710.JPG,4Z/102MEDIA,0,Other_Amphibian,0.2975,2713.6,2429.6,2834.2,2553.7
/srv/shared_leopard_toad/2025/Documents/06.10-13.10.2025/4Z/102MEDIA/DSCF0710.JPG,DSCF0710.JPG,4Z/102MEDIA,0,Other_Amphibian,0.2518,2710.9,2427.6,2835.1,2560.8
/srv/shared_leopard_toad/2025/Documents/06.10-13.10.2025/4Z/102MEDIA/DSCF0406.JPG,DSCF0406.JPG,4Z/102MEDIA,0,Other_Amphibian,0.4221,2630.0,2242.2,2788.2,2409.5
/srv/shared_leopard_toad/2025/Documents/06.10-13.10.2025/4Z/102MEDIA/DSCF0863.JPG,DSCF0863.JPG,4Z/102MEDIA,0,Other_Amphibian,0.2717,2692.3,2424.4,2824.9,2558.0
/srv/shared_leopard_toad/2025/Documents/06.10-13.10.2025/4Z/102MEDIA/DSCF0863.JPG,DSCF0863.JPG,4Z/102MEDIA,0,Other_Amphibian,0.2077,2681.4,2422.6,2815.6,2560.8
/srv/shared_leopard_toad/2025/Documents/06.10-13.10.2025/4Z/102MEDIA/DSCF0128.JPG,DSCF0128.JPG,4Z/102MEDIA,0,Other_Amphibian,0.2419,2640.2,2243.8,2785.5,2409.2
/srv/shared_leopard_toad/2025/Documents/06.10-13.10.2025/4Z/102MEDIA/DSCF0128.JPG,DSCF0128.JPG,4Z/102MEDIA,0,Other_Amphibian,0.2131,2696.4,2428.8,2823.9,2557.2
/srv/shared_leopard_toad/2025/Documents/06.10-13.10.2025/4Z/102MEDIA/DSCF0265.JPG,DSCF0265.JPG,4Z/102MEDIA,0,Other_Amphibian,0.3236,2688.2,2428.6,2820.0,2560.9
/srv/shared_leopard_toad/2025/Documents/06.10-13.10.2025/4Z/102MEDIA/DSCF0265.JPG,DSCF0265.JPG,4Z/102MEDIA,0,Other_Amphibian,0.2874,2682.2,2427.0,2813.4,2565.6
/srv/shared_leopard_toad/2025/Documents/06.10-13.10.2025/4Z/102MEDIA/DSCF0265.JPG,DSCF0265.JPG,4Z/102MEDIA,0,Other_Amphibian,0.2786,2629.3,2244.4,2780.6,2408.9
/srv/shared_leopard_toad/2025/Documents/06.10-13.10.2025/4Z/102MEDIA/DSCF0850.JPG,DSCF0850.JPG,4Z/102MEDIA,0,Other_Amphibian,0.2371,2693.1,2423.5,2822.5,2559.9
/srv/shared_leopard_toad/2025/Documents/06.10-13.10.2025/4Z/102MEDIA/DSCF0022.JPG,DSCF0022.JPG,4Z/102MEDIA,0,Other_Amphibian,0.3310,2687.6,2428.1,2822.8,2560.9
/srv/shared_leopard_toad/2025/Documents/06.10-13.10.2025/4Z/102MEDIA/DSCF0022.JPG,DSCF0022.JPG,4Z/102MEDIA,0,Other_Amphibian,0.3007,2682.8,2426.5,2818.6,2566.2
/srv/shared_leopard_toad/2025/Documents/06.10-13.10.2025/4Z/102MEDIA/DSCF0022.JPG,DSCF0022.JPG,4Z/102MEDIA,0,Other_Amphibian,0.2366,2631.2,2246.1,2789.1,2412.3
/srv/shared_leopard_toad/2025/Documents/06.10-13.10.2025/4Z/102MEDIA/DSCF0389.JPG,DSCF0389.JPG,4Z/102MEDIA,0,Other_Amphibian,0.3800,2690.8,2428.9,2822.8,2556.6
/srv/shared_leopard_toad/2025/Documents/06.10-13.10.2025/4Z/102MEDIA/DSCF0389.JPG,DSCF0389.JPG,4Z/102MEDIA,0,Other_Amphibian,0.3155,2686.2,2428.1,2818.7,2560.6
/srv/shared_leopard_toad/2025/Documents/06.10-13.10.2025/4Z/102MEDIA/DSCF0198.JPG,DSCF0198.JPG,4Z/102MEDIA,0,Other_Amphibian,0.2603,2692.2,2427.7,2821.8,2560.4
/srv/shared_leopard_toad/2025/Documents/06.10-13.10.2025/4Z/102MEDIA/DSCF0198.JPG,DSCF0198.JPG,4Z/102MEDIA,0,Other_Amphibian,0.2125,2681.7,2425.3,2811.3,2565.2
/srv/shared_leopard_toad/2025/Documents/06.10-13.10.2025/4Z/102MEDIA/DSCF0198.JPG,DSCF0198.JPG,4Z/102MEDIA,0,Other_Amphibian,0.2033,2631.8,2246.0,2782.8,2411.4
/srv/shared_leopard_toad/2025/Documents/06.10-13.10.2025/4Z/102MEDIA/DSCF0379.JPG,DSCF0379.JPG,4Z/102MEDIA,0,Other_Amphibian,0.3098,2636.1,2243.1,2783.9,2408.3
/srv/shared_leopard_toad/2025/Documents/06.10-13.10.2025/4Z/102MEDIA/DSCF0379.JPG,DSCF0379.JPG,4Z/102MEDIA,0,Other_Amphibian,0.2687,2692.6,2428.4,2821.5,2558.3
/srv/shared_leopard_toad/2025/Documents/06.10-13.10.2025/4Z/102MEDIA/DSCF0395.JPG,DSCF0395.JPG,4Z/102MEDIA,0,Other_Amphibian,0.8260,2812.7,2252.9,3052.6,2563.2
/srv/shared_leopard_toad/2025/Documents/06.10-13.10.2025/4Z/102MEDIA/DSCF0011.JPG,DSCF0011.JPG,4Z/102MEDIA,0,Other_Amphibian,0.3202,2691.3,2427.6,2823.2,2560.1
/srv/shared_leopard_toad/2025/Documents/06.10-13.10.2025/4Z/102MEDIA/DSCF0011.JPG,DSCF0011.JPG,4Z/102MEDIA,0,Other_Amphibian,0.2741,2683.4,2425.9,2815.8,2565.0
/srv/shared_leopard_toad/2025/Documents/06.10-13.10.2025/4Z/102MEDIA/DSCF0011.JPG,DSCF0011.JPG,4Z/102MEDIA,0,Other_Amphibian,0.2410,2638.4,2244.7,2784.4,2410.4
/srv/shared_leopard_toad/2025/Documents/06.10-13.10.2025/4Z/102MEDIA/DSCF0570.JPG,DSCF0570.JPG,4Z/102MEDIA,0,Other_Amphibian,0.5005,2629.2,2242.4,2786.7,2408.4
/srv/shared_leopard_toad/2025/Documents/06.10-13.10.2025/4Z/102MEDIA/DSCF0785.JPG,DSCF0785.JPG,4Z/102MEDIA,0,Other_Amphibian,0.2548,807.9,1842.7,930.8,1989.2
/srv/shared_leopard_toad/2025/Documents/06.10-13.10.2025/4Z/102MEDIA/DSCF0073.JPG,DSCF0073.JPG,4Z/102MEDIA,0,Other_Amphibian,0.4119,2691.9,2428.0,2822.7,2556.6
/srv/shared_leopard_toad/2025/Documents/06.10-13.10.2025/4Z/102MEDIA/DSCF0073.JPG,DSCF0073.JPG,4Z/102MEDIA,0,Other_Amphibian,0.2902,2684.9,2427.7,2815.6,2559.4
/srv/shared_leopard_toad/2025/Documents/06.10-13.10.2025/4Z/102MEDIA/DSCF0073.JPG,DSCF0073.JPG,4Z/102MEDIA,0,Other_Amphibian,0.2579,2634.5,2245.6,2783.7,2410.6
/srv/shared_leopard_toad/2025/Documents/06.10-13.10.2025/4Z/102MEDIA/DSCF0183.JPG,DSCF0183.JPG,4Z/102MEDIA,0,Other_Amphibian,0.3256,2688.7,2428.2,2818.4,2559.1
/srv/shared_leopard_toad/2025/Documents/06.10-13.10.2025/4Z/102MEDIA/DSCF0183.JPG,DSCF0183.JPG,4Z/102MEDIA,0,Other_Amphibian,0.2423,2677.0,2425.2,2807.4,2561.3
/srv/shared_leopard_toad/2025/Documents/06.10-13.10.2025/4Z/102MEDIA/DSCF0687.JPG,DSCF0687.JPG,4Z/102MEDIA,0,Other_Amphibian,0.3052,2631.2,2244.6,2789.7,2412.9
/srv/shared_leopard_toad/2025/Documents/06.10-13.10.2025/4Z/102MEDIA/DSCF0687.JPG,DSCF0687.JPG,4Z/102MEDIA,0,Other_Amphibian,0.2092,2713.7,2428.4,2833.8,2555.1
/srv/shared_leopard_toad/2025/Documents/06.10-13.10.2025/4Z/102MEDIA/DSCF0894.JPG,DSCF0894.JPG,4Z/102MEDIA,0,Other_Amphibian,0.2966,2694.0,2423.3,2823.2,2558.3
/srv/shared_leopard_toad/2025/Documents/06.10-13.10.2025/4Z/102MEDIA/DSCF0370.JPG,DSCF0370.JPG,4Z/102MEDIA,0,Other_Amphibian,0.3118,2691.6,2428.4,2822.2,2559.0
/srv/shared_leopard_toad/2025/Documents/06.10-13.10.2025/4Z/102MEDIA/DSCF0370.JPG,DSCF0370.JPG,4Z/102MEDIA,0,Other_Amphibian,0.2507,2634.6,2244.3,2786.2,2410.7
/srv/shared_leopard_toad/2025/Documents/06.10-13.10.2025/4Z/102MEDIA/DSCF0370.JPG,DSCF0370.JPG,4Z/102MEDIA,0,Other_Amphibian,0.2324,2683.4,2427.4,2815.1,2563.0
/srv/shared_leopard_toad/2025/Documents/06.10-13.10.2025/4Z/102MEDIA/DSCF0289.JPG,DSCF0289.JPG,4Z/102MEDIA,0,Other_Amphibian,0.3281,2685.5,2429.3,2821.1,2559.1
/srv/shared_leopard_toad/2025/Documents/06.10-13.10.2025/4Z/102MEDIA/DSCF0289.JPG,DSCF0289.JPG,4Z/102MEDIA,0,Other_Amphibian,0.2988,2682.0,2427.1,2816.0,2563.1
/srv/shared_leopard_toad/2025/Documents/06.10-13.10.2025/4Z/102MEDIA/DSCF0289.JPG,DSCF0289.JPG,4Z/102MEDIA,0,Other_Amphibian,0.2705,2635.7,2243.8,2784.3,2409.1
/srv/shared_leopard_toad/2025/Documents/06.10-13.10.2025/4Z/102MEDIA/DSCF0718.JPG,DSCF0718.JPG,4Z/102MEDIA,0,Other_Amphibian,0.2673,2719.6,2429.4,2836.6,2553.9
/srv/shared_leopard_toad/2025/Documents/06.10-13.10.2025/4Z/102MEDIA/DSCF0718.JPG,DSCF0718.JPG,4Z/102MEDIA,0,Other_Amphibian,0.2508,2629.6,2244.4,2783.9,2412.2
/srv/shared_leopard_toad/2025/Documents/06.10-13.10.2025/4Z/102MEDIA/DSCF0718.JPG,DSCF0718.JPG,4Z/102MEDIA,0,Other_Amphibian,0.2116,2713.7,2428.5,2838.4,2562.3
/srv/shared_leopard_toad/2025/Documents/06.10-13.10.2025/4Z/102MEDIA/DSCF0017.JPG,DSCF0017.JPG,4Z/102MEDIA,0,Other_Amphibian,0.2824,2690.3,2429.0,2821.5,2560.9
/srv/shared_leopard_toad/2025/Documents/06.10-13.10.2025/4Z/102MEDIA/DSCF0017.JPG,DSCF0017.JPG,4Z/102MEDIA,0,Other_Amphibian,0.2282,2632.4,2245.4,2785.7,2411.5
/srv/shared_leopard_toad/2025/Documents/06.10-13.10.2025/4Z/102MEDIA/DSCF0017.JPG,DSCF0017.JPG,4Z/102MEDIA,0,Other_Amphibian,0.2254,2679.1,2426.6,2811.1,2563.3
/srv/shared_leopard_toad/2025/Documents/06.10-13.10.2025/4Z/102MEDIA/DSCF0726.JPG,DSCF0726.JPG,4Z/102MEDIA,0,Other_Amphibian,0.3328,2634.9,2240.6,2786.1,2409.9
/srv/shared_leopard_toad/2025/Documents/06.10-13.10.2025/4Z/102MEDIA/DSCF0783.JPG,DSCF0783.JPG,4Z/102MEDIA,0,Other_Amphibian,0.3555,810.3,1840.3,933.0,2008.4
/srv/shared_leopard_toad/2025/Documents/06.10-13.10.2025/4Z/102MEDIA/DSCF0440.JPG,DSCF0440.JPG,4Z/102MEDIA,0,Other_Amphibian,0.2307,2711.1,2427.3,2834.8,2562.6
/srv/shared_leopard_toad/2025/Documents/06.10-13.10.2025/4Z/102MEDIA/DSCF0440.JPG,DSCF0440.JPG,4Z/102MEDIA,0,Other_Amphibian,0.2282,2717.1,2429.6,2834.9,2554.1
/srv/shared_leopard_toad/2025/Documents/06.10-13.10.2025/4Z/102MEDIA/DSCF0440.JPG,DSCF0440.JPG,4Z/102MEDIA,0,Other_Amphibian,0.2178,2643.3,2244.5,2783.0,2408.7
/srv/shared_leopard_toad/2025/Documents/06.10-13.10.2025/4Z/102MEDIA/DSCF0703.JPG,DSCF0703.JPG,4Z/102MEDIA,0,Other_Amphibian,0.2489,2716.0,2429.5,2835.5,2554.7
/srv/shared_leopard_toad/2025/Documents/06.10-13.10.2025/4Z/102MEDIA/DSCF0703.JPG,DSCF0703.JPG,4Z/102MEDIA,0,Other_Amphibian,0.2236,2710.8,2428.1,2837.5,2562.7
/srv/shared_leopard_toad/2025/Documents/06.10-13.10.2025/4Z/102MEDIA/DSCF0779.JPG,DSCF0779.JPG,4Z/102MEDIA,0,Other_Amphibian,0.2961,810.8,1844.2,933.1,2028.8
/srv/shared_leopard_toad/2025/Documents/06.10-13.10.2025/4Z/102MEDIA/DSCF0881.JPG,DSCF0881.JPG,4Z/102MEDIA,0,Other_Amphibian,0.2811,2692.9,2423.8,2824.6,2557.7
/srv/shared_leopard_toad/2025/Documents/06.10-13.10.2025/4Z/102MEDIA/DSCF0075.JPG,DSCF0075.JPG,4Z/102MEDIA,0,Other_Amphibian,0.3076,2635.8,2243.4,2786.7,2408.4
/srv/shared_leopard_toad/2025/Documents/06.10-13.10.2025/4Z/102MEDIA/DSCF0075.JPG,DSCF0075.JPG,4Z/102MEDIA,0,Other_Amphibian,0.3053,2689.5,2429.1,2822.5,2559.8
/srv/shared_leopard_toad/2025/Documents/06.10-13.10.2025/4Z/102MEDIA/DSCF0075.JPG,DSCF0075.JPG,4Z/102MEDIA,0,Other_Amphibian,0.2388,2678.6,2427.6,2812.8,2563.6
/srv/shared_leopard_toad/2025/Documents/06.10-13.10.2025/4Z/102MEDIA/DSCF0571.JPG,DSCF0571.JPG,4Z/102MEDIA,0,Other_Amphibian,0.5435,2635.0,2239.4,2783.4,2406.8
/srv/shared_leopard_toad/2025/Documents/06.10-13.10.2025/4Z/102MEDIA/DSCF0958.JPG,DSCF0958.JPG,4Z/102MEDIA,0,Other_Amphibian,0.2034,2689.8,2425.5,2821.7,2557.3
/srv/shared_leopard_toad/2025/Documents/06.10-13.10.2025/4Z/102MEDIA/DSCF0375.JPG,DSCF0375.JPG,4Z/102MEDIA,0,Other_Amphibian,0.2255,2632.6,2246.2,2784.3,2411.2
/srv/shared_leopard_toad/2025/Documents/06.10-13.10.2025/4Z/102MEDIA/DSCF0929.JPG,DSCF0929.JPG,4Z/102MEDIA,0,Other_Amphibian,0.2012,2693.0,2423.5,2820.3,2556.1
/srv/shared_leopard_toad/2025/Documents/06.10-13.10.2025/4Z/102MEDIA/DSCF0337.JPG,DSCF0337.JPG,4Z/102MEDIA,0,Other_Amphibian,0.3320,2686.5,2428.6,2822.3,2561.0
/srv/shared_leopard_toad/2025/Documents/06.10-13.10.2025/4Z/102MEDIA/DSCF0337.JPG,DSCF0337.JPG,4Z/102MEDIA,0,Other_Amphibian,0.3243,2686.2,2426.6,2821.3,2566.5
/srv/shared_leopard_toad/2025/Documents/06.10-13.10.2025/4Z/102MEDIA/DSCF0337.JPG,DSCF0337.JPG,4Z/102MEDIA,0,Other_Amphibian,0.2117,2639.6,2246.7,2783.9,2410.4
/srv/shared_leopard_toad/2025/Documents/06.10-13.10.2025/4Z/102MEDIA/DSCF0639.JPG,DSCF0639.JPG,4Z/102MEDIA,0,Other_Amphibian,0.3211,2717.2,2429.1,2833.2,2554.4
/srv/shared_leopard_toad/2025/Documents/06.10-13.10.2025/4Z/102MEDIA/DSCF0639.JPG,DSCF0639.JPG,4Z/102MEDIA,0,Other_Amphibian,0.2382,2633.8,2244.4,2784.9,2411.2
/srv/shared_leopard_toad/2025/Documents/06.10-13.10.2025/4Z/102MEDIA/DSCF0639.JPG,DSCF0639.JPG,4Z/102MEDIA,0,Other_Amphibian,0.2101,2712.8,2427.8,2833.5,2560.0
/srv/shared_leopard_toad/2025/Documents/06.10-13.10.2025/4Z/102MEDIA/DSCF0104.JPG,DSCF0104.JPG,4Z/102MEDIA,0,Other_Amphibian,0.2458,2637.7,2243.8,2783.1,2408.2
/srv/shared_leopard_toad/2025/Documents/06.10-13.10.2025/4Z/102MEDIA/DSCF0104.JPG,DSCF0104.JPG,4Z/102MEDIA,0,Other_Amphibian,0.2255,2681.7,2425.0,2809.6,2570.8
/srv/shared_leopard_toad/2025/Documents/06.10-13.10.2025/4Z/102MEDIA/DSCF0104.JPG,DSCF0104.JPG,4Z/102MEDIA,0,Other_Amphibian,0.2010,2692.2,2428.2,2821.6,2563.0
/srv/shared_leopard_toad/2025/Documents/06.10-13.10.2025/4Z/102MEDIA/DSCF0316.JPG,DSCF0316.JPG,4Z/102MEDIA,0,Other_Amphibian,0.2723,2688.8,2428.7,2822.5,2559.9
/srv/shared_leopard_toad/2025/Documents/06.10-13.10.2025/4Z/102MEDIA/DSCF0316.JPG,DSCF0316.JPG,4Z/102MEDIA,0,Other_Amphibian,0.2330,2681.3,2427.5,2813.9,2564.8
/srv/shared_leopard_toad/2025/Documents/06.10-13.10.2025/4Z/102MEDIA/DSCF0043.JPG,DSCF0043.JPG,4Z/102MEDIA,0,Other_Amphibian,0.3423,2693.4,2428.9,2820.3,2555.3
/srv/shared_leopard_toad/2025/Documents/06.10-13.10.2025/4Z/102MEDIA/DSCF0043.JPG,DSCF0043.JPG,4Z/102MEDIA,0,Other_Amphibian,0.3291,2630.5,2242.5,2788.1,2411.4
/srv/shared_leopard_toad/2025/Documents/06.10-13.10.2025/4Z/102MEDIA/DSCF0275.JPG,DSCF0275.JPG,4Z/102MEDIA,0,Other_Amphibian,0.3431,2633.0,2243.6,2783.4,2408.8
/srv/shared_leopard_toad/2025/Documents/06.10-13.10.2025/4Z/102MEDIA/DSCF0275.JPG,DSCF0275.JPG,4Z/102MEDIA,0,Other_Amphibian,0.2898,2691.7,2428.8,2821.8,2560.6
/srv/shared_leopard_toad/2025/Documents/06.10-13.10.2025/4Z/102MEDIA/DSCF0275.JPG,DSCF0275.JPG,4Z/102MEDIA,0,Other_Amphibian,0.2352,2681.6,2427.2,2812.8,2565.1
/srv/shared_leopard_toad/2025/Documents/06.10-13.10.2025/4Z/102MEDIA/DSCF0245.JPG,DSCF0245.JPG,4Z/102MEDIA,0,Other_Amphibian,0.3313,2689.6,2429.0,2821.3,2559.4
/srv/shared_leopard_toad/2025/Documents/06.10-13.10.2025/4Z/102MEDIA/DSCF0245.JPG,DSCF0245.JPG,4Z/102MEDIA,0,Other_Amphibian,0.3044,2633.8,2242.8,2787.8,2410.6
/srv/shared_leopard_toad/2025/Documents/06.10-13.10.2025/4Z/102MEDIA/DSCF0245.JPG,DSCF0245.JPG,4Z/102MEDIA,0,Other_Amphibian,0.2421,2679.9,2427.0,2812.3,2563.4
/srv/shared_leopard_toad/2025/Documents/06.10-13.10.2025/4Z/102MEDIA/DSCF0603.JPG,DSCF0603.JPG,4Z/102MEDIA,0,Other_Amphibian,0.4811,2626.7,2242.7,2785.9,2407.8
/srv/shared_leopard_toad/2025/Documents/06.10-13.10.2025/4Z/102MEDIA/DSCF0603.JPG,DSCF0603.JPG,4Z/102MEDIA,0,Other_Amphibian,0.2310,2713.5,2428.4,2833.2,2556.1
/srv/shared_leopard_toad/2025/Documents/06.10-13.10.2025/4Z/102MEDIA/DSCF0492.JPG,DSCF0492.JPG,4Z/102MEDIA,0,Other_Amphibian,0.4085,2632.2,2242.1,2787.8,2409.5
/srv/shared_leopard_toad/2025/Documents/06.10-13.10.2025/4Z/102MEDIA/DSCF0492.JPG,DSCF0492.JPG,4Z/102MEDIA,0,Other_Amphibian,0.2580,2716.1,2428.6,2831.5,2554.9
/srv/shared_leopard_toad/2025/Documents/06.10-13.10.2025/4Z/102MEDIA/DSCF0530.JPG,DSCF0530.JPG,4Z/102MEDIA,0,Other_Amphibian,0.2961,2717.1,2428.6,2833.8,2551.9
/srv/shared_leopard_toad/2025/Documents/06.10-13.10.2025/4Z/102MEDIA/DSCF0530.JPG,DSCF0530.JPG,4Z/102MEDIA,0,Other_Amphibian,0.2604,2633.3,2243.6,2786.3,2411.7
/srv/shared_leopard_toad/2025/Documents/06.10-13.10.2025/4Z/102MEDIA/DSCF0530.JPG,DSCF0530.JPG,4Z/102MEDIA,0,Other_Amphibian,0.2249,2712.7,2427.2,2834.1,2560.5
/srv/shared_leopard_toad/2025/Documents/06.10-13.10.2025/4Z/102MEDIA/DSCF0654.JPG,DSCF0654.JPG,4Z/102MEDIA,0,Other_Amphibian,0.3349,2705.9,2428.3,2832.1,2554.7
/srv/shared_leopard_toad/2025/Documents/06.10-13.10.2025/4Z/102MEDIA/DSCF0654.JPG,DSCF0654.JPG,4Z/102MEDIA,0,Other_Amphibian,0.2984,2704.5,2426.4,2834.6,2560.7
/srv/shared_leopard_toad/2025/Documents/06.10-13.10.2025/4Z/102MEDIA/DSCF0654.JPG,DSCF0654.JPG,4Z/102MEDIA,0,Other_Amphibian,0.2359,2633.2,2244.6,2787.5,2411.6
/srv/shared_leopard_toad/2025/Documents/06.10-13.10.2025/4Z/102MEDIA/DSCF0887.JPG,DSCF0887.JPG,4Z/102MEDIA,0,Other_Amphibian,0.2724,2694.7,2424.9,2821.1,2559.3
/srv/shared_leopard_toad/2025/Documents/06.10-13.10.2025/4Z/102MEDIA/DSCF0887.JPG,DSCF0887.JPG,4Z/102MEDIA,0,Other_Amphibian,0.2369,3186.3,2083.2,3341.2,2221.2
/srv/shared_leopard_toad/2025/Documents/06.10-13.10.2025/4Z/102MEDIA/DSCF0521.JPG,DSCF0521.JPG,4Z/102MEDIA,0,Other_Amphibian,0.2917,2711.6,2428.2,2831.8,2557.3
/srv/shared_leopard_toad/2025/Documents/06.10-13.10.2025/4Z/102MEDIA/DSCF0521.JPG,DSCF0521.JPG,4Z/102MEDIA,0,Other_Amphibian,0.2778,2628.2,2243.2,2784.9,2412.8
/srv/shared_leopard_toad/2025/Documents/06.10-13.10.2025/4Z/102MEDIA/DSCF0521.JPG,DSCF0521.JPG,4Z/102MEDIA,0,Other_Amphibian,0.2518,2704.0,2426.7,2829.0,2568.4
/srv/shared_leopard_toad/2025/Documents/06.10-13.10.2025/4Z/102MEDIA/DSCF0132.JPG,DSCF0132.JPG,4Z/102MEDIA,0,Other_Amphibian,0.2790,2693.4,2428.3,2824.7,2559.7
/srv/shared_leopard_toad/2025/Documents/06.10-13.10.2025/4Z/102MEDIA/DSCF0132.JPG,DSCF0132.JPG,4Z/102MEDIA,0,Other_Amphibian,0.2235,2681.8,2426.6,2814.6,2562.4
/srv/shared_leopard_toad/2025/Documents/06.10-13.10.2025/4Z/102MEDIA/DSCF0132.JPG,DSCF0132.JPG,4Z/102MEDIA,0,Other_Amphibian,0.2158,2640.4,2244.6,2784.8,2408.6
/srv/shared_leopard_toad/2025/Documents/06.10-13.10.2025/4Z/102MEDIA/DSCF0457.JPG,DSCF0457.JPG,4Z/102MEDIA,0,Other_Amphibian,0.3723,2631.6,2243.8,2788.5,2409.8
/srv/shared_leopard_toad/2025/Documents/06.10-13.10.2025/4Z/102MEDIA/DSCF0126.JPG,DSCF0126.JPG,4Z/102MEDIA,0,Other_Amphibian,0.3317,2691.0,2429.1,2822.3,2558.8
/srv/shared_leopard_toad/2025/Documents/06.10-13.10.2025/4Z/102MEDIA/DSCF0126.JPG,DSCF0126.JPG,4Z/102MEDIA,0,Other_Amphibian,0.3026,2684.1,2427.1,2813.3,2563.2
/srv/shared_leopard_toad/2025/Documents/06.10-13.10.2025/4Z/102MEDIA/DSCF0126.JPG,DSCF0126.JPG,4Z/102MEDIA,0,Other_Amphibian,0.2319,2631.2,2244.1,2782.5,2412.0
/srv/shared_leopard_toad/2025/Documents/06.10-13.10.2025/4Z/102MEDIA/DSCF0456.JPG,DSCF0456.JPG,4Z/102MEDIA,0,Other_Amphibian,0.3427,2711.3,2430.1,2834.1,2555.9
/srv/shared_leopard_toad/2025/Documents/06.10-13.10.2025/4Z/102MEDIA/DSCF0456.JPG,DSCF0456.JPG,4Z/102MEDIA,0,Other_Amphibian,0.3310,2711.7,2428.1,2837.1,2562.1
/srv/shared_leopard_toad/2025/Documents/06.10-13.10.2025/4Z/102MEDIA/DSCF0456.JPG,DSCF0456.JPG,4Z/102MEDIA,0,Other_Amphibian,0.2960,2636.3,2243.5,2786.9,2409.9
/srv/shared_leopard_toad/2025/Documents/06.10-13.10.2025/4Z/102MEDIA/DSCF0954.JPG,DSCF0954.JPG,4Z/102MEDIA,0,Other_Amphibian,0.2426,2691.1,2424.0,2822.7,2559.2
/srv/shared_leopard_toad/2025/Documents/06.10-13.10.2025/4Z/102MEDIA/DSCF0799.JPG,DSCF0799.JPG,4Z/102MEDIA,0,Other_Amphibian,0.4097,810.8,1843.2,934.9,2006.2
/srv/shared_leopard_toad/2025/Documents/06.10-13.10.2025/4Z/102MEDIA/DSCF0249.JPG,DSCF0249.JPG,4Z/102MEDIA,0,Other_Amphibian,0.3348,2634.4,2244.0,2780.7,2406.1
/srv/shared_leopard_toad/2025/Documents/06.10-13.10.2025/4Z/102MEDIA/DSCF0093.JPG,DSCF0093.JPG,4Z/102MEDIA,0,Other_Amphibian,0.3532,2628.6,2245.1,2784.3,2409.3
/srv/shared_leopard_toad/2025/Documents/06.10-13.10.2025/4Z/102MEDIA/DSCF0093.JPG,DSCF0093.JPG,4Z/102MEDIA,0,Other_Amphibian,0.2764,2694.4,2428.1,2823.3,2556.8
/srv/shared_leopard_toad/2025/Documents/06.10-13.10.2025/4Z/102MEDIA/DSCF0355.JPG,DSCF0355.JPG,4Z/102MEDIA,0,Other_Amphibian,0.3670,2691.4,2427.3,2824.8,2558.3
/srv/shared_leopard_toad/2025/Documents/06.10-13.10.2025/4Z/102MEDIA/DSCF0355.JPG,DSCF0355.JPG,4Z/102MEDIA,0,Other_Amphibian,0.2978,2683.2,2427.3,2814.5,2561.6
/srv/shared_leopard_toad/2025/Documents/06.10-13.10.2025/4Z/102MEDIA/DSCF0083.JPG,DSCF0083.JPG,4Z/102MEDIA,0,Other_Amphibian,0.2898,2691.8,2427.9,2825.5,2560.5
/srv/shared_leopard_toad/2025/Documents/06.10-13.10.2025/4Z/102MEDIA/DSCF0083.JPG,DSCF0083.JPG,4Z/102MEDIA,0,Other_Amphibian,0.2402,2681.9,2426.9,2816.2,2564.3
/srv/shared_leopard_toad/2025/Documents/06.10-13.10.2025/4Z/102MEDIA/DSCF0682.JPG,DSCF0682.JPG,4Z/102MEDIA,0,Other_Amphibian,0.3136,2710.0,2428.5,2830.1,2554.1
/srv/shared_leopard_toad/2025/Documents/06.10-13.10.2025/4Z/102MEDIA/DSCF0682.JPG,DSCF0682.JPG,4Z/102MEDIA,0,Other_Amphibian,0.2333,2633.8,2244.1,2785.7,2411.9
/srv/shared_leopard_toad/2025/Documents/06.10-13.10.2025/4Z/102MEDIA/DSCF0535.JPG,DSCF0535.JPG,4Z/102MEDIA,0,Other_Amphibian,0.2660,2637.5,2243.4,2787.6,2410.8
/srv/shared_leopard_toad/2025/Documents/06.10-13.10.2025/4Z/102MEDIA/DSCF0535.JPG,DSCF0535.JPG,4Z/102MEDIA,0,Other_Amphibian,0.2574,2713.0,2429.3,2832.5,2553.9
/srv/shared_leopard_toad/2025/Documents/06.10-13.10.2025/4Z/102MEDIA/DSCF0535.JPG,DSCF0535.JPG,4Z/102MEDIA,0,Other_Amphibian,0.2300,2707.6,2427.6,2833.5,2560.2
/srv/shared_leopard_toad/2025/Documents/06.10-13.10.2025/4Z/102MEDIA/DSCF0285.JPG,DSCF0285.JPG,4Z/102MEDIA,0,Other_Amphibian,0.3755,2638.2,2244.0,2785.3,2408.0
/srv/shared_leopard_toad/2025/Documents/06.10-13.10.2025/4Z/102MEDIA/DSCF0787.JPG,DSCF0787.JPG,4Z/102MEDIA,0,Other_Amphibian,0.3300,809.4,1839.5,929.5,1989.8
/srv/shared_leopard_toad/2025/Documents/06.10-13.10.2025/4Z/102MEDIA/DSCF0787.JPG,DSCF0787.JPG,4Z/102MEDIA,2,Western_Leopard_Toad,0.2441,3630.4,1661.9,3936.1,1939.6
/srv/shared_leopard_toad/2025/Documents/06.10-13.10.2025/4Z/102MEDIA/DSCF0756.JPG,DSCF0756.JPG,4Z/102MEDIA,2,Western_Leopard_Toad,0.3118,5044.3,2.3,5374.5,325.7
/srv/shared_leopard_toad/2025/Documents/06.10-13.10.2025/4Z/102MEDIA/DSCF0199.JPG,DSCF0199.JPG,4Z/102MEDIA,0,Other_Amphibian,0.2465,2641.5,2243.4,2786.8,2410.2
/srv/shared_leopard_toad/2025/Documents/06.10-13.10.2025/4Z/102MEDIA/DSCF0517.JPG,DSCF0517.JPG,4Z/102MEDIA,0,Other_Amphibian,0.2391,2715.9,2428.8,2833.7,2554.2
/srv/shared_leopard_toad/2025/Documents/06.10-13.10.2025/4Z/102MEDIA/DSCF0517.JPG,DSCF0517.JPG,4Z/102MEDIA,0,Other_Amphibian,0.2150,2707.9,2427.0,2833.0,2562.9
/srv/shared_leopard_toad/2025/Documents/06.10-13.10.2025/4Z/102MEDIA/DSCF0281.JPG,DSCF0281.JPG,4Z/102MEDIA,0,Other_Amphibian,0.3686,2688.2,2428.4,2824.1,2559.8
/srv/shared_leopard_toad/2025/Documents/06.10-13.10.2025/4Z/102MEDIA/DSCF0281.JPG,DSCF0281.JPG,4Z/102MEDIA,0,Other_Amphibian,0.3441,2685.6,2426.7,2820.9,2564.0
/srv/shared_leopard_toad/2025/Documents/06.10-13.10.2025/4Z/102MEDIA/DSCF0614.JPG,DSCF0614.JPG,4Z/102MEDIA,0,Other_Amphibian,0.2590,2701.9,2426.0,2829.4,2570.2
/srv/shared_leopard_toad/2025/Documents/06.10-13.10.2025/4Z/102MEDIA/DSCF0614.JPG,DSCF0614.JPG,4Z/102MEDIA,0,Other_Amphibian,0.2197,2706.0,2428.5,2831.1,2558.9
/srv/shared_leopard_toad/2025/Documents/06.10-13.10.2025/4Z/102MEDIA/DSCF0614.JPG,DSCF0614.JPG,4Z/102MEDIA,0,Other_Amphibian,0.2097,2635.4,2245.2,2785.6,2412.6
/srv/shared_leopard_toad/2025/Documents/06.10-13.10.2025/4Z/102MEDIA/DSCF0674.JPG,DSCF0674.JPG,4Z/102MEDIA,0,Other_Amphibian,0.3499,2712.4,2429.5,2832.0,2552.3
/srv/shared_leopard_toad/2025/Documents/06.10-13.10.2025/4Z/102MEDIA/DSCF0674.JPG,DSCF0674.JPG,4Z/102MEDIA,0,Other_Amphibian,0.2654,2709.7,2428.1,2834.4,2557.8
/srv/shared_leopard_toad/2025/Documents/06.10-13.10.2025/4Z/102MEDIA/DSCF0674.JPG,DSCF0674.JPG,4Z/102MEDIA,0,Other_Amphibian,0.2486,2637.6,2243.8,2786.4,2410.9
/srv/shared_leopard_toad/2025/Documents/06.10-13.10.2025/4Z/102MEDIA/DSCF0597.JPG,DSCF0597.JPG,4Z/102MEDIA,0,Other_Amphibian,0.4409,2634.4,2241.4,2785.2,2409.6
/srv/shared_leopard_toad/2025/Documents/06.10-13.10.2025/4Z/102MEDIA/DSCF0597.JPG,DSCF0597.JPG,4Z/102MEDIA,0,Other_Amphibian,0.2539,2715.7,2429.1,2832.4,2558.3
/srv/shared_leopard_toad/2025/Documents/06.10-13.10.2025/4Z/102MEDIA/DSCF0120.JPG,DSCF0120.JPG,4Z/102MEDIA,0,Other_Amphibian,0.3109,2689.0,2429.1,2823.6,2559.4
/srv/shared_leopard_toad/2025/Documents/06.10-13.10.2025/4Z/102MEDIA/DSCF0120.JPG,DSCF0120.JPG,4Z/102MEDIA,0,Other_Amphibian,0.2957,2680.3,2426.8,2815.2,2564.3
/srv/shared_leopard_toad/2025/Documents/06.10-13.10.2025/4Z/102MEDIA/DSCF0120.JPG,DSCF0120.JPG,4Z/102MEDIA,0,Other_Amphibian,0.2765,2629.2,2244.9,2783.8,2413.6
/srv/shared_leopard_toad/2025/Documents/06.10-13.10.2025/4Z/102MEDIA/DSCF0715.JPG,DSCF0715.JPG,4Z/102MEDIA,0,Other_Amphibian,0.2909,2636.8,2242.3,2788.7,2410.5
/srv/shared_leopard_toad/2025/Documents/06.10-13.10.2025/4Z/102MEDIA/DSCF0715.JPG,DSCF0715.JPG,4Z/102MEDIA,0,Other_Amphibian,0.2071,2714.0,2428.7,2833.6,2554.2
/srv/shared_leopard_toad/2025/Documents/06.10-13.10.2025/4Z/102MEDIA/DSCF0364.JPG,DSCF0364.JPG,4Z/102MEDIA,0,Other_Amphibian,0.8243,2269.6,1013.5,2561.8,1277.0
/srv/shared_leopard_toad/2025/Documents/06.10-13.10.2025/4Z/102MEDIA/DSCF0673.JPG,DSCF0673.JPG,4Z/102MEDIA,0,Other_Amphibian,0.3584,2710.4,2428.7,2830.6,2553.1
/srv/shared_leopard_toad/2025/Documents/06.10-13.10.2025/4Z/102MEDIA/DSCF0673.JPG,DSCF0673.JPG,4Z/102MEDIA,0,Other_Amphibian,0.2476,2705.3,2427.7,2828.0,2557.7
/srv/shared_leopard_toad/2025/Documents/06.10-13.10.2025/4Z/102MEDIA/DSCF0673.JPG,DSCF0673.JPG,4Z/102MEDIA,0,Other_Amphibian,0.2017,2638.8,2244.9,2786.2,2411.1
/srv/shared_leopard_toad/2025/Documents/06.10-13.10.2025/4Z/102MEDIA/DSCF0255.JPG,DSCF0255.JPG,4Z/102MEDIA,0,Other_Amphibian,0.3221,2633.9,2245.7,2789.7,2411.3
/srv/shared_leopard_toad/2025/Documents/06.10-13.10.2025/4Z/102MEDIA/DSCF0255.JPG,DSCF0255.JPG,4Z/102MEDIA,0,Other_Amphibian,0.2932,2691.7,2428.5,2821.8,2558.2
/srv/shared_leopard_toad/2025/Documents/06.10-13.10.2025/4Z/102MEDIA/DSCF0255.JPG,DSCF0255.JPG,4Z/102MEDIA,0,Other_Amphibian,0.2299,2680.5,2426.1,2811.4,2562.5
/srv/shared_leopard_toad/2025/Documents/06.10-13.10.2025/4Z/102MEDIA/DSCF0477.JPG,DSCF0477.JPG,4Z/102MEDIA,0,Other_Amphibian,0.4065,2631.4,2242.0,2785.5,2408.7
/srv/shared_leopard_toad/2025/Documents/06.10-13.10.2025/4Z/102MEDIA/DSCF0477.JPG,DSCF0477.JPG,4Z/102MEDIA,0,Other_Amphibian,0.3112,2714.4,2428.2,2831.6,2554.9
/srv/shared_leopard_toad/2025/Documents/06.10-13.10.2025/4Z/102MEDIA/DSCF0166.JPG,DSCF0166.JPG,4Z/102MEDIA,0,Other_Amphibian,0.3339,2692.4,2428.4,2821.2,2559.8
/srv/shared_leopard_toad/2025/Documents/06.10-13.10.2025/4Z/102MEDIA/DSCF0166.JPG,DSCF0166.JPG,4Z/102MEDIA,0,Other_Amphibian,0.2704,2683.1,2426.7,2813.1,2565.6
/srv/shared_leopard_toad/2025/Documents/06.10-13.10.2025/4Z/102MEDIA/DSCF0166.JPG,DSCF0166.JPG,4Z/102MEDIA,0,Other_Amphibian,0.2037,2640.5,2245.5,2784.3,2412.3
/srv/shared_leopard_toad/2025/Documents/06.10-13.10.2025/4Z/102MEDIA/DSCF0441.JPG,DSCF0441.JPG,4Z/102MEDIA,0,Other_Amphibian,0.3318,2635.8,2243.1,2787.4,2409.5
/srv/shared_leopard_toad/2025/Documents/06.10-13.10.2025/4Z/102MEDIA/DSCF0441.JPG,DSCF0441.JPG,4Z/102MEDIA,0,Other_Amphibian,0.2780,2713.1,2429.7,2831.9,2553.6
/srv/shared_leopard_toad/2025/Documents/06.10-13.10.2025/4Z/102MEDIA/DSCF0810.JPG,DSCF0810.JPG,4Z/102MEDIA,2,Western_Leopard_Toad,0.4021,4705.8,1827.4,5080.0,2410.7
/srv/shared_leopard_toad/2025/Documents/06.10-13.10.2025/4Z/102MEDIA/DSCF0814.JPG,DSCF0814.JPG,4Z/102MEDIA,0,Other_Amphibian,0.5791,804.4,1830.0,937.7,2006.3
/srv/shared_leopard_toad/2025/Documents/06.10-13.10.2025/4Z/102MEDIA/DSCF0698.JPG,DSCF0698.JPG,4Z/102MEDIA,0,Other_Amphibian,0.4744,2632.1,2241.8,2786.8,2409.5
/srv/shared_leopard_toad/2025/Documents/06.10-13.10.2025/4Z/102MEDIA/DSCF0475.JPG,DSCF0475.JPG,4Z/102MEDIA,0,Other_Amphibian,0.5413,2623.0,2242.1,2787.7,2408.3
/srv/shared_leopard_toad/2025/Documents/06.10-13.10.2025/4Z/102MEDIA/DSCF0475.JPG,DSCF0475.JPG,4Z/102MEDIA,0,Other_Amphibian,0.2020,2716.3,2430.1,2837.0,2557.7
/srv/shared_leopard_toad/2025/Documents/06.10-13.10.2025/4Z/102MEDIA/DSCF0219.JPG,DSCF0219.JPG,4Z/102MEDIA,0,Other_Amphibian,0.3204,2690.9,2428.4,2821.0,2558.8
/srv/shared_leopard_toad/2025/Documents/06.10-13.10.2025/4Z/102MEDIA/DSCF0219.JPG,DSCF0219.JPG,4Z/102MEDIA,0,Other_Amphibian,0.2251,2682.2,2426.6,2813.2,2563.3
/srv/shared_leopard_toad/2025/Documents/06.10-13.10.2025/4Z/102MEDIA/DSCF0480.JPG,DSCF0480.JPG,4Z/102MEDIA,0,Other_Amphibian,0.4036,2633.8,2241.6,2786.9,2410.5
/srv/shared_leopard_toad/2025/Documents/06.10-13.10.2025/4Z/102MEDIA/DSCF0480.JPG,DSCF0480.JPG,4Z/102MEDIA,0,Other_Amphibian,0.2301,2716.6,2429.8,2833.8,2555.8
/srv/shared_leopard_toad/2025/Documents/06.10-13.10.2025/4Z/102MEDIA/DSCF0330.JPG,DSCF0330.JPG,4Z/102MEDIA,0,Other_Amphibian,0.3515,2690.3,2428.8,2821.7,2557.8
/srv/shared_leopard_toad/2025/Documents/06.10-13.10.2025/4Z/102MEDIA/DSCF0330.JPG,DSCF0330.JPG,4Z/102MEDIA,0,Other_Amphibian,0.2864,2634.5,2243.4,2784.7,2409.6
/srv/shared_leopard_toad/2025/Documents/06.10-13.10.2025/4Z/102MEDIA/DSCF0330.JPG,DSCF0330.JPG,4Z/102MEDIA,0,Other_Amphibian,0.2647,2683.3,2427.2,2814.6,2560.7
/srv/shared_leopard_toad/2025/Documents/06.10-13.10.2025/4Z/102MEDIA/DSCF0428.JPG,DSCF0428.JPG,4Z/102MEDIA,0,Other_Amphibian,0.2915,2630.8,2244.2,2789.0,2412.1
/srv/shared_leopard_toad/2025/Documents/06.10-13.10.2025/4Z/102MEDIA/DSCF0428.JPG,DSCF0428.JPG,4Z/102MEDIA,0,Other_Amphibian,0.2490,2707.7,2426.7,2836.1,2566.3
/srv/shared_leopard_toad/2025/Documents/06.10-13.10.2025/4Z/102MEDIA/DSCF0428.JPG,DSCF0428.JPG,4Z/102MEDIA,0,Other_Amphibian,0.2455,2712.8,2428.8,2834.2,2557.3
/srv/shared_leopard_toad/2025/Documents/06.10-13.10.2025/4Z/102MEDIA/DSCF0749.JPG,DSCF0749.JPG,4Z/102MEDIA,2,Western_Leopard_Toad,0.2633,5043.3,3.3,5375.1,381.6
/srv/shared_leopard_toad/2025/Documents/06.10-13.10.2025/4Z/102MEDIA/DSCF0684.JPG,DSCF0684.JPG,4Z/102MEDIA,0,Other_Amphibian,0.3188,2634.2,2242.5,2786.0,2408.7
/srv/shared_leopard_toad/2025/Documents/06.10-13.10.2025/4Z/102MEDIA/DSCF0684.JPG,DSCF0684.JPG,4Z/102MEDIA,0,Other_Amphibian,0.2664,2713.8,2427.4,2831.1,2551.7
/srv/shared_leopard_toad/2025/Documents/06.10-13.10.2025/4Z/102MEDIA/DSCF0546.JPG,DSCF0546.JPG,4Z/102MEDIA,0,Other_Amphibian,0.3703,2625.0,2241.3,2785.2,2411.6
/srv/shared_leopard_toad/2025/Documents/06.10-13.10.2025/4Z/102MEDIA/DSCF0546.JPG,DSCF0546.JPG,4Z/102MEDIA,0,Other_Amphibian,0.2909,2717.1,2428.2,2834.7,2552.4
/srv/shared_leopard_toad/2025/Documents/06.10-13.10.2025/4Z/102MEDIA/DSCF0546.JPG,DSCF0546.JPG,4Z/102MEDIA,0,Other_Amphibian,0.2072,2708.7,2427.4,2832.2,2559.6
/srv/shared_leopard_toad/2025/Documents/06.10-13.10.2025/4Z/102MEDIA/DSCF0177.JPG,DSCF0177.JPG,4Z/102MEDIA,0,Other_Amphibian,0.3037,2688.9,2428.0,2821.4,2560.0
/srv/shared_leopard_toad/2025/Documents/06.10-13.10.2025/4Z/102MEDIA/DSCF0177.JPG,DSCF0177.JPG,4Z/102MEDIA,0,Other_Amphibian,0.2509,2681.4,2427.1,2812.4,2564.8
/srv/shared_leopard_toad/2025/Documents/06.10-13.10.2025/4Z/102MEDIA/DSCF0296.JPG,DSCF0296.JPG,4Z/102MEDIA,0,Other_Amphibian,0.3263,2689.8,2428.3,2822.1,2559.0
/srv/shared_leopard_toad/2025/Documents/06.10-13.10.2025/4Z/102MEDIA/DSCF0296.JPG,DSCF0296.JPG,4Z/102MEDIA,0,Other_Amphibian,0.2651,2679.4,2426.8,2812.0,2563.4
/srv/shared_leopard_toad/2025/Documents/06.10-13.10.2025/4Z/102MEDIA/DSCF0296.JPG,DSCF0296.JPG,4Z/102MEDIA,0,Other_Amphibian,0.2436,2633.9,2244.4,2786.2,2411.0
/srv/shared_leopard_toad/2025/Documents/06.10-13.10.2025/4Z/102MEDIA/DSCF0427.JPG,DSCF0427.JPG,4Z/102MEDIA,0,Other_Amphibian,0.3305,2632.7,2243.7,2789.9,2411.7
/srv/shared_leopard_toad/2025/Documents/06.10-13.10.2025/4Z/102MEDIA/DSCF0427.JPG,DSCF0427.JPG,4Z/102MEDIA,0,Other_Amphibian,0.2355,2713.0,2427.5,2831.2,2553.6
/srv/shared_leopard_toad/2025/Documents/06.10-13.10.2025/4Z/102MEDIA/DSCF0743.JPG,DSCF0743.JPG,4Z/102MEDIA,2,Western_Leopard_Toad,0.2943,4681.0,1817.0,5360.6,2854.4
/srv/shared_leopard_toad/2025/Documents/06.10-13.10.2025/4Z/102MEDIA/DSCF0046.JPG,DSCF0046.JPG,4Z/102MEDIA,0,Other_Amphibian,0.3169,2688.4,2428.5,2821.2,2561.2
/srv/shared_leopard_toad/2025/Documents/06.10-13.10.2025/4Z/102MEDIA/DSCF0046.JPG,DSCF0046.JPG,4Z/102MEDIA,0,Other_Amphibian,0.3077,2682.7,2425.7,2815.8,2566.8
/srv/shared_leopard_toad/2025/Documents/06.10-13.10.2025/4Z/102MEDIA/DSCF0046.JPG,DSCF0046.JPG,4Z/102MEDIA,0,Other_Amphibian,0.2159,2633.3,2246.4,2786.6,2413.5
/srv/shared_leopard_toad/2025/Documents/06.10-13.10.2025/4Z/102MEDIA/DSCF0071.JPG,DSCF0071.JPG,4Z/102MEDIA,0,Other_Amphibian,0.3655,2637.3,2242.4,2785.0,2408.5
/srv/shared_leopard_toad/2025/Documents/06.10-13.10.2025/4Z/102MEDIA/DSCF0071.JPG,DSCF0071.JPG,4Z/102MEDIA,0,Other_Amphibian,0.3224,2691.5,2429.3,2822.5,2559.0
/srv/shared_leopard_toad/2025/Documents/06.10-13.10.2025/4Z/102MEDIA/DSCF0071.JPG,DSCF0071.JPG,4Z/102MEDIA,0,Other_Amphibian,0.2417,2680.7,2427.6,2811.4,2561.2
/srv/shared_leopard_toad/2025/Documents/06.10-13.10.2025/4Z/102MEDIA/DSCF0028.JPG,DSCF0028.JPG,4Z/102MEDIA,0,Other_Amphibian,0.2715,2690.5,2428.9,2823.3,2560.9
/srv/shared_leopard_toad/2025/Documents/06.10-13.10.2025/4Z/102MEDIA/DSCF0028.JPG,DSCF0028.JPG,4Z/102MEDIA,0,Other_Amphibian,0.2536,2638.2,2244.9,2787.3,2410.6
/srv/shared_leopard_toad/2025/Documents/06.10-13.10.2025/4Z/102MEDIA/DSCF0028.JPG,DSCF0028.JPG,4Z/102MEDIA,0,Other_Amphibian,0.2270,2679.7,2426.2,2812.2,2564.8
/srv/shared_leopard_toad/2025/Documents/06.10-13.10.2025/4Z/102MEDIA/DSCF0437.JPG,DSCF0437.JPG,4Z/102MEDIA,0,Other_Amphibian,0.3130,2628.8,2242.8,2787.5,2411.1
/srv/shared_leopard_toad/2025/Documents/06.10-13.10.2025/4Z/102MEDIA/DSCF0437.JPG,DSCF0437.JPG,4Z/102MEDIA,0,Other_Amphibian,0.3005,2717.0,2428.9,2833.7,2553.2
/srv/shared_leopard_toad/2025/Documents/06.10-13.10.2025/4Z/102MEDIA/DSCF0080.JPG,DSCF0080.JPG,4Z/102MEDIA,0,Other_Amphibian,0.3989,2687.3,2428.5,2822.7,2559.1
/srv/shared_leopard_toad/2025/Documents/06.10-13.10.2025/4Z/102MEDIA/DSCF0080.JPG,DSCF0080.JPG,4Z/102MEDIA,0,Other_Amphibian,0.3432,2634.7,2244.3,2788.3,2410.2
/srv/shared_leopard_toad/2025/Documents/06.10-13.10.2025/4Z/102MEDIA/DSCF0080.JPG,DSCF0080.JPG,4Z/102MEDIA,0,Other_Amphibian,0.3362,2682.3,2427.1,2818.2,2562.7
/srv/shared_leopard_toad/2025/Documents/06.10-13.10.2025/4Z/102MEDIA/DSCF0694.JPG,DSCF0694.JPG,4Z/102MEDIA,0,Other_Amphibian,0.4537,2627.1,2242.7,2785.5,2408.5
/srv/shared_leopard_toad/2025/Documents/06.10-13.10.2025/4Z/102MEDIA/DSCF0032.JPG,DSCF0032.JPG,4Z/102MEDIA,0,Other_Amphibian,0.3332,2688.3,2428.7,2822.0,2559.5
/srv/shared_leopard_toad/2025/Documents/06.10-13.10.2025/4Z/102MEDIA/DSCF0032.JPG,DSCF0032.JPG,4Z/102MEDIA,0,Other_Amphibian,0.2445,2680.2,2427.6,2814.7,2562.8
/srv/shared_leopard_toad/2025/Documents/06.10-13.10.2025/4Z/102MEDIA/DSCF0032.JPG,DSCF0032.JPG,4Z/102MEDIA,0,Other_Amphibian,0.2037,2630.3,2244.2,2784.4,2411.6
/srv/shared_leopard_toad/2025/Documents/06.10-13.10.2025/4Z/102MEDIA/DSCF0598.JPG,DSCF0598.JPG,4Z/102MEDIA,0,Other_Amphibian,0.4089,2637.1,2240.3,2786.0,2408.2
/srv/shared_leopard_toad/2025/Documents/06.10-13.10.2025/4Z/102MEDIA/DSCF0598.JPG,DSCF0598.JPG,4Z/102MEDIA,0,Other_Amphibian,0.2550,2714.8,2429.2,2832.1,2556.5
/srv/shared_leopard_toad/2025/Documents/06.10-13.10.2025/4Z/102MEDIA/DSCF0905.JPG,DSCF0905.JPG,4Z/102MEDIA,0,Other_Amphibian,0.7631,2081.3,1307.6,2310.2,1533.8
/srv/shared_leopard_toad/2025/Documents/06.10-13.10.2025/4Z/102MEDIA/DSCF0306.JPG,DSCF0306.JPG,4Z/102MEDIA,0,Other_Amphibian,0.2861,2691.4,2428.7,2821.4,2559.7
/srv/shared_leopard_toad/2025/Documents/06.10-13.10.2025/4Z/102MEDIA/DSCF0306.JPG,DSCF0306.JPG,4Z/102MEDIA,0,Other_Amphibian,0.2551,2681.6,2425.8,2813.1,2564.2
/srv/shared_leopard_toad/2025/Documents/06.10-13.10.2025/4Z/102MEDIA/DSCF0306.JPG,DSCF0306.JPG,4Z/102MEDIA,0,Other_Amphibian,0.2537,2634.8,2245.4,2786.1,2410.3
/srv/shared_leopard_toad/2025/Documents/06.10-13.10.2025/4Z/102MEDIA/DSCF0131.JPG,DSCF0131.JPG,4Z/102MEDIA,0,Other_Amphibian,0.2647,2691.8,2427.6,2823.1,2559.1
/srv/shared_leopard_toad/2025/Documents/06.10-13.10.2025/4Z/102MEDIA/DSCF0131.JPG,DSCF0131.JPG,4Z/102MEDIA,0,Other_Amphibian,0.2292,2682.5,2426.3,2813.1,2563.9
/srv/shared_leopard_toad/2025/Documents/06.10-13.10.2025/4Z/102MEDIA/DSCF0473.JPG,DSCF0473.JPG,4Z/102MEDIA,0,Other_Amphibian,0.2859,2715.2,2429.0,2832.8,2556.7
/srv/shared_leopard_toad/2025/Documents/06.10-13.10.2025/4Z/102MEDIA/DSCF0473.JPG,DSCF0473.JPG,4Z/102MEDIA,0,Other_Amphibian,0.2527,2710.4,2427.5,2833.3,2564.5
/srv/shared_leopard_toad/2025/Documents/06.10-13.10.2025/4Z/102MEDIA/DSCF0473.JPG,DSCF0473.JPG,4Z/102MEDIA,0,Other_Amphibian,0.2227,2626.7,2245.3,2782.1,2414.5
/srv/shared_leopard_toad/2025/Documents/06.10-13.10.2025/4Z/102MEDIA/DSCF0176.JPG,DSCF0176.JPG,4Z/102MEDIA,0,Other_Amphibian,0.3095,2693.9,2428.4,2822.8,2559.2
/srv/shared_leopard_toad/2025/Documents/06.10-13.10.2025/4Z/102MEDIA/DSCF0176.JPG,DSCF0176.JPG,4Z/102MEDIA,0,Other_Amphibian,0.2846,2634.7,2245.7,2783.2,2410.2
/srv/shared_leopard_toad/2025/Documents/06.10-13.10.2025/4Z/102MEDIA/DSCF0176.JPG,DSCF0176.JPG,4Z/102MEDIA,0,Other_Amphibian,0.2388,2684.2,2426.3,2813.1,2561.5
/srv/shared_leopard_toad/2025/Documents/06.10-13.10.2025/4Z/102MEDIA/DSCF0498.JPG,DSCF0498.JPG,4Z/102MEDIA,0,Other_Amphibian,0.3395,2627.6,2243.7,2783.6,2409.5
/srv/shared_leopard_toad/2025/Documents/06.10-13.10.2025/4Z/102MEDIA/DSCF0498.JPG,DSCF0498.JPG,4Z/102MEDIA,0,Other_Amphibian,0.2321,2717.7,2428.2,2833.1,2556.6
/srv/shared_leopard_toad/2025/Documents/06.10-13.10.2025/4Z/102MEDIA/DSCF0212.JPG,DSCF0212.JPG,4Z/102MEDIA,0,Other_Amphibian,0.3601,2691.5,2428.6,2821.2,2557.5
/srv/shared_leopard_toad/2025/Documents/06.10-13.10.2025/4Z/102MEDIA/DSCF0212.JPG,DSCF0212.JPG,4Z/102MEDIA,0,Other_Amphibian,0.2999,2684.7,2427.7,2814.1,2560.8
/srv/shared_leopard_toad/2025/Documents/06.10-13.10.2025/4Z/102MEDIA/DSCF0212.JPG,DSCF0212.JPG,4Z/102MEDIA,0,Other_Amphibian,0.2107,2637.6,2247.5,2783.1,2410.8
/srv/shared_leopard_toad/2025/Documents/06.10-13.10.2025/4Z/102MEDIA/DSCF0102.JPG,DSCF0102.JPG,4Z/102MEDIA,0,Other_Amphibian,0.4017,2692.7,2428.8,2822.1,2555.0
/srv/shared_leopard_toad/2025/Documents/06.10-13.10.2025/4Z/102MEDIA/DSCF0102.JPG,DSCF0102.JPG,4Z/102MEDIA,0,Other_Amphibian,0.3453,2636.6,2242.9,2784.9,2408.9
/srv/shared_leopard_toad/2025/Documents/06.10-13.10.2025/4Z/102MEDIA/DSCF0102.JPG,DSCF0102.JPG,4Z/102MEDIA,0,Other_Amphibian,0.2231,2685.0,2426.9,2815.2,2556.6
/srv/shared_leopard_toad/2025/Documents/06.10-13.10.2025/4Z/102MEDIA/DSCF0770.JPG,DSCF0770.JPG,4Z/102MEDIA,0,Other_Amphibian,0.2778,806.8,1816.3,935.9,2003.5
/srv/shared_leopard_toad/2025/Documents/06.10-13.10.2025/4Z/102MEDIA/DSCF0770.JPG,DSCF0770.JPG,4Z/102MEDIA,2,Western_Leopard_Toad,0.2586,5067.8,4.4,5376.0,256.2
/srv/shared_leopard_toad/2025/Documents/06.10-13.10.2025/4Z/102MEDIA/DSCF0413.JPG,DSCF0413.JPG,4Z/102MEDIA,0,Other_Amphibian,0.3410,2704.0,2428.9,2832.1,2564.1
/srv/shared_leopard_toad/2025/Documents/06.10-13.10.2025/4Z/102MEDIA/DSCF0413.JPG,DSCF0413.JPG,4Z/102MEDIA,0,Other_Amphibian,0.2542,2708.8,2430.8,2833.7,2557.9
/srv/shared_leopard_toad/2025/Documents/06.10-13.10.2025/4Z/102MEDIA/DSCF0413.JPG,DSCF0413.JPG,4Z/102MEDIA,0,Other_Amphibian,0.2272,2624.1,2245.0,2784.4,2410.6
/srv/shared_leopard_toad/2025/Documents/06.10-13.10.2025/4Z/102MEDIA/DSCF0438.JPG,DSCF0438.JPG,4Z/102MEDIA,0,Other_Amphibian,0.4603,2629.2,2240.9,2783.8,2408.6
/srv/shared_leopard_toad/2025/Documents/06.10-13.10.2025/4Z/102MEDIA/DSCF0453.JPG,DSCF0453.JPG,4Z/102MEDIA,0,Other_Amphibian,0.2847,2721.2,2427.7,2833.1,2552.8
/srv/shared_leopard_toad/2025/Documents/06.10-13.10.2025/4Z/102MEDIA/DSCF0453.JPG,DSCF0453.JPG,4Z/102MEDIA,0,Other_Amphibian,0.2603,2633.7,2245.3,2787.5,2412.4
/srv/shared_leopard_toad/2025/Documents/06.10-13.10.2025/4Z/102MEDIA/DSCF0291.JPG,DSCF0291.JPG,4Z/102MEDIA,0,Other_Amphibian,0.2954,2690.2,2428.2,2822.3,2560.3
/srv/shared_leopard_toad/2025/Documents/06.10-13.10.2025/4Z/102MEDIA/DSCF0291.JPG,DSCF0291.JPG,4Z/102MEDIA,0,Other_Amphibian,0.2497,2639.5,2245.7,2786.7,2410.4
/srv/shared_leopard_toad/2025/Documents/06.10-13.10.2025/4Z/102MEDIA/DSCF0291.JPG,DSCF0291.JPG,4Z/102MEDIA,0,Other_Amphibian,0.2445,2678.3,2426.2,2810.6,2565.1
/srv/shared_leopard_toad/2025/Documents/06.10-13.10.2025/4Z/102MEDIA/DSCF0021.JPG,DSCF0021.JPG,4Z/102MEDIA,0,Other_Amphibian,0.3252,2643.0,2242.6,2786.9,2407.7
/srv/shared_leopard_toad/2025/Documents/06.10-13.10.2025/4Z/102MEDIA/DSCF0021.JPG,DSCF0021.JPG,4Z/102MEDIA,0,Other_Amphibian,0.2622,2696.4,2428.8,2822.5,2558.5
/srv/shared_leopard_toad/2025/Documents/06.10-13.10.2025/4Z/102MEDIA/DSCF0227.JPG,DSCF0227.JPG,4Z/102MEDIA,0,Other_Amphibian,0.3576,2690.8,2427.9,2825.0,2559.8
/srv/shared_leopard_toad/2025/Documents/06.10-13.10.2025/4Z/102MEDIA/DSCF0227.JPG,DSCF0227.JPG,4Z/102MEDIA,0,Other_Amphibian,0.3252,2686.3,2426.7,2820.4,2562.8
/srv/shared_leopard_toad/2025/Documents/06.10-13.10.2025/4Z/102MEDIA/DSCF0227.JPG,DSCF0227.JPG,4Z/102MEDIA,0,Other_Amphibian,0.2580,2645.4,2244.0,2787.4,2408.7
/srv/shared_leopard_toad/2025/Documents/06.10-13.10.2025/4Z/102MEDIA/DSCF0054.JPG,DSCF0054.JPG,4Z/102MEDIA,0,Other_Amphibian,0.2840,2695.0,2428.3,2822.5,2559.7
/srv/shared_leopard_toad/2025/Documents/06.10-13.10.2025/4Z/102MEDIA/DSCF0054.JPG,DSCF0054.JPG,4Z/102MEDIA,0,Other_Amphibian,0.2485,2634.4,2247.2,2787.4,2411.2
/srv/shared_leopard_toad/2025/Documents/06.10-13.10.2025/4Z/102MEDIA/DSCF0397.JPG,DSCF0397.JPG,4Z/102MEDIA,0,Other_Amphibian,0.4681,2818.6,2323.7,3008.5,2558.4
/srv/shared_leopard_toad/2025/Documents/06.10-13.10.2025/4Z/102MEDIA/DSCF0334.JPG,DSCF0334.JPG,4Z/102MEDIA,0,Other_Amphibian,0.3147,2688.1,2427.5,2823.5,2559.8
/srv/shared_leopard_toad/2025/Documents/06.10-13.10.2025/4Z/102MEDIA/DSCF0334.JPG,DSCF0334.JPG,4Z/102MEDIA,0,Other_Amphibian,0.2789,2681.1,2425.7,2815.7,2564.9
/srv/shared_leopard_toad/2025/Documents/06.10-13.10.2025/4Z/102MEDIA/DSCF0481.JPG,DSCF0481.JPG,4Z/102MEDIA,0,Other_Amphibian,0.3776,2623.6,2242.4,2782.5,2411.0
/srv/shared_leopard_toad/2025/Documents/06.10-13.10.2025/4Z/102MEDIA/DSCF0481.JPG,DSCF0481.JPG,4Z/102MEDIA,0,Other_Amphibian,0.2286,2710.2,2428.9,2831.6,2557.1
/srv/shared_leopard_toad/2025/Documents/06.10-13.10.2025/4Z/102MEDIA/DSCF0815.JPG,DSCF0815.JPG,4Z/102MEDIA,0,Other_Amphibian,0.4494,167.7,1025.4,355.0,1182.8
/srv/shared_leopard_toad/2025/Documents/06.10-13.10.2025/4Z/102MEDIA/DSCF0815.JPG,DSCF0815.JPG,4Z/102MEDIA,0,Other_Amphibian,0.3948,175.7,1024.2,343.8,1180.0
/srv/shared_leopard_toad/2025/Documents/06.10-13.10.2025/4Z/102MEDIA/DSCF0815.JPG,DSCF0815.JPG,4Z/102MEDIA,0,Other_Amphibian,0.2747,175.3,1030.8,334.4,1184.8
/srv/shared_leopard_toad/2025/Documents/06.10-13.10.2025/4Z/102MEDIA/DSCF0815.JPG,DSCF0815.JPG,4Z/102MEDIA,0,Other_Amphibian,0.2467,810.3,1826.3,928.3,1997.9
/srv/shared_leopard_toad/2025/Documents/06.10-13.10.2025/4Z/102MEDIA/DSCF0300.JPG,DSCF0300.JPG,4Z/102MEDIA,0,Other_Amphibian,0.2391,2689.0,2427.7,2823.0,2560.2
/srv/shared_leopard_toad/2025/Documents/06.10-13.10.2025/4Z/102MEDIA/DSCF0300.JPG,DSCF0300.JPG,4Z/102MEDIA,0,Other_Amphibian,0.2251,2629.6,2244.8,2785.0,2412.4
/srv/shared_leopard_toad/2025/Documents/06.10-13.10.2025/4Z/102MEDIA/DSCF0696.JPG,DSCF0696.JPG,4Z/102MEDIA,0,Other_Amphibian,0.3158,2629.4,2243.0,2787.3,2410.9
/srv/shared_leopard_toad/2025/Documents/06.10-13.10.2025/4Z/102MEDIA/DSCF0696.JPG,DSCF0696.JPG,4Z/102MEDIA,0,Other_Amphibian,0.2970,2709.3,2429.3,2832.5,2557.7
/srv/shared_leopard_toad/2025/Documents/06.10-13.10.2025/4Z/102MEDIA/DSCF0696.JPG,DSCF0696.JPG,4Z/102MEDIA,0,Other_Amphibian,0.2819,2706.4,2427.5,2834.6,2564.8
/srv/shared_leopard_toad/2025/Documents/06.10-13.10.2025/4Z/102MEDIA/DSCF0136.JPG,DSCF0136.JPG,4Z/102MEDIA,0,Other_Amphibian,0.3891,2688.6,2429.1,2821.1,2558.9
/srv/shared_leopard_toad/2025/Documents/06.10-13.10.2025/4Z/102MEDIA/DSCF0136.JPG,DSCF0136.JPG,4Z/102MEDIA,0,Other_Amphibian,0.3451,2681.1,2427.7,2814.1,2561.5
/srv/shared_leopard_toad/2025/Documents/06.10-13.10.2025/4Z/102MEDIA/DSCF0136.JPG,DSCF0136.JPG,4Z/102MEDIA,0,Other_Amphibian,0.2958,3437.0,1552.1,3619.7,1727.4
/srv/shared_leopard_toad/2025/Documents/06.10-13.10.2025/4Z/102MEDIA/DSCF0946.JPG,DSCF0946.JPG,4Z/102MEDIA,0,Other_Amphibian,0.2632,2694.9,2422.8,2822.5,2556.4
/srv/shared_leopard_toad/2025/Documents/06.10-13.10.2025/4Z/102MEDIA/DSCF0569.JPG,DSCF0569.JPG,4Z/102MEDIA,0,Other_Amphibian,0.2941,2632.2,2243.2,2787.5,2410.5
/srv/shared_leopard_toad/2025/Documents/06.10-13.10.2025/4Z/102MEDIA/DSCF0569.JPG,DSCF0569.JPG,4Z/102MEDIA,0,Other_Amphibian,0.2679,2713.2,2428.3,2830.0,2554.8
/srv/shared_leopard_toad/2025/Documents/06.10-13.10.2025/4Z/102MEDIA/DSCF0204.JPG,DSCF0204.JPG,4Z/102MEDIA,0,Other_Amphibian,0.3718,2694.4,2428.1,2822.9,2557.3
/srv/shared_leopard_toad/2025/Documents/06.10-13.10.2025/4Z/102MEDIA/DSCF0204.JPG,DSCF0204.JPG,4Z/102MEDIA,0,Other_Amphibian,0.2441,2686.9,2426.8,2813.9,2560.4
/srv/shared_leopard_toad/2025/Documents/06.10-13.10.2025/4Z/102MEDIA/DSCF0204.JPG,DSCF0204.JPG,4Z/102MEDIA,0,Other_Amphibian,0.2111,2631.3,2245.5,2781.6,2410.7
/srv/shared_leopard_toad/2025/Documents/06.10-13.10.2025/4Z/102MEDIA/DSCF0122.JPG,DSCF0122.JPG,4Z/102MEDIA,0,Other_Amphibian,0.4219,2631.6,2247.6,2789.2,2413.9
/srv/shared_leopard_toad/2025/Documents/06.10-13.10.2025/4Z/102MEDIA/DSCF0733.JPG,DSCF0733.JPG,4Z/102MEDIA,0,Other_Amphibian,0.2232,2710.8,2428.2,2831.1,2553.0
/srv/shared_leopard_toad/2025/Documents/06.10-13.10.2025/4Z/102MEDIA/DSCF0831.JPG,DSCF0831.JPG,4Z/102MEDIA,0,Other_Amphibian,0.3629,805.2,1824.2,935.8,2015.5
/srv/shared_leopard_toad/2025/Documents/06.10-13.10.2025/4Z/102MEDIA/DSCF0294.JPG,DSCF0294.JPG,4Z/102MEDIA,0,Other_Amphibian,0.2919,2689.1,2429.2,2821.8,2560.9
/srv/shared_leopard_toad/2025/Documents/06.10-13.10.2025/4Z/102MEDIA/DSCF0294.JPG,DSCF0294.JPG,4Z/102MEDIA,0,Other_Amphibian,0.2485,2679.8,2428.0,2812.0,2566.9
/srv/shared_leopard_toad/2025/Documents/06.10-13.10.2025/4Z/102MEDIA/DSCF0294.JPG,DSCF0294.JPG,4Z/102MEDIA,0,Other_Amphibian,0.2236,2640.8,2243.5,2787.2,2411.0
/srv/shared_leopard_toad/2025/Documents/06.10-13.10.2025/4Z/102MEDIA/DSCF0276.JPG,DSCF0276.JPG,4Z/102MEDIA,0,Other_Amphibian,0.2685,2640.3,2243.9,2787.5,2409.1
/srv/shared_leopard_toad/2025/Documents/06.10-13.10.2025/4Z/102MEDIA/DSCF0276.JPG,DSCF0276.JPG,4Z/102MEDIA,0,Other_Amphibian,0.2653,2690.9,2428.5,2822.6,2558.0
/srv/shared_leopard_toad/2025/Documents/06.10-13.10.2025/4Z/102MEDIA/DSCF0276.JPG,DSCF0276.JPG,4Z/102MEDIA,0,Other_Amphibian,0.2123,2679.1,2424.7,2809.6,2560.0
/srv/shared_leopard_toad/2025/Documents/06.10-13.10.2025/4Z/102MEDIA/DSCF0415.JPG,DSCF0415.JPG,4Z/102MEDIA,0,Other_Amphibian,0.3218,2720.7,2428.0,2834.4,2550.6
/srv/shared_leopard_toad/2025/Documents/06.10-13.10.2025/4Z/102MEDIA/DSCF0415.JPG,DSCF0415.JPG,4Z/102MEDIA,0,Other_Amphibian,0.3050,2632.6,2242.9,2786.3,2409.8
/srv/shared_leopard_toad/2025/Documents/06.10-13.10.2025/4Z/102MEDIA/DSCF0771.JPG,DSCF0771.JPG,4Z/102MEDIA,2,Western_Leopard_Toad,0.2053,5056.8,3.9,5374.3,266.1
/srv/shared_leopard_toad/2025/Documents/06.10-13.10.2025/4Z/102MEDIA/DSCF0806.JPG,DSCF0806.JPG,4Z/102MEDIA,2,Western_Leopard_Toad,0.2390,4709.0,1808.9,5071.4,2408.6
/srv/shared_leopard_toad/2025/Documents/06.10-13.10.2025/4Z/102MEDIA/DSCF0142.JPG,DSCF0142.JPG,4Z/102MEDIA,0,Other_Amphibian,0.3288,2691.6,2427.6,2822.3,2558.3
/srv/shared_leopard_toad/2025/Documents/06.10-13.10.2025/4Z/102MEDIA/DSCF0142.JPG,DSCF0142.JPG,4Z/102MEDIA,0,Other_Amphibian,0.2982,2633.8,2244.2,2785.6,2410.6
/srv/shared_leopard_toad/2025/Documents/06.10-13.10.2025/4Z/102MEDIA/DSCF0142.JPG,DSCF0142.JPG,4Z/102MEDIA,0,Other_Amphibian,0.2212,2682.3,2425.5,2811.8,2560.9
/srv/shared_leopard_toad/2025/Documents/06.10-13.10.2025/4Z/102MEDIA/DSCF0552.JPG,DSCF0552.JPG,4Z/102MEDIA,0,Other_Amphibian,0.3160,2635.0,2242.6,2784.7,2409.0
/srv/shared_leopard_toad/2025/Documents/06.10-13.10.2025/4Z/102MEDIA/DSCF0552.JPG,DSCF0552.JPG,4Z/102MEDIA,0,Other_Amphibian,0.2630,2720.9,2429.1,2832.4,2552.2
/srv/shared_leopard_toad/2025/Documents/06.10-13.10.2025/4Z/102MEDIA/DSCF0179.JPG,DSCF0179.JPG,4Z/102MEDIA,0,Other_Amphibian,0.2605,2690.7,2427.9,2820.4,2557.5
/srv/shared_leopard_toad/2025/Documents/06.10-13.10.2025/4Z/102MEDIA/DSCF0179.JPG,DSCF0179.JPG,4Z/102MEDIA,0,Other_Amphibian,0.2314,2640.7,2245.8,2786.1,2411.0
/srv/shared_leopard_toad/2025/Documents/06.10-13.10.2025/4Z/102MEDIA/DSCF0179.JPG,DSCF0179.JPG,4Z/102MEDIA,0,Other_Amphibian,0.2041,2678.8,2425.4,2809.4,2561.7
/srv/shared_leopard_toad/2025/Documents/06.10-13.10.2025/4Z/102MEDIA/DSCF0575.JPG,DSCF0575.JPG,4Z/102MEDIA,0,Other_Amphibian,0.3743,2621.2,2244.2,2780.3,2413.1
/srv/shared_leopard_toad/2025/Documents/06.10-13.10.2025/4Z/102MEDIA/DSCF0575.JPG,DSCF0575.JPG,4Z/102MEDIA,0,Other_Amphibian,0.2524,2714.7,2427.9,2834.4,2553.3
/srv/shared_leopard_toad/2025/Documents/06.10-13.10.2025/4Z/102MEDIA/DSCF0066.JPG,DSCF0066.JPG,4Z/102MEDIA,0,Other_Amphibian,0.3505,2690.0,2427.9,2822.0,2559.6
/srv/shared_leopard_toad/2025/Documents/06.10-13.10.2025/4Z/102MEDIA/DSCF0066.JPG,DSCF0066.JPG,4Z/102MEDIA,0,Other_Amphibian,0.3114,2684.5,2426.4,2815.9,2564.3
/srv/shared_leopard_toad/2025/Documents/06.10-13.10.2025/4Z/102MEDIA/DSCF0066.JPG,DSCF0066.JPG,4Z/102MEDIA,0,Other_Amphibian,0.2066,2633.2,2245.3,2786.1,2412.9
/srv/shared_leopard_toad/2025/Documents/06.10-13.10.2025/4Z/102MEDIA/DSCF0019.JPG,DSCF0019.JPG,4Z/102MEDIA,0,Other_Amphibian,0.3667,2688.9,2428.4,2823.2,2559.6
/srv/shared_leopard_toad/2025/Documents/06.10-13.10.2025/4Z/102MEDIA/DSCF0019.JPG,DSCF0019.JPG,4Z/102MEDIA,0,Other_Amphibian,0.3211,2685.9,2427.0,2821.7,2564.1
/srv/shared_leopard_toad/2025/Documents/06.10-13.10.2025/4Z/102MEDIA/DSCF0019.JPG,DSCF0019.JPG,4Z/102MEDIA,0,Other_Amphibian,0.2224,2634.5,2245.8,2786.4,2413.7
/srv/shared_leopard_toad/2025/Documents/06.10-13.10.2025/4Z/102MEDIA/DSCF0160.JPG,DSCF0160.JPG,4Z/102MEDIA,0,Other_Amphibian,0.3960,2689.8,2428.8,2822.7,2558.3
/srv/shared_leopard_toad/2025/Documents/06.10-13.10.2025/4Z/102MEDIA/DSCF0160.JPG,DSCF0160.JPG,4Z/102MEDIA,0,Other_Amphibian,0.3532,2685.3,2427.6,2816.7,2561.7
/srv/shared_leopard_toad/2025/Documents/06.10-13.10.2025/4Z/102MEDIA/DSCF0034.JPG,DSCF0034.JPG,4Z/102MEDIA,0,Other_Amphibian,0.3212,2687.1,2424.9,2819.3,2567.6
/srv/shared_leopard_toad/2025/Documents/06.10-13.10.2025/4Z/102MEDIA/DSCF0034.JPG,DSCF0034.JPG,4Z/102MEDIA,0,Other_Amphibian,0.3080,2692.2,2427.6,2823.4,2561.7
/srv/shared_leopard_toad/2025/Documents/06.10-13.10.2025/4Z/102MEDIA/DSCF0034.JPG,DSCF0034.JPG,4Z/102MEDIA,0,Other_Amphibian,0.2382,2635.5,2244.8,2787.2,2409.7
/srv/shared_leopard_toad/2025/Documents/06.10-13.10.2025/4Z/102MEDIA/DSCF0818.JPG,DSCF0818.JPG,4Z/102MEDIA,2,Western_Leopard_Toad,0.2179,4701.6,1810.7,5116.5,2405.1
/srv/shared_leopard_toad/2025/Documents/06.10-13.10.2025/4Z/102MEDIA/DSCF0583.JPG,DSCF0583.JPG,4Z/102MEDIA,0,Other_Amphibian,0.2950,2716.9,2429.4,2833.0,2552.6
/srv/shared_leopard_toad/2025/Documents/06.10-13.10.2025/4Z/102MEDIA/DSCF0583.JPG,DSCF0583.JPG,4Z/102MEDIA,0,Other_Amphibian,0.2889,2635.7,2244.1,2786.6,2410.8
/srv/shared_leopard_toad/2025/Documents/06.10-13.10.2025/4Z/102MEDIA/DSCF0005.JPG,DSCF0005.JPG,4Z/102MEDIA,0,Other_Amphibian,0.2462,2638.1,2246.9,2788.2,2410.1
/srv/shared_leopard_toad/2025/Documents/06.10-13.10.2025/4Z/102MEDIA/DSCF0005.JPG,DSCF0005.JPG,4Z/102MEDIA,0,Other_Amphibian,0.2390,2692.4,2427.4,2823.6,2560.3
/srv/shared_leopard_toad/2025/Documents/06.10-13.10.2025/4Z/102MEDIA/DSCF0452.JPG,DSCF0452.JPG,4Z/102MEDIA,0,Other_Amphibian,0.3637,2708.0,2426.6,2832.4,2564.3
/srv/shared_leopard_toad/2025/Documents/06.10-13.10.2025/4Z/102MEDIA/DSCF0452.JPG,DSCF0452.JPG,4Z/102MEDIA,0,Other_Amphibian,0.3175,2712.3,2428.8,2833.6,2556.3
/srv/shared_leopard_toad/2025/Documents/06.10-13.10.2025/4Z/102MEDIA/DSCF0172.JPG,DSCF0172.JPG,4Z/102MEDIA,0,Other_Amphibian,0.3413,2690.0,2427.7,2822.7,2557.3
/srv/shared_leopard_toad/2025/Documents/06.10-13.10.2025/4Z/102MEDIA/DSCF0172.JPG,DSCF0172.JPG,4Z/102MEDIA,0,Other_Amphibian,0.2671,2683.5,2426.5,2814.2,2561.7
/srv/shared_leopard_toad/2025/Documents/06.10-13.10.2025/4Z/102MEDIA/DSCF0257.JPG,DSCF0257.JPG,4Z/102MEDIA,0,Other_Amphibian,0.3186,2643.7,2242.7,2788.4,2407.8
/srv/shared_leopard_toad/2025/Documents/06.10-13.10.2025/4Z/102MEDIA/DSCF0257.JPG,DSCF0257.JPG,4Z/102MEDIA,0,Other_Amphibian,0.2226,2691.5,2427.9,2823.0,2560.8
/srv/shared_leopard_toad/2025/Documents/06.10-13.10.2025/4Z/102MEDIA/DSCF0382.JPG,DSCF0382.JPG,4Z/102MEDIA,0,Other_Amphibian,0.3550,2689.4,2428.5,2823.1,2558.1
/srv/shared_leopard_toad/2025/Documents/06.10-13.10.2025/4Z/102MEDIA/DSCF0382.JPG,DSCF0382.JPG,4Z/102MEDIA,0,Other_Amphibian,0.3025,2686.3,2427.1,2819.3,2563.5
/srv/shared_leopard_toad/2025/Documents/06.10-13.10.2025/4Z/102MEDIA/DSCF0382.JPG,DSCF0382.JPG,4Z/102MEDIA,0,Other_Amphibian,0.2803,2625.4,2243.6,2786.4,2411.8
/srv/shared_leopard_toad/2025/Documents/06.10-13.10.2025/4Z/102MEDIA/DSCF0467.JPG,DSCF0467.JPG,4Z/102MEDIA,0,Other_Amphibian,0.3057,2713.5,2428.3,2832.1,2555.4
/srv/shared_leopard_toad/2025/Documents/06.10-13.10.2025/4Z/102MEDIA/DSCF0467.JPG,DSCF0467.JPG,4Z/102MEDIA,0,Other_Amphibian,0.2884,2632.4,2244.0,2787.6,2409.5
/srv/shared_leopard_toad/2025/Documents/06.10-13.10.2025/4Z/102MEDIA/DSCF0162.JPG,DSCF0162.JPG,4Z/102MEDIA,0,Other_Amphibian,0.2806,2689.6,2429.0,2821.4,2559.8
/srv/shared_leopard_toad/2025/Documents/06.10-13.10.2025/4Z/102MEDIA/DSCF0162.JPG,DSCF0162.JPG,4Z/102MEDIA,0,Other_Amphibian,0.2636,2683.1,2427.1,2814.5,2563.9
/srv/shared_leopard_toad/2025/Documents/06.10-13.10.2025/4Z/102MEDIA/DSCF0162.JPG,DSCF0162.JPG,4Z/102MEDIA,0,Other_Amphibian,0.2248,2641.3,2245.8,2785.8,2410.2
/srv/shared_leopard_toad/2025/Documents/06.10-13.10.2025/4Z/102MEDIA/DSCF0274.JPG,DSCF0274.JPG,4Z/102MEDIA,0,Other_Amphibian,0.2906,2638.7,2242.7,2786.8,2409.5
/srv/shared_leopard_toad/2025/Documents/06.10-13.10.2025/4Z/102MEDIA/DSCF0274.JPG,DSCF0274.JPG,4Z/102MEDIA,0,Other_Amphibian,0.2339,2689.7,2429.6,2822.7,2561.3
/srv/shared_leopard_toad/2025/Documents/06.10-13.10.2025/4Z/102MEDIA/DSCF0274.JPG,DSCF0274.JPG,4Z/102MEDIA,0,Other_Amphibian,0.2267,2677.1,2426.4,2810.7,2567.3
/srv/shared_leopard_toad/2025/Documents/06.10-13.10.2025/4Z/102MEDIA/DSCF0259.JPG,DSCF0259.JPG,4Z/102MEDIA,0,Other_Amphibian,0.2603,2633.2,2244.8,2785.1,2410.8
/srv/shared_leopard_toad/2025/Documents/06.10-13.10.2025/4Z/102MEDIA/DSCF0259.JPG,DSCF0259.JPG,4Z/102MEDIA,0,Other_Amphibian,0.2522,2689.2,2428.8,2821.8,2561.2
/srv/shared_leopard_toad/2025/Documents/06.10-13.10.2025/4Z/102MEDIA/DSCF0259.JPG,DSCF0259.JPG,4Z/102MEDIA,0,Other_Amphibian,0.2146,2678.1,2426.3,2811.8,2566.8
/srv/shared_leopard_toad/2025/Documents/06.10-13.10.2025/4Z/102MEDIA/DSCF0797.JPG,DSCF0797.JPG,4Z/102MEDIA,0,Other_Amphibian,0.2272,808.1,1842.9,937.9,2014.6
/srv/shared_leopard_toad/2025/Documents/06.10-13.10.2025/4Z/102MEDIA/DSCF0665.JPG,DSCF0665.JPG,4Z/102MEDIA,0,Other_Amphibian,0.3846,2634.4,2242.0,2786.9,2409.3
/srv/shared_leopard_toad/2025/Documents/06.10-13.10.2025/4Z/102MEDIA/DSCF0630.JPG,DSCF0630.JPG,4Z/102MEDIA,0,Other_Amphibian,0.4295,2637.2,2241.7,2786.1,2406.6
/srv/shared_leopard_toad/2025/Documents/06.10-13.10.2025/4Z/102MEDIA/DSCF0776.JPG,DSCF0776.JPG,4Z/102MEDIA,0,Other_Amphibian,0.2866,813.0,1845.9,931.0,1991.7
/srv/shared_leopard_toad/2025/Documents/06.10-13.10.2025/4Z/102MEDIA/DSCF0557.JPG,DSCF0557.JPG,4Z/102MEDIA,0,Other_Amphibian,0.3857,2711.2,2428.5,2833.7,2552.1
/srv/shared_leopard_toad/2025/Documents/06.10-13.10.2025/4Z/102MEDIA/DSCF0557.JPG,DSCF0557.JPG,4Z/102MEDIA,0,Other_Amphibian,0.3011,2713.7,2427.8,2837.2,2557.1
/srv/shared_leopard_toad/2025/Documents/06.10-13.10.2025/4Z/102MEDIA/DSCF0557.JPG,DSCF0557.JPG,4Z/102MEDIA,0,Other_Amphibian,0.2236,2630.5,2245.3,2787.0,2415.5
/srv/shared_leopard_toad/2025/Documents/06.10-13.10.2025/4Z/102MEDIA/DSCF0766.JPG,DSCF0766.JPG,4Z/102MEDIA,0,Other_Amphibian,0.3223,804.0,1816.5,928.2,2010.3
/srv/shared_leopard_toad/2025/Documents/06.10-13.10.2025/4Z/102MEDIA/DSCF0496.JPG,DSCF0496.JPG,4Z/102MEDIA,0,Other_Amphibian,0.2838,2701.8,2426.4,2827.7,2567.9
/srv/shared_leopard_toad/2025/Documents/06.10-13.10.2025/4Z/102MEDIA/DSCF0496.JPG,DSCF0496.JPG,4Z/102MEDIA,0,Other_Amphibian,0.2547,2708.4,2428.8,2830.5,2557.5
/srv/shared_leopard_toad/2025/Documents/06.10-13.10.2025/4Z/102MEDIA/DSCF0496.JPG,DSCF0496.JPG,4Z/102MEDIA,0,Other_Amphibian,0.2037,2632.9,2244.4,2785.7,2410.7
/srv/shared_leopard_toad/2025/Documents/06.10-13.10.2025/4Z/102MEDIA/DSCF0035.JPG,DSCF0035.JPG,4Z/102MEDIA,0,Other_Amphibian,0.3165,2636.9,2244.8,2786.6,2409.5
/srv/shared_leopard_toad/2025/Documents/06.10-13.10.2025/4Z/102MEDIA/DSCF0995.JPG,DSCF0995.JPG,4Z/102MEDIA,0,Other_Amphibian,0.2380,2693.2,2424.5,2820.4,2555.3
/srv/shared_leopard_toad/2025/Documents/06.10-13.10.2025/4Z/102MEDIA/DSCF0269.JPG,DSCF0269.JPG,4Z/102MEDIA,0,Other_Amphibian,0.2741,2691.7,2428.2,2821.4,2558.4
/srv/shared_leopard_toad/2025/Documents/06.10-13.10.2025/4Z/102MEDIA/DSCF0269.JPG,DSCF0269.JPG,4Z/102MEDIA,0,Other_Amphibian,0.2278,2632.8,2244.6,2786.0,2409.6
/srv/shared_leopard_toad/2025/Documents/06.10-13.10.2025/4Z/102MEDIA/DSCF0269.JPG,DSCF0269.JPG,4Z/102MEDIA,0,Other_Amphibian,0.2154,2681.0,2425.9,2813.6,2562.7
/srv/shared_leopard_toad/2025/Documents/06.10-13.10.2025/4Z/102MEDIA/DSCF0004.JPG,DSCF0004.JPG,4Z/102MEDIA,0,Other_Amphibian,0.3152,2692.1,2427.7,2821.5,2559.3
/srv/shared_leopard_toad/2025/Documents/06.10-13.10.2025/4Z/102MEDIA/DSCF0004.JPG,DSCF0004.JPG,4Z/102MEDIA,0,Other_Amphibian,0.2509,2681.8,2425.6,2813.2,2563.1
/srv/shared_leopard_toad/2025/Documents/06.10-13.10.2025/4Z/102MEDIA/DSCF0004.JPG,DSCF0004.JPG,4Z/102MEDIA,0,Other_Amphibian,0.2183,2631.3,2245.0,2789.6,2413.4
/srv/shared_leopard_toad/2025/Documents/06.10-13.10.2025/4Z/102MEDIA/DSCF0434.JPG,DSCF0434.JPG,4Z/102MEDIA,0,Other_Amphibian,0.3217,2634.7,2241.7,2786.3,2410.3
/srv/shared_leopard_toad/2025/Documents/06.10-13.10.2025/4Z/102MEDIA/DSCF0434.JPG,DSCF0434.JPG,4Z/102MEDIA,0,Other_Amphibian,0.2349,2710.7,2429.5,2834.0,2556.7
/srv/shared_leopard_toad/2025/Documents/06.10-13.10.2025/4Z/102MEDIA/DSCF0159.JPG,DSCF0159.JPG,4Z/102MEDIA,0,Other_Amphibian,0.3199,2688.3,2428.4,2822.2,2560.1
/srv/shared_leopard_toad/2025/Documents/06.10-13.10.2025/4Z/102MEDIA/DSCF0159.JPG,DSCF0159.JPG,4Z/102MEDIA,0,Other_Amphibian,0.2999,2683.9,2427.0,2816.2,2566.4
/srv/shared_leopard_toad/2025/Documents/06.10-13.10.2025/4Z/102MEDIA/DSCF0313.JPG,DSCF0313.JPG,4Z/102MEDIA,0,Other_Amphibian,0.2829,2686.6,2428.2,2820.6,2561.4
/srv/shared_leopard_toad/2025/Documents/06.10-13.10.2025/4Z/102MEDIA/DSCF0313.JPG,DSCF0313.JPG,4Z/102MEDIA,0,Other_Amphibian,0.2505,2679.5,2427.1,2813.1,2566.4
/srv/shared_leopard_toad/2025/Documents/06.10-13.10.2025/4Z/102MEDIA/DSCF0297.JPG,DSCF0297.JPG,4Z/102MEDIA,0,Other_Amphibian,0.2943,2694.6,2427.4,2820.2,2559.1
/srv/shared_leopard_toad/2025/Documents/06.10-13.10.2025/4Z/102MEDIA/DSCF0297.JPG,DSCF0297.JPG,4Z/102MEDIA,0,Other_Amphibian,0.2793,2637.4,2243.7,2783.9,2408.1
/srv/shared_leopard_toad/2025/Documents/06.10-13.10.2025/4Z/102MEDIA/DSCF0719.JPG,DSCF0719.JPG,4Z/102MEDIA,0,Other_Amphibian,0.3511,2639.7,2241.9,2788.8,2408.6
/srv/shared_leopard_toad/2025/Documents/06.10-13.10.2025/4Z/102MEDIA/DSCF0424.JPG,DSCF0424.JPG,4Z/102MEDIA,0,Other_Amphibian,0.3172,2713.6,2429.5,2833.1,2553.6
/srv/shared_leopard_toad/2025/Documents/06.10-13.10.2025/4Z/102MEDIA/DSCF0424.JPG,DSCF0424.JPG,4Z/102MEDIA,0,Other_Amphibian,0.3145,2632.8,2243.5,2786.6,2410.7
/srv/shared_leopard_toad/2025/Documents/06.10-13.10.2025/4Z/102MEDIA/DSCF0424.JPG,DSCF0424.JPG,4Z/102MEDIA,0,Other_Amphibian,0.2288,2705.1,2428.1,2828.8,2558.5
/srv/shared_leopard_toad/2025/Documents/06.10-13.10.2025/4Z/102MEDIA/DSCF0170.JPG,DSCF0170.JPG,4Z/102MEDIA,0,Other_Amphibian,0.2928,2637.2,2242.1,2784.5,2408.8
/srv/shared_leopard_toad/2025/Documents/06.10-13.10.2025/4Z/102MEDIA/DSCF0170.JPG,DSCF0170.JPG,4Z/102MEDIA,0,Other_Amphibian,0.2737,2693.1,2428.5,2821.6,2559.2
/srv/shared_leopard_toad/2025/Documents/06.10-13.10.2025/4Z/102MEDIA/DSCF0897.JPG,DSCF0897.JPG,4Z/102MEDIA,0,Other_Amphibian,0.2864,2692.0,2423.9,2823.3,2560.0
/srv/shared_leopard_toad/2025/Documents/06.10-13.10.2025/4Z/102MEDIA/DSCF0897.JPG,DSCF0897.JPG,4Z/102MEDIA,0,Other_Amphibian,0.2161,2685.3,2422.1,2816.5,2563.6
/srv/shared_leopard_toad/2025/Documents/06.10-13.10.2025/4Z/102MEDIA/DSCF0352.JPG,DSCF0352.JPG,4Z/102MEDIA,0,Other_Amphibian,0.3787,2631.3,2243.1,2782.2,2408.9
/srv/shared_leopard_toad/2025/Documents/06.10-13.10.2025/4Z/102MEDIA/DSCF0352.JPG,DSCF0352.JPG,4Z/102MEDIA,0,Other_Amphibian,0.3574,2688.9,2428.9,2820.8,2559.2
/srv/shared_leopard_toad/2025/Documents/06.10-13.10.2025/4Z/102MEDIA/DSCF0352.JPG,DSCF0352.JPG,4Z/102MEDIA,0,Other_Amphibian,0.2456,2678.2,2427.5,2809.1,2562.5
/srv/shared_leopard_toad/2025/Documents/06.10-13.10.2025/4Z/102MEDIA/DSCF0628.JPG,DSCF0628.JPG,4Z/102MEDIA,0,Other_Amphibian,0.3082,2631.6,2244.1,2785.9,2410.2
/srv/shared_leopard_toad/2025/Documents/06.10-13.10.2025/4Z/102MEDIA/DSCF0628.JPG,DSCF0628.JPG,4Z/102MEDIA,0,Other_Amphibian,0.2686,2713.3,2427.3,2830.9,2552.7
/srv/shared_leopard_toad/2025/Documents/06.10-13.10.2025/4Z/102MEDIA/DSCF0879.JPG,DSCF0879.JPG,4Z/102MEDIA,0,Other_Amphibian,0.2109,2693.2,2424.6,2821.6,2562.2
/srv/shared_leopard_toad/2025/Documents/06.10-13.10.2025/4Z/102MEDIA/DSCF0646.JPG,DSCF0646.JPG,4Z/102MEDIA,0,Other_Amphibian,0.2927,2714.9,2430.1,2834.7,2556.1
/srv/shared_leopard_toad/2025/Documents/06.10-13.10.2025/4Z/102MEDIA/DSCF0646.JPG,DSCF0646.JPG,4Z/102MEDIA,0,Other_Amphibian,0.2759,2634.0,2244.4,2785.8,2410.8
/srv/shared_leopard_toad/2025/Documents/06.10-13.10.2025/4Z/102MEDIA/DSCF0646.JPG,DSCF0646.JPG,4Z/102MEDIA,0,Other_Amphibian,0.2413,2711.8,2428.9,2837.7,2564.0
/srv/shared_leopard_toad/2025/Documents/06.10-13.10.2025/4Z/102MEDIA/DSCF0547.JPG,DSCF0547.JPG,4Z/102MEDIA,0,Other_Amphibian,0.4147,2628.1,2242.7,2785.3,2409.7
/srv/shared_leopard_toad/2025/Documents/06.10-13.10.2025/4Z/102MEDIA/DSCF0547.JPG,DSCF0547.JPG,4Z/102MEDIA,0,Other_Amphibian,0.2439,2717.5,2428.3,2832.5,2553.3
/srv/shared_leopard_toad/2025/Documents/06.10-13.10.2025/4Z/102MEDIA/DSCF0161.JPG,DSCF0161.JPG,4Z/102MEDIA,0,Other_Amphibian,0.3299,2691.8,2428.4,2820.4,2558.0
/srv/shared_leopard_toad/2025/Documents/06.10-13.10.2025/4Z/102MEDIA/DSCF0161.JPG,DSCF0161.JPG,4Z/102MEDIA,0,Other_Amphibian,0.2089,2682.1,2427.2,2812.6,2562.5
/srv/shared_leopard_toad/2025/Documents/06.10-13.10.2025/4Z/102MEDIA/DSCF0161.JPG,DSCF0161.JPG,4Z/102MEDIA,0,Other_Amphibian,0.2077,2634.2,2245.7,2783.5,2411.0
/srv/shared_leopard_toad/2025/Documents/06.10-13.10.2025/4Z/102MEDIA/DSCF0321.JPG,DSCF0321.JPG,4Z/102MEDIA,0,Other_Amphibian,0.2924,2691.2,2428.2,2823.9,2560.2
/srv/shared_leopard_toad/2025/Documents/06.10-13.10.2025/4Z/102MEDIA/DSCF0321.JPG,DSCF0321.JPG,4Z/102MEDIA,0,Other_Amphibian,0.2646,2684.0,2425.8,2816.0,2565.1
/srv/shared_leopard_toad/2025/Documents/06.10-13.10.2025/4Z/102MEDIA/DSCF0321.JPG,DSCF0321.JPG,4Z/102MEDIA,0,Other_Amphibian,0.2153,2632.7,2246.0,2785.5,2411.1
/srv/shared_leopard_toad/2025/Documents/06.10-13.10.2025/4Z/102MEDIA/DSCF0002.JPG,DSCF0002.JPG,4Z/102MEDIA,0,Other_Amphibian,0.3433,2694.2,2428.8,2823.1,2559.0
/srv/shared_leopard_toad/2025/Documents/06.10-13.10.2025/4Z/102MEDIA/DSCF0002.JPG,DSCF0002.JPG,4Z/102MEDIA,0,Other_Amphibian,0.2463,2685.5,2428.5,2815.5,2562.0
/srv/shared_leopard_toad/2025/Documents/06.10-13.10.2025/4Z/102MEDIA/DSCF0578.JPG,DSCF0578.JPG,4Z/102MEDIA,0,Other_Amphibian,0.2851,2719.9,2428.4,2833.1,2552.9
/srv/shared_leopard_toad/2025/Documents/06.10-13.10.2025/4Z/102MEDIA/DSCF0578.JPG,DSCF0578.JPG,4Z/102MEDIA,0,Other_Amphibian,0.2123,2637.7,2242.1,2786.3,2410.3
/srv/shared_leopard_toad/2025/Documents/06.10-13.10.2025/4Z/102MEDIA/DSCF0847.JPG,DSCF0847.JPG,4Z/102MEDIA,0,Other_Amphibian,0.2183,2696.1,2423.3,2825.1,2557.1
/srv/shared_leopard_toad/2025/Documents/06.10-13.10.2025/4Z/102MEDIA/DSCF0585.JPG,DSCF0585.JPG,4Z/102MEDIA,0,Other_Amphibian,0.3287,2636.4,2242.3,2788.0,2409.1
/srv/shared_leopard_toad/2025/Documents/06.10-13.10.2025/4Z/102MEDIA/DSCF0585.JPG,DSCF0585.JPG,4Z/102MEDIA,0,Other_Amphibian,0.2801,2712.3,2429.9,2834.6,2554.6
/srv/shared_leopard_toad/2025/Documents/06.10-13.10.2025/4Z/102MEDIA/DSCF0585.JPG,DSCF0585.JPG,4Z/102MEDIA,0,Other_Amphibian,0.2340,2708.8,2428.2,2836.8,2560.6
/srv/shared_leopard_toad/2025/Documents/06.10-13.10.2025/4Z/102MEDIA/DSCF0228.JPG,DSCF0228.JPG,4Z/102MEDIA,0,Other_Amphibian,0.3888,2690.0,2427.9,2825.1,2558.9
/srv/shared_leopard_toad/2025/Documents/06.10-13.10.2025/4Z/102MEDIA/DSCF0228.JPG,DSCF0228.JPG,4Z/102MEDIA,0,Other_Amphibian,0.3394,2688.6,2426.5,2823.3,2563.0
/srv/shared_leopard_toad/2025/Documents/06.10-13.10.2025/4Z/102MEDIA/DSCF0253.JPG,DSCF0253.JPG,4Z/102MEDIA,0,Other_Amphibian,0.2521,2634.7,2244.4,2786.3,2410.5
/srv/shared_leopard_toad/2025/Documents/06.10-13.10.2025/4Z/102MEDIA/DSCF0218.JPG,DSCF0218.JPG,4Z/102MEDIA,0,Other_Amphibian,0.2898,2693.0,2428.6,2825.4,2559.2
/srv/shared_leopard_toad/2025/Documents/06.10-13.10.2025/4Z/102MEDIA/DSCF0218.JPG,DSCF0218.JPG,4Z/102MEDIA,0,Other_Amphibian,0.2890,2687.5,2426.3,2819.4,2566.7
/srv/shared_leopard_toad/2025/Documents/06.10-13.10.2025/4Z/102MEDIA/DSCF0435.JPG,DSCF0435.JPG,4Z/102MEDIA,0,Other_Amphibian,0.2959,2717.1,2428.6,2833.3,2552.9
/srv/shared_leopard_toad/2025/Documents/06.10-13.10.2025/4Z/102MEDIA/DSCF0435.JPG,DSCF0435.JPG,4Z/102MEDIA,0,Other_Amphibian,0.2655,2637.6,2243.7,2786.1,2409.8
/srv/shared_leopard_toad/2025/Documents/06.10-13.10.2025/4Z/102MEDIA/DSCF0819.JPG,DSCF0819.JPG,4Z/102MEDIA,0,Other_Amphibian,0.2137,806.1,1824.6,938.8,2040.2
/srv/shared_leopard_toad/2025/Documents/06.10-13.10.2025/4Z/102MEDIA/DSCF0680.JPG,DSCF0680.JPG,4Z/102MEDIA,0,Other_Amphibian,0.3351,2629.6,2243.4,2786.4,2410.0
/srv/shared_leopard_toad/2025/Documents/06.10-13.10.2025/4Z/102MEDIA/DSCF0680.JPG,DSCF0680.JPG,4Z/102MEDIA,0,Other_Amphibian,0.2788,2712.0,2428.5,2834.3,2556.6
/srv/shared_leopard_toad/2025/Documents/06.10-13.10.2025/4Z/102MEDIA/DSCF0680.JPG,DSCF0680.JPG,4Z/102MEDIA,0,Other_Amphibian,0.2519,2709.4,2427.2,2837.1,2562.8
/srv/shared_leopard_toad/2025/Documents/06.10-13.10.2025/4Z/102MEDIA/DSCF0260.JPG,DSCF0260.JPG,4Z/102MEDIA,0,Other_Amphibian,0.2909,2691.5,2428.4,2820.6,2559.2
/srv/shared_leopard_toad/2025/Documents/06.10-13.10.2025/4Z/102MEDIA/DSCF0260.JPG,DSCF0260.JPG,4Z/102MEDIA,0,Other_Amphibian,0.2233,2682.2,2426.6,2813.1,2564.8
/srv/shared_leopard_toad/2025/Documents/06.10-13.10.2025/4Z/102MEDIA/DSCF0115.JPG,DSCF0115.JPG,4Z/102MEDIA,0,Other_Amphibian,0.3089,2690.4,2428.8,2820.7,2557.7
/srv/shared_leopard_toad/2025/Documents/06.10-13.10.2025/4Z/102MEDIA/DSCF0115.JPG,DSCF0115.JPG,4Z/102MEDIA,0,Other_Amphibian,0.2339,2680.7,2426.3,2809.4,2560.6
/srv/shared_leopard_toad/2025/Documents/06.10-13.10.2025/4Z/102MEDIA/DSCF0462.JPG,DSCF0462.JPG,4Z/102MEDIA,0,Other_Amphibian,0.2971,2711.7,2428.2,2831.7,2556.2
/srv/shared_leopard_toad/2025/Documents/06.10-13.10.2025/4Z/102MEDIA/DSCF0462.JPG,DSCF0462.JPG,4Z/102MEDIA,0,Other_Amphibian,0.2701,2633.4,2245.6,2786.9,2411.3
/srv/shared_leopard_toad/2025/Documents/06.10-13.10.2025/4Z/102MEDIA/DSCF0462.JPG,DSCF0462.JPG,4Z/102MEDIA,0,Other_Amphibian,0.2463,2704.2,2426.1,2830.3,2564.4
/srv/shared_leopard_toad/2025/Documents/06.10-13.10.2025/4Z/102MEDIA/DSCF0037.JPG,DSCF0037.JPG,4Z/102MEDIA,0,Other_Amphibian,0.3473,2688.1,2428.6,2822.7,2559.9
/srv/shared_leopard_toad/2025/Documents/06.10-13.10.2025/4Z/102MEDIA/DSCF0037.JPG,DSCF0037.JPG,4Z/102MEDIA,0,Other_Amphibian,0.3041,2678.1,2427.5,2813.0,2562.3
/srv/shared_leopard_toad/2025/Documents/06.10-13.10.2025/4Z/102MEDIA/DSCF0037.JPG,DSCF0037.JPG,4Z/102MEDIA,0,Other_Amphibian,0.2353,2639.1,2246.2,2786.7,2410.6
/srv/shared_leopard_toad/2025/Documents/06.10-13.10.2025/4Z/102MEDIA/DSCF0056.JPG,DSCF0056.JPG,4Z/102MEDIA,0,Other_Amphibian,0.3318,2684.7,2426.4,2817.8,2566.0
/srv/shared_leopard_toad/2025/Documents/06.10-13.10.2025/4Z/102MEDIA/DSCF0056.JPG,DSCF0056.JPG,4Z/102MEDIA,0,Other_Amphibian,0.3205,2690.7,2428.4,2823.6,2562.1
/srv/shared_leopard_toad/2025/Documents/06.10-13.10.2025/4Z/102MEDIA/DSCF0056.JPG,DSCF0056.JPG,4Z/102MEDIA,0,Other_Amphibian,0.2127,2636.7,2245.3,2786.9,2411.3
/srv/shared_leopard_toad/2025/Documents/06.10-13.10.2025/4Z/102MEDIA/DSCF0522.JPG,DSCF0522.JPG,4Z/102MEDIA,0,Other_Amphibian,0.3333,2639.7,2241.6,2788.6,2408.9
/srv/shared_leopard_toad/2025/Documents/06.10-13.10.2025/4Z/102MEDIA/DSCF0522.JPG,DSCF0522.JPG,4Z/102MEDIA,0,Other_Amphibian,0.2427,2712.8,2429.2,2832.0,2555.7
/srv/shared_leopard_toad/2025/Documents/06.10-13.10.2025/4Z/102MEDIA/DSCF0624.JPG,DSCF0624.JPG,4Z/102MEDIA,0,Other_Amphibian,0.4354,2633.9,2242.0,2787.4,2409.5
/srv/shared_leopard_toad/2025/Documents/06.10-13.10.2025/4Z/102MEDIA/DSCF0624.JPG,DSCF0624.JPG,4Z/102MEDIA,0,Other_Amphibian,0.2185,2715.3,2428.4,2832.4,2553.5
/srv/shared_leopard_toad/2025/Documents/06.10-13.10.2025/4Z/102MEDIA/DSCF0561.JPG,DSCF0561.JPG,4Z/102MEDIA,0,Other_Amphibian,0.2986,2713.6,2429.7,2834.2,2554.8
/srv/shared_leopard_toad/2025/Documents/06.10-13.10.2025/4Z/102MEDIA/DSCF0561.JPG,DSCF0561.JPG,4Z/102MEDIA,0,Other_Amphibian,0.2844,2708.6,2428.0,2835.0,2562.9
/srv/shared_leopard_toad/2025/Documents/06.10-13.10.2025/4Z/102MEDIA/DSCF0561.JPG,DSCF0561.JPG,4Z/102MEDIA,0,Other_Amphibian,0.2522,2632.1,2244.7,2787.5,2412.7
/srv/shared_leopard_toad/2025/Documents/06.10-13.10.2025/4Z/102MEDIA/DSCF0436.JPG,DSCF0436.JPG,4Z/102MEDIA,0,Other_Amphibian,0.3299,2629.0,2244.0,2786.9,2411.6
/srv/shared_leopard_toad/2025/Documents/06.10-13.10.2025/4Z/102MEDIA/DSCF0436.JPG,DSCF0436.JPG,4Z/102MEDIA,0,Other_Amphibian,0.2401,2701.2,2427.1,2829.0,2570.0
/srv/shared_leopard_toad/2025/Documents/06.10-13.10.2025/4Z/102MEDIA/DSCF0436.JPG,DSCF0436.JPG,4Z/102MEDIA,0,Other_Amphibian,0.2213,2711.6,2429.1,2834.2,2559.1
/srv/shared_leopard_toad/2025/Documents/06.10-13.10.2025/4Z/102MEDIA/DSCF0616.JPG,DSCF0616.JPG,4Z/102MEDIA,0,Other_Amphibian,0.3219,2632.8,2243.1,2785.0,2410.9
/srv/shared_leopard_toad/2025/Documents/06.10-13.10.2025/4Z/102MEDIA/DSCF0616.JPG,DSCF0616.JPG,4Z/102MEDIA,0,Other_Amphibian,0.2876,2720.8,2428.0,2833.6,2551.7
/srv/shared_leopard_toad/2025/Documents/06.10-13.10.2025/4Z/102MEDIA/DSCF0829.JPG,DSCF0829.JPG,4Z/102MEDIA,2,Western_Leopard_Toad,0.3847,4712.0,1831.4,5357.5,2420.1
/srv/shared_leopard_toad/2025/Documents/06.10-13.10.2025/4Z/102MEDIA/DSCF0829.JPG,DSCF0829.JPG,4Z/102MEDIA,0,Other_Amphibian,0.3678,804.3,1826.5,925.1,2004.0
/srv/shared_leopard_toad/2025/Documents/06.10-13.10.2025/4Z/102MEDIA/DSCF0829.JPG,DSCF0829.JPG,4Z/102MEDIA,0,Other_Amphibian,0.2156,807.1,1824.7,920.1,2024.9
/srv/shared_leopard_toad/2025/Documents/06.10-13.10.2025/4Z/102MEDIA/DSCF0137.JPG,DSCF0137.JPG,4Z/102MEDIA,0,Other_Amphibian,0.7617,1614.7,2499.8,1782.8,2688.3
/srv/shared_leopard_toad/2025/Documents/06.10-13.10.2025/4Z/102MEDIA/DSCF0069.JPG,DSCF0069.JPG,4Z/102MEDIA,0,Other_Amphibian,0.3764,2689.0,2428.9,2821.0,2559.8
/srv/shared_leopard_toad/2025/Documents/06.10-13.10.2025/4Z/102MEDIA/DSCF0069.JPG,DSCF0069.JPG,4Z/102MEDIA,0,Other_Amphibian,0.3204,2629.6,2245.8,2782.6,2410.0
/srv/shared_leopard_toad/2025/Documents/06.10-13.10.2025/4Z/102MEDIA/DSCF0069.JPG,DSCF0069.JPG,4Z/102MEDIA,0,Other_Amphibian,0.3182,2684.5,2427.5,2818.2,2564.1
/srv/shared_leopard_toad/2025/Documents/06.10-13.10.2025/4Z/102MEDIA/DSCF0821.JPG,DSCF0821.JPG,4Z/102MEDIA,0,Other_Amphibian,0.4936,804.6,1827.4,936.6,2018.5
/srv/shared_leopard_toad/2025/Documents/06.10-13.10.2025/4Z/102MEDIA/DSCF0484.JPG,DSCF0484.JPG,4Z/102MEDIA,0,Other_Amphibian,0.3530,2627.4,2243.6,2782.3,2410.9
/srv/shared_leopard_toad/2025/Documents/06.10-13.10.2025/4Z/102MEDIA/DSCF0484.JPG,DSCF0484.JPG,4Z/102MEDIA,0,Other_Amphibian,0.3046,2709.4,2429.0,2831.2,2556.8
/srv/shared_leopard_toad/2025/Documents/06.10-13.10.2025/4Z/102MEDIA/DSCF0484.JPG,DSCF0484.JPG,4Z/102MEDIA,0,Other_Amphibian,0.2883,2704.8,2427.1,2833.2,2566.2
/srv/shared_leopard_toad/2025/Documents/06.10-13.10.2025/4Z/102MEDIA/DSCF0471.JPG,DSCF0471.JPG,4Z/102MEDIA,0,Other_Amphibian,0.2933,2720.3,2428.9,2836.0,2552.7
/srv/shared_leopard_toad/2025/Documents/06.10-13.10.2025/4Z/102MEDIA/DSCF0471.JPG,DSCF0471.JPG,4Z/102MEDIA,0,Other_Amphibian,0.2630,2634.3,2245.8,2784.7,2410.8
/srv/shared_leopard_toad/2025/Documents/06.10-13.10.2025/4Z/102MEDIA/DSCF0471.JPG,DSCF0471.JPG,4Z/102MEDIA,0,Other_Amphibian,0.2108,2714.7,2427.7,2837.4,2559.4
/srv/shared_leopard_toad/2025/Documents/06.10-13.10.2025/4Z/102MEDIA/DSCF0609.JPG,DSCF0609.JPG,4Z/102MEDIA,0,Other_Amphibian,0.3428,2707.1,2429.1,2830.6,2553.0
/srv/shared_leopard_toad/2025/Documents/06.10-13.10.2025/4Z/102MEDIA/DSCF0609.JPG,DSCF0609.JPG,4Z/102MEDIA,0,Other_Amphibian,0.2495,2636.1,2244.0,2787.4,2410.1
/srv/shared_leopard_toad/2025/Documents/06.10-13.10.2025/4Z/102MEDIA/DSCF0609.JPG,DSCF0609.JPG,4Z/102MEDIA,0,Other_Amphibian,0.2192,2700.4,2427.9,2827.6,2557.2
/srv/shared_leopard_toad/2025/Documents/06.10-13.10.2025/4Z/102MEDIA/DSCF0239.JPG,DSCF0239.JPG,4Z/102MEDIA,0,Other_Amphibian,0.3368,2691.5,2428.3,2824.1,2559.0
/srv/shared_leopard_toad/2025/Documents/06.10-13.10.2025/4Z/102MEDIA/DSCF0239.JPG,DSCF0239.JPG,4Z/102MEDIA,0,Other_Amphibian,0.2949,2685.4,2426.8,2818.1,2563.7
/srv/shared_leopard_toad/2025/Documents/06.10-13.10.2025/4Z/102MEDIA/DSCF0239.JPG,DSCF0239.JPG,4Z/102MEDIA,0,Other_Amphibian,0.2573,2635.5,2244.1,2785.7,2408.4
/srv/shared_leopard_toad/2025/Documents/06.10-13.10.2025/4Z/102MEDIA/DSCF0329.JPG,DSCF0329.JPG,4Z/102MEDIA,0,Other_Amphibian,0.2986,2690.3,2428.4,2822.8,2559.0
/srv/shared_leopard_toad/2025/Documents/06.10-13.10.2025/4Z/102MEDIA/DSCF0329.JPG,DSCF0329.JPG,4Z/102MEDIA,0,Other_Amphibian,0.2569,2681.6,2426.0,2812.7,2565.4
/srv/shared_leopard_toad/2025/Documents/06.10-13.10.2025/4Z/102MEDIA/DSCF0129.JPG,DSCF0129.JPG,4Z/102MEDIA,0,Other_Amphibian,0.2736,2691.7,2429.1,2823.4,2560.3
/srv/shared_leopard_toad/2025/Documents/06.10-13.10.2025/4Z/102MEDIA/DSCF0129.JPG,DSCF0129.JPG,4Z/102MEDIA,0,Other_Amphibian,0.2482,2680.3,2427.2,2811.6,2562.0
/srv/shared_leopard_toad/2025/Documents/06.10-13.10.2025/4Z/102MEDIA/DSCF0129.JPG,DSCF0129.JPG,4Z/102MEDIA,0,Other_Amphibian,0.2307,2640.1,2246.0,2786.3,2410.0
/srv/shared_leopard_toad/2025/Documents/06.10-13.10.2025/4Z/102MEDIA/DSCF0147.JPG,DSCF0147.JPG,4Z/102MEDIA,0,Other_Amphibian,0.3792,2690.6,2428.2,2822.1,2559.7
/srv/shared_leopard_toad/2025/Documents/06.10-13.10.2025/4Z/102MEDIA/DSCF0147.JPG,DSCF0147.JPG,4Z/102MEDIA,0,Other_Amphibian,0.2899,2633.9,2245.5,2786.7,2412.0
/srv/shared_leopard_toad/2025/Documents/06.10-13.10.2025/4Z/102MEDIA/DSCF0147.JPG,DSCF0147.JPG,4Z/102MEDIA,0,Other_Amphibian,0.2839,2682.8,2427.5,2813.6,2563.0
/srv/shared_leopard_toad/2025/Documents/06.10-13.10.2025/4Z/102MEDIA/DSCF0261.JPG,DSCF0261.JPG,4Z/102MEDIA,0,Other_Amphibian,0.3206,2686.9,2429.6,2822.3,2559.3
/srv/shared_leopard_toad/2025/Documents/06.10-13.10.2025/4Z/102MEDIA/DSCF0261.JPG,DSCF0261.JPG,4Z/102MEDIA,0,Other_Amphibian,0.3196,2632.8,2244.4,2784.8,2410.2
/srv/shared_leopard_toad/2025/Documents/06.10-13.10.2025/4Z/102MEDIA/DSCF0261.JPG,DSCF0261.JPG,4Z/102MEDIA,0,Other_Amphibian,0.3109,2681.4,2427.8,2817.8,2563.6
/srv/shared_leopard_toad/2025/Documents/06.10-13.10.2025/4Z/102MEDIA/DSCF0062.JPG,DSCF0062.JPG,4Z/102MEDIA,0,Other_Amphibian,0.2208,2695.7,2427.7,2820.3,2559.0
/srv/shared_leopard_toad/2025/Documents/06.10-13.10.2025/4Z/102MEDIA/DSCF0326.JPG,DSCF0326.JPG,4Z/102MEDIA,0,Other_Amphibian,0.2772,2692.3,2427.9,2821.3,2557.9
/srv/shared_leopard_toad/2025/Documents/06.10-13.10.2025/4Z/102MEDIA/DSCF0326.JPG,DSCF0326.JPG,4Z/102MEDIA,0,Other_Amphibian,0.2169,2681.7,2424.9,2812.5,2561.9
/srv/shared_leopard_toad/2025/Documents/06.10-13.10.2025/4Z/102MEDIA/DSCF0975.JPG,DSCF0975.JPG,4Z/102MEDIA,0,Other_Amphibian,0.2381,2692.6,2424.3,2820.5,2555.5
/srv/shared_leopard_toad/2025/Documents/06.10-13.10.2025/4Z/102MEDIA/DSCF0495.JPG,DSCF0495.JPG,4Z/102MEDIA,0,Other_Amphibian,0.2892,2636.8,2242.3,2787.9,2408.6
/srv/shared_leopard_toad/2025/Documents/06.10-13.10.2025/4Z/102MEDIA/DSCF0495.JPG,DSCF0495.JPG,4Z/102MEDIA,0,Other_Amphibian,0.2492,2710.8,2428.8,2832.8,2558.8
/srv/shared_leopard_toad/2025/Documents/06.10-13.10.2025/4Z/102MEDIA/DSCF0495.JPG,DSCF0495.JPG,4Z/102MEDIA,0,Other_Amphibian,0.2480,2705.7,2426.8,2832.7,2567.8
/srv/shared_leopard_toad/2025/Documents/06.10-13.10.2025/4Z/102MEDIA/DSCF0590.JPG,DSCF0590.JPG,4Z/102MEDIA,0,Other_Amphibian,0.2846,2632.0,2242.5,2787.9,2411.3
/srv/shared_leopard_toad/2025/Documents/06.10-13.10.2025/4Z/102MEDIA/DSCF0590.JPG,DSCF0590.JPG,4Z/102MEDIA,0,Other_Amphibian,0.2803,2715.3,2429.2,2833.6,2554.0
/srv/shared_leopard_toad/2025/Documents/06.10-13.10.2025/4Z/102MEDIA/DSCF0590.JPG,DSCF0590.JPG,4Z/102MEDIA,0,Other_Amphibian,0.2296,2706.5,2427.4,2830.7,2564.0
/srv/shared_leopard_toad/2025/Documents/06.10-13.10.2025/4Z/102MEDIA/DSCF0175.JPG,DSCF0175.JPG,4Z/102MEDIA,0,Other_Amphibian,0.2660,2635.9,2243.3,2786.1,2409.5
/srv/shared_leopard_toad/2025/Documents/06.10-13.10.2025/4Z/102MEDIA/DSCF0175.JPG,DSCF0175.JPG,4Z/102MEDIA,0,Other_Amphibian,0.2410,2682.4,2426.3,2810.8,2567.7
/srv/shared_leopard_toad/2025/Documents/06.10-13.10.2025/4Z/102MEDIA/DSCF0175.JPG,DSCF0175.JPG,4Z/102MEDIA,0,Other_Amphibian,0.2399,2692.1,2429.0,2822.3,2561.0
/srv/shared_leopard_toad/2025/Documents/06.10-13.10.2025/4Z/102MEDIA/DSCF0951.JPG,DSCF0951.JPG,4Z/102MEDIA,0,Other_Amphibian,0.2395,2691.2,2423.6,2823.3,2557.4
/srv/shared_leopard_toad/2025/Documents/06.10-13.10.2025/4Z/102MEDIA/DSCF0647.JPG,DSCF0647.JPG,4Z/102MEDIA,0,Other_Amphibian,0.2790,2719.9,2427.7,2832.9,2552.6
/srv/shared_leopard_toad/2025/Documents/06.10-13.10.2025/4Z/102MEDIA/DSCF0647.JPG,DSCF0647.JPG,4Z/102MEDIA,0,Other_Amphibian,0.2152,2632.4,2243.8,2785.4,2410.4
/srv/shared_leopard_toad/2025/Documents/06.10-13.10.2025/4Z/102MEDIA/DSCF0573.JPG,DSCF0573.JPG,4Z/102MEDIA,0,Other_Amphibian,0.2923,2721.0,2427.7,2833.1,2549.6
/srv/shared_leopard_toad/2025/Documents/06.10-13.10.2025/4Z/102MEDIA/DSCF0573.JPG,DSCF0573.JPG,4Z/102MEDIA,0,Other_Amphibian,0.2766,2633.9,2244.1,2788.8,2411.9
/srv/shared_leopard_toad/2025/Documents/06.10-13.10.2025/4Z/102MEDIA/DSCF0914.JPG,DSCF0914.JPG,4Z/102MEDIA,0,Other_Amphibian,0.2576,2689.6,2424.5,2822.4,2559.4
/srv/shared_leopard_toad/2025/Documents/06.10-13.10.2025/4Z/102MEDIA/DSCF0914.JPG,DSCF0914.JPG,4Z/102MEDIA,0,Other_Amphibian,0.2053,2680.1,2423.2,2812.8,2563.9
/srv/shared_leopard_toad/2025/Documents/06.10-13.10.2025/4Z/102MEDIA/DSCF0332.JPG,DSCF0332.JPG,4Z/102MEDIA,0,Other_Amphibian,0.3186,2692.5,2428.8,2824.3,2559.2
/srv/shared_leopard_toad/2025/Documents/06.10-13.10.2025/4Z/102MEDIA/DSCF0332.JPG,DSCF0332.JPG,4Z/102MEDIA,0,Other_Amphibian,0.3070,2684.9,2426.9,2817.9,2563.3
/srv/shared_leopard_toad/2025/Documents/06.10-13.10.2025/4Z/102MEDIA/DSCF0332.JPG,DSCF0332.JPG,4Z/102MEDIA,0,Other_Amphibian,0.2997,2640.4,2244.3,2785.2,2409.1
/srv/shared_leopard_toad/2025/Documents/06.10-13.10.2025/4Z/102MEDIA/DSCF0203.JPG,DSCF0203.JPG,4Z/102MEDIA,0,Other_Amphibian,0.3797,2691.0,2428.3,2822.5,2560.3
/srv/shared_leopard_toad/2025/Documents/06.10-13.10.2025/4Z/102MEDIA/DSCF0203.JPG,DSCF0203.JPG,4Z/102MEDIA,0,Other_Amphibian,0.3450,2686.0,2426.6,2817.6,2565.0
/srv/shared_leopard_toad/2025/Documents/06.10-13.10.2025/4Z/102MEDIA/DSCF0103.JPG,DSCF0103.JPG,4Z/102MEDIA,0,Other_Amphibian,0.3572,2688.8,2428.9,2822.4,2557.4
/srv/shared_leopard_toad/2025/Documents/06.10-13.10.2025/4Z/102MEDIA/DSCF0103.JPG,DSCF0103.JPG,4Z/102MEDIA,0,Other_Amphibian,0.3314,2635.0,2243.3,2785.9,2408.8
/srv/shared_leopard_toad/2025/Documents/06.10-13.10.2025/4Z/102MEDIA/DSCF0103.JPG,DSCF0103.JPG,4Z/102MEDIA,0,Other_Amphibian,0.2768,2680.1,2427.1,2813.0,2561.3
/srv/shared_leopard_toad/2025/Documents/06.10-13.10.2025/4Z/102MEDIA/DSCF0388.JPG,DSCF0388.JPG,4Z/102MEDIA,0,Other_Amphibian,0.3204,2635.8,2243.2,2786.7,2408.4
/srv/shared_leopard_toad/2025/Documents/06.10-13.10.2025/4Z/102MEDIA/DSCF0388.JPG,DSCF0388.JPG,4Z/102MEDIA,0,Other_Amphibian,0.3187,2690.0,2428.2,2824.4,2559.1
/srv/shared_leopard_toad/2025/Documents/06.10-13.10.2025/4Z/102MEDIA/DSCF0388.JPG,DSCF0388.JPG,4Z/102MEDIA,0,Other_Amphibian,0.3028,2682.7,2426.4,2816.7,2562.7
/srv/shared_leopard_toad/2025/Documents/06.10-13.10.2025/4Z/102MEDIA/DSCF0039.JPG,DSCF0039.JPG,4Z/102MEDIA,0,Other_Amphibian,0.3879,2693.4,2428.5,2821.4,2557.4
/srv/shared_leopard_toad/2025/Documents/06.10-13.10.2025/4Z/102MEDIA/DSCF0039.JPG,DSCF0039.JPG,4Z/102MEDIA,0,Other_Amphibian,0.2627,2684.1,2427.0,2813.8,2561.0
/srv/shared_leopard_toad/2025/Documents/06.10-13.10.2025/4Z/102MEDIA/DSCF0968.JPG,DSCF0968.JPG,4Z/102MEDIA,0,Other_Amphibian,0.2088,2693.9,2425.2,2820.0,2555.6
/srv/shared_leopard_toad/2025/Documents/06.10-13.10.2025/4Z/102MEDIA/DSCF0070.JPG,DSCF0070.JPG,4Z/102MEDIA,0,Other_Amphibian,0.2410,2636.9,2243.3,2785.9,2409.8
/srv/shared_leopard_toad/2025/Documents/06.10-13.10.2025/4Z/102MEDIA/DSCF0070.JPG,DSCF0070.JPG,4Z/102MEDIA,0,Other_Amphibian,0.2250,2681.7,2425.4,2813.0,2567.7
/srv/shared_leopard_toad/2025/Documents/06.10-13.10.2025/4Z/102MEDIA/DSCF0070.JPG,DSCF0070.JPG,4Z/102MEDIA,0,Other_Amphibian,0.2063,2693.7,2429.5,2823.8,2560.2
/srv/shared_leopard_toad/2025/Documents/06.10-13.10.2025/4Z/102MEDIA/DSCF0092.JPG,DSCF0092.JPG,4Z/102MEDIA,0,Other_Amphibian,0.2973,2691.9,2427.7,2822.8,2558.2
/srv/shared_leopard_toad/2025/Documents/06.10-13.10.2025/4Z/102MEDIA/DSCF0092.JPG,DSCF0092.JPG,4Z/102MEDIA,0,Other_Amphibian,0.2429,2629.0,2245.1,2785.9,2412.7
/srv/shared_leopard_toad/2025/Documents/06.10-13.10.2025/4Z/102MEDIA/DSCF0092.JPG,DSCF0092.JPG,4Z/102MEDIA,0,Other_Amphibian,0.2159,2682.8,2425.9,2815.7,2562.8
/srv/shared_leopard_toad/2025/Documents/06.10-13.10.2025/4Z/102MEDIA/DSCF0100.JPG,DSCF0100.JPG,4Z/102MEDIA,0,Other_Amphibian,0.2765,2636.3,2243.2,2789.6,2410.7
/srv/shared_leopard_toad/2025/Documents/06.10-13.10.2025/4Z/102MEDIA/DSCF0401.JPG,DSCF0401.JPG,4Z/102MEDIA,0,Other_Amphibian,0.4536,2917.6,2327.2,3157.1,2522.9
/srv/shared_leopard_toad/2025/Documents/06.10-13.10.2025/4Z/102MEDIA/DSCF0401.JPG,DSCF0401.JPG,4Z/102MEDIA,0,Other_Amphibian,0.2532,2637.8,2244.6,2784.2,2409.8
/srv/shared_leopard_toad/2025/Documents/06.10-13.10.2025/4Z/102MEDIA/DSCF0599.JPG,DSCF0599.JPG,4Z/102MEDIA,0,Other_Amphibian,0.3126,2635.0,2243.4,2787.2,2409.5
/srv/shared_leopard_toad/2025/Documents/06.10-13.10.2025/4Z/102MEDIA/DSCF0599.JPG,DSCF0599.JPG,4Z/102MEDIA,0,Other_Amphibian,0.3095,2714.7,2427.6,2832.5,2554.9
/srv/shared_leopard_toad/2025/Documents/06.10-13.10.2025/4Z/102MEDIA/DSCF0599.JPG,DSCF0599.JPG,4Z/102MEDIA,0,Other_Amphibian,0.2075,2704.1,2426.2,2828.0,2562.0
/srv/shared_leopard_toad/2025/Documents/06.10-13.10.2025/4Z/102MEDIA/DSCF0491.JPG,DSCF0491.JPG,4Z/102MEDIA,0,Other_Amphibian,0.3844,2633.7,2242.1,2786.5,2408.4
/srv/shared_leopard_toad/2025/Documents/06.10-13.10.2025/4Z/102MEDIA/DSCF0491.JPG,DSCF0491.JPG,4Z/102MEDIA,0,Other_Amphibian,0.2770,2713.2,2428.5,2830.9,2553.4
/srv/shared_leopard_toad/2025/Documents/06.10-13.10.2025/4Z/102MEDIA/DSCF0600.JPG,DSCF0600.JPG,4Z/102MEDIA,0,Other_Amphibian,0.3082,2716.3,2428.2,2834.5,2549.7
/srv/shared_leopard_toad/2025/Documents/06.10-13.10.2025/4Z/102MEDIA/DSCF0600.JPG,DSCF0600.JPG,4Z/102MEDIA,0,Other_Amphibian,0.2515,2636.3,2244.7,2788.9,2412.2
/srv/shared_leopard_toad/2025/Documents/06.10-13.10.2025/4Z/102MEDIA/DSCF0042.JPG,DSCF0042.JPG,4Z/102MEDIA,0,Other_Amphibian,0.2968,2690.9,2428.1,2822.4,2562.9
/srv/shared_leopard_toad/2025/Documents/06.10-13.10.2025/4Z/102MEDIA/DSCF0042.JPG,DSCF0042.JPG,4Z/102MEDIA,0,Other_Amphibian,0.2636,2681.9,2426.0,2814.2,2568.6
/srv/shared_leopard_toad/2025/Documents/06.10-13.10.2025/4Z/102MEDIA/DSCF0529.JPG,DSCF0529.JPG,4Z/102MEDIA,0,Other_Amphibian,0.3072,2712.8,2428.5,2832.7,2554.6
/srv/shared_leopard_toad/2025/Documents/06.10-13.10.2025/4Z/102MEDIA/DSCF0529.JPG,DSCF0529.JPG,4Z/102MEDIA,0,Other_Amphibian,0.2825,2710.9,2426.8,2835.6,2561.9
/srv/shared_leopard_toad/2025/Documents/06.10-13.10.2025/4Z/102MEDIA/DSCF0010.JPG,DSCF0010.JPG,4Z/102MEDIA,0,Other_Amphibian,0.3347,2691.5,2427.8,2822.9,2558.3
/srv/shared_leopard_toad/2025/Documents/06.10-13.10.2025/4Z/102MEDIA/DSCF0010.JPG,DSCF0010.JPG,4Z/102MEDIA,0,Other_Amphibian,0.2992,2683.8,2425.7,2814.2,2563.4
/srv/shared_leopard_toad/2025/Documents/06.10-13.10.2025/4Z/102MEDIA/DSCF0835.JPG,DSCF0835.JPG,4Z/102MEDIA,2,Western_Leopard_Toad,0.3597,4662.9,1808.2,5170.2,2407.1
/srv/shared_leopard_toad/2025/Documents/06.10-13.10.2025/4Z/102MEDIA/DSCF0348.JPG,DSCF0348.JPG,4Z/102MEDIA,0,Other_Amphibian,0.3815,2637.0,2243.6,2782.8,2407.6
/srv/shared_leopard_toad/2025/Documents/06.10-13.10.2025/4Z/102MEDIA/DSCF0078.JPG,DSCF0078.JPG,4Z/102MEDIA,0,Other_Amphibian,0.3320,2694.0,2428.1,2821.6,2558.4
/srv/shared_leopard_toad/2025/Documents/06.10-13.10.2025/4Z/102MEDIA/DSCF0078.JPG,DSCF0078.JPG,4Z/102MEDIA,0,Other_Amphibian,0.2507,2635.3,2245.6,2785.4,2410.7
/srv/shared_leopard_toad/2025/Documents/06.10-13.10.2025/4Z/102MEDIA/DSCF0078.JPG,DSCF0078.JPG,4Z/102MEDIA,0,Other_Amphibian,0.2195,2684.6,2426.2,2813.8,2560.7
/srv/shared_leopard_toad/2025/Documents/06.10-13.10.2025/4Z/102MEDIA/DSCF0244.JPG,DSCF0244.JPG,4Z/102MEDIA,0,Other_Amphibian,0.2182,2635.3,2245.6,2783.7,2410.9
/srv/shared_leopard_toad/2025/Documents/06.10-13.10.2025/4Z/102MEDIA/DSCF0244.JPG,DSCF0244.JPG,4Z/102MEDIA,0,Other_Amphibian,0.2159,2691.4,2428.1,2822.7,2560.6
/srv/shared_leopard_toad/2025/Documents/06.10-13.10.2025/4Z/102MEDIA/DSCF0217.JPG,DSCF0217.JPG,4Z/102MEDIA,0,Other_Amphibian,0.3002,2693.4,2427.2,2821.2,2560.4
/srv/shared_leopard_toad/2025/Documents/06.10-13.10.2025/4Z/102MEDIA/DSCF0217.JPG,DSCF0217.JPG,4Z/102MEDIA,0,Other_Amphibian,0.2422,2682.4,2425.3,2809.9,2564.0
/srv/shared_leopard_toad/2025/Documents/06.10-13.10.2025/4Z/102MEDIA/DSCF0156.JPG,DSCF0156.JPG,4Z/102MEDIA,0,Other_Amphibian,0.3120,2690.8,2427.6,2820.7,2561.1
/srv/shared_leopard_toad/2025/Documents/06.10-13.10.2025/4Z/102MEDIA/DSCF0156.JPG,DSCF0156.JPG,4Z/102MEDIA,0,Other_Amphibian,0.2560,2681.4,2426.2,2810.5,2564.9
/srv/shared_leopard_toad/2025/Documents/06.10-13.10.2025/4Z/102MEDIA/DSCF0156.JPG,DSCF0156.JPG,4Z/102MEDIA,0,Other_Amphibian,0.2018,2639.3,2244.3,2785.1,2410.1
/srv/shared_leopard_toad/2025/Documents/06.10-13.10.2025/4Z/102MEDIA/DSCF0094.JPG,DSCF0094.JPG,4Z/102MEDIA,0,Other_Amphibian,0.4203,2689.0,2428.5,2823.7,2555.8
/srv/shared_leopard_toad/2025/Documents/06.10-13.10.2025/4Z/102MEDIA/DSCF0094.JPG,DSCF0094.JPG,4Z/102MEDIA,0,Other_Amphibian,0.3505,2687.4,2427.8,2821.8,2559.9
/srv/shared_leopard_toad/2025/Documents/06.10-13.10.2025/4Z/102MEDIA/DSCF0094.JPG,DSCF0094.JPG,4Z/102MEDIA,0,Other_Amphibian,0.3040,2632.5,2244.2,2786.0,2410.8
/srv/shared_leopard_toad/2025/Documents/06.10-13.10.2025/4Z/102MEDIA/DSCF0190.JPG,DSCF0190.JPG,4Z/102MEDIA,0,Other_Amphibian,0.2949,2691.0,2428.2,2822.5,2561.0
/srv/shared_leopard_toad/2025/Documents/06.10-13.10.2025/4Z/102MEDIA/DSCF0190.JPG,DSCF0190.JPG,4Z/102MEDIA,0,Other_Amphibian,0.2916,2683.0,2425.8,2813.2,2564.3
/srv/shared_leopard_toad/2025/Documents/06.10-13.10.2025/4Z/102MEDIA/DSCF0190.JPG,DSCF0190.JPG,4Z/102MEDIA,0,Other_Amphibian,0.2259,2633.1,2244.7,2782.8,2410.9
/srv/shared_leopard_toad/2025/Documents/06.10-13.10.2025/4Z/102MEDIA/DSCF0383.JPG,DSCF0383.JPG,4Z/102MEDIA,0,Other_Amphibian,0.3054,2634.5,2244.6,2783.8,2409.2
/srv/shared_leopard_toad/2025/Documents/06.10-13.10.2025/4Z/102MEDIA/DSCF0383.JPG,DSCF0383.JPG,4Z/102MEDIA,0,Other_Amphibian,0.2885,2696.6,2428.5,2822.0,2559.3
/srv/shared_leopard_toad/2025/Documents/06.10-13.10.2025/4Z/102MEDIA/DSCF0383.JPG,DSCF0383.JPG,4Z/102MEDIA,0,Other_Amphibian,0.2165,2686.2,2426.2,2814.1,2562.8
/srv/shared_leopard_toad/2025/Documents/06.10-13.10.2025/4Z/102MEDIA/DSCF0047.JPG,DSCF0047.JPG,4Z/102MEDIA,0,Other_Amphibian,0.3949,2691.2,2428.1,2823.7,2554.9
/srv/shared_leopard_toad/2025/Documents/06.10-13.10.2025/4Z/102MEDIA/DSCF0047.JPG,DSCF0047.JPG,4Z/102MEDIA,0,Other_Amphibian,0.2305,2686.1,2426.9,2818.0,2558.2
/srv/shared_leopard_toad/2025/Documents/06.10-13.10.2025/4Z/102MEDIA/DSCF0047.JPG,DSCF0047.JPG,4Z/102MEDIA,0,Other_Amphibian,0.2272,2632.5,2244.6,2784.9,2411.6
/srv/shared_leopard_toad/2025/Documents/06.10-13.10.2025/4Z/102MEDIA/DSCF0213.JPG,DSCF0213.JPG,4Z/102MEDIA,0,Other_Amphibian,0.3253,2633.3,2243.2,2787.8,2409.6
/srv/shared_leopard_toad/2025/Documents/06.10-13.10.2025/4Z/102MEDIA/DSCF0935.JPG,DSCF0935.JPG,4Z/102MEDIA,0,Other_Amphibian,0.2190,2692.3,2423.5,2821.9,2556.6
/srv/shared_leopard_toad/2025/Documents/06.10-13.10.2025/4Z/102MEDIA/DSCF0631.JPG,DSCF0631.JPG,4Z/102MEDIA,0,Other_Amphibian,0.2659,2719.3,2428.6,2832.4,2548.8
/srv/shared_leopard_toad/2025/Documents/06.10-13.10.2025/4Z/102MEDIA/DSCF0631.JPG,DSCF0631.JPG,4Z/102MEDIA,0,Other_Amphibian,0.2186,2633.5,2245.1,2786.9,2412.8
/srv/shared_leopard_toad/2025/Documents/06.10-13.10.2025/4Z/102MEDIA/DSCF0055.JPG,DSCF0055.JPG,4Z/102MEDIA,0,Other_Amphibian,0.3147,2633.8,2244.5,2787.7,2409.2
/srv/shared_leopard_toad/2025/Documents/06.10-13.10.2025/4Z/102MEDIA/DSCF0055.JPG,DSCF0055.JPG,4Z/102MEDIA,0,Other_Amphibian,0.2809,2697.9,2428.9,2823.8,2555.6
/srv/shared_leopard_toad/2025/Documents/06.10-13.10.2025/4Z/102MEDIA/DSCF0400.JPG,DSCF0400.JPG,4Z/102MEDIA,0,Other_Amphibian,0.2241,2916.7,2333.8,3149.4,2526.3
/srv/shared_leopard_toad/2025/Documents/06.10-13.10.2025/4Z/102MEDIA/DSCF0400.JPG,DSCF0400.JPG,4Z/102MEDIA,0,Other_Amphibian,0.2060,2709.4,2428.7,2828.9,2554.4
/srv/shared_leopard_toad/2025/Documents/06.10-13.10.2025/4Z/102MEDIA/DSCF0658.JPG,DSCF0658.JPG,4Z/102MEDIA,0,Other_Amphibian,0.3270,2715.8,2430.0,2834.8,2555.2
/srv/shared_leopard_toad/2025/Documents/06.10-13.10.2025/4Z/102MEDIA/DSCF0658.JPG,DSCF0658.JPG,4Z/102MEDIA,0,Other_Amphibian,0.3012,2714.4,2428.1,2837.4,2561.4
/srv/shared_leopard_toad/2025/Documents/06.10-13.10.2025/4Z/102MEDIA/DSCF0606.JPG,DSCF0606.JPG,4Z/102MEDIA,0,Other_Amphibian,0.3198,2631.7,2243.2,2787.7,2409.7
/srv/shared_leopard_toad/2025/Documents/06.10-13.10.2025/4Z/102MEDIA/DSCF0606.JPG,DSCF0606.JPG,4Z/102MEDIA,0,Other_Amphibian,0.3036,2716.8,2429.1,2833.2,2553.9
/srv/shared_leopard_toad/2025/Documents/06.10-13.10.2025/4Z/102MEDIA/DSCF0606.JPG,DSCF0606.JPG,4Z/102MEDIA,0,Other_Amphibian,0.2126,2707.9,2427.8,2831.1,2559.6
/srv/shared_leopard_toad/2025/Documents/06.10-13.10.2025/4Z/102MEDIA/DSCF0064.JPG,DSCF0064.JPG,4Z/102MEDIA,0,Other_Amphibian,0.3419,2691.9,2429.2,2822.9,2555.6
/srv/shared_leopard_toad/2025/Documents/06.10-13.10.2025/4Z/102MEDIA/DSCF0064.JPG,DSCF0064.JPG,4Z/102MEDIA,0,Other_Amphibian,0.2893,2634.4,2243.8,2788.2,2410.4
/srv/shared_leopard_toad/2025/Documents/06.10-13.10.2025/4Z/102MEDIA/DSCF0064.JPG,DSCF0064.JPG,4Z/102MEDIA,0,Other_Amphibian,0.2471,2683.3,2428.5,2815.5,2559.2
/srv/shared_leopard_toad/2025/Documents/06.10-13.10.2025/4Z/102MEDIA/DSCF0351.JPG,DSCF0351.JPG,4Z/102MEDIA,0,Other_Amphibian,0.2095,2648.7,2244.1,2780.0,2406.9
/srv/shared_leopard_toad/2025/Documents/06.10-13.10.2025/4Z/102MEDIA/DSCF0225.JPG,DSCF0225.JPG,4Z/102MEDIA,0,Other_Amphibian,0.3324,2688.5,2428.1,2823.0,2560.8
/srv/shared_leopard_toad/2025/Documents/06.10-13.10.2025/4Z/102MEDIA/DSCF0225.JPG,DSCF0225.JPG,4Z/102MEDIA,0,Other_Amphibian,0.2947,2686.1,2426.6,2821.3,2566.7
/srv/shared_leopard_toad/2025/Documents/06.10-13.10.2025/4Z/102MEDIA/DSCF0225.JPG,DSCF0225.JPG,4Z/102MEDIA,0,Other_Amphibian,0.2234,2630.2,2247.8,2782.3,2411.5
/srv/shared_leopard_toad/2025/Documents/06.10-13.10.2025/4Z/102MEDIA/DSCF0354.JPG,DSCF0354.JPG,4Z/102MEDIA,0,Other_Amphibian,0.3355,2630.3,2243.8,2781.2,2409.3
/srv/shared_leopard_toad/2025/Documents/06.10-13.10.2025/4Z/102MEDIA/DSCF0354.JPG,DSCF0354.JPG,4Z/102MEDIA,0,Other_Amphibian,0.2730,2684.4,2426.7,2819.1,2577.6
/srv/shared_leopard_toad/2025/Documents/06.10-13.10.2025/4Z/102MEDIA/DSCF0354.JPG,DSCF0354.JPG,4Z/102MEDIA,0,Other_Amphibian,0.2395,2690.8,2428.8,2825.5,2566.1
/srv/shared_leopard_toad/2025/Documents/06.10-13.10.2025/4Z/102MEDIA/DSCF0272.JPG,DSCF0272.JPG,4Z/102MEDIA,0,Other_Amphibian,0.3216,2690.0,2428.7,2819.9,2559.0
/srv/shared_leopard_toad/2025/Documents/06.10-13.10.2025/4Z/102MEDIA/DSCF0272.JPG,DSCF0272.JPG,4Z/102MEDIA,0,Other_Amphibian,0.2770,2640.9,2244.6,2788.5,2410.3
/srv/shared_leopard_toad/2025/Documents/06.10-13.10.2025/4Z/102MEDIA/DSCF0272.JPG,DSCF0272.JPG,4Z/102MEDIA,0,Other_Amphibian,0.2459,2678.5,2425.8,2808.8,2562.4
/srv/shared_leopard_toad/2025/Documents/06.10-13.10.2025/4Z/102MEDIA/DSCF0459.JPG,DSCF0459.JPG,4Z/102MEDIA,0,Other_Amphibian,0.3233,2700.5,2426.2,2827.8,2572.4
/srv/shared_leopard_toad/2025/Documents/06.10-13.10.2025/4Z/102MEDIA/DSCF0459.JPG,DSCF0459.JPG,4Z/102MEDIA,0,Other_Amphibian,0.2770,2707.2,2428.4,2829.9,2558.9
/srv/shared_leopard_toad/2025/Documents/06.10-13.10.2025/4Z/102MEDIA/DSCF0459.JPG,DSCF0459.JPG,4Z/102MEDIA,0,Other_Amphibian,0.2216,2636.5,2244.8,2785.1,2410.3
/srv/shared_leopard_toad/2025/Documents/06.10-13.10.2025/4Z/102MEDIA/DSCF0620.JPG,DSCF0620.JPG,4Z/102MEDIA,0,Other_Amphibian,0.4284,2634.1,2240.8,2784.4,2407.7
/srv/shared_leopard_toad/2025/Documents/06.10-13.10.2025/4Z/102MEDIA/DSCF0620.JPG,DSCF0620.JPG,4Z/102MEDIA,0,Other_Amphibian,0.2702,2719.0,2427.3,2831.8,2551.9
/srv/shared_leopard_toad/2025/Documents/06.10-13.10.2025/4Z/102MEDIA/DSCF0746.JPG,DSCF0746.JPG,4Z/102MEDIA,0,Other_Amphibian,0.2367,1425.0,1869.9,1611.9,2097.0
/srv/shared_leopard_toad/2025/Documents/06.10-13.10.2025/4Z/102MEDIA/DSCF0763.JPG,DSCF0763.JPG,4Z/102MEDIA,0,Other_Amphibian,0.2901,804.7,1817.5,930.3,2005.1
/srv/shared_leopard_toad/2025/Documents/06.10-13.10.2025/4Z/102MEDIA/DSCF0763.JPG,DSCF0763.JPG,4Z/102MEDIA,2,Western_Leopard_Toad,0.2633,5048.8,3.1,5376.2,265.2
/srv/shared_leopard_toad/2025/Documents/06.10-13.10.2025/4Z/102MEDIA/DSCF0224.JPG,DSCF0224.JPG,4Z/102MEDIA,0,Other_Amphibian,0.3629,2694.4,2428.2,2822.2,2555.9
/srv/shared_leopard_toad/2025/Documents/06.10-13.10.2025/4Z/102MEDIA/DSCF0224.JPG,DSCF0224.JPG,4Z/102MEDIA,0,Other_Amphibian,0.2230,2687.3,2427.0,2815.9,2558.5
/srv/shared_leopard_toad/2025/Documents/06.10-13.10.2025/4Z/102MEDIA/DSCF0591.JPG,DSCF0591.JPG,4Z/102MEDIA,0,Other_Amphibian,0.3279,2712.8,2428.5,2832.4,2554.9
/srv/shared_leopard_toad/2025/Documents/06.10-13.10.2025/4Z/102MEDIA/DSCF0591.JPG,DSCF0591.JPG,4Z/102MEDIA,0,Other_Amphibian,0.3127,2634.2,2244.5,2788.1,2410.4
/srv/shared_leopard_toad/2025/Documents/06.10-13.10.2025/4Z/102MEDIA/DSCF0591.JPG,DSCF0591.JPG,4Z/102MEDIA,0,Other_Amphibian,0.2598,2708.1,2426.4,2831.2,2560.7
/srv/shared_leopard_toad/2025/Documents/06.10-13.10.2025/4Z/102MEDIA/DSCF0081.JPG,DSCF0081.JPG,4Z/102MEDIA,0,Other_Amphibian,0.3653,2690.9,2427.4,2824.2,2558.2
/srv/shared_leopard_toad/2025/Documents/06.10-13.10.2025/4Z/102MEDIA/DSCF0081.JPG,DSCF0081.JPG,4Z/102MEDIA,0,Other_Amphibian,0.2904,2682.8,2426.2,2813.2,2560.9
/srv/shared_leopard_toad/2025/Documents/06.10-13.10.2025/4Z/102MEDIA/DSCF0016.JPG,DSCF0016.JPG,4Z/102MEDIA,0,Other_Amphibian,0.3617,2692.4,2427.7,2824.3,2558.8
/srv/shared_leopard_toad/2025/Documents/06.10-13.10.2025/4Z/102MEDIA/DSCF0016.JPG,DSCF0016.JPG,4Z/102MEDIA,0,Other_Amphibian,0.2911,2685.7,2427.0,2818.3,2562.8
/srv/shared_leopard_toad/2025/Documents/06.10-13.10.2025/4Z/102MEDIA/DSCF0241.JPG,DSCF0241.JPG,4Z/102MEDIA,0,Other_Amphibian,0.2862,2690.9,2427.9,2821.8,2559.5
/srv/shared_leopard_toad/2025/Documents/06.10-13.10.2025/4Z/102MEDIA/DSCF0241.JPG,DSCF0241.JPG,4Z/102MEDIA,0,Other_Amphibian,0.2184,2680.2,2426.1,2811.3,2563.2
/srv/shared_leopard_toad/2025/Documents/06.10-13.10.2025/4Z/102MEDIA/DSCF0241.JPG,DSCF0241.JPG,4Z/102MEDIA,0,Other_Amphibian,0.2073,2633.0,2244.5,2786.0,2411.1
/srv/shared_leopard_toad/2025/Documents/06.10-13.10.2025/4Z/102MEDIA/DSCF0101.JPG,DSCF0101.JPG,4Z/102MEDIA,0,Other_Amphibian,0.3482,2689.9,2427.9,2821.0,2557.1
/srv/shared_leopard_toad/2025/Documents/06.10-13.10.2025/4Z/102MEDIA/DSCF0101.JPG,DSCF0101.JPG,4Z/102MEDIA,0,Other_Amphibian,0.2826,2680.0,2426.6,2810.7,2559.4
/srv/shared_leopard_toad/2025/Documents/06.10-13.10.2025/4Z/102MEDIA/DSCF0101.JPG,DSCF0101.JPG,4Z/102MEDIA,0,Other_Amphibian,0.2247,2635.5,2245.6,2785.9,2411.8
/srv/shared_leopard_toad/2025/Documents/06.10-13.10.2025/4Z/102MEDIA/DSCF0029.JPG,DSCF0029.JPG,4Z/102MEDIA,0,Other_Amphibian,0.3398,2686.7,2428.7,2820.4,2557.7
/srv/shared_leopard_toad/2025/Documents/06.10-13.10.2025/4Z/102MEDIA/DSCF0029.JPG,DSCF0029.JPG,4Z/102MEDIA,0,Other_Amphibian,0.2686,2676.9,2426.9,2810.2,2561.5
/srv/shared_leopard_toad/2025/Documents/06.10-13.10.2025/4Z/102MEDIA/DSCF0728.JPG,DSCF0728.JPG,4Z/102MEDIA,0,Other_Amphibian,0.2949,2636.4,2241.7,2785.6,2408.2
/srv/shared_leopard_toad/2025/Documents/06.10-13.10.2025/4Z/102MEDIA/DSCF0664.JPG,DSCF0664.JPG,4Z/102MEDIA,0,Other_Amphibian,0.2981,2626.2,2241.9,2783.3,2411.9
/srv/shared_leopard_toad/2025/Documents/06.10-13.10.2025/4Z/102MEDIA/DSCF0664.JPG,DSCF0664.JPG,4Z/102MEDIA,0,Other_Amphibian,0.2601,2709.6,2428.9,2832.4,2554.6
/srv/shared_leopard_toad/2025/Documents/06.10-13.10.2025/4Z/102MEDIA/DSCF0664.JPG,DSCF0664.JPG,4Z/102MEDIA,0,Other_Amphibian,0.2525,2705.4,2426.8,2831.9,2562.8
/srv/shared_leopard_toad/2025/Documents/06.10-13.10.2025/4Z/102MEDIA/DSCF0105.JPG,DSCF0105.JPG,4Z/102MEDIA,0,Other_Amphibian,0.3599,2691.9,2429.2,2823.1,2557.8
/srv/shared_leopard_toad/2025/Documents/06.10-13.10.2025/4Z/102MEDIA/DSCF0105.JPG,DSCF0105.JPG,4Z/102MEDIA,0,Other_Amphibian,0.2626,2682.9,2427.5,2813.2,2559.9
/srv/shared_leopard_toad/2025/Documents/06.10-13.10.2025/4Z/102MEDIA/DSCF0116.JPG,DSCF0116.JPG,4Z/102MEDIA,0,Other_Amphibian,0.2074,2687.6,2428.9,2822.0,2562.7
/srv/shared_leopard_toad/2025/Documents/06.10-13.10.2025/4Z/102MEDIA/DSCF0865.JPG,DSCF0865.JPG,4Z/102MEDIA,0,Other_Amphibian,0.2951,2697.7,2424.4,2823.0,2555.7
/srv/shared_leopard_toad/2025/Documents/06.10-13.10.2025/4Z/102MEDIA/DSCF0085.JPG,DSCF0085.JPG,4Z/102MEDIA,0,Other_Amphibian,0.3500,2693.7,2428.9,2822.8,2558.4
/srv/shared_leopard_toad/2025/Documents/06.10-13.10.2025/4Z/102MEDIA/DSCF0085.JPG,DSCF0085.JPG,4Z/102MEDIA,0,Other_Amphibian,0.3335,2640.7,2243.1,2786.6,2407.3
/srv/shared_leopard_toad/2025/Documents/06.10-13.10.2025/4Z/102MEDIA/DSCF0085.JPG,DSCF0085.JPG,4Z/102MEDIA,0,Other_Amphibian,0.2661,2682.4,2426.3,2811.8,2559.7
/srv/shared_leopard_toad/2025/Documents/06.10-13.10.2025/4Z/102MEDIA/DSCF0808.JPG,DSCF0808.JPG,4Z/102MEDIA,0,Other_Amphibian,0.4459,807.1,1838.0,935.1,2042.9
/srv/shared_leopard_toad/2025/Documents/06.10-13.10.2025/4Z/102MEDIA/DSCF0027.JPG,DSCF0027.JPG,4Z/102MEDIA,0,Other_Amphibian,0.3079,2694.9,2428.4,2822.0,2558.6
/srv/shared_leopard_toad/2025/Documents/06.10-13.10.2025/4Z/102MEDIA/DSCF0027.JPG,DSCF0027.JPG,4Z/102MEDIA,0,Other_Amphibian,0.2253,2631.5,2245.3,2784.4,2411.4
/srv/shared_leopard_toad/2025/Documents/06.10-13.10.2025/4Z/102MEDIA/DSCF0027.JPG,DSCF0027.JPG,4Z/102MEDIA,0,Other_Amphibian,0.2140,2685.0,2426.2,2815.1,2563.0
/srv/shared_leopard_toad/2025/Documents/06.10-13.10.2025/4Z/102MEDIA/DSCF0800.JPG,DSCF0800.JPG,4Z/102MEDIA,0,Other_Amphibian,0.4632,807.8,1837.2,932.3,1990.3
/srv/shared_leopard_toad/2025/Documents/06.10-13.10.2025/4Z/102MEDIA/DSCF0367.JPG,DSCF0367.JPG,4Z/102MEDIA,0,Other_Amphibian,0.2901,2635.5,2244.0,2783.2,2409.1
/srv/shared_leopard_toad/2025/Documents/06.10-13.10.2025/4Z/102MEDIA/DSCF0367.JPG,DSCF0367.JPG,4Z/102MEDIA,0,Other_Amphibian,0.2180,2694.0,2429.0,2821.7,2562.5
/srv/shared_leopard_toad/2025/Documents/06.10-13.10.2025/4Z/102MEDIA/DSCF0832.JPG,DSCF0832.JPG,4Z/102MEDIA,2,Western_Leopard_Toad,0.2363,203.3,1314.7,611.3,1915.7
/srv/shared_leopard_toad/2025/Documents/06.10-13.10.2025/4Z/102MEDIA/DSCF0331.JPG,DSCF0331.JPG,4Z/102MEDIA,0,Other_Amphibian,0.3424,2626.1,2243.9,2781.1,2411.4
/srv/shared_leopard_toad/2025/Documents/06.10-13.10.2025/4Z/102MEDIA/DSCF0331.JPG,DSCF0331.JPG,4Z/102MEDIA,0,Other_Amphibian,0.3128,2694.6,2427.7,2821.5,2558.7
/srv/shared_leopard_toad/2025/Documents/06.10-13.10.2025/4Z/102MEDIA/DSCF0331.JPG,DSCF0331.JPG,4Z/102MEDIA,0,Other_Amphibian,0.2253,2684.1,2424.9,2812.6,2562.7
/srv/shared_leopard_toad/2025/Documents/06.10-13.10.2025/4Z/102MEDIA/DSCF0082.JPG,DSCF0082.JPG,4Z/102MEDIA,0,Other_Amphibian,0.2759,2693.6,2429.2,2822.5,2557.7
/srv/shared_leopard_toad/2025/Documents/06.10-13.10.2025/4Z/102MEDIA/DSCF0082.JPG,DSCF0082.JPG,4Z/102MEDIA,0,Other_Amphibian,0.2324,2644.2,2243.8,2787.2,2409.0
/srv/shared_leopard_toad/2025/Documents/06.10-13.10.2025/4Z/102MEDIA/DSCF0082.JPG,DSCF0082.JPG,4Z/102MEDIA,0,Other_Amphibian,0.2232,2681.6,2425.8,2811.9,2560.7
/srv/shared_leopard_toad/2025/Documents/06.10-13.10.2025/4Z/102MEDIA/DSCF0990.JPG,DSCF0990.JPG,4Z/102MEDIA,0,Other_Amphibian,0.2244,2695.6,2422.6,2823.9,2558.7
/srv/shared_leopard_toad/2025/Documents/06.10-13.10.2025/4Z/102MEDIA/DSCF0789.JPG,DSCF0789.JPG,4Z/102MEDIA,2,Western_Leopard_Toad,0.3913,4697.3,1833.6,5050.0,2405.9
/srv/shared_leopard_toad/2025/Documents/06.10-13.10.2025/4Z/102MEDIA/DSCF0789.JPG,DSCF0789.JPG,4Z/102MEDIA,0,Other_Amphibian,0.2045,3629.0,1663.2,3919.2,1944.0
/srv/shared_leopard_toad/2025/Documents/06.10-13.10.2025/4Z/102MEDIA/DSCF0602.JPG,DSCF0602.JPG,4Z/102MEDIA,0,Other_Amphibian,0.3164,2712.9,2429.0,2834.7,2553.2
/srv/shared_leopard_toad/2025/Documents/06.10-13.10.2025/4Z/102MEDIA/DSCF0602.JPG,DSCF0602.JPG,4Z/102MEDIA,0,Other_Amphibian,0.3118,2634.1,2242.9,2788.8,2409.6
/srv/shared_leopard_toad/2025/Documents/06.10-13.10.2025/4Z/102MEDIA/DSCF0602.JPG,DSCF0602.JPG,4Z/102MEDIA,0,Other_Amphibian,0.2553,2710.2,2427.3,2837.8,2560.4
/srv/shared_leopard_toad/2025/Documents/06.10-13.10.2025/4Z/102MEDIA/DSCF0688.JPG,DSCF0688.JPG,4Z/102MEDIA,0,Other_Amphibian,0.3210,2713.5,2429.5,2833.5,2554.8
/srv/shared_leopard_toad/2025/Documents/06.10-13.10.2025/4Z/102MEDIA/DSCF0688.JPG,DSCF0688.JPG,4Z/102MEDIA,0,Other_Amphibian,0.2892,2712.8,2428.3,2835.8,2561.0
/srv/shared_leopard_toad/2025/Documents/06.10-13.10.2025/4Z/102MEDIA/DSCF0688.JPG,DSCF0688.JPG,4Z/102MEDIA,0,Other_Amphibian,0.2348,2627.0,2244.5,2785.4,2411.7
/srv/shared_leopard_toad/2025/Documents/06.10-13.10.2025/4Z/102MEDIA/DSCF0347.JPG,DSCF0347.JPG,4Z/102MEDIA,0,Other_Amphibian,0.3413,2693.0,2427.7,2821.9,2559.6
/srv/shared_leopard_toad/2025/Documents/06.10-13.10.2025/4Z/102MEDIA/DSCF0347.JPG,DSCF0347.JPG,4Z/102MEDIA,0,Other_Amphibian,0.2807,2685.1,2425.5,2815.0,2564.6
/srv/shared_leopard_toad/2025/Documents/06.10-13.10.2025/4Z/102MEDIA/DSCF0347.JPG,DSCF0347.JPG,4Z/102MEDIA,0,Other_Amphibian,0.2001,2639.3,2246.2,2784.7,2410.1
/srv/shared_leopard_toad/2025/Documents/06.10-13.10.2025/4Z/102MEDIA/DSCF0109.JPG,DSCF0109.JPG,4Z/102MEDIA,0,Other_Amphibian,0.4106,2691.7,2428.0,2822.5,2558.3
/srv/shared_leopard_toad/2025/Documents/06.10-13.10.2025/4Z/102MEDIA/DSCF0109.JPG,DSCF0109.JPG,4Z/102MEDIA,0,Other_Amphibian,0.3042,2683.2,2427.8,2814.5,2560.9
/srv/shared_leopard_toad/2025/Documents/06.10-13.10.2025/4Z/102MEDIA/DSCF0357.JPG,DSCF0357.JPG,4Z/102MEDIA,0,Other_Amphibian,0.2758,2693.2,2428.3,2819.8,2559.7
/srv/shared_leopard_toad/2025/Documents/06.10-13.10.2025/4Z/102MEDIA/DSCF0357.JPG,DSCF0357.JPG,4Z/102MEDIA,0,Other_Amphibian,0.2524,2640.4,2242.8,2784.9,2409.0
/srv/shared_leopard_toad/2025/Documents/06.10-13.10.2025/4Z/102MEDIA/DSCF0357.JPG,DSCF0357.JPG,4Z/102MEDIA,0,Other_Amphibian,0.2030,2682.0,2425.6,2810.5,2564.2
/srv/shared_leopard_toad/2025/Documents/06.10-13.10.2025/4Z/102MEDIA/DSCF0309.JPG,DSCF0309.JPG,4Z/102MEDIA,0,Other_Amphibian,0.4125,2687.9,2428.4,2822.7,2559.1
/srv/shared_leopard_toad/2025/Documents/06.10-13.10.2025/4Z/102MEDIA/DSCF0309.JPG,DSCF0309.JPG,4Z/102MEDIA,0,Other_Amphibian,0.3643,2686.7,2427.1,2820.1,2563.0
/srv/shared_leopard_toad/2025/Documents/06.10-13.10.2025/4Z/102MEDIA/DSCF0309.JPG,DSCF0309.JPG,4Z/102MEDIA,0,Other_Amphibian,0.2415,2629.4,2246.6,2783.6,2411.5
/srv/shared_leopard_toad/2025/Documents/06.10-13.10.2025/4Z/102MEDIA/DSCF0910.JPG,DSCF0910.JPG,4Z/102MEDIA,0,Other_Amphibian,0.2441,2693.2,2423.3,2820.0,2555.7
/srv/shared_leopard_toad/2025/Documents/06.10-13.10.2025/4Z/102MEDIA/DSCF0497.JPG,DSCF0497.JPG,4Z/102MEDIA,0,Other_Amphibian,0.4952,2627.7,2240.2,2785.4,2409.7
/srv/shared_leopard_toad/2025/Documents/06.10-13.10.2025/4Z/102MEDIA/DSCF0497.JPG,DSCF0497.JPG,4Z/102MEDIA,0,Other_Amphibian,0.2227,2719.9,2429.8,2838.1,2555.3
/srv/shared_leopard_toad/2025/Documents/06.10-13.10.2025/4Z/102MEDIA/DSCF0340.JPG,DSCF0340.JPG,4Z/102MEDIA,0,Other_Amphibian,0.3248,2690.6,2428.1,2823.8,2561.1
/srv/shared_leopard_toad/2025/Documents/06.10-13.10.2025/4Z/102MEDIA/DSCF0340.JPG,DSCF0340.JPG,4Z/102MEDIA,0,Other_Amphibian,0.3064,2686.9,2426.3,2819.0,2568.3
/srv/shared_leopard_toad/2025/Documents/06.10-13.10.2025/4Z/102MEDIA/DSCF0611.JPG,DSCF0611.JPG,4Z/102MEDIA,0,Other_Amphibian,0.4456,2631.2,2241.6,2786.0,2408.8
/srv/shared_leopard_toad/2025/Documents/06.10-13.10.2025/4Z/102MEDIA/DSCF0611.JPG,DSCF0611.JPG,4Z/102MEDIA,0,Other_Amphibian,0.2967,2708.5,2430.2,2833.1,2556.4
/srv/shared_leopard_toad/2025/Documents/06.10-13.10.2025/4Z/102MEDIA/DSCF0611.JPG,DSCF0611.JPG,4Z/102MEDIA,0,Other_Amphibian,0.2264,2701.6,2428.5,2829.5,2563.7
/srv/shared_leopard_toad/2025/Documents/06.10-13.10.2025/4Z/102MEDIA/DSCF0460.JPG,DSCF0460.JPG,4Z/102MEDIA,0,Other_Amphibian,0.3171,2717.4,2429.7,2833.5,2554.3
/srv/shared_leopard_toad/2025/Documents/06.10-13.10.2025/4Z/102MEDIA/DSCF0460.JPG,DSCF0460.JPG,4Z/102MEDIA,0,Other_Amphibian,0.2578,2635.1,2243.6,2784.3,2410.6
/srv/shared_leopard_toad/2025/Documents/06.10-13.10.2025/4Z/102MEDIA/DSCF0460.JPG,DSCF0460.JPG,4Z/102MEDIA,0,Other_Amphibian,0.2521,2714.0,2428.3,2836.6,2561.3
/srv/shared_leopard_toad/2025/Documents/06.10-13.10.2025/4Z/102MEDIA/DSCF0855.JPG,DSCF0855.JPG,4Z/102MEDIA,0,Other_Amphibian,0.2678,2695.3,2423.7,2825.9,2556.4
/srv/shared_leopard_toad/2025/Documents/06.10-13.10.2025/4Z/102MEDIA/DSCF0024.JPG,DSCF0024.JPG,4Z/102MEDIA,0,Other_Amphibian,0.3502,2636.8,2242.3,2788.0,2408.6
/srv/shared_leopard_toad/2025/Documents/06.10-13.10.2025/4Z/102MEDIA/DSCF0024.JPG,DSCF0024.JPG,4Z/102MEDIA,0,Other_Amphibian,0.3274,2689.1,2429.5,2822.5,2558.8
/srv/shared_leopard_toad/2025/Documents/06.10-13.10.2025/4Z/102MEDIA/DSCF0024.JPG,DSCF0024.JPG,4Z/102MEDIA,0,Other_Amphibian,0.2749,2678.6,2427.5,2812.1,2561.1
/srv/shared_leopard_toad/2025/Documents/06.10-13.10.2025/4Z/102MEDIA/DSCF0318.JPG,DSCF0318.JPG,4Z/102MEDIA,0,Other_Amphibian,0.2048,2692.0,2427.8,2818.4,2559.3
/srv/shared_leopard_toad/2025/Documents/06.10-13.10.2025/4Z/102MEDIA/DSCF0939.JPG,DSCF0939.JPG,4Z/102MEDIA,0,Other_Amphibian,0.2165,2692.1,2424.0,2823.4,2558.3
/srv/shared_leopard_toad/2025/Documents/06.10-13.10.2025/4Z/102MEDIA/DSCF0392.JPG,DSCF0392.JPG,4Z/102MEDIA,0,Other_Amphibian,0.3466,2695.0,2427.4,2822.2,2558.3
/srv/shared_leopard_toad/2025/Documents/06.10-13.10.2025/4Z/102MEDIA/DSCF0392.JPG,DSCF0392.JPG,4Z/102MEDIA,0,Other_Amphibian,0.2357,2685.9,2425.9,2814.6,2562.4
/srv/shared_leopard_toad/2025/Documents/06.10-13.10.2025/4Z/102MEDIA/DSCF0493.JPG,DSCF0493.JPG,4Z/102MEDIA,0,Other_Amphibian,0.3854,2635.4,2243.5,2787.0,2408.4
/srv/shared_leopard_toad/2025/Documents/06.10-13.10.2025/4Z/102MEDIA/DSCF0493.JPG,DSCF0493.JPG,4Z/102MEDIA,0,Other_Amphibian,0.2495,2722.1,2428.6,2834.4,2552.8
/srv/shared_leopard_toad/2025/Documents/06.10-13.10.2025/4Z/102MEDIA/DSCF0617.JPG,DSCF0617.JPG,4Z/102MEDIA,0,Other_Amphibian,0.3636,2634.3,2243.2,2784.9,2409.5
/srv/shared_leopard_toad/2025/Documents/06.10-13.10.2025/4Z/102MEDIA/DSCF0617.JPG,DSCF0617.JPG,4Z/102MEDIA,0,Other_Amphibian,0.2110,2714.3,2428.1,2832.4,2557.5
/srv/shared_leopard_toad/2025/Documents/06.10-13.10.2025/4Z/102MEDIA/DSCF0235.JPG,DSCF0235.JPG,4Z/102MEDIA,0,Other_Amphibian,0.2785,2696.1,2427.6,2823.3,2558.9
/srv/shared_leopard_toad/2025/Documents/06.10-13.10.2025/4Z/102MEDIA/DSCF0235.JPG,DSCF0235.JPG,4Z/102MEDIA,0,Other_Amphibian,0.2630,2635.3,2244.3,2785.3,2409.5
/srv/shared_leopard_toad/2025/Documents/06.10-13.10.2025/4Z/102MEDIA/DSCF0671.JPG,DSCF0671.JPG,4Z/102MEDIA,0,Other_Amphibian,0.4120,2629.6,2243.5,2784.1,2409.0
/srv/shared_leopard_toad/2025/Documents/06.10-13.10.2025/4Z/102MEDIA/DSCF0671.JPG,DSCF0671.JPG,4Z/102MEDIA,0,Other_Amphibian,0.2589,2710.9,2428.9,2831.8,2554.2
/srv/shared_leopard_toad/2025/Documents/06.10-13.10.2025/4Z/102MEDIA/DSCF0328.JPG,DSCF0328.JPG,4Z/102MEDIA,0,Other_Amphibian,0.2696,2691.8,2428.2,2822.4,2560.1
/srv/shared_leopard_toad/2025/Documents/06.10-13.10.2025/4Z/102MEDIA/DSCF0328.JPG,DSCF0328.JPG,4Z/102MEDIA,0,Other_Amphibian,0.2600,2684.1,2426.6,2814.1,2565.6
/srv/shared_leopard_toad/2025/Documents/06.10-13.10.2025/4Z/102MEDIA/DSCF0328.JPG,DSCF0328.JPG,4Z/102MEDIA,0,Other_Amphibian,0.2345,2636.5,2245.8,2783.4,2411.0
/srv/shared_leopard_toad/2025/Documents/06.10-13.10.2025/4Z/102MEDIA/DSCF0202.JPG,DSCF0202.JPG,4Z/102MEDIA,0,Other_Amphibian,0.2454,2638.6,2244.1,2785.2,2409.0
/srv/shared_leopard_toad/2025/Documents/06.10-13.10.2025/4Z/102MEDIA/DSCF0595.JPG,DSCF0595.JPG,4Z/102MEDIA,0,Other_Amphibian,0.3348,2632.1,2242.6,2787.0,2410.9
/srv/shared_leopard_toad/2025/Documents/06.10-13.10.2025/4Z/102MEDIA/DSCF0595.JPG,DSCF0595.JPG,4Z/102MEDIA,0,Other_Amphibian,0.3105,2710.6,2427.9,2831.2,2557.1
/srv/shared_leopard_toad/2025/Documents/06.10-13.10.2025/4Z/102MEDIA/DSCF0595.JPG,DSCF0595.JPG,4Z/102MEDIA,0,Other_Amphibian,0.2390,2705.6,2426.1,2832.5,2566.7
/srv/shared_leopard_toad/2025/Documents/06.10-13.10.2025/4Z/102MEDIA/DSCF0226.JPG,DSCF0226.JPG,4Z/102MEDIA,0,Other_Amphibian,0.3793,2690.5,2427.5,2823.1,2557.7
/srv/shared_leopard_toad/2025/Documents/06.10-13.10.2025/4Z/102MEDIA/DSCF0226.JPG,DSCF0226.JPG,4Z/102MEDIA,0,Other_Amphibian,0.3007,2683.9,2426.1,2817.0,2561.2
/srv/shared_leopard_toad/2025/Documents/06.10-13.10.2025/4Z/102MEDIA/DSCF0310.JPG,DSCF0310.JPG,4Z/102MEDIA,0,Other_Amphibian,0.3202,2690.2,2428.0,2821.1,2560.4
/srv/shared_leopard_toad/2025/Documents/06.10-13.10.2025/4Z/102MEDIA/DSCF0310.JPG,DSCF0310.JPG,4Z/102MEDIA,0,Other_Amphibian,0.2548,2678.3,2425.2,2810.2,2563.3
/srv/shared_leopard_toad/2025/Documents/06.10-13.10.2025/4Z/102MEDIA/DSCF0310.JPG,DSCF0310.JPG,4Z/102MEDIA,0,Other_Amphibian,0.2230,2635.3,2246.1,2787.2,2412.3
/srv/shared_leopard_toad/2025/Documents/06.10-13.10.2025/4Z/102MEDIA/DSCF0374.JPG,DSCF0374.JPG,4Z/102MEDIA,0,Other_Amphibian,0.2910,2691.0,2428.6,2821.4,2560.0
/srv/shared_leopard_toad/2025/Documents/06.10-13.10.2025/4Z/102MEDIA/DSCF0374.JPG,DSCF0374.JPG,4Z/102MEDIA,0,Other_Amphibian,0.2467,2683.3,2426.8,2813.4,2567.3
/srv/shared_leopard_toad/2025/Documents/06.10-13.10.2025/4Z/102MEDIA/DSCF0371.JPG,DSCF0371.JPG,4Z/102MEDIA,0,Other_Amphibian,0.2591,2682.7,2428.2,2815.3,2567.7
/srv/shared_leopard_toad/2025/Documents/06.10-13.10.2025/4Z/102MEDIA/DSCF0371.JPG,DSCF0371.JPG,4Z/102MEDIA,0,Other_Amphibian,0.2332,2688.0,2429.4,2823.6,2563.0
/srv/shared_leopard_toad/2025/Documents/06.10-13.10.2025/4Z/102MEDIA/DSCF0701.JPG,DSCF0701.JPG,4Z/102MEDIA,0,Other_Amphibian,0.2866,2715.4,2428.8,2831.6,2555.5
/srv/shared_leopard_toad/2025/Documents/06.10-13.10.2025/4Z/102MEDIA/DSCF0701.JPG,DSCF0701.JPG,4Z/102MEDIA,0,Other_Amphibian,0.2676,2643.1,2242.9,2784.2,2408.5
/srv/shared_leopard_toad/2025/Documents/06.10-13.10.2025/4Z/102MEDIA/DSCF0701.JPG,DSCF0701.JPG,4Z/102MEDIA,0,Other_Amphibian,0.2238,2708.3,2427.3,2827.7,2561.9
/srv/shared_leopard_toad/2025/Documents/06.10-13.10.2025/4Z/102MEDIA/DSCF0317.JPG,DSCF0317.JPG,4Z/102MEDIA,0,Other_Amphibian,0.3171,2689.9,2428.2,2820.4,2558.6
/srv/shared_leopard_toad/2025/Documents/06.10-13.10.2025/4Z/102MEDIA/DSCF0317.JPG,DSCF0317.JPG,4Z/102MEDIA,0,Other_Amphibian,0.2568,2679.6,2426.1,2809.6,2561.4
/srv/shared_leopard_toad/2025/Documents/06.10-13.10.2025/4Z/102MEDIA/DSCF0317.JPG,DSCF0317.JPG,4Z/102MEDIA,0,Other_Amphibian,0.2285,2639.1,2245.5,2785.8,2410.1
/srv/shared_leopard_toad/2025/Documents/06.10-13.10.2025/4Z/102MEDIA/DSCF0234.JPG,DSCF0234.JPG,4Z/102MEDIA,0,Other_Amphibian,0.2949,2639.8,2244.2,2784.9,2408.0
/srv/shared_leopard_toad/2025/Documents/06.10-13.10.2025/4Z/102MEDIA/DSCF0234.JPG,DSCF0234.JPG,4Z/102MEDIA,0,Other_Amphibian,0.2158,2694.5,2427.9,2820.9,2556.4
/srv/shared_leopard_toad/2025/Documents/06.10-13.10.2025/4Z/102MEDIA/DSCF0860.JPG,DSCF0860.JPG,4Z/102MEDIA,0,Other_Amphibian,0.2066,2692.4,2426.6,2824.0,2559.3
/srv/shared_leopard_toad/2025/Documents/06.10-13.10.2025/4Z/102MEDIA/DSCF0465.JPG,DSCF0465.JPG,4Z/102MEDIA,0,Other_Amphibian,0.3412,2633.0,2242.6,2786.2,2410.4
/srv/shared_leopard_toad/2025/Documents/06.10-13.10.2025/4Z/102MEDIA/DSCF0465.JPG,DSCF0465.JPG,4Z/102MEDIA,0,Other_Amphibian,0.2102,2692.4,2428.5,2823.7,2575.7
/srv/shared_leopard_toad/2025/Documents/06.10-13.10.2025/4Z/102MEDIA/DSCF0604.JPG,DSCF0604.JPG,4Z/102MEDIA,0,Other_Amphibian,0.2901,2715.2,2429.4,2835.3,2555.1
/srv/shared_leopard_toad/2025/Documents/06.10-13.10.2025/4Z/102MEDIA/DSCF0604.JPG,DSCF0604.JPG,4Z/102MEDIA,0,Other_Amphibian,0.2736,2712.8,2427.7,2837.5,2561.8
/srv/shared_leopard_toad/2025/Documents/06.10-13.10.2025/4Z/102MEDIA/DSCF0270.JPG,DSCF0270.JPG,4Z/102MEDIA,0,Other_Amphibian,0.3156,2691.5,2428.5,2819.5,2557.9
/srv/shared_leopard_toad/2025/Documents/06.10-13.10.2025/4Z/102MEDIA/DSCF0270.JPG,DSCF0270.JPG,4Z/102MEDIA,0,Other_Amphibian,0.2514,2639.2,2245.9,2786.1,2409.3
/srv/shared_leopard_toad/2025/Documents/06.10-13.10.2025/4Z/102MEDIA/DSCF0270.JPG,DSCF0270.JPG,4Z/102MEDIA,0,Other_Amphibian,0.2219,2682.0,2426.3,2811.9,2561.2
/srv/shared_leopard_toad/2025/Documents/06.10-13.10.2025/4Z/102MEDIA/DSCF0090.JPG,DSCF0090.JPG,4Z/102MEDIA,0,Other_Amphibian,0.2557,2695.1,2428.4,2822.6,2560.4
/srv/shared_leopard_toad/2025/Documents/06.10-13.10.2025/4Z/102MEDIA/DSCF0090.JPG,DSCF0090.JPG,4Z/102MEDIA,0,Other_Amphibian,0.2415,2644.6,2244.4,2788.8,2409.9
/srv/shared_leopard_toad/2025/Documents/06.10-13.10.2025/4Z/102MEDIA/DSCF0090.JPG,DSCF0090.JPG,4Z/102MEDIA,0,Other_Amphibian,0.2045,2682.3,2426.2,2813.1,2564.0
/srv/shared_leopard_toad/2025/Documents/06.10-13.10.2025/4Z/102MEDIA/DSCF0450.JPG,DSCF0450.JPG,4Z/102MEDIA,0,Other_Amphibian,0.3481,2630.2,2245.3,2786.0,2409.7
/srv/shared_leopard_toad/2025/Documents/06.10-13.10.2025/4Z/102MEDIA/DSCF0450.JPG,DSCF0450.JPG,4Z/102MEDIA,0,Other_Amphibian,0.2481,2713.7,2428.8,2834.1,2554.0
/srv/shared_leopard_toad/2025/Documents/06.10-13.10.2025/4Z/102MEDIA/DSCF0677.JPG,DSCF0677.JPG,4Z/102MEDIA,0,Other_Amphibian,0.3976,2629.4,2242.2,2787.4,2409.8
/srv/shared_leopard_toad/2025/Documents/06.10-13.10.2025/4Z/102MEDIA/DSCF0677.JPG,DSCF0677.JPG,4Z/102MEDIA,0,Other_Amphibian,0.2768,2707.5,2429.6,2832.2,2557.4
/srv/shared_leopard_toad/2025/Documents/06.10-13.10.2025/4Z/102MEDIA/DSCF0677.JPG,DSCF0677.JPG,4Z/102MEDIA,0,Other_Amphibian,0.2643,2700.4,2427.0,2829.4,2563.8
/srv/shared_leopard_toad/2025/Documents/06.10-13.10.2025/4Z/102MEDIA/DSCF0884.JPG,DSCF0884.JPG,4Z/102MEDIA,0,Other_Amphibian,0.2352,3184.9,2085.3,3335.9,2219.2
/srv/shared_leopard_toad/2025/Documents/06.10-13.10.2025/4Z/102MEDIA/DSCF0884.JPG,DSCF0884.JPG,4Z/102MEDIA,0,Other_Amphibian,0.2032,2696.4,2426.5,2827.2,2562.2
/srv/shared_leopard_toad/2025/Documents/06.10-13.10.2025/4Z/102MEDIA/DSCF0356.JPG,DSCF0356.JPG,4Z/102MEDIA,0,Other_Amphibian,0.2512,2689.8,2428.0,2822.0,2559.6
/srv/shared_leopard_toad/2025/Documents/06.10-13.10.2025/4Z/102MEDIA/DSCF0356.JPG,DSCF0356.JPG,4Z/102MEDIA,0,Other_Amphibian,0.2165,2635.4,2245.1,2783.6,2411.5
/srv/shared_leopard_toad/2025/Documents/06.10-13.10.2025/4Z/102MEDIA/DSCF0444.JPG,DSCF0444.JPG,4Z/102MEDIA,0,Other_Amphibian,0.3375,2628.3,2243.4,2782.2,2413.3
/srv/shared_leopard_toad/2025/Documents/06.10-13.10.2025/4Z/102MEDIA/DSCF0444.JPG,DSCF0444.JPG,4Z/102MEDIA,0,Other_Amphibian,0.2383,2719.2,2430.4,2835.0,2556.2
/srv/shared_leopard_toad/2025/Documents/06.10-13.10.2025/4Z/102MEDIA/DSCF0444.JPG,DSCF0444.JPG,4Z/102MEDIA,0,Other_Amphibian,0.2166,2716.1,2429.5,2839.0,2561.9
/srv/shared_leopard_toad/2025/Documents/06.10-13.10.2025/4Z/102MEDIA/DSCF0638.JPG,DSCF0638.JPG,4Z/102MEDIA,0,Other_Amphibian,0.3356,2634.1,2244.3,2785.4,2409.5
/srv/shared_leopard_toad/2025/Documents/06.10-13.10.2025/4Z/102MEDIA/DSCF0638.JPG,DSCF0638.JPG,4Z/102MEDIA,0,Other_Amphibian,0.2925,2714.1,2428.7,2832.6,2555.2
/srv/shared_leopard_toad/2025/Documents/06.10-13.10.2025/4Z/102MEDIA/DSCF0638.JPG,DSCF0638.JPG,4Z/102MEDIA,0,Other_Amphibian,0.2174,2706.8,2427.4,2831.5,2564.8
/srv/shared_leopard_toad/2025/Documents/06.10-13.10.2025/4Z/102MEDIA/DSCF0485.JPG,DSCF0485.JPG,4Z/102MEDIA,0,Other_Amphibian,0.3833,2634.3,2242.3,2786.4,2408.6
/srv/shared_leopard_toad/2025/Documents/06.10-13.10.2025/4Z/102MEDIA/DSCF0485.JPG,DSCF0485.JPG,4Z/102MEDIA,0,Other_Amphibian,0.2322,2716.4,2429.2,2831.8,2553.4
/srv/shared_leopard_toad/2025/Documents/06.10-13.10.2025/4Z/102MEDIA/DSCF0236.JPG,DSCF0236.JPG,4Z/102MEDIA,0,Other_Amphibian,0.3201,2690.6,2428.0,2822.5,2557.4
/srv/shared_leopard_toad/2025/Documents/06.10-13.10.2025/4Z/102MEDIA/DSCF0236.JPG,DSCF0236.JPG,4Z/102MEDIA,0,Other_Amphibian,0.2543,2680.2,2426.6,2812.1,2560.0
/srv/shared_leopard_toad/2025/Documents/06.10-13.10.2025/4Z/102MEDIA/DSCF0236.JPG,DSCF0236.JPG,4Z/102MEDIA,0,Other_Amphibian,0.2454,2637.8,2243.7,2783.4,2407.8
/srv/shared_leopard_toad/2025/Documents/06.10-13.10.2025/4Z/102MEDIA/DSCF0322.JPG,DSCF0322.JPG,4Z/102MEDIA,0,Other_Amphibian,0.3329,2636.5,2242.7,2783.0,2407.8
/srv/shared_leopard_toad/2025/Documents/06.10-13.10.2025/4Z/102MEDIA/DSCF0322.JPG,DSCF0322.JPG,4Z/102MEDIA,0,Other_Amphibian,0.3295,2687.4,2425.9,2819.7,2566.4
/srv/shared_leopard_toad/2025/Documents/06.10-13.10.2025/4Z/102MEDIA/DSCF0322.JPG,DSCF0322.JPG,4Z/102MEDIA,0,Other_Amphibian,0.3227,2689.3,2428.0,2822.6,2560.8
/srv/shared_leopard_toad/2025/Documents/06.10-13.10.2025/4Z/102MEDIA/DSCF0084.JPG,DSCF0084.JPG,4Z/102MEDIA,0,Other_Amphibian,0.2866,2693.0,2428.5,2823.4,2557.4
/srv/shared_leopard_toad/2025/Documents/06.10-13.10.2025/4Z/102MEDIA/DSCF0084.JPG,DSCF0084.JPG,4Z/102MEDIA,0,Other_Amphibian,0.2358,2637.5,2245.7,2788.4,2410.0
/srv/shared_leopard_toad/2025/Documents/06.10-13.10.2025/4Z/102MEDIA/DSCF0084.JPG,DSCF0084.JPG,4Z/102MEDIA,0,Other_Amphibian,0.2044,2684.3,2424.9,2815.8,2559.2
/srv/shared_leopard_toad/2025/Documents/06.10-13.10.2025/4Z/102MEDIA/DSCF0124.JPG,DSCF0124.JPG,4Z/102MEDIA,0,Other_Amphibian,0.2520,2691.9,2428.8,2822.2,2559.4
/srv/shared_leopard_toad/2025/Documents/06.10-13.10.2025/4Z/102MEDIA/DSCF0124.JPG,DSCF0124.JPG,4Z/102MEDIA,0,Other_Amphibian,0.2232,2643.3,2245.4,2786.7,2410.0
/srv/shared_leopard_toad/2025/Documents/06.10-13.10.2025/4Z/102MEDIA/DSCF0124.JPG,DSCF0124.JPG,4Z/102MEDIA,0,Other_Amphibian,0.2114,2680.9,2426.3,2811.1,2561.2
/srv/shared_leopard_toad/2025/Documents/06.10-13.10.2025/4Z/102MEDIA/DSCF0138.JPG,DSCF0138.JPG,4Z/102MEDIA,0,Other_Amphibian,0.3531,2691.6,2428.7,2822.3,2556.9
/srv/shared_leopard_toad/2025/Documents/06.10-13.10.2025/4Z/102MEDIA/DSCF0138.JPG,DSCF0138.JPG,4Z/102MEDIA,0,Other_Amphibian,0.2569,2684.1,2427.2,2815.1,2560.2
/srv/shared_leopard_toad/2025/Documents/06.10-13.10.2025/4Z/102MEDIA/DSCF0014.JPG,DSCF0014.JPG,4Z/102MEDIA,0,Other_Amphibian,0.3630,2687.9,2428.3,2821.0,2557.8
/srv/shared_leopard_toad/2025/Documents/06.10-13.10.2025/4Z/102MEDIA/DSCF0014.JPG,DSCF0014.JPG,4Z/102MEDIA,0,Other_Amphibian,0.2569,2678.7,2427.6,2810.9,2560.1
/srv/shared_leopard_toad/2025/Documents/06.10-13.10.2025/4Z/102MEDIA/DSCF0014.JPG,DSCF0014.JPG,4Z/102MEDIA,0,Other_Amphibian,0.2180,2639.5,2245.1,2787.4,2410.0
/srv/shared_leopard_toad/2025/Documents/06.10-13.10.2025/4Z/102MEDIA/DSCF0836.JPG,DSCF0836.JPG,4Z/102MEDIA,0,Other_Amphibian,0.4634,797.4,1827.9,947.4,2033.2
/srv/shared_leopard_toad/2025/Documents/06.10-13.10.2025/4Z/102MEDIA/DSCF0520.JPG,DSCF0520.JPG,4Z/102MEDIA,0,Other_Amphibian,0.3334,2634.9,2242.5,2784.0,2409.7
/srv/shared_leopard_toad/2025/Documents/06.10-13.10.2025/4Z/102MEDIA/DSCF0200.JPG,DSCF0200.JPG,4Z/102MEDIA,0,Other_Amphibian,0.3532,2694.0,2428.1,2822.5,2559.0
/srv/shared_leopard_toad/2025/Documents/06.10-13.10.2025/4Z/102MEDIA/DSCF0200.JPG,DSCF0200.JPG,4Z/102MEDIA,0,Other_Amphibian,0.2501,2684.0,2425.5,2814.2,2561.9
/srv/shared_leopard_toad/2025/Documents/06.10-13.10.2025/4Z/102MEDIA/DSCF0200.JPG,DSCF0200.JPG,4Z/102MEDIA,0,Other_Amphibian,0.2343,2643.7,2244.3,2788.0,2409.5
/srv/shared_leopard_toad/2025/Documents/06.10-13.10.2025/4Z/102MEDIA/DSCF0359.JPG,DSCF0359.JPG,4Z/102MEDIA,0,Other_Amphibian,0.3108,2693.8,2427.6,2820.4,2557.8
/srv/shared_leopard_toad/2025/Documents/06.10-13.10.2025/4Z/102MEDIA/DSCF0359.JPG,DSCF0359.JPG,4Z/102MEDIA,0,Other_Amphibian,0.2446,1727.5,1291.1,2114.0,1576.5
/srv/shared_leopard_toad/2025/Documents/06.10-13.10.2025/4Z/102MEDIA/DSCF0009.JPG,DSCF0009.JPG,4Z/102MEDIA,0,Other_Amphibian,0.3080,2689.4,2427.7,2821.6,2561.3
/srv/shared_leopard_toad/2025/Documents/06.10-13.10.2025/4Z/102MEDIA/DSCF0009.JPG,DSCF0009.JPG,4Z/102MEDIA,0,Other_Amphibian,0.2801,2682.5,2426.5,2815.0,2566.2
/srv/shared_leopard_toad/2025/Documents/06.10-13.10.2025/4Z/102MEDIA/DSCF0009.JPG,DSCF0009.JPG,4Z/102MEDIA,0,Other_Amphibian,0.2242,2632.6,2246.1,2788.2,2414.6
/srv/shared_leopard_toad/2025/Documents/06.10-13.10.2025/4Z/102MEDIA/DSCF0447.JPG,DSCF0447.JPG,4Z/102MEDIA,0,Other_Amphibian,0.2763,2716.4,2429.1,2831.6,2550.3
/srv/shared_leopard_toad/2025/Documents/06.10-13.10.2025/4Z/102MEDIA/DSCF0447.JPG,DSCF0447.JPG,4Z/102MEDIA,0,Other_Amphibian,0.2412,2637.4,2244.5,2787.8,2410.8
/srv/shared_leopard_toad/2025/Documents/06.10-13.10.2025/4Z/102MEDIA/DSCF0447.JPG,DSCF0447.JPG,4Z/102MEDIA,0,Other_Amphibian,0.2053,2709.5,2427.9,2830.5,2556.8
/srv/shared_leopard_toad/2025/Documents/06.10-13.10.2025/4Z/102MEDIA/DSCF0702.JPG,DSCF0702.JPG,4Z/102MEDIA,0,Other_Amphibian,0.4291,2631.8,2243.2,2788.3,2409.9
/srv/shared_leopard_toad/2025/Documents/06.10-13.10.2025/4Z/102MEDIA/DSCF0140.JPG,DSCF0140.JPG,4Z/102MEDIA,0,Other_Amphibian,0.3732,2632.8,2243.8,2785.4,2409.5
/srv/shared_leopard_toad/2025/Documents/06.10-13.10.2025/4Z/102MEDIA/DSCF0140.JPG,DSCF0140.JPG,4Z/102MEDIA,0,Other_Amphibian,0.2434,2694.4,2429.9,2824.0,2559.5
/srv/shared_leopard_toad/2025/Documents/06.10-13.10.2025/4Z/102MEDIA/DSCF0140.JPG,DSCF0140.JPG,4Z/102MEDIA,0,Other_Amphibian,0.2105,2681.6,2427.3,2813.1,2562.8
/srv/shared_leopard_toad/2025/Documents/06.10-13.10.2025/4Z/102MEDIA/DSCF0243.JPG,DSCF0243.JPG,4Z/102MEDIA,0,Other_Amphibian,0.2965,2689.0,2427.5,2821.6,2561.2
/srv/shared_leopard_toad/2025/Documents/06.10-13.10.2025/4Z/102MEDIA/DSCF0243.JPG,DSCF0243.JPG,4Z/102MEDIA,0,Other_Amphibian,0.2687,2682.3,2426.0,2813.2,2567.0
/srv/shared_leopard_toad/2025/Documents/06.10-13.10.2025/4Z/102MEDIA/DSCF0243.JPG,DSCF0243.JPG,4Z/102MEDIA,0,Other_Amphibian,0.2019,2633.7,2245.6,2782.3,2410.3
/srv/shared_leopard_toad/2025/Documents/06.10-13.10.2025/4Z/102MEDIA/DSCF0717.JPG,DSCF0717.JPG,4Z/102MEDIA,0,Other_Amphibian,0.2011,2638.9,2243.1,2784.8,2409.3
/srv/shared_leopard_toad/2025/Documents/06.10-13.10.2025/4Z/102MEDIA/DSCF0410.JPG,DSCF0410.JPG,4Z/102MEDIA,0,Other_Amphibian,0.3699,2631.5,2243.7,2785.8,2409.7
/srv/shared_leopard_toad/2025/Documents/06.10-13.10.2025/4Z/102MEDIA/DSCF0410.JPG,DSCF0410.JPG,4Z/102MEDIA,0,Other_Amphibian,0.2170,2720.0,2429.1,2833.6,2554.7
/srv/shared_leopard_toad/2025/Documents/06.10-13.10.2025/4Z/102MEDIA/DSCF0579.JPG,DSCF0579.JPG,4Z/102MEDIA,0,Other_Amphibian,0.3681,2632.9,2241.6,2786.5,2409.3
/srv/shared_leopard_toad/2025/Documents/06.10-13.10.2025/4Z/102MEDIA/DSCF0579.JPG,DSCF0579.JPG,4Z/102MEDIA,0,Other_Amphibian,0.2525,2713.1,2427.7,2831.5,2551.7
/srv/shared_leopard_toad/2025/Documents/06.10-13.10.2025/4Z/102MEDIA/DSCF0506.JPG,DSCF0506.JPG,4Z/102MEDIA,0,Other_Amphibian,0.3303,2717.1,2428.5,2836.9,2553.9
/srv/shared_leopard_toad/2025/Documents/06.10-13.10.2025/4Z/102MEDIA/DSCF0506.JPG,DSCF0506.JPG,4Z/102MEDIA,0,Other_Amphibian,0.3004,2715.4,2427.8,2839.7,2558.8
/srv/shared_leopard_toad/2025/Documents/06.10-13.10.2025/4Z/102MEDIA/DSCF0361.JPG,DSCF0361.JPG,4Z/102MEDIA,0,Other_Amphibian,0.8594,2012.5,1180.2,2361.9,1433.3
/srv/shared_leopard_toad/2025/Documents/06.10-13.10.2025/4Z/102MEDIA/DSCF0361.JPG,DSCF0361.JPG,4Z/102MEDIA,0,Other_Amphibian,0.2742,2635.8,2246.1,2783.7,2408.9
/srv/shared_leopard_toad/2025/Documents/06.10-13.10.2025/4Z/102MEDIA/DSCF0361.JPG,DSCF0361.JPG,4Z/102MEDIA,0,Other_Amphibian,0.2091,2691.9,2428.9,2821.5,2560.7
/srv/shared_leopard_toad/2025/Documents/06.10-13.10.2025/4Z/102MEDIA/DSCF0201.JPG,DSCF0201.JPG,4Z/102MEDIA,0,Other_Amphibian,0.3496,2693.5,2428.5,2824.2,2557.5
/srv/shared_leopard_toad/2025/Documents/06.10-13.10.2025/4Z/102MEDIA/DSCF0201.JPG,DSCF0201.JPG,4Z/102MEDIA,0,Other_Amphibian,0.2905,2687.6,2427.6,2819.8,2561.5
/srv/shared_leopard_toad/2025/Documents/06.10-13.10.2025/4Z/102MEDIA/DSCF0642.JPG,DSCF0642.JPG,4Z/102MEDIA,0,Other_Amphibian,0.6071,2640.2,2242.2,2788.1,2406.1
/srv/shared_leopard_toad/2025/Documents/06.10-13.10.2025/4Z/102MEDIA/DSCF0762.JPG,DSCF0762.JPG,4Z/102MEDIA,0,Other_Amphibian,0.2221,805.3,1817.9,931.0,2004.6
/srv/shared_leopard_toad/2025/Documents/06.10-13.10.2025/4Z/102MEDIA/DSCF0513.JPG,DSCF0513.JPG,4Z/102MEDIA,0,Other_Amphibian,0.2780,2630.4,2243.1,2782.4,2412.0
/srv/shared_leopard_toad/2025/Documents/06.10-13.10.2025/4Z/102MEDIA/DSCF0707.JPG,DSCF0707.JPG,4Z/102MEDIA,0,Other_Amphibian,0.3151,2634.9,2241.5,2784.9,2407.6
/srv/shared_leopard_toad/2025/Documents/06.10-13.10.2025/4Z/102MEDIA/DSCF0707.JPG,DSCF0707.JPG,4Z/102MEDIA,0,Other_Amphibian,0.2373,2714.1,2427.7,2832.1,2553.6
/srv/shared_leopard_toad/2025/Documents/06.10-13.10.2025/4Z/108MEDIA/DSCF0135.JPG,DSCF0135.JPG,4Z/108MEDIA,0,Other_Amphibian,0.5411,3216.2,1952.9,3347.0,2092.6
/srv/shared_leopard_toad/2025/Documents/06.10-13.10.2025/4Z/108MEDIA/DSCF0135.JPG,DSCF0135.JPG,4Z/108MEDIA,0,Other_Amphibian,0.4437,3225.1,1952.5,3351.9,2092.1
/srv/shared_leopard_toad/2025/Documents/06.10-13.10.2025/4Z/108MEDIA/DSCF0404.JPG,DSCF0404.JPG,4Z/108MEDIA,0,Other_Amphibian,0.2563,3219.8,1954.5,3345.5,2098.2
/srv/shared_leopard_toad/2025/Documents/06.10-13.10.2025/4Z/108MEDIA/DSCF0404.JPG,DSCF0404.JPG,4Z/108MEDIA,0,Other_Amphibian,0.2480,3220.7,1955.7,3351.9,2098.3
/srv/shared_leopard_toad/2025/Documents/06.10-13.10.2025/4Z/108MEDIA/DSCF0993.JPG,DSCF0993.JPG,4Z/108MEDIA,0,Other_Amphibian,0.2920,2969.1,2468.6,3102.9,2622.9
/srv/shared_leopard_toad/2025/Documents/06.10-13.10.2025/4Z/108MEDIA/DSCF0993.JPG,DSCF0993.JPG,4Z/108MEDIA,0,Other_Amphibian,0.2498,2979.9,2456.1,3101.6,2621.2
/srv/shared_leopard_toad/2025/Documents/06.10-13.10.2025/4Z/108MEDIA/DSCF0537.JPG,DSCF0537.JPG,4Z/108MEDIA,0,Other_Amphibian,0.2160,2980.4,2457.8,3101.8,2622.7
/srv/shared_leopard_toad/2025/Documents/06.10-13.10.2025/4Z/108MEDIA/DSCF0358.JPG,DSCF0358.JPG,4Z/108MEDIA,2,Western_Leopard_Toad,0.8485,3631.1,1663.9,3930.4,1922.6
/srv/shared_leopard_toad/2025/Documents/06.10-13.10.2025/4Z/108MEDIA/DSCF0358.JPG,DSCF0358.JPG,4Z/108MEDIA,0,Other_Amphibian,0.3779,4765.1,1344.8,4952.3,1534.7
/srv/shared_leopard_toad/2025/Documents/06.10-13.10.2025/4Z/108MEDIA/DSCF0012.JPG,DSCF0012.JPG,4Z/108MEDIA,0,Other_Amphibian,0.5864,3214.7,1952.0,3349.2,2095.0
/srv/shared_leopard_toad/2025/Documents/06.10-13.10.2025/4Z/108MEDIA/DSCF0012.JPG,DSCF0012.JPG,4Z/108MEDIA,0,Other_Amphibian,0.4824,3223.9,1952.2,3353.2,2095.1
/srv/shared_leopard_toad/2025/Documents/06.10-13.10.2025/4Z/108MEDIA/DSCF0488.JPG,DSCF0488.JPG,4Z/108MEDIA,0,Other_Amphibian,0.2227,3218.0,1955.2,3353.6,2099.9
/srv/shared_leopard_toad/2025/Documents/06.10-13.10.2025/4Z/108MEDIA/DSCF0488.JPG,DSCF0488.JPG,4Z/108MEDIA,0,Other_Amphibian,0.2172,3217.1,1953.6,3345.3,2100.0
/srv/shared_leopard_toad/2025/Documents/06.10-13.10.2025/4Z/108MEDIA/DSCF0541.JPG,DSCF0541.JPG,4Z/108MEDIA,0,Other_Amphibian,0.2402,2974.0,2479.8,3102.4,2620.2
/srv/shared_leopard_toad/2025/Documents/06.10-13.10.2025/4Z/108MEDIA/DSCF0541.JPG,DSCF0541.JPG,4Z/108MEDIA,0,Other_Amphibian,0.2264,3219.9,1955.7,3353.9,2099.3
/srv/shared_leopard_toad/2025/Documents/06.10-13.10.2025/4Z/108MEDIA/DSCF0541.JPG,DSCF0541.JPG,4Z/108MEDIA,0,Other_Amphibian,0.2210,3218.5,1954.1,3347.2,2099.4
/srv/shared_leopard_toad/2025/Documents/06.10-13.10.2025/4Z/108MEDIA/DSCF0519.JPG,DSCF0519.JPG,4Z/108MEDIA,0,Other_Amphibian,0.2066,2970.7,2478.5,3101.8,2625.0
/srv/shared_leopard_toad/2025/Documents/06.10-13.10.2025/4Z/108MEDIA/DSCF0589.JPG,DSCF0589.JPG,4Z/108MEDIA,0,Other_Amphibian,0.2565,3220.0,1956.8,3352.3,2097.8
/srv/shared_leopard_toad/2025/Documents/06.10-13.10.2025/4Z/108MEDIA/DSCF0589.JPG,DSCF0589.JPG,4Z/108MEDIA,0,Other_Amphibian,0.2426,3216.9,1955.9,3344.2,2098.2
/srv/shared_leopard_toad/2025/Documents/06.10-13.10.2025/4Z/108MEDIA/DSCF0589.JPG,DSCF0589.JPG,4Z/108MEDIA,0,Other_Amphibian,0.2119,2971.1,2463.5,3103.3,2622.7
/srv/shared_leopard_toad/2025/Documents/06.10-13.10.2025/4Z/108MEDIA/DSCF0589.JPG,DSCF0589.JPG,4Z/108MEDIA,0,Other_Amphibian,0.2049,2979.6,2452.3,3102.9,2622.9
/srv/shared_leopard_toad/2025/Documents/06.10-13.10.2025/4Z/108MEDIA/DSCF0466.JPG,DSCF0466.JPG,4Z/108MEDIA,0,Other_Amphibian,0.3382,3217.7,1956.2,3349.3,2098.6
/srv/shared_leopard_toad/2025/Documents/06.10-13.10.2025/4Z/108MEDIA/DSCF0466.JPG,DSCF0466.JPG,4Z/108MEDIA,0,Other_Amphibian,0.3227,3224.0,1954.8,3348.0,2099.1
/srv/shared_leopard_toad/2025/Documents/06.10-13.10.2025/4Z/108MEDIA/DSCF0443.JPG,DSCF0443.JPG,4Z/108MEDIA,0,Other_Amphibian,0.2629,2973.7,2485.4,3103.9,2623.8
/srv/shared_leopard_toad/2025/Documents/06.10-13.10.2025/4Z/108MEDIA/DSCF0443.JPG,DSCF0443.JPG,4Z/108MEDIA,0,Other_Amphibian,0.2093,3220.6,1956.6,3350.3,2099.5
/srv/shared_leopard_toad/2025/Documents/06.10-13.10.2025/4Z/108MEDIA/DSCF0443.JPG,DSCF0443.JPG,4Z/108MEDIA,0,Other_Amphibian,0.2010,3215.2,1955.4,3339.2,2099.8
/srv/shared_leopard_toad/2025/Documents/06.10-13.10.2025/4Z/108MEDIA/DSCF0911.JPG,DSCF0911.JPG,4Z/108MEDIA,0,Other_Amphibian,0.2047,2972.4,2468.5,3100.6,2620.0
/srv/shared_leopard_toad/2025/Documents/06.10-13.10.2025/4Z/108MEDIA/DSCF0215.JPG,DSCF0215.JPG,4Z/108MEDIA,0,Other_Amphibian,0.5191,3217.5,1951.0,3351.6,2097.6
/srv/shared_leopard_toad/2025/Documents/06.10-13.10.2025/4Z/108MEDIA/DSCF0215.JPG,DSCF0215.JPG,4Z/108MEDIA,0,Other_Amphibian,0.4297,2970.4,2466.0,3112.4,2638.9
/srv/shared_leopard_toad/2025/Documents/06.10-13.10.2025/4Z/108MEDIA/DSCF0215.JPG,DSCF0215.JPG,4Z/108MEDIA,0,Other_Amphibian,0.3871,3225.9,1953.0,3354.6,2098.6
/srv/shared_leopard_toad/2025/Documents/06.10-13.10.2025/4Z/108MEDIA/DSCF0173.JPG,DSCF0173.JPG,4Z/108MEDIA,0,Other_Amphibian,0.5621,3216.5,1952.5,3348.1,2095.7
/srv/shared_leopard_toad/2025/Documents/06.10-13.10.2025/4Z/108MEDIA/DSCF0173.JPG,DSCF0173.JPG,4Z/108MEDIA,0,Other_Amphibian,0.4737,3226.2,1951.9,3352.5,2094.8
/srv/shared_leopard_toad/2025/Documents/06.10-13.10.2025/4Z/108MEDIA/DSCF0279.JPG,DSCF0279.JPG,4Z/108MEDIA,2,Western_Leopard_Toad,0.4381,3647.0,1659.0,3924.3,1920.0
/srv/shared_leopard_toad/2025/Documents/06.10-13.10.2025/4Z/108MEDIA/DSCF0279.JPG,DSCF0279.JPG,4Z/108MEDIA,0,Other_Amphibian,0.3618,3214.2,1961.2,3353.9,2143.0
/srv/shared_leopard_toad/2025/Documents/06.10-13.10.2025/4Z/108MEDIA/DSCF0464.JPG,DSCF0464.JPG,4Z/108MEDIA,0,Other_Amphibian,0.2792,3219.1,1956.2,3350.5,2098.6
/srv/shared_leopard_toad/2025/Documents/06.10-13.10.2025/4Z/108MEDIA/DSCF0464.JPG,DSCF0464.JPG,4Z/108MEDIA,0,Other_Amphibian,0.2632,3219.5,1955.2,3344.5,2099.8
/srv/shared_leopard_toad/2025/Documents/06.10-13.10.2025/4Z/108MEDIA/DSCF0455.JPG,DSCF0455.JPG,4Z/108MEDIA,0,Other_Amphibian,0.2496,2969.6,2468.4,3104.0,2626.5
/srv/shared_leopard_toad/2025/Documents/06.10-13.10.2025/4Z/108MEDIA/DSCF0455.JPG,DSCF0455.JPG,4Z/108MEDIA,0,Other_Amphibian,0.2290,3221.2,1957.3,3353.9,2099.9
/srv/shared_leopard_toad/2025/Documents/06.10-13.10.2025/4Z/108MEDIA/DSCF0455.JPG,DSCF0455.JPG,4Z/108MEDIA,0,Other_Amphibian,0.2268,3218.3,1955.1,3346.4,2099.2
/srv/shared_leopard_toad/2025/Documents/06.10-13.10.2025/4Z/108MEDIA/DSCF0455.JPG,DSCF0455.JPG,4Z/108MEDIA,0,Other_Amphibian,0.2125,2979.0,2459.1,3104.6,2626.9
/srv/shared_leopard_toad/2025/Documents/06.10-13.10.2025/4Z/108MEDIA/DSCF0455.JPG,DSCF0455.JPG,4Z/108MEDIA,0,Other_Amphibian,0.2040,2969.6,2461.5,3105.7,2632.5
/srv/shared_leopard_toad/2025/Documents/06.10-13.10.2025/4Z/108MEDIA/DSCF0001.JPG,DSCF0001.JPG,4Z/108MEDIA,0,Other_Amphibian,0.5784,3216.3,1951.1,3349.5,2095.1
/srv/shared_leopard_toad/2025/Documents/06.10-13.10.2025/4Z/108MEDIA/DSCF0001.JPG,DSCF0001.JPG,4Z/108MEDIA,0,Other_Amphibian,0.5086,3222.8,1951.0,3352.3,2094.3
/srv/shared_leopard_toad/2025/Documents/06.10-13.10.2025/4Z/108MEDIA/DSCF0407.JPG,DSCF0407.JPG,4Z/108MEDIA,0,Other_Amphibian,0.2811,3219.7,1957.4,3350.4,2098.6
/srv/shared_leopard_toad/2025/Documents/06.10-13.10.2025/4Z/108MEDIA/DSCF0407.JPG,DSCF0407.JPG,4Z/108MEDIA,0,Other_Amphibian,0.2688,3221.8,1956.1,3347.2,2099.2
/srv/shared_leopard_toad/2025/Documents/06.10-13.10.2025/4Z/108MEDIA/DSCF0407.JPG,DSCF0407.JPG,4Z/108MEDIA,0,Other_Amphibian,0.2155,2976.3,2450.7,3098.5,2626.4
/srv/shared_leopard_toad/2025/Documents/06.10-13.10.2025/4Z/108MEDIA/DSCF0407.JPG,DSCF0407.JPG,4Z/108MEDIA,0,Other_Amphibian,0.2086,2970.3,2458.3,3100.6,2626.9
/srv/shared_leopard_toad/2025/Documents/06.10-13.10.2025/4Z/108MEDIA/DSCF0416.JPG,DSCF0416.JPG,4Z/108MEDIA,0,Other_Amphibian,0.2569,3219.1,1954.9,3346.7,2101.1
/srv/shared_leopard_toad/2025/Documents/06.10-13.10.2025/4Z/108MEDIA/DSCF0416.JPG,DSCF0416.JPG,4Z/108MEDIA,0,Other_Amphibian,0.2387,3218.7,1956.0,3353.3,2100.5
/srv/shared_leopard_toad/2025/Documents/06.10-13.10.2025/4Z/108MEDIA/DSCF0416.JPG,DSCF0416.JPG,4Z/108MEDIA,0,Other_Amphibian,0.2207,2977.9,2450.8,3101.3,2620.3
/srv/shared_leopard_toad/2025/Documents/06.10-13.10.2025/4Z/108MEDIA/DSCF0922.JPG,DSCF0922.JPG,4Z/108MEDIA,0,Other_Amphibian,0.3609,2970.0,2481.1,3099.8,2622.3
/srv/shared_leopard_toad/2025/Documents/06.10-13.10.2025/4Z/108MEDIA/DSCF0922.JPG,DSCF0922.JPG,4Z/108MEDIA,0,Other_Amphibian,0.2925,2981.0,2467.8,3102.0,2620.8
/srv/shared_leopard_toad/2025/Documents/06.10-13.10.2025/4Z/108MEDIA/DSCF0922.JPG,DSCF0922.JPG,4Z/108MEDIA,0,Other_Amphibian,0.2337,2974.3,2472.3,3102.4,2623.0
/srv/shared_leopard_toad/2025/Documents/06.10-13.10.2025/4Z/108MEDIA/DSCF0651.JPG,DSCF0651.JPG,4Z/108MEDIA,0,Other_Amphibian,0.2661,3219.4,1954.8,3351.2,2098.2
/srv/shared_leopard_toad/2025/Documents/06.10-13.10.2025/4Z/108MEDIA/DSCF0651.JPG,DSCF0651.JPG,4Z/108MEDIA,0,Other_Amphibian,0.2490,3217.1,1954.7,3342.3,2099.3
/srv/shared_leopard_toad/2025/Documents/06.10-13.10.2025/4Z/108MEDIA/DSCF0651.JPG,DSCF0651.JPG,4Z/108MEDIA,0,Other_Amphibian,0.2381,2973.6,2474.0,3107.3,2631.4
/srv/shared_leopard_toad/2025/Documents/06.10-13.10.2025/4Z/108MEDIA/DSCF0651.JPG,DSCF0651.JPG,4Z/108MEDIA,0,Other_Amphibian,0.2187,2971.7,2479.5,3105.6,2628.0
/srv/shared_leopard_toad/2025/Documents/06.10-13.10.2025/4Z/108MEDIA/DSCF0514.JPG,DSCF0514.JPG,4Z/108MEDIA,0,Other_Amphibian,0.3166,3218.2,1953.6,3348.7,2097.9
/srv/shared_leopard_toad/2025/Documents/06.10-13.10.2025/4Z/108MEDIA/DSCF0514.JPG,DSCF0514.JPG,4Z/108MEDIA,0,Other_Amphibian,0.2696,3220.4,1954.8,3343.8,2100.0
/srv/shared_leopard_toad/2025/Documents/06.10-13.10.2025/4Z/108MEDIA/DSCF0767.JPG,DSCF0767.JPG,4Z/108MEDIA,0,Other_Amphibian,0.2771,3217.0,1954.8,3347.9,2096.7
/srv/shared_leopard_toad/2025/Documents/06.10-13.10.2025/4Z/108MEDIA/DSCF0767.JPG,DSCF0767.JPG,4Z/108MEDIA,0,Other_Amphibian,0.2460,3216.7,1954.9,3340.4,2098.3
/srv/shared_leopard_toad/2025/Documents/06.10-13.10.2025/4Z/108MEDIA/DSCF0767.JPG,DSCF0767.JPG,4Z/108MEDIA,0,Other_Amphibian,0.2034,2976.2,2443.4,3101.5,2623.5
/srv/shared_leopard_toad/2025/Documents/06.10-13.10.2025/4Z/108MEDIA/DSCF0774.JPG,DSCF0774.JPG,4Z/108MEDIA,0,Other_Amphibian,0.2394,3218.5,1955.1,3348.2,2097.0
/srv/shared_leopard_toad/2025/Documents/06.10-13.10.2025/4Z/108MEDIA/DSCF0774.JPG,DSCF0774.JPG,4Z/108MEDIA,0,Other_Amphibian,0.2264,3216.5,1954.6,3340.0,2097.7
/srv/shared_leopard_toad/2025/Documents/06.10-13.10.2025/4Z/108MEDIA/DSCF0298.JPG,DSCF0298.JPG,4Z/108MEDIA,0,Other_Amphibian,0.5560,3222.3,1965.0,3371.7,2126.8
/srv/shared_leopard_toad/2025/Documents/06.10-13.10.2025/4Z/108MEDIA/DSCF0298.JPG,DSCF0298.JPG,4Z/108MEDIA,0,Other_Amphibian,0.3468,3229.9,1968.9,3376.4,2128.0
/srv/shared_leopard_toad/2025/Documents/06.10-13.10.2025/4Z/108MEDIA/DSCF0298.JPG,DSCF0298.JPG,4Z/108MEDIA,2,Western_Leopard_Toad,0.2429,3643.4,1660.8,3926.3,1924.1
/srv/shared_leopard_toad/2025/Documents/06.10-13.10.2025/4Z/108MEDIA/DSCF0784.JPG,DSCF0784.JPG,4Z/108MEDIA,2,Western_Leopard_Toad,0.2945,3656.7,1647.7,3930.2,1917.9
/srv/shared_leopard_toad/2025/Documents/06.10-13.10.2025/4Z/108MEDIA/DSCF0784.JPG,DSCF0784.JPG,4Z/108MEDIA,0,Other_Amphibian,0.2499,3219.2,1955.1,3349.5,2097.8
/srv/shared_leopard_toad/2025/Documents/06.10-13.10.2025/4Z/108MEDIA/DSCF0784.JPG,DSCF0784.JPG,4Z/108MEDIA,0,Other_Amphibian,0.2328,3216.7,1955.5,3342.4,2099.3
/srv/shared_leopard_toad/2025/Documents/06.10-13.10.2025/4Z/108MEDIA/DSCF0933.JPG,DSCF0933.JPG,4Z/108MEDIA,0,Other_Amphibian,0.2718,2969.6,2483.7,3103.4,2625.1
/srv/shared_leopard_toad/2025/Documents/06.10-13.10.2025/4Z/108MEDIA/DSCF0933.JPG,DSCF0933.JPG,4Z/108MEDIA,0,Other_Amphibian,0.2664,2980.2,2460.2,3102.3,2624.9
/srv/shared_leopard_toad/2025/Documents/06.10-13.10.2025/4Z/108MEDIA/DSCF0417.JPG,DSCF0417.JPG,4Z/108MEDIA,0,Other_Amphibian,0.2326,3218.1,1956.0,3342.8,2099.5
/srv/shared_leopard_toad/2025/Documents/06.10-13.10.2025/4Z/108MEDIA/DSCF0141.JPG,DSCF0141.JPG,4Z/108MEDIA,0,Other_Amphibian,0.5154,3217.5,1949.7,3348.6,2095.7
/srv/shared_leopard_toad/2025/Documents/06.10-13.10.2025/4Z/108MEDIA/DSCF0141.JPG,DSCF0141.JPG,4Z/108MEDIA,0,Other_Amphibian,0.4338,3224.9,1950.2,3350.9,2095.3
/srv/shared_leopard_toad/2025/Documents/06.10-13.10.2025/4Z/108MEDIA/DSCF0543.JPG,DSCF0543.JPG,4Z/108MEDIA,0,Other_Amphibian,0.2007,3216.8,1954.3,3340.8,2100.7
/srv/shared_leopard_toad/2025/Documents/06.10-13.10.2025/4Z/108MEDIA/DSCF0325.JPG,DSCF0325.JPG,4Z/108MEDIA,2,Western_Leopard_Toad,0.7958,3641.0,1664.3,3924.5,1925.5
/srv/shared_leopard_toad/2025/Documents/06.10-13.10.2025/4Z/108MEDIA/DSCF0650.JPG,DSCF0650.JPG,4Z/108MEDIA,0,Other_Amphibian,0.3505,3217.2,1954.6,3349.7,2097.7
/srv/shared_leopard_toad/2025/Documents/06.10-13.10.2025/4Z/108MEDIA/DSCF0650.JPG,DSCF0650.JPG,4Z/108MEDIA,0,Other_Amphibian,0.3375,3222.3,1954.0,3348.5,2098.9
/srv/shared_leopard_toad/2025/Documents/06.10-13.10.2025/4Z/108MEDIA/DSCF0107.JPG,DSCF0107.JPG,4Z/108MEDIA,0,Other_Amphibian,0.5647,3216.9,1953.6,3350.1,2095.4
/srv/shared_leopard_toad/2025/Documents/06.10-13.10.2025/4Z/108MEDIA/DSCF0107.JPG,DSCF0107.JPG,4Z/108MEDIA,0,Other_Amphibian,0.4729,3225.1,1953.7,3352.5,2095.6
/srv/shared_leopard_toad/2025/Documents/06.10-13.10.2025/4Z/108MEDIA/DSCF0562.JPG,DSCF0562.JPG,4Z/108MEDIA,0,Other_Amphibian,0.3529,3654.3,1647.5,3930.4,1917.8
/srv/shared_leopard_toad/2025/Documents/06.10-13.10.2025/4Z/108MEDIA/DSCF0562.JPG,DSCF0562.JPG,4Z/108MEDIA,0,Other_Amphibian,0.3137,3215.9,1954.1,3349.6,2097.7
/srv/shared_leopard_toad/2025/Documents/06.10-13.10.2025/4Z/108MEDIA/DSCF0562.JPG,DSCF0562.JPG,4Z/108MEDIA,0,Other_Amphibian,0.2864,3218.7,1954.8,3348.0,2099.4
/srv/shared_leopard_toad/2025/Documents/06.10-13.10.2025/4Z/108MEDIA/DSCF0446.JPG,DSCF0446.JPG,4Z/108MEDIA,0,Other_Amphibian,0.3092,3218.1,1953.5,3350.1,2098.8
/srv/shared_leopard_toad/2025/Documents/06.10-13.10.2025/4Z/108MEDIA/DSCF0446.JPG,DSCF0446.JPG,4Z/108MEDIA,0,Other_Amphibian,0.2801,3220.1,1953.4,3346.1,2099.9
/srv/shared_leopard_toad/2025/Documents/06.10-13.10.2025/4Z/108MEDIA/DSCF0446.JPG,DSCF0446.JPG,4Z/108MEDIA,2,Western_Leopard_Toad,0.2099,3657.3,1648.4,3928.5,1918.5
/srv/shared_leopard_toad/2025/Documents/06.10-13.10.2025/4Z/108MEDIA/DSCF0512.JPG,DSCF0512.JPG,4Z/108MEDIA,0,Other_Amphibian,0.2960,2971.8,2466.9,3101.2,2617.3
/srv/shared_leopard_toad/2025/Documents/06.10-13.10.2025/4Z/108MEDIA/DSCF0512.JPG,DSCF0512.JPG,4Z/108MEDIA,0,Other_Amphibian,0.2904,2980.5,2461.8,3101.9,2617.3
/srv/shared_leopard_toad/2025/Documents/06.10-13.10.2025/4Z/108MEDIA/DSCF0512.JPG,DSCF0512.JPG,4Z/108MEDIA,0,Other_Amphibian,0.2609,3218.6,1953.6,3345.5,2098.5
/srv/shared_leopard_toad/2025/Documents/06.10-13.10.2025/4Z/108MEDIA/DSCF0512.JPG,DSCF0512.JPG,4Z/108MEDIA,0,Other_Amphibian,0.2452,3219.9,1955.3,3352.0,2099.0
/srv/shared_leopard_toad/2025/Documents/06.10-13.10.2025/4Z/108MEDIA/DSCF0282.JPG,DSCF0282.JPG,4Z/108MEDIA,2,Western_Leopard_Toad,0.7447,3646.9,1659.0,3926.8,1923.4
/srv/shared_leopard_toad/2025/Documents/06.10-13.10.2025/4Z/108MEDIA/DSCF0282.JPG,DSCF0282.JPG,4Z/108MEDIA,0,Other_Amphibian,0.2223,3218.2,1957.3,3359.5,2130.8
/srv/shared_leopard_toad/2025/Documents/06.10-13.10.2025/4Z/108MEDIA/DSCF0430.JPG,DSCF0430.JPG,4Z/108MEDIA,0,Other_Amphibian,0.2810,3219.2,1955.7,3349.1,2098.4
/srv/shared_leopard_toad/2025/Documents/06.10-13.10.2025/4Z/108MEDIA/DSCF0430.JPG,DSCF0430.JPG,4Z/108MEDIA,2,Western_Leopard_Toad,0.2809,3656.8,1648.0,3930.0,1918.1
/srv/shared_leopard_toad/2025/Documents/06.10-13.10.2025/4Z/108MEDIA/DSCF0430.JPG,DSCF0430.JPG,4Z/108MEDIA,0,Other_Amphibian,0.2464,3217.2,1956.5,3342.1,2100.7
/srv/shared_leopard_toad/2025/Documents/06.10-13.10.2025/4Z/108MEDIA/DSCF0765.JPG,DSCF0765.JPG,4Z/108MEDIA,0,Other_Amphibian,0.2832,2970.2,2462.9,3107.2,2642.2
/srv/shared_leopard_toad/2025/Documents/06.10-13.10.2025/4Z/108MEDIA/DSCF0765.JPG,DSCF0765.JPG,4Z/108MEDIA,0,Other_Amphibian,0.2099,2981.4,2453.3,3107.7,2635.2
/srv/shared_leopard_toad/2025/Documents/06.10-13.10.2025/4Z/108MEDIA/DSCF0594.JPG,DSCF0594.JPG,4Z/108MEDIA,0,Other_Amphibian,0.2228,3215.6,1955.0,3343.8,2099.2
/srv/shared_leopard_toad/2025/Documents/06.10-13.10.2025/4Z/108MEDIA/DSCF0956.JPG,DSCF0956.JPG,4Z/108MEDIA,0,Other_Amphibian,0.3303,3653.9,1647.0,3928.2,1918.0
/srv/shared_leopard_toad/2025/Documents/06.10-13.10.2025/4Z/108MEDIA/DSCF0956.JPG,DSCF0956.JPG,4Z/108MEDIA,0,Other_Amphibian,0.2476,2971.1,2486.1,3100.5,2618.4
/srv/shared_leopard_toad/2025/Documents/06.10-13.10.2025/4Z/108MEDIA/DSCF0221.JPG,DSCF0221.JPG,4Z/108MEDIA,0,Other_Amphibian,0.5728,3217.7,1951.8,3351.8,2097.3
/srv/shared_leopard_toad/2025/Documents/06.10-13.10.2025/4Z/108MEDIA/DSCF0221.JPG,DSCF0221.JPG,4Z/108MEDIA,0,Other_Amphibian,0.4963,3223.7,1952.4,3350.8,2097.1
/srv/shared_leopard_toad/2025/Documents/06.10-13.10.2025/4Z/108MEDIA/DSCF0442.JPG,DSCF0442.JPG,4Z/108MEDIA,0,Other_Amphibian,0.2502,2967.7,2475.6,3099.5,2618.1
/srv/shared_leopard_toad/2025/Documents/06.10-13.10.2025/4Z/108MEDIA/DSCF0667.JPG,DSCF0667.JPG,4Z/108MEDIA,0,Other_Amphibian,0.2060,3221.5,1956.8,3353.3,2098.7
/srv/shared_leopard_toad/2025/Documents/06.10-13.10.2025/4Z/108MEDIA/DSCF0667.JPG,DSCF0667.JPG,4Z/108MEDIA,0,Other_Amphibian,0.2034,3216.7,1955.5,3343.6,2098.8
/srv/shared_leopard_toad/2025/Documents/06.10-13.10.2025/4Z/108MEDIA/DSCF0812.JPG,DSCF0812.JPG,4Z/108MEDIA,0,Other_Amphibian,0.2628,3218.1,1955.4,3350.7,2097.3
/srv/shared_leopard_toad/2025/Documents/06.10-13.10.2025/4Z/108MEDIA/DSCF0812.JPG,DSCF0812.JPG,4Z/108MEDIA,0,Other_Amphibian,0.2543,3217.8,1954.5,3344.6,2098.0
/srv/shared_leopard_toad/2025/Documents/06.10-13.10.2025/4Z/108MEDIA/DSCF0311.JPG,DSCF0311.JPG,4Z/108MEDIA,2,Western_Leopard_Toad,0.4535,3647.4,1662.1,3923.6,1920.1
/srv/shared_leopard_toad/2025/Documents/06.10-13.10.2025/4Z/108MEDIA/DSCF0311.JPG,DSCF0311.JPG,4Z/108MEDIA,0,Other_Amphibian,0.4281,3219.7,1967.2,3369.3,2140.3
/srv/shared_leopard_toad/2025/Documents/06.10-13.10.2025/4Z/108MEDIA/DSCF0362.JPG,DSCF0362.JPG,4Z/108MEDIA,2,Western_Leopard_Toad,0.8599,3644.0,1661.4,3931.3,1922.5
/srv/shared_leopard_toad/2025/Documents/06.10-13.10.2025/4Z/108MEDIA/DSCF0868.JPG,DSCF0868.JPG,4Z/108MEDIA,0,Other_Amphibian,0.2655,3218.8,1956.7,3349.3,2097.5
/srv/shared_leopard_toad/2025/Documents/06.10-13.10.2025/4Z/108MEDIA/DSCF0868.JPG,DSCF0868.JPG,4Z/108MEDIA,2,Western_Leopard_Toad,0.2305,3654.7,1648.5,3928.5,1917.5
/srv/shared_leopard_toad/2025/Documents/06.10-13.10.2025/4Z/108MEDIA/DSCF0868.JPG,DSCF0868.JPG,4Z/108MEDIA,0,Other_Amphibian,0.2090,3217.0,1958.0,3341.3,2100.0
/srv/shared_leopard_toad/2025/Documents/06.10-13.10.2025/4Z/108MEDIA/DSCF0668.JPG,DSCF0668.JPG,4Z/108MEDIA,0,Other_Amphibian,0.2076,3215.0,1954.6,3340.3,2099.7
/srv/shared_leopard_toad/2025/Documents/06.10-13.10.2025/4Z/108MEDIA/DSCF0187.JPG,DSCF0187.JPG,4Z/108MEDIA,0,Other_Amphibian,0.5757,3217.0,1951.1,3350.0,2094.7
/srv/shared_leopard_toad/2025/Documents/06.10-13.10.2025/4Z/108MEDIA/DSCF0187.JPG,DSCF0187.JPG,4Z/108MEDIA,0,Other_Amphibian,0.4786,3223.1,1951.1,3350.3,2093.6
/srv/shared_leopard_toad/2025/Documents/06.10-13.10.2025/4Z/108MEDIA/DSCF0061.JPG,DSCF0061.JPG,4Z/108MEDIA,0,Other_Amphibian,0.5707,3215.6,1950.8,3351.5,2095.5
/srv/shared_leopard_toad/2025/Documents/06.10-13.10.2025/4Z/108MEDIA/DSCF0061.JPG,DSCF0061.JPG,4Z/108MEDIA,0,Other_Amphibian,0.4985,3222.5,1951.3,3353.2,2095.2
/srv/shared_leopard_toad/2025/Documents/06.10-13.10.2025/4Z/108MEDIA/DSCF0980.JPG,DSCF0980.JPG,4Z/108MEDIA,0,Other_Amphibian,0.4526,2969.0,2489.3,3104.1,2621.3
/srv/shared_leopard_toad/2025/Documents/06.10-13.10.2025/4Z/108MEDIA/DSCF0980.JPG,DSCF0980.JPG,4Z/108MEDIA,0,Other_Amphibian,0.3331,2982.9,2483.5,3108.3,2622.7
/srv/shared_leopard_toad/2025/Documents/06.10-13.10.2025/4Z/108MEDIA/DSCF0980.JPG,DSCF0980.JPG,4Z/108MEDIA,0,Other_Amphibian,0.3014,2971.2,2484.5,3105.5,2623.0
/srv/shared_leopard_toad/2025/Documents/06.10-13.10.2025/4Z/108MEDIA/DSCF0679.JPG,DSCF0679.JPG,4Z/108MEDIA,0,Other_Amphibian,0.2131,3218.0,1954.7,3344.2,2098.1
/srv/shared_leopard_toad/2025/Documents/06.10-13.10.2025/4Z/108MEDIA/DSCF0679.JPG,DSCF0679.JPG,4Z/108MEDIA,0,Other_Amphibian,0.2031,3220.3,1956.5,3351.9,2098.6
/srv/shared_leopard_toad/2025/Documents/06.10-13.10.2025/4Z/108MEDIA/DSCF0752.JPG,DSCF0752.JPG,4Z/108MEDIA,0,Other_Amphibian,0.2689,3217.6,1955.4,3352.6,2098.4
/srv/shared_leopard_toad/2025/Documents/06.10-13.10.2025/4Z/108MEDIA/DSCF0752.JPG,DSCF0752.JPG,4Z/108MEDIA,0,Other_Amphibian,0.2537,3216.7,1955.0,3346.9,2099.1
/srv/shared_leopard_toad/2025/Documents/06.10-13.10.2025/4Z/108MEDIA/DSCF0752.JPG,DSCF0752.JPG,4Z/108MEDIA,2,Western_Leopard_Toad,0.2106,3655.1,1645.8,3929.4,1918.5
/srv/shared_leopard_toad/2025/Documents/06.10-13.10.2025/4Z/108MEDIA/DSCF0193.JPG,DSCF0193.JPG,4Z/108MEDIA,0,Other_Amphibian,0.5032,3216.1,1950.9,3350.7,2099.0
/srv/shared_leopard_toad/2025/Documents/06.10-13.10.2025/4Z/108MEDIA/DSCF0193.JPG,DSCF0193.JPG,4Z/108MEDIA,0,Other_Amphibian,0.4013,2962.4,2463.0,3119.3,2677.1
/srv/shared_leopard_toad/2025/Documents/06.10-13.10.2025/4Z/108MEDIA/DSCF0193.JPG,DSCF0193.JPG,4Z/108MEDIA,0,Other_Amphibian,0.3697,3222.1,1952.2,3353.7,2099.0
/srv/shared_leopard_toad/2025/Documents/06.10-13.10.2025/4Z/108MEDIA/DSCF0640.JPG,DSCF0640.JPG,4Z/108MEDIA,0,Other_Amphibian,0.2070,3216.0,1954.2,3342.1,2098.9
/srv/shared_leopard_toad/2025/Documents/06.10-13.10.2025/4Z/108MEDIA/DSCF0623.JPG,DSCF0623.JPG,4Z/108MEDIA,0,Other_Amphibian,0.3177,3217.5,1956.1,3350.2,2098.6
/srv/shared_leopard_toad/2025/Documents/06.10-13.10.2025/4Z/108MEDIA/DSCF0623.JPG,DSCF0623.JPG,4Z/108MEDIA,0,Other_Amphibian,0.3126,3222.5,1954.6,3348.7,2099.0
/srv/shared_leopard_toad/2025/Documents/06.10-13.10.2025/4Z/108MEDIA/DSCF0734.JPG,DSCF0734.JPG,4Z/108MEDIA,0,Other_Amphibian,0.2944,3218.6,1955.0,3349.0,2097.8
/srv/shared_leopard_toad/2025/Documents/06.10-13.10.2025/4Z/108MEDIA/DSCF0734.JPG,DSCF0734.JPG,4Z/108MEDIA,0,Other_Amphibian,0.2682,3218.0,1955.6,3342.6,2099.7
/srv/shared_leopard_toad/2025/Documents/06.10-13.10.2025/4Z/108MEDIA/DSCF0734.JPG,DSCF0734.JPG,4Z/108MEDIA,0,Other_Amphibian,0.2522,3656.1,1646.8,3929.8,1918.8
/srv/shared_leopard_toad/2025/Documents/06.10-13.10.2025/4Z/108MEDIA/DSCF0734.JPG,DSCF0734.JPG,4Z/108MEDIA,0,Other_Amphibian,0.2060,2681.8,2121.6,2861.1,2240.0
/srv/shared_leopard_toad/2025/Documents/06.10-13.10.2025/4Z/108MEDIA/DSCF0518.JPG,DSCF0518.JPG,4Z/108MEDIA,0,Other_Amphibian,0.2509,3217.6,1955.7,3351.8,2098.1
/srv/shared_leopard_toad/2025/Documents/06.10-13.10.2025/4Z/108MEDIA/DSCF0518.JPG,DSCF0518.JPG,4Z/108MEDIA,0,Other_Amphibian,0.2208,3216.1,1955.6,3344.3,2099.5
/srv/shared_leopard_toad/2025/Documents/06.10-13.10.2025/4Z/108MEDIA/DSCF0518.JPG,DSCF0518.JPG,4Z/108MEDIA,0,Other_Amphibian,0.2193,2970.3,2459.6,3103.2,2618.8
/srv/shared_leopard_toad/2025/Documents/06.10-13.10.2025/4Z/108MEDIA/DSCF0777.JPG,DSCF0777.JPG,4Z/108MEDIA,0,Other_Amphibian,0.2526,3218.3,1955.3,3347.8,2096.7
/srv/shared_leopard_toad/2025/Documents/06.10-13.10.2025/4Z/108MEDIA/DSCF0777.JPG,DSCF0777.JPG,4Z/108MEDIA,0,Other_Amphibian,0.2431,2971.7,2473.1,3099.5,2627.6
/srv/shared_leopard_toad/2025/Documents/06.10-13.10.2025/4Z/108MEDIA/DSCF0777.JPG,DSCF0777.JPG,4Z/108MEDIA,2,Western_Leopard_Toad,0.2238,3656.6,1646.7,3927.4,1918.4
/srv/shared_leopard_toad/2025/Documents/06.10-13.10.2025/4Z/108MEDIA/DSCF0777.JPG,DSCF0777.JPG,4Z/108MEDIA,0,Other_Amphibian,0.2199,3217.9,1955.3,3340.1,2097.9
/srv/shared_leopard_toad/2025/Documents/06.10-13.10.2025/4Z/108MEDIA/DSCF0167.JPG,DSCF0167.JPG,4Z/108MEDIA,0,Other_Amphibian,0.5480,3216.7,1951.1,3348.1,2099.0
/srv/shared_leopard_toad/2025/Documents/06.10-13.10.2025/4Z/108MEDIA/DSCF0167.JPG,DSCF0167.JPG,4Z/108MEDIA,0,Other_Amphibian,0.4690,3226.4,1950.6,3353.6,2097.3
/srv/shared_leopard_toad/2025/Documents/06.10-13.10.2025/4Z/108MEDIA/DSCF0273.JPG,DSCF0273.JPG,4Z/108MEDIA,2,Western_Leopard_Toad,0.7525,3646.9,1662.8,3929.0,1922.7
/srv/shared_leopard_toad/2025/Documents/06.10-13.10.2025/4Z/108MEDIA/DSCF0273.JPG,DSCF0273.JPG,4Z/108MEDIA,2,Western_Leopard_Toad,0.2532,5144.3,13.9,5372.3,724.3
/srv/shared_leopard_toad/2025/Documents/06.10-13.10.2025/4Z/108MEDIA/DSCF0038.JPG,DSCF0038.JPG,4Z/108MEDIA,0,Other_Amphibian,0.4658,3217.3,1949.5,3348.7,2094.3
/srv/shared_leopard_toad/2025/Documents/06.10-13.10.2025/4Z/108MEDIA/DSCF0038.JPG,DSCF0038.JPG,4Z/108MEDIA,0,Other_Amphibian,0.3952,3222.6,1950.2,3350.0,2094.8
/srv/shared_leopard_toad/2025/Documents/06.10-13.10.2025/4Z/108MEDIA/DSCF0891.JPG,DSCF0891.JPG,4Z/108MEDIA,0,Other_Amphibian,0.3526,3655.5,1647.2,3927.1,1917.6
/srv/shared_leopard_toad/2025/Documents/06.10-13.10.2025/4Z/108MEDIA/DSCF0891.JPG,DSCF0891.JPG,4Z/108MEDIA,0,Other_Amphibian,0.2009,2980.6,2438.0,3102.3,2623.2
/srv/shared_leopard_toad/2025/Documents/06.10-13.10.2025/4Z/108MEDIA/DSCF0636.JPG,DSCF0636.JPG,4Z/108MEDIA,0,Other_Amphibian,0.4221,2968.9,2466.5,3105.3,2623.5
/srv/shared_leopard_toad/2025/Documents/06.10-13.10.2025/4Z/108MEDIA/DSCF0636.JPG,DSCF0636.JPG,4Z/108MEDIA,0,Other_Amphibian,0.3754,2978.2,2463.5,3104.4,2622.0
/srv/shared_leopard_toad/2025/Documents/06.10-13.10.2025/4Z/108MEDIA/DSCF0089.JPG,DSCF0089.JPG,4Z/108MEDIA,0,Other_Amphibian,0.5448,3216.0,1950.6,3348.2,2093.7
/srv/shared_leopard_toad/2025/Documents/06.10-13.10.2025/4Z/108MEDIA/DSCF0089.JPG,DSCF0089.JPG,4Z/108MEDIA,0,Other_Amphibian,0.4735,3221.8,1950.2,3350.3,2093.1
/srv/shared_leopard_toad/2025/Documents/06.10-13.10.2025/4Z/108MEDIA/DSCF0827.JPG,DSCF0827.JPG,4Z/108MEDIA,0,Other_Amphibian,0.3520,3217.5,1955.2,3350.4,2097.2
/srv/shared_leopard_toad/2025/Documents/06.10-13.10.2025/4Z/108MEDIA/DSCF0827.JPG,DSCF0827.JPG,4Z/108MEDIA,0,Other_Amphibian,0.3060,3221.6,1955.0,3347.6,2098.6
/srv/shared_leopard_toad/2025/Documents/06.10-13.10.2025/4Z/108MEDIA/DSCF0827.JPG,DSCF0827.JPG,4Z/108MEDIA,0,Other_Amphibian,0.2155,2968.0,2471.8,3102.1,2620.8
/srv/shared_leopard_toad/2025/Documents/06.10-13.10.2025/4Z/108MEDIA/DSCF0827.JPG,DSCF0827.JPG,4Z/108MEDIA,2,Western_Leopard_Toad,0.2032,3654.5,1646.2,3931.0,1918.0
/srv/shared_leopard_toad/2025/Documents/06.10-13.10.2025/4Z/108MEDIA/DSCF0560.JPG,DSCF0560.JPG,4Z/108MEDIA,0,Other_Amphibian,0.3020,2967.8,2471.3,3096.4,2620.3
/srv/shared_leopard_toad/2025/Documents/06.10-13.10.2025/4Z/108MEDIA/DSCF0560.JPG,DSCF0560.JPG,4Z/108MEDIA,0,Other_Amphibian,0.2556,2978.6,2449.9,3098.3,2620.3
/srv/shared_leopard_toad/2025/Documents/06.10-13.10.2025/4Z/108MEDIA/DSCF0560.JPG,DSCF0560.JPG,4Z/108MEDIA,0,Other_Amphibian,0.2042,3213.3,1955.9,3341.6,2099.3
/srv/shared_leopard_toad/2025/Documents/06.10-13.10.2025/4Z/108MEDIA/DSCF0802.JPG,DSCF0802.JPG,4Z/108MEDIA,0,Other_Amphibian,0.2781,3217.2,1953.4,3347.4,2097.5
/srv/shared_leopard_toad/2025/Documents/06.10-13.10.2025/4Z/108MEDIA/DSCF0802.JPG,DSCF0802.JPG,4Z/108MEDIA,0,Other_Amphibian,0.2424,3218.1,1955.5,3353.4,2098.1
/srv/shared_leopard_toad/2025/Documents/06.10-13.10.2025/4Z/108MEDIA/DSCF0720.JPG,DSCF0720.JPG,4Z/108MEDIA,0,Other_Amphibian,0.2617,3219.6,1955.3,3350.6,2099.1
/srv/shared_leopard_toad/2025/Documents/06.10-13.10.2025/4Z/108MEDIA/DSCF0720.JPG,DSCF0720.JPG,4Z/108MEDIA,0,Other_Amphibian,0.2355,2971.4,2491.7,3102.4,2624.9
/srv/shared_leopard_toad/2025/Documents/06.10-13.10.2025/4Z/108MEDIA/DSCF0720.JPG,DSCF0720.JPG,4Z/108MEDIA,0,Other_Amphibian,0.2289,3218.2,1955.2,3342.9,2100.1
/srv/shared_leopard_toad/2025/Documents/06.10-13.10.2025/4Z/108MEDIA/DSCF0720.JPG,DSCF0720.JPG,4Z/108MEDIA,0,Other_Amphibian,0.2067,2966.5,2486.3,3097.0,2626.8
/srv/shared_leopard_toad/2025/Documents/06.10-13.10.2025/4Z/108MEDIA/DSCF0339.JPG,DSCF0339.JPG,4Z/108MEDIA,2,Western_Leopard_Toad,0.7371,3622.8,1664.4,3924.8,1925.1
/srv/shared_leopard_toad/2025/Documents/06.10-13.10.2025/4Z/108MEDIA/DSCF0339.JPG,DSCF0339.JPG,4Z/108MEDIA,0,Other_Amphibian,0.5388,4760.5,1349.2,4947.1,1539.6
/srv/shared_leopard_toad/2025/Documents/06.10-13.10.2025/4Z/108MEDIA/DSCF0164.JPG,DSCF0164.JPG,4Z/108MEDIA,0,Other_Amphibian,0.5649,3216.4,1952.9,3345.9,2094.7
/srv/shared_leopard_toad/2025/Documents/06.10-13.10.2025/4Z/108MEDIA/DSCF0164.JPG,DSCF0164.JPG,4Z/108MEDIA,0,Other_Amphibian,0.4488,3226.8,1952.4,3349.8,2093.9
/srv/shared_leopard_toad/2025/Documents/06.10-13.10.2025/4Z/108MEDIA/DSCF0983.JPG,DSCF0983.JPG,4Z/108MEDIA,0,Other_Amphibian,0.3179,2970.5,2476.6,3101.6,2624.5
/srv/shared_leopard_toad/2025/Documents/06.10-13.10.2025/4Z/108MEDIA/DSCF0983.JPG,DSCF0983.JPG,4Z/108MEDIA,0,Other_Amphibian,0.2756,2983.1,2462.5,3103.7,2623.1
/srv/shared_leopard_toad/2025/Documents/06.10-13.10.2025/4Z/108MEDIA/DSCF0336.JPG,DSCF0336.JPG,4Z/108MEDIA,2,Western_Leopard_Toad,0.8439,3632.3,1663.5,3925.9,1922.6
/srv/shared_leopard_toad/2025/Documents/06.10-13.10.2025/4Z/108MEDIA/DSCF0458.JPG,DSCF0458.JPG,4Z/108MEDIA,0,Other_Amphibian,0.2965,3218.3,1954.0,3351.5,2099.3
/srv/shared_leopard_toad/2025/Documents/06.10-13.10.2025/4Z/108MEDIA/DSCF0458.JPG,DSCF0458.JPG,4Z/108MEDIA,0,Other_Amphibian,0.2691,3220.0,1953.4,3347.2,2099.5
/srv/shared_leopard_toad/2025/Documents/06.10-13.10.2025/4Z/108MEDIA/DSCF0344.JPG,DSCF0344.JPG,4Z/108MEDIA,2,Western_Leopard_Toad,0.7663,3640.9,1661.9,3924.1,1922.1
/srv/shared_leopard_toad/2025/Documents/06.10-13.10.2025/4Z/108MEDIA/DSCF0344.JPG,DSCF0344.JPG,4Z/108MEDIA,0,Other_Amphibian,0.2183,4769.0,1355.7,4954.6,1538.1
/srv/shared_leopard_toad/2025/Documents/06.10-13.10.2025/4Z/108MEDIA/DSCF0194.JPG,DSCF0194.JPG,4Z/108MEDIA,0,Other_Amphibian,0.5149,3218.2,1952.6,3350.8,2095.5
/srv/shared_leopard_toad/2025/Documents/06.10-13.10.2025/4Z/108MEDIA/DSCF0194.JPG,DSCF0194.JPG,4Z/108MEDIA,0,Other_Amphibian,0.4218,3224.5,1952.9,3353.1,2095.0
/srv/shared_leopard_toad/2025/Documents/06.10-13.10.2025/4Z/108MEDIA/DSCF0194.JPG,DSCF0194.JPG,4Z/108MEDIA,0,Other_Amphibian,0.3664,2970.2,2471.8,3114.1,2668.2
/srv/shared_leopard_toad/2025/Documents/06.10-13.10.2025/4Z/108MEDIA/DSCF0712.JPG,DSCF0712.JPG,4Z/108MEDIA,0,Other_Amphibian,0.2898,3217.2,1954.3,3349.8,2097.6
/srv/shared_leopard_toad/2025/Documents/06.10-13.10.2025/4Z/108MEDIA/DSCF0712.JPG,DSCF0712.JPG,4Z/108MEDIA,0,Other_Amphibian,0.2708,3218.5,1954.7,3342.9,2099.1
/srv/shared_leopard_toad/2025/Documents/06.10-13.10.2025/4Z/108MEDIA/DSCF0501.JPG,DSCF0501.JPG,4Z/108MEDIA,0,Other_Amphibian,0.2573,3220.0,1955.2,3349.5,2097.4
/srv/shared_leopard_toad/2025/Documents/06.10-13.10.2025/4Z/108MEDIA/DSCF0501.JPG,DSCF0501.JPG,4Z/108MEDIA,2,Western_Leopard_Toad,0.2502,3656.9,1647.5,3929.8,1918.7
/srv/shared_leopard_toad/2025/Documents/06.10-13.10.2025/4Z/108MEDIA/DSCF0501.JPG,DSCF0501.JPG,4Z/108MEDIA,0,Other_Amphibian,0.2253,3218.2,1955.3,3341.7,2098.8
/srv/shared_leopard_toad/2025/Documents/06.10-13.10.2025/4Z/108MEDIA/DSCF0233.JPG,DSCF0233.JPG,4Z/108MEDIA,0,Other_Amphibian,0.5704,3215.9,1951.6,3349.7,2093.3
/srv/shared_leopard_toad/2025/Documents/06.10-13.10.2025/4Z/108MEDIA/DSCF0233.JPG,DSCF0233.JPG,4Z/108MEDIA,0,Other_Amphibian,0.4968,3222.5,1951.9,3351.2,2092.8
/srv/shared_leopard_toad/2025/Documents/06.10-13.10.2025/4Z/108MEDIA/DSCF0489.JPG,DSCF0489.JPG,4Z/108MEDIA,0,Other_Amphibian,0.2336,3656.2,1646.9,3929.5,1918.6
/srv/shared_leopard_toad/2025/Documents/06.10-13.10.2025/4Z/108MEDIA/DSCF0489.JPG,DSCF0489.JPG,4Z/108MEDIA,0,Other_Amphibian,0.2273,3220.5,1953.5,3345.0,2099.8
/srv/shared_leopard_toad/2025/Documents/06.10-13.10.2025/4Z/108MEDIA/DSCF0489.JPG,DSCF0489.JPG,4Z/108MEDIA,0,Other_Amphibian,0.2266,3220.2,1954.6,3350.9,2100.1
/srv/shared_leopard_toad/2025/Documents/06.10-13.10.2025/4Z/108MEDIA/DSCF0553.JPG,DSCF0553.JPG,4Z/108MEDIA,0,Other_Amphibian,0.2893,3222.6,1955.3,3346.6,2099.9
/srv/shared_leopard_toad/2025/Documents/06.10-13.10.2025/4Z/108MEDIA/DSCF0553.JPG,DSCF0553.JPG,4Z/108MEDIA,0,Other_Amphibian,0.2852,3220.6,1956.1,3350.6,2099.1
/srv/shared_leopard_toad/2025/Documents/06.10-13.10.2025/4Z/108MEDIA/DSCF0553.JPG,DSCF0553.JPG,4Z/108MEDIA,0,Other_Amphibian,0.2335,2969.4,2470.3,3100.9,2620.8
/srv/shared_leopard_toad/2025/Documents/06.10-13.10.2025/4Z/108MEDIA/DSCF0553.JPG,DSCF0553.JPG,4Z/108MEDIA,0,Other_Amphibian,0.2146,2976.2,2457.6,3098.8,2621.1
/srv/shared_leopard_toad/2025/Documents/06.10-13.10.2025/4Z/108MEDIA/DSCF0077.JPG,DSCF0077.JPG,4Z/108MEDIA,0,Other_Amphibian,0.5542,3217.7,1951.2,3348.3,2092.8
/srv/shared_leopard_toad/2025/Documents/06.10-13.10.2025/4Z/108MEDIA/DSCF0077.JPG,DSCF0077.JPG,4Z/108MEDIA,0,Other_Amphibian,0.4510,3226.8,1951.5,3352.4,2093.1
/srv/shared_leopard_toad/2025/Documents/06.10-13.10.2025/4Z/108MEDIA/DSCF0350.JPG,DSCF0350.JPG,4Z/108MEDIA,2,Western_Leopard_Toad,0.7955,3639.8,1662.4,3928.9,1925.4
/srv/shared_leopard_toad/2025/Documents/06.10-13.10.2025/4Z/108MEDIA/DSCF0390.JPG,DSCF0390.JPG,4Z/108MEDIA,2,Western_Leopard_Toad,0.8606,3647.6,1658.2,3929.8,1923.2
/srv/shared_leopard_toad/2025/Documents/06.10-13.10.2025/4Z/108MEDIA/DSCF0390.JPG,DSCF0390.JPG,4Z/108MEDIA,2,Western_Leopard_Toad,0.2124,5143.0,12.4,5372.2,726.0
/srv/shared_leopard_toad/2025/Documents/06.10-13.10.2025/4Z/108MEDIA/DSCF0185.JPG,DSCF0185.JPG,4Z/108MEDIA,0,Other_Amphibian,0.5959,3216.4,1951.4,3349.2,2096.0
/srv/shared_leopard_toad/2025/Documents/06.10-13.10.2025/4Z/108MEDIA/DSCF0185.JPG,DSCF0185.JPG,4Z/108MEDIA,0,Other_Amphibian,0.5004,3224.7,1951.3,3350.9,2095.6
/srv/shared_leopard_toad/2025/Documents/06.10-13.10.2025/4Z/108MEDIA/DSCF0539.JPG,DSCF0539.JPG,4Z/108MEDIA,0,Other_Amphibian,0.2215,2970.7,2461.7,3100.3,2623.9
/srv/shared_leopard_toad/2025/Documents/06.10-13.10.2025/4Z/108MEDIA/DSCF0539.JPG,DSCF0539.JPG,4Z/108MEDIA,0,Other_Amphibian,0.2007,2977.2,2454.6,3099.9,2622.5
/srv/shared_leopard_toad/2025/Documents/06.10-13.10.2025/4Z/108MEDIA/DSCF0051.JPG,DSCF0051.JPG,4Z/108MEDIA,0,Other_Amphibian,0.7753,2228.7,2333.3,2458.5,2517.6
/srv/shared_leopard_toad/2025/Documents/06.10-13.10.2025/4Z/108MEDIA/DSCF0051.JPG,DSCF0051.JPG,4Z/108MEDIA,0,Other_Amphibian,0.5441,3217.0,1952.2,3349.5,2092.9
/srv/shared_leopard_toad/2025/Documents/06.10-13.10.2025/4Z/108MEDIA/DSCF0051.JPG,DSCF0051.JPG,4Z/108MEDIA,0,Other_Amphibian,0.4296,3224.9,1953.6,3353.3,2094.9
/srv/shared_leopard_toad/2025/Documents/06.10-13.10.2025/4Z/108MEDIA/DSCF0286.JPG,DSCF0286.JPG,4Z/108MEDIA,2,Western_Leopard_Toad,0.7433,3646.9,1661.6,3930.1,1923.1
/srv/shared_leopard_toad/2025/Documents/06.10-13.10.2025/4Z/108MEDIA/DSCF0286.JPG,DSCF0286.JPG,4Z/108MEDIA,0,Other_Amphibian,0.2973,3226.4,1969.9,3383.1,2137.8
/srv/shared_leopard_toad/2025/Documents/06.10-13.10.2025/4Z/108MEDIA/DSCF0292.JPG,DSCF0292.JPG,4Z/108MEDIA,0,Other_Amphibian,0.5713,3223.4,1972.9,3362.9,2128.9
/srv/shared_leopard_toad/2025/Documents/06.10-13.10.2025/4Z/108MEDIA/DSCF0292.JPG,DSCF0292.JPG,4Z/108MEDIA,0,Other_Amphibian,0.5480,3219.5,1971.6,3358.1,2130.4
/srv/shared_leopard_toad/2025/Documents/06.10-13.10.2025/4Z/108MEDIA/DSCF0292.JPG,DSCF0292.JPG,4Z/108MEDIA,2,Western_Leopard_Toad,0.4249,3643.8,1662.3,3926.1,1923.3
/srv/shared_leopard_toad/2025/Documents/06.10-13.10.2025/4Z/108MEDIA/DSCF0292.JPG,DSCF0292.JPG,4Z/108MEDIA,0,Other_Amphibian,0.2177,3233.5,1984.4,3362.6,2134.9
/srv/shared_leopard_toad/2025/Documents/06.10-13.10.2025/4Z/108MEDIA/DSCF0429.JPG,DSCF0429.JPG,4Z/108MEDIA,0,Other_Amphibian,0.2688,3217.8,1954.7,3351.4,2099.9
/srv/shared_leopard_toad/2025/Documents/06.10-13.10.2025/4Z/108MEDIA/DSCF0429.JPG,DSCF0429.JPG,4Z/108MEDIA,0,Other_Amphibian,0.2442,3219.4,1954.7,3345.8,2101.7
/srv/shared_leopard_toad/2025/Documents/06.10-13.10.2025/4Z/108MEDIA/DSCF0429.JPG,DSCF0429.JPG,4Z/108MEDIA,0,Other_Amphibian,0.2150,2976.6,2448.7,3100.8,2620.3
/srv/shared_leopard_toad/2025/Documents/06.10-13.10.2025/4Z/108MEDIA/DSCF0431.JPG,DSCF0431.JPG,4Z/108MEDIA,0,Other_Amphibian,0.2495,3658.6,1647.6,3927.6,1918.4
/srv/shared_leopard_toad/2025/Documents/06.10-13.10.2025/4Z/108MEDIA/DSCF0431.JPG,DSCF0431.JPG,4Z/108MEDIA,0,Other_Amphibian,0.2327,3218.7,1953.2,3345.4,2100.3
/srv/shared_leopard_toad/2025/Documents/06.10-13.10.2025/4Z/108MEDIA/DSCF0834.JPG,DSCF0834.JPG,4Z/108MEDIA,0,Other_Amphibian,0.2759,3217.1,1956.4,3349.2,2097.9
/srv/shared_leopard_toad/2025/Documents/06.10-13.10.2025/4Z/108MEDIA/DSCF0834.JPG,DSCF0834.JPG,4Z/108MEDIA,0,Other_Amphibian,0.2745,3219.9,1955.8,3346.0,2098.5
/srv/shared_leopard_toad/2025/Documents/06.10-13.10.2025/4Z/108MEDIA/DSCF0834.JPG,DSCF0834.JPG,4Z/108MEDIA,0,Other_Amphibian,0.2689,3655.7,1645.7,3929.9,1918.5
/srv/shared_leopard_toad/2025/Documents/06.10-13.10.2025/4Z/108MEDIA/DSCF0834.JPG,DSCF0834.JPG,4Z/108MEDIA,0,Other_Amphibian,0.2281,2972.5,2477.0,3103.9,2623.1
/srv/shared_leopard_toad/2025/Documents/06.10-13.10.2025/4Z/108MEDIA/DSCF0822.JPG,DSCF0822.JPG,4Z/108MEDIA,0,Other_Amphibian,0.3657,3217.3,1955.5,3349.8,2096.7
/srv/shared_leopard_toad/2025/Documents/06.10-13.10.2025/4Z/108MEDIA/DSCF0822.JPG,DSCF0822.JPG,4Z/108MEDIA,0,Other_Amphibian,0.3296,3220.6,1954.9,3347.6,2097.4
/srv/shared_leopard_toad/2025/Documents/06.10-13.10.2025/4Z/108MEDIA/DSCF0822.JPG,DSCF0822.JPG,4Z/108MEDIA,0,Other_Amphibian,0.2846,2968.0,2472.0,3098.5,2621.6
/srv/shared_leopard_toad/2025/Documents/06.10-13.10.2025/4Z/108MEDIA/DSCF0822.JPG,DSCF0822.JPG,4Z/108MEDIA,0,Other_Amphibian,0.2285,2979.8,2458.5,3100.6,2621.5
/srv/shared_leopard_toad/2025/Documents/06.10-13.10.2025/4Z/108MEDIA/DSCF0792.JPG,DSCF0792.JPG,4Z/108MEDIA,2,Western_Leopard_Toad,0.2105,3653.4,1648.9,3925.2,1918.2
/srv/shared_leopard_toad/2025/Documents/06.10-13.10.2025/4Z/108MEDIA/DSCF0807.JPG,DSCF0807.JPG,4Z/108MEDIA,0,Other_Amphibian,0.2680,3217.9,1953.5,3344.2,2097.6
/srv/shared_leopard_toad/2025/Documents/06.10-13.10.2025/4Z/108MEDIA/DSCF0807.JPG,DSCF0807.JPG,4Z/108MEDIA,0,Other_Amphibian,0.2604,3218.8,1954.7,3350.9,2097.6
/srv/shared_leopard_toad/2025/Documents/06.10-13.10.2025/4Z/108MEDIA/DSCF0807.JPG,DSCF0807.JPG,4Z/108MEDIA,0,Other_Amphibian,0.2161,2968.5,2473.9,3097.3,2622.5
/srv/shared_leopard_toad/2025/Documents/06.10-13.10.2025/4Z/108MEDIA/DSCF0341.JPG,DSCF0341.JPG,4Z/108MEDIA,2,Western_Leopard_Toad,0.7308,3634.3,1662.4,3922.6,1925.3
/srv/shared_leopard_toad/2025/Documents/06.10-13.10.2025/4Z/108MEDIA/DSCF0341.JPG,DSCF0341.JPG,4Z/108MEDIA,0,Other_Amphibian,0.2553,4767.7,1350.0,4948.5,1534.4
/srv/shared_leopard_toad/2025/Documents/06.10-13.10.2025/4Z/108MEDIA/DSCF0304.JPG,DSCF0304.JPG,4Z/108MEDIA,0,Other_Amphibian,0.3914,3225.8,1973.9,3356.2,2131.1
/srv/shared_leopard_toad/2025/Documents/06.10-13.10.2025/4Z/108MEDIA/DSCF0304.JPG,DSCF0304.JPG,4Z/108MEDIA,0,Other_Amphibian,0.3076,3222.8,1968.0,3362.5,2138.7
/srv/shared_leopard_toad/2025/Documents/06.10-13.10.2025/4Z/108MEDIA/DSCF0304.JPG,DSCF0304.JPG,4Z/108MEDIA,0,Other_Amphibian,0.2662,3226.5,1974.8,3364.1,2136.4
/srv/shared_leopard_toad/2025/Documents/06.10-13.10.2025/4Z/108MEDIA/DSCF0304.JPG,DSCF0304.JPG,4Z/108MEDIA,2,Western_Leopard_Toad,0.2080,3643.6,1664.7,3921.4,1926.0
/srv/shared_leopard_toad/2025/Documents/06.10-13.10.2025/4Z/108MEDIA/DSCF0507.JPG,DSCF0507.JPG,4Z/108MEDIA,0,Other_Amphibian,0.2667,3218.3,1955.3,3351.2,2098.4
/srv/shared_leopard_toad/2025/Documents/06.10-13.10.2025/4Z/108MEDIA/DSCF0507.JPG,DSCF0507.JPG,4Z/108MEDIA,0,Other_Amphibian,0.2398,3216.6,1955.6,3344.4,2100.1
/srv/shared_leopard_toad/2025/Documents/06.10-13.10.2025/4Z/108MEDIA/DSCF0507.JPG,DSCF0507.JPG,4Z/108MEDIA,0,Other_Amphibian,0.2228,3658.2,1648.1,3929.6,1918.7
/srv/shared_leopard_toad/2025/Documents/06.10-13.10.2025/4Z/108MEDIA/DSCF0681.JPG,DSCF0681.JPG,4Z/108MEDIA,2,Western_Leopard_Toad,0.2300,3654.0,1647.6,3929.8,1918.7
/srv/shared_leopard_toad/2025/Documents/06.10-13.10.2025/4Z/108MEDIA/DSCF0592.JPG,DSCF0592.JPG,4Z/108MEDIA,0,Other_Amphibian,0.2808,3219.0,1955.9,3351.1,2097.6
/srv/shared_leopard_toad/2025/Documents/06.10-13.10.2025/4Z/108MEDIA/DSCF0592.JPG,DSCF0592.JPG,4Z/108MEDIA,0,Other_Amphibian,0.2660,3217.8,1955.0,3344.6,2097.9
/srv/shared_leopard_toad/2025/Documents/06.10-13.10.2025/4Z/108MEDIA/DSCF0592.JPG,DSCF0592.JPG,4Z/108MEDIA,0,Other_Amphibian,0.2506,2969.3,2464.7,3106.3,2637.1
/srv/shared_leopard_toad/2025/Documents/06.10-13.10.2025/4Z/108MEDIA/DSCF0592.JPG,DSCF0592.JPG,4Z/108MEDIA,0,Other_Amphibian,0.2244,2979.9,2460.7,3107.0,2630.3
/srv/shared_leopard_toad/2025/Documents/06.10-13.10.2025/4Z/108MEDIA/DSCF0592.JPG,DSCF0592.JPG,4Z/108MEDIA,0,Other_Amphibian,0.2197,2970.7,2469.6,3107.3,2629.9
/srv/shared_leopard_toad/2025/Documents/06.10-13.10.2025/4Z/108MEDIA/DSCF0574.JPG,DSCF0574.JPG,4Z/108MEDIA,0,Other_Amphibian,0.2643,3654.6,1647.8,3930.6,1918.4
/srv/shared_leopard_toad/2025/Documents/06.10-13.10.2025/4Z/108MEDIA/DSCF0574.JPG,DSCF0574.JPG,4Z/108MEDIA,0,Other_Amphibian,0.2328,3218.7,1955.2,3353.2,2098.9
/srv/shared_leopard_toad/2025/Documents/06.10-13.10.2025/4Z/108MEDIA/DSCF0574.JPG,DSCF0574.JPG,4Z/108MEDIA,0,Other_Amphibian,0.2301,3213.7,1954.4,3344.0,2099.7
/srv/shared_leopard_toad/2025/Documents/06.10-13.10.2025/4Z/108MEDIA/DSCF0795.JPG,DSCF0795.JPG,4Z/108MEDIA,0,Other_Amphibian,0.3153,2968.1,2479.7,3101.5,2620.5
/srv/shared_leopard_toad/2025/Documents/06.10-13.10.2025/4Z/108MEDIA/DSCF0795.JPG,DSCF0795.JPG,4Z/108MEDIA,0,Other_Amphibian,0.2325,2978.4,2463.5,3099.9,2619.3
/srv/shared_leopard_toad/2025/Documents/06.10-13.10.2025/4Z/108MEDIA/DSCF0795.JPG,DSCF0795.JPG,4Z/108MEDIA,2,Western_Leopard_Toad,0.2195,3654.7,1647.8,3930.0,1918.0
/srv/shared_leopard_toad/2025/Documents/06.10-13.10.2025/4Z/108MEDIA/DSCF0795.JPG,DSCF0795.JPG,4Z/108MEDIA,0,Other_Amphibian,0.2035,3215.8,1955.2,3339.5,2099.0
/srv/shared_leopard_toad/2025/Documents/06.10-13.10.2025/4Z/108MEDIA/DSCF0795.JPG,DSCF0795.JPG,4Z/108MEDIA,0,Other_Amphibian,0.2032,3219.9,1956.1,3350.5,2098.5
/srv/shared_leopard_toad/2025/Documents/06.10-13.10.2025/4Z/108MEDIA/DSCF0266.JPG,DSCF0266.JPG,4Z/108MEDIA,0,Other_Amphibian,0.4099,3219.9,1951.6,3342.2,2098.8
/srv/shared_leopard_toad/2025/Documents/06.10-13.10.2025/4Z/108MEDIA/DSCF0266.JPG,DSCF0266.JPG,4Z/108MEDIA,0,Other_Amphibian,0.3291,3224.2,1951.5,3340.2,2099.9
/srv/shared_leopard_toad/2025/Documents/06.10-13.10.2025/4Z/108MEDIA/DSCF0003.JPG,DSCF0003.JPG,4Z/108MEDIA,0,Other_Amphibian,0.5062,3218.0,1951.6,3348.2,2095.3
/srv/shared_leopard_toad/2025/Documents/06.10-13.10.2025/4Z/108MEDIA/DSCF0003.JPG,DSCF0003.JPG,4Z/108MEDIA,0,Other_Amphibian,0.4066,3226.0,1952.0,3353.2,2096.0
/srv/shared_leopard_toad/2025/Documents/06.10-13.10.2025/4Z/108MEDIA/DSCF0207.JPG,DSCF0207.JPG,4Z/108MEDIA,0,Other_Amphibian,0.5627,3218.6,1952.2,3352.4,2094.2
/srv/shared_leopard_toad/2025/Documents/06.10-13.10.2025/4Z/108MEDIA/DSCF0207.JPG,DSCF0207.JPG,4Z/108MEDIA,0,Other_Amphibian,0.4803,3222.9,1952.9,3351.7,2094.2
/srv/shared_leopard_toad/2025/Documents/06.10-13.10.2025/4Z/108MEDIA/DSCF0393.JPG,DSCF0393.JPG,4Z/108MEDIA,2,Western_Leopard_Toad,0.8248,3638.9,1660.7,3930.5,1920.6
/srv/shared_leopard_toad/2025/Documents/06.10-13.10.2025/4Z/108MEDIA/DSCF0986.JPG,DSCF0986.JPG,4Z/108MEDIA,0,Other_Amphibian,0.3159,2970.6,2487.8,3102.7,2627.8
/srv/shared_leopard_toad/2025/Documents/06.10-13.10.2025/4Z/108MEDIA/DSCF0986.JPG,DSCF0986.JPG,4Z/108MEDIA,0,Other_Amphibian,0.2738,2982.1,2471.4,3103.6,2627.4
/srv/shared_leopard_toad/2025/Documents/06.10-13.10.2025/4Z/108MEDIA/DSCF0986.JPG,DSCF0986.JPG,4Z/108MEDIA,0,Other_Amphibian,0.2394,2969.4,2478.8,3100.0,2628.6
/srv/shared_leopard_toad/2025/Documents/06.10-13.10.2025/4Z/108MEDIA/DSCF0981.JPG,DSCF0981.JPG,4Z/108MEDIA,0,Other_Amphibian,0.2176,2971.8,2465.2,3103.2,2631.9
/srv/shared_leopard_toad/2025/Documents/06.10-13.10.2025/4Z/108MEDIA/DSCF0981.JPG,DSCF0981.JPG,4Z/108MEDIA,0,Other_Amphibian,0.2167,2981.6,2458.2,3102.0,2626.4
/srv/shared_leopard_toad/2025/Documents/06.10-13.10.2025/4Z/108MEDIA/DSCF0981.JPG,DSCF0981.JPG,4Z/108MEDIA,0,Other_Amphibian,0.2108,2970.8,2476.5,3103.0,2627.9
/srv/shared_leopard_toad/2025/Documents/06.10-13.10.2025/4Z/108MEDIA/DSCF0403.JPG,DSCF0403.JPG,4Z/108MEDIA,0,Other_Amphibian,0.2392,3217.5,1955.7,3341.1,2097.4
/srv/shared_leopard_toad/2025/Documents/06.10-13.10.2025/4Z/108MEDIA/DSCF0403.JPG,DSCF0403.JPG,4Z/108MEDIA,0,Other_Amphibian,0.2337,3223.5,1957.3,3351.2,2097.8
/srv/shared_leopard_toad/2025/Documents/06.10-13.10.2025/4Z/108MEDIA/DSCF0369.JPG,DSCF0369.JPG,4Z/108MEDIA,2,Western_Leopard_Toad,0.8684,3640.0,1660.8,3931.3,1922.6
/srv/shared_leopard_toad/2025/Documents/06.10-13.10.2025/4Z/108MEDIA/DSCF0490.JPG,DSCF0490.JPG,4Z/108MEDIA,0,Other_Amphibian,0.2320,2972.3,2476.2,3104.2,2622.0
/srv/shared_leopard_toad/2025/Documents/06.10-13.10.2025/4Z/108MEDIA/DSCF0490.JPG,DSCF0490.JPG,4Z/108MEDIA,2,Western_Leopard_Toad,0.2189,3657.3,1648.3,3930.8,1917.9
/srv/shared_leopard_toad/2025/Documents/06.10-13.10.2025/4Z/108MEDIA/DSCF0490.JPG,DSCF0490.JPG,4Z/108MEDIA,0,Other_Amphibian,0.2159,3220.0,1957.2,3349.9,2099.4
/srv/shared_leopard_toad/2025/Documents/06.10-13.10.2025/4Z/108MEDIA/DSCF0490.JPG,DSCF0490.JPG,4Z/108MEDIA,0,Other_Amphibian,0.2089,3217.9,1955.9,3341.7,2099.6
/srv/shared_leopard_toad/2025/Documents/06.10-13.10.2025/4Z/108MEDIA/DSCF0422.JPG,DSCF0422.JPG,4Z/108MEDIA,0,Other_Amphibian,0.2188,3219.6,1954.8,3351.5,2099.0
/srv/shared_leopard_toad/2025/Documents/06.10-13.10.2025/4Z/108MEDIA/DSCF0422.JPG,DSCF0422.JPG,4Z/108MEDIA,0,Other_Amphibian,0.2103,3218.7,1953.7,3343.8,2099.5
/srv/shared_leopard_toad/2025/Documents/06.10-13.10.2025/4Z/108MEDIA/DSCF0549.JPG,DSCF0549.JPG,4Z/108MEDIA,0,Other_Amphibian,0.2064,3221.7,1953.9,3350.8,2099.0
/srv/shared_leopard_toad/2025/Documents/06.10-13.10.2025/4Z/108MEDIA/DSCF0817.JPG,DSCF0817.JPG,4Z/108MEDIA,0,Other_Amphibian,0.3612,3216.6,1954.9,3349.6,2098.2
/srv/shared_leopard_toad/2025/Documents/06.10-13.10.2025/4Z/108MEDIA/DSCF0817.JPG,DSCF0817.JPG,4Z/108MEDIA,0,Other_Amphibian,0.3216,3220.4,1955.6,3348.7,2100.3
/srv/shared_leopard_toad/2025/Documents/06.10-13.10.2025/4Z/108MEDIA/DSCF0817.JPG,DSCF0817.JPG,4Z/108MEDIA,0,Other_Amphibian,0.2447,3656.3,1646.5,3929.3,1917.1
/srv/shared_leopard_toad/2025/Documents/06.10-13.10.2025/4Z/108MEDIA/DSCF0817.JPG,DSCF0817.JPG,4Z/108MEDIA,0,Other_Amphibian,0.2043,2970.9,2476.5,3102.6,2622.3
/srv/shared_leopard_toad/2025/Documents/06.10-13.10.2025/4Z/108MEDIA/DSCF0649.JPG,DSCF0649.JPG,4Z/108MEDIA,0,Other_Amphibian,0.3300,3216.6,1956.3,3346.7,2098.0
/srv/shared_leopard_toad/2025/Documents/06.10-13.10.2025/4Z/108MEDIA/DSCF0649.JPG,DSCF0649.JPG,4Z/108MEDIA,0,Other_Amphibian,0.2863,3219.5,1955.5,3342.8,2098.6
/srv/shared_leopard_toad/2025/Documents/06.10-13.10.2025/4Z/108MEDIA/DSCF0912.JPG,DSCF0912.JPG,4Z/108MEDIA,0,Other_Amphibian,0.3025,2970.6,2476.6,3102.9,2627.4
/srv/shared_leopard_toad/2025/Documents/06.10-13.10.2025/4Z/108MEDIA/DSCF0912.JPG,DSCF0912.JPG,4Z/108MEDIA,0,Other_Amphibian,0.2651,2978.5,2448.4,3101.2,2626.2
/srv/shared_leopard_toad/2025/Documents/06.10-13.10.2025/4Z/108MEDIA/DSCF0899.JPG,DSCF0899.JPG,4Z/108MEDIA,2,Western_Leopard_Toad,0.2749,3656.6,1648.4,3929.1,1916.8
/srv/shared_leopard_toad/2025/Documents/06.10-13.10.2025/4Z/108MEDIA/DSCF0899.JPG,DSCF0899.JPG,4Z/108MEDIA,0,Other_Amphibian,0.2603,2970.9,2486.4,3100.1,2625.8
/srv/shared_leopard_toad/2025/Documents/06.10-13.10.2025/4Z/108MEDIA/DSCF0353.JPG,DSCF0353.JPG,4Z/108MEDIA,2,Western_Leopard_Toad,0.8390,3644.9,1662.8,3927.7,1923.7
/srv/shared_leopard_toad/2025/Documents/06.10-13.10.2025/4Z/108MEDIA/DSCF0353.JPG,DSCF0353.JPG,4Z/108MEDIA,0,Other_Amphibian,0.2534,4769.1,1346.3,4950.1,1538.5
/srv/shared_leopard_toad/2025/Documents/06.10-13.10.2025/4Z/108MEDIA/DSCF0394.JPG,DSCF0394.JPG,4Z/108MEDIA,2,Western_Leopard_Toad,0.8207,3649.3,1660.1,3931.5,1926.1
/srv/shared_leopard_toad/2025/Documents/06.10-13.10.2025/4Z/108MEDIA/DSCF0759.JPG,DSCF0759.JPG,4Z/108MEDIA,0,Other_Amphibian,0.2431,3219.9,1957.8,3350.1,2096.9
/srv/shared_leopard_toad/2025/Documents/06.10-13.10.2025/4Z/108MEDIA/DSCF0759.JPG,DSCF0759.JPG,4Z/108MEDIA,0,Other_Amphibian,0.2119,3216.6,1957.3,3340.4,2097.8
/srv/shared_leopard_toad/2025/Documents/06.10-13.10.2025/4Z/108MEDIA/DSCF0476.JPG,DSCF0476.JPG,4Z/108MEDIA,0,Other_Amphibian,0.2933,3218.0,1955.9,3349.1,2098.0
/srv/shared_leopard_toad/2025/Documents/06.10-13.10.2025/4Z/108MEDIA/DSCF0476.JPG,DSCF0476.JPG,4Z/108MEDIA,0,Other_Amphibian,0.2706,3221.0,1954.9,3345.8,2098.3
/srv/shared_leopard_toad/2025/Documents/06.10-13.10.2025/4Z/108MEDIA/DSCF0476.JPG,DSCF0476.JPG,4Z/108MEDIA,0,Other_Amphibian,0.2004,2971.3,2475.6,3101.1,2630.9
/srv/shared_leopard_toad/2025/Documents/06.10-13.10.2025/4Z/108MEDIA/DSCF0713.JPG,DSCF0713.JPG,4Z/108MEDIA,0,Other_Amphibian,0.2525,3220.2,1953.9,3350.9,2097.9
/srv/shared_leopard_toad/2025/Documents/06.10-13.10.2025/4Z/108MEDIA/DSCF0713.JPG,DSCF0713.JPG,4Z/108MEDIA,0,Other_Amphibian,0.2371,3218.9,1953.5,3343.2,2098.7
/srv/shared_leopard_toad/2025/Documents/06.10-13.10.2025/4Z/108MEDIA/DSCF0699.JPG,DSCF0699.JPG,4Z/108MEDIA,0,Other_Amphibian,0.3565,2971.2,2477.4,3101.0,2623.8
/srv/shared_leopard_toad/2025/Documents/06.10-13.10.2025/4Z/108MEDIA/DSCF0699.JPG,DSCF0699.JPG,4Z/108MEDIA,0,Other_Amphibian,0.3016,3218.5,1955.4,3349.7,2096.7
/srv/shared_leopard_toad/2025/Documents/06.10-13.10.2025/4Z/108MEDIA/DSCF0699.JPG,DSCF0699.JPG,4Z/108MEDIA,0,Other_Amphibian,0.2838,3218.1,1954.4,3344.1,2096.8
/srv/shared_leopard_toad/2025/Documents/06.10-13.10.2025/4Z/108MEDIA/DSCF0699.JPG,DSCF0699.JPG,4Z/108MEDIA,0,Other_Amphibian,0.2235,2982.6,2469.0,3103.6,2624.5
/srv/shared_leopard_toad/2025/Documents/06.10-13.10.2025/4Z/108MEDIA/DSCF0146.JPG,DSCF0146.JPG,4Z/108MEDIA,0,Other_Amphibian,0.4486,3218.7,1950.8,3347.0,2094.3
/srv/shared_leopard_toad/2025/Documents/06.10-13.10.2025/4Z/108MEDIA/DSCF0146.JPG,DSCF0146.JPG,4Z/108MEDIA,0,Other_Amphibian,0.3712,3222.9,1951.4,3347.0,2094.2
/srv/shared_leopard_toad/2025/Documents/06.10-13.10.2025/4Z/108MEDIA/DSCF0146.JPG,DSCF0146.JPG,4Z/108MEDIA,0,Other_Amphibian,0.3696,2969.4,2473.1,3111.4,2654.8
/srv/shared_leopard_toad/2025/Documents/06.10-13.10.2025/4Z/108MEDIA/DSCF0566.JPG,DSCF0566.JPG,4Z/108MEDIA,0,Other_Amphibian,0.2840,2981.6,2452.8,3105.5,2624.8
/srv/shared_leopard_toad/2025/Documents/06.10-13.10.2025/4Z/108MEDIA/DSCF0566.JPG,DSCF0566.JPG,4Z/108MEDIA,0,Other_Amphibian,0.2042,2977.8,2455.5,3108.0,2622.7
/srv/shared_leopard_toad/2025/Documents/06.10-13.10.2025/4Z/108MEDIA/DSCF0566.JPG,DSCF0566.JPG,4Z/108MEDIA,0,Other_Amphibian,0.2040,3216.2,1954.6,3342.3,2098.4
/srv/shared_leopard_toad/2025/Documents/06.10-13.10.2025/4Z/108MEDIA/DSCF0559.JPG,DSCF0559.JPG,4Z/108MEDIA,0,Other_Amphibian,0.2952,3218.2,1956.3,3350.8,2098.1
/srv/shared_leopard_toad/2025/Documents/06.10-13.10.2025/4Z/108MEDIA/DSCF0559.JPG,DSCF0559.JPG,4Z/108MEDIA,0,Other_Amphibian,0.2858,3221.7,1955.8,3348.7,2098.6
/srv/shared_leopard_toad/2025/Documents/06.10-13.10.2025/4Z/108MEDIA/DSCF0445.JPG,DSCF0445.JPG,4Z/108MEDIA,0,Other_Amphibian,0.2572,3219.5,1955.3,3350.0,2099.5
/srv/shared_leopard_toad/2025/Documents/06.10-13.10.2025/4Z/108MEDIA/DSCF0445.JPG,DSCF0445.JPG,4Z/108MEDIA,0,Other_Amphibian,0.2409,3220.0,1954.7,3343.2,2100.6
/srv/shared_leopard_toad/2025/Documents/06.10-13.10.2025/4Z/108MEDIA/DSCF0445.JPG,DSCF0445.JPG,4Z/108MEDIA,2,Western_Leopard_Toad,0.2156,3657.5,1647.4,3929.7,1918.3
/srv/shared_leopard_toad/2025/Documents/06.10-13.10.2025/4Z/108MEDIA/DSCF0368.JPG,DSCF0368.JPG,4Z/108MEDIA,2,Western_Leopard_Toad,0.8444,3643.6,1659.7,3932.1,1923.9
/srv/shared_leopard_toad/2025/Documents/06.10-13.10.2025/4Z/108MEDIA/DSCF0368.JPG,DSCF0368.JPG,4Z/108MEDIA,0,Other_Amphibian,0.2760,4759.1,1346.0,4943.8,1535.7
/srv/shared_leopard_toad/2025/Documents/06.10-13.10.2025/4Z/108MEDIA/DSCF0656.JPG,DSCF0656.JPG,4Z/108MEDIA,0,Other_Amphibian,0.2545,2979.4,2461.4,3100.8,2619.4
/srv/shared_leopard_toad/2025/Documents/06.10-13.10.2025/4Z/108MEDIA/DSCF0656.JPG,DSCF0656.JPG,4Z/108MEDIA,0,Other_Amphibian,0.2540,2969.9,2472.8,3101.4,2622.0
/srv/shared_leopard_toad/2025/Documents/06.10-13.10.2025/4Z/108MEDIA/DSCF0994.JPG,DSCF0994.JPG,4Z/108MEDIA,0,Other_Amphibian,0.3730,2970.3,2476.3,3105.2,2623.2
/srv/shared_leopard_toad/2025/Documents/06.10-13.10.2025/4Z/108MEDIA/DSCF0994.JPG,DSCF0994.JPG,4Z/108MEDIA,0,Other_Amphibian,0.2984,2981.9,2468.3,3107.6,2623.2
/srv/shared_leopard_toad/2025/Documents/06.10-13.10.2025/4Z/108MEDIA/DSCF0366.JPG,DSCF0366.JPG,4Z/108MEDIA,2,Western_Leopard_Toad,0.7474,3640.4,1662.4,3929.6,1924.4
/srv/shared_leopard_toad/2025/Documents/06.10-13.10.2025/4Z/108MEDIA/DSCF0366.JPG,DSCF0366.JPG,4Z/108MEDIA,2,Western_Leopard_Toad,0.3621,840.8,1680.0,1020.1,1983.1
/srv/shared_leopard_toad/2025/Documents/06.10-13.10.2025/4Z/108MEDIA/DSCF0439.JPG,DSCF0439.JPG,4Z/108MEDIA,0,Other_Amphibian,0.2364,2971.2,2464.7,3103.3,2620.2
/srv/shared_leopard_toad/2025/Documents/06.10-13.10.2025/4Z/108MEDIA/DSCF0755.JPG,DSCF0755.JPG,4Z/108MEDIA,0,Other_Amphibian,0.3051,3218.2,1953.7,3347.8,2095.7
/srv/shared_leopard_toad/2025/Documents/06.10-13.10.2025/4Z/108MEDIA/DSCF0755.JPG,DSCF0755.JPG,4Z/108MEDIA,0,Other_Amphibian,0.2917,3219.0,1953.5,3342.6,2096.7
/srv/shared_leopard_toad/2025/Documents/06.10-13.10.2025/4Z/108MEDIA/DSCF0067.JPG,DSCF0067.JPG,4Z/108MEDIA,0,Other_Amphibian,0.5366,3217.1,1952.7,3350.2,2094.2
/srv/shared_leopard_toad/2025/Documents/06.10-13.10.2025/4Z/108MEDIA/DSCF0067.JPG,DSCF0067.JPG,4Z/108MEDIA,0,Other_Amphibian,0.4507,3224.6,1952.8,3353.2,2094.6
/srv/shared_leopard_toad/2025/Documents/06.10-13.10.2025/4Z/108MEDIA/DSCF0251.JPG,DSCF0251.JPG,4Z/108MEDIA,0,Other_Amphibian,0.5614,3216.2,1954.1,3345.7,2095.5
/srv/shared_leopard_toad/2025/Documents/06.10-13.10.2025/4Z/108MEDIA/DSCF0251.JPG,DSCF0251.JPG,4Z/108MEDIA,0,Other_Amphibian,0.4455,3226.0,1953.5,3348.5,2095.1
/srv/shared_leopard_toad/2025/Documents/06.10-13.10.2025/4Z/108MEDIA/DSCF0250.JPG,DSCF0250.JPG,4Z/108MEDIA,0,Other_Amphibian,0.5429,3218.3,1950.6,3354.7,2096.3
/srv/shared_leopard_toad/2025/Documents/06.10-13.10.2025/4Z/108MEDIA/DSCF0250.JPG,DSCF0250.JPG,4Z/108MEDIA,0,Other_Amphibian,0.4699,3222.4,1951.3,3353.0,2095.8
/srv/shared_leopard_toad/2025/Documents/06.10-13.10.2025/4Z/108MEDIA/DSCF0342.JPG,DSCF0342.JPG,4Z/108MEDIA,2,Western_Leopard_Toad,0.7816,3638.3,1662.5,3923.4,1925.7
/srv/shared_leopard_toad/2025/Documents/06.10-13.10.2025/4Z/108MEDIA/DSCF0979.JPG,DSCF0979.JPG,4Z/108MEDIA,0,Other_Amphibian,0.3503,2968.7,2481.3,3102.7,2624.7
/srv/shared_leopard_toad/2025/Documents/06.10-13.10.2025/4Z/108MEDIA/DSCF0979.JPG,DSCF0979.JPG,4Z/108MEDIA,0,Other_Amphibian,0.2721,2980.7,2456.9,3103.0,2623.4
/srv/shared_leopard_toad/2025/Documents/06.10-13.10.2025/4Z/108MEDIA/DSCF0305.JPG,DSCF0305.JPG,4Z/108MEDIA,2,Western_Leopard_Toad,0.5804,3644.7,1663.0,3928.1,1922.1
/srv/shared_leopard_toad/2025/Documents/06.10-13.10.2025/4Z/108MEDIA/DSCF0305.JPG,DSCF0305.JPG,4Z/108MEDIA,0,Other_Amphibian,0.4965,3217.3,1959.3,3360.0,2136.9
/srv/shared_leopard_toad/2025/Documents/06.10-13.10.2025/4Z/108MEDIA/DSCF0938.JPG,DSCF0938.JPG,4Z/108MEDIA,0,Other_Amphibian,0.4086,2968.8,2478.7,3104.5,2620.7
/srv/shared_leopard_toad/2025/Documents/06.10-13.10.2025/4Z/108MEDIA/DSCF0938.JPG,DSCF0938.JPG,4Z/108MEDIA,0,Other_Amphibian,0.3297,2981.3,2472.4,3107.3,2620.3
/srv/shared_leopard_toad/2025/Documents/06.10-13.10.2025/4Z/108MEDIA/DSCF0938.JPG,DSCF0938.JPG,4Z/108MEDIA,0,Other_Amphibian,0.2228,2973.3,2472.9,3107.0,2622.8
/srv/shared_leopard_toad/2025/Documents/06.10-13.10.2025/4Z/108MEDIA/DSCF0033.JPG,DSCF0033.JPG,4Z/108MEDIA,0,Other_Amphibian,0.5700,3215.6,1951.4,3349.1,2093.7
/srv/shared_leopard_toad/2025/Documents/06.10-13.10.2025/4Z/108MEDIA/DSCF0033.JPG,DSCF0033.JPG,4Z/108MEDIA,0,Other_Amphibian,0.4802,3224.6,1951.6,3354.7,2093.7
/srv/shared_leopard_toad/2025/Documents/06.10-13.10.2025/4Z/108MEDIA/DSCF0487.JPG,DSCF0487.JPG,4Z/108MEDIA,0,Other_Amphibian,0.3344,2970.1,2465.6,3104.6,2626.4
/srv/shared_leopard_toad/2025/Documents/06.10-13.10.2025/4Z/108MEDIA/DSCF0487.JPG,DSCF0487.JPG,4Z/108MEDIA,0,Other_Amphibian,0.3205,2980.3,2460.4,3105.6,2626.0
/srv/shared_leopard_toad/2025/Documents/06.10-13.10.2025/4Z/108MEDIA/DSCF0487.JPG,DSCF0487.JPG,4Z/108MEDIA,0,Other_Amphibian,0.2051,3213.7,1955.5,3340.4,2099.1
/srv/shared_leopard_toad/2025/Documents/06.10-13.10.2025/4Z/108MEDIA/DSCF0709.JPG,DSCF0709.JPG,4Z/108MEDIA,0,Other_Amphibian,0.2593,3218.8,1955.1,3343.7,2098.1
/srv/shared_leopard_toad/2025/Documents/06.10-13.10.2025/4Z/108MEDIA/DSCF0709.JPG,DSCF0709.JPG,4Z/108MEDIA,0,Other_Amphibian,0.2400,3219.6,1956.4,3349.8,2097.8
/srv/shared_leopard_toad/2025/Documents/06.10-13.10.2025/4Z/108MEDIA/DSCF0168.JPG,DSCF0168.JPG,4Z/108MEDIA,0,Other_Amphibian,0.5767,3213.7,1951.4,3348.0,2094.4
/srv/shared_leopard_toad/2025/Documents/06.10-13.10.2025/4Z/108MEDIA/DSCF0168.JPG,DSCF0168.JPG,4Z/108MEDIA,0,Other_Amphibian,0.5160,3222.6,1950.7,3351.3,2093.2
/srv/shared_leopard_toad/2025/Documents/06.10-13.10.2025/4Z/108MEDIA/DSCF0670.JPG,DSCF0670.JPG,4Z/108MEDIA,0,Other_Amphibian,0.2933,3217.7,1953.6,3343.7,2097.6
/srv/shared_leopard_toad/2025/Documents/06.10-13.10.2025/4Z/108MEDIA/DSCF0670.JPG,DSCF0670.JPG,4Z/108MEDIA,0,Other_Amphibian,0.2885,3219.1,1954.5,3350.3,2097.2
/srv/shared_leopard_toad/2025/Documents/06.10-13.10.2025/4Z/108MEDIA/DSCF0870.JPG,DSCF0870.JPG,4Z/108MEDIA,0,Other_Amphibian,0.2686,2971.6,2473.3,3101.2,2627.2
/srv/shared_leopard_toad/2025/Documents/06.10-13.10.2025/4Z/108MEDIA/DSCF0870.JPG,DSCF0870.JPG,4Z/108MEDIA,0,Other_Amphibian,0.2180,2977.1,2458.6,3097.2,2627.0
/srv/shared_leopard_toad/2025/Documents/06.10-13.10.2025/4Z/108MEDIA/DSCF0870.JPG,DSCF0870.JPG,4Z/108MEDIA,0,Other_Amphibian,0.2120,3215.0,1954.6,3338.4,2097.4
/srv/shared_leopard_toad/2025/Documents/06.10-13.10.2025/4Z/108MEDIA/DSCF0531.JPG,DSCF0531.JPG,4Z/108MEDIA,0,Other_Amphibian,0.2512,3220.5,1952.9,3346.6,2098.8
/srv/shared_leopard_toad/2025/Documents/06.10-13.10.2025/4Z/108MEDIA/DSCF0531.JPG,DSCF0531.JPG,4Z/108MEDIA,0,Other_Amphibian,0.2256,3219.1,1955.5,3351.3,2099.2
/srv/shared_leopard_toad/2025/Documents/06.10-13.10.2025/4Z/108MEDIA/DSCF0411.JPG,DSCF0411.JPG,4Z/108MEDIA,0,Other_Amphibian,0.2091,3216.5,1957.0,3341.2,2100.3
/srv/shared_leopard_toad/2025/Documents/06.10-13.10.2025/4Z/108MEDIA/DSCF0700.JPG,DSCF0700.JPG,4Z/108MEDIA,0,Other_Amphibian,0.2401,3218.1,1954.2,3350.1,2096.9
/srv/shared_leopard_toad/2025/Documents/06.10-13.10.2025/4Z/108MEDIA/DSCF0700.JPG,DSCF0700.JPG,4Z/108MEDIA,0,Other_Amphibian,0.2304,3217.2,1953.2,3342.7,2096.9
/srv/shared_leopard_toad/2025/Documents/06.10-13.10.2025/4Z/108MEDIA/DSCF0700.JPG,DSCF0700.JPG,4Z/108MEDIA,0,Other_Amphibian,0.2042,2969.8,2470.1,3101.5,2624.1
/srv/shared_leopard_toad/2025/Documents/06.10-13.10.2025/4Z/108MEDIA/DSCF0230.JPG,DSCF0230.JPG,4Z/108MEDIA,0,Other_Amphibian,0.6131,3217.9,1953.1,3353.7,2094.5
/srv/shared_leopard_toad/2025/Documents/06.10-13.10.2025/4Z/108MEDIA/DSCF0230.JPG,DSCF0230.JPG,4Z/108MEDIA,0,Other_Amphibian,0.5183,3222.3,1954.0,3353.3,2094.8
/srv/shared_leopard_toad/2025/Documents/06.10-13.10.2025/4Z/108MEDIA/DSCF0007.JPG,DSCF0007.JPG,4Z/108MEDIA,0,Other_Amphibian,0.5727,3214.4,1950.9,3347.7,2095.8
/srv/shared_leopard_toad/2025/Documents/06.10-13.10.2025/4Z/108MEDIA/DSCF0007.JPG,DSCF0007.JPG,4Z/108MEDIA,0,Other_Amphibian,0.4656,3223.7,1950.6,3351.4,2095.5
/srv/shared_leopard_toad/2025/Documents/06.10-13.10.2025/4Z/108MEDIA/DSCF0007.JPG,DSCF0007.JPG,4Z/108MEDIA,2,Western_Leopard_Toad,0.2576,3654.0,1647.5,3933.0,1918.4
/srv/shared_leopard_toad/2025/Documents/06.10-13.10.2025/4Z/108MEDIA/DSCF0256.JPG,DSCF0256.JPG,4Z/108MEDIA,0,Other_Amphibian,0.3945,3224.2,1950.8,3348.1,2098.4
/srv/shared_leopard_toad/2025/Documents/06.10-13.10.2025/4Z/108MEDIA/DSCF0256.JPG,DSCF0256.JPG,4Z/108MEDIA,0,Other_Amphibian,0.3213,3227.7,1951.0,3347.2,2099.3
/srv/shared_leopard_toad/2025/Documents/06.10-13.10.2025/4Z/108MEDIA/DSCF0923.JPG,DSCF0923.JPG,4Z/108MEDIA,0,Other_Amphibian,0.4247,2969.5,2478.6,3103.3,2626.5
/srv/shared_leopard_toad/2025/Documents/06.10-13.10.2025/4Z/108MEDIA/DSCF0923.JPG,DSCF0923.JPG,4Z/108MEDIA,0,Other_Amphibian,0.4104,2980.1,2466.4,3104.9,2625.8
/srv/shared_leopard_toad/2025/Documents/06.10-13.10.2025/4Z/108MEDIA/DSCF0923.JPG,DSCF0923.JPG,4Z/108MEDIA,0,Other_Amphibian,0.2370,2974.6,2472.0,3105.2,2626.5
/srv/shared_leopard_toad/2025/Documents/06.10-13.10.2025/4Z/108MEDIA/DSCF0936.JPG,DSCF0936.JPG,4Z/108MEDIA,0,Other_Amphibian,0.3126,2971.4,2468.9,3102.0,2615.4
/srv/shared_leopard_toad/2025/Documents/06.10-13.10.2025/4Z/108MEDIA/DSCF0936.JPG,DSCF0936.JPG,4Z/108MEDIA,0,Other_Amphibian,0.2858,2981.3,2457.3,3102.9,2615.0
/srv/shared_leopard_toad/2025/Documents/06.10-13.10.2025/4Z/108MEDIA/DSCF0324.JPG,DSCF0324.JPG,4Z/108MEDIA,0,Other_Amphibian,0.3885,3223.6,1970.7,3372.4,2132.6
/srv/shared_leopard_toad/2025/Documents/06.10-13.10.2025/4Z/108MEDIA/DSCF0324.JPG,DSCF0324.JPG,4Z/108MEDIA,2,Western_Leopard_Toad,0.3479,3642.3,1662.8,3923.6,1924.1
/srv/shared_leopard_toad/2025/Documents/06.10-13.10.2025/4Z/108MEDIA/DSCF0524.JPG,DSCF0524.JPG,4Z/108MEDIA,0,Other_Amphibian,0.2377,3221.8,1957.4,3353.0,2098.3
/srv/shared_leopard_toad/2025/Documents/06.10-13.10.2025/4Z/108MEDIA/DSCF0524.JPG,DSCF0524.JPG,4Z/108MEDIA,0,Other_Amphibian,0.2254,3216.3,1956.5,3342.3,2099.1
/srv/shared_leopard_toad/2025/Documents/06.10-13.10.2025/4Z/108MEDIA/DSCF0044.JPG,DSCF0044.JPG,4Z/108MEDIA,0,Other_Amphibian,0.5795,3216.6,1950.6,3349.2,2093.5
/srv/shared_leopard_toad/2025/Documents/06.10-13.10.2025/4Z/108MEDIA/DSCF0044.JPG,DSCF0044.JPG,4Z/108MEDIA,0,Other_Amphibian,0.4693,3225.1,1951.0,3353.0,2093.4
/srv/shared_leopard_toad/2025/Documents/06.10-13.10.2025/4Z/108MEDIA/DSCF0730.JPG,DSCF0730.JPG,4Z/108MEDIA,0,Other_Amphibian,0.2815,3218.4,1956.2,3348.5,2096.2
/srv/shared_leopard_toad/2025/Documents/06.10-13.10.2025/4Z/108MEDIA/DSCF0730.JPG,DSCF0730.JPG,4Z/108MEDIA,0,Other_Amphibian,0.2488,3218.0,1955.8,3342.4,2097.0
/srv/shared_leopard_toad/2025/Documents/06.10-13.10.2025/4Z/108MEDIA/DSCF0730.JPG,DSCF0730.JPG,4Z/108MEDIA,0,Other_Amphibian,0.2033,3653.0,1647.8,3926.3,1917.8
/srv/shared_leopard_toad/2025/Documents/06.10-13.10.2025/4Z/108MEDIA/DSCF0581.JPG,DSCF0581.JPG,4Z/108MEDIA,0,Other_Amphibian,0.2587,2971.0,2480.7,3101.4,2619.0
/srv/shared_leopard_toad/2025/Documents/06.10-13.10.2025/4Z/108MEDIA/DSCF0486.JPG,DSCF0486.JPG,4Z/108MEDIA,0,Other_Amphibian,0.2236,2973.4,2488.1,3100.4,2623.3
/srv/shared_leopard_toad/2025/Documents/06.10-13.10.2025/4Z/108MEDIA/DSCF0026.JPG,DSCF0026.JPG,4Z/108MEDIA,0,Other_Amphibian,0.4813,3220.3,1950.6,3349.2,2093.2
/srv/shared_leopard_toad/2025/Documents/06.10-13.10.2025/4Z/108MEDIA/DSCF0026.JPG,DSCF0026.JPG,4Z/108MEDIA,0,Other_Amphibian,0.4043,3226.2,1950.7,3350.6,2095.0
/srv/shared_leopard_toad/2025/Documents/06.10-13.10.2025/4Z/108MEDIA/DSCF0380.JPG,DSCF0380.JPG,4Z/108MEDIA,2,Western_Leopard_Toad,0.8681,3645.1,1661.0,3933.1,1921.4
/srv/shared_leopard_toad/2025/Documents/06.10-13.10.2025/4Z/108MEDIA/DSCF0568.JPG,DSCF0568.JPG,4Z/108MEDIA,0,Other_Amphibian,0.2426,2972.9,2483.9,3099.7,2623.8
/srv/shared_leopard_toad/2025/Documents/06.10-13.10.2025/4Z/108MEDIA/DSCF0568.JPG,DSCF0568.JPG,4Z/108MEDIA,0,Other_Amphibian,0.2009,3219.6,1956.5,3350.3,2098.6
/srv/shared_leopard_toad/2025/Documents/06.10-13.10.2025/4Z/108MEDIA/DSCF0982.JPG,DSCF0982.JPG,4Z/108MEDIA,0,Other_Amphibian,0.2101,2972.7,2489.5,3103.5,2627.7
/srv/shared_leopard_toad/2025/Documents/06.10-13.10.2025/4Z/108MEDIA/DSCF0854.JPG,DSCF0854.JPG,4Z/108MEDIA,0,Other_Amphibian,0.2004,3214.9,1953.8,3341.1,2098.4
/srv/shared_leopard_toad/2025/Documents/06.10-13.10.2025/4Z/108MEDIA/DSCF0409.JPG,DSCF0409.JPG,4Z/108MEDIA,0,Other_Amphibian,0.2869,2971.6,2476.0,3104.3,2624.8
/srv/shared_leopard_toad/2025/Documents/06.10-13.10.2025/4Z/108MEDIA/DSCF0409.JPG,DSCF0409.JPG,4Z/108MEDIA,0,Other_Amphibian,0.2447,2980.0,2469.9,3104.1,2625.9
/srv/shared_leopard_toad/2025/Documents/06.10-13.10.2025/4Z/108MEDIA/DSCF0409.JPG,DSCF0409.JPG,4Z/108MEDIA,0,Other_Amphibian,0.2420,2972.0,2471.4,3105.0,2629.3
/srv/shared_leopard_toad/2025/Documents/06.10-13.10.2025/4Z/108MEDIA/DSCF0851.JPG,DSCF0851.JPG,4Z/108MEDIA,0,Other_Amphibian,0.2750,3216.2,1953.1,3347.3,2096.9
/srv/shared_leopard_toad/2025/Documents/06.10-13.10.2025/4Z/108MEDIA/DSCF0851.JPG,DSCF0851.JPG,4Z/108MEDIA,0,Other_Amphibian,0.2733,3214.9,1954.4,3339.6,2099.3
/srv/shared_leopard_toad/2025/Documents/06.10-13.10.2025/4Z/108MEDIA/DSCF0851.JPG,DSCF0851.JPG,4Z/108MEDIA,2,Western_Leopard_Toad,0.2016,3653.8,1647.9,3926.3,1918.3
/srv/shared_leopard_toad/2025/Documents/06.10-13.10.2025/4Z/108MEDIA/DSCF0343.JPG,DSCF0343.JPG,4Z/108MEDIA,2,Western_Leopard_Toad,0.7062,3634.1,1662.3,3923.8,1923.1
/srv/shared_leopard_toad/2025/Documents/06.10-13.10.2025/4Z/108MEDIA/DSCF0343.JPG,DSCF0343.JPG,4Z/108MEDIA,0,Other_Amphibian,0.3585,4771.4,1347.1,4954.0,1536.0
/srv/shared_leopard_toad/2025/Documents/06.10-13.10.2025/4Z/108MEDIA/DSCF0906.JPG,DSCF0906.JPG,4Z/108MEDIA,0,Other_Amphibian,0.3412,2970.1,2478.0,3104.0,2620.3
/srv/shared_leopard_toad/2025/Documents/06.10-13.10.2025/4Z/108MEDIA/DSCF0906.JPG,DSCF0906.JPG,4Z/108MEDIA,0,Other_Amphibian,0.3115,2981.0,2466.6,3104.7,2619.5
/srv/shared_leopard_toad/2025/Documents/06.10-13.10.2025/4Z/108MEDIA/DSCF0402.JPG,DSCF0402.JPG,4Z/108MEDIA,0,Other_Amphibian,0.2449,2970.3,2468.4,3105.6,2633.6
/srv/shared_leopard_toad/2025/Documents/06.10-13.10.2025/4Z/108MEDIA/DSCF0402.JPG,DSCF0402.JPG,4Z/108MEDIA,0,Other_Amphibian,0.2381,2970.4,2476.0,3103.8,2627.6
/srv/shared_leopard_toad/2025/Documents/06.10-13.10.2025/4Z/108MEDIA/DSCF0402.JPG,DSCF0402.JPG,4Z/108MEDIA,0,Other_Amphibian,0.2262,3218.2,1953.5,3346.5,2099.9
/srv/shared_leopard_toad/2025/Documents/06.10-13.10.2025/4Z/108MEDIA/DSCF0402.JPG,DSCF0402.JPG,4Z/108MEDIA,0,Other_Amphibian,0.2056,3220.4,1956.1,3354.1,2100.8
/srv/shared_leopard_toad/2025/Documents/06.10-13.10.2025/4Z/108MEDIA/DSCF0572.JPG,DSCF0572.JPG,4Z/108MEDIA,2,Western_Leopard_Toad,0.3340,3656.0,1649.6,3930.4,1917.2
/srv/shared_leopard_toad/2025/Documents/06.10-13.10.2025/4Z/108MEDIA/DSCF0572.JPG,DSCF0572.JPG,4Z/108MEDIA,0,Other_Amphibian,0.3239,3217.5,1954.4,3348.7,2097.5
/srv/shared_leopard_toad/2025/Documents/06.10-13.10.2025/4Z/108MEDIA/DSCF0572.JPG,DSCF0572.JPG,4Z/108MEDIA,0,Other_Amphibian,0.2885,3218.0,1955.6,3344.7,2099.6
/srv/shared_leopard_toad/2025/Documents/06.10-13.10.2025/4Z/108MEDIA/DSCF0301.JPG,DSCF0301.JPG,4Z/108MEDIA,2,Western_Leopard_Toad,0.7358,3644.8,1660.8,3928.3,1919.8
/srv/shared_leopard_toad/2025/Documents/06.10-13.10.2025/4Z/108MEDIA/DSCF0301.JPG,DSCF0301.JPG,4Z/108MEDIA,0,Other_Amphibian,0.2951,3218.8,1969.4,3369.9,2138.7
/srv/shared_leopard_toad/2025/Documents/06.10-13.10.2025/4Z/108MEDIA/DSCF0544.JPG,DSCF0544.JPG,4Z/108MEDIA,0,Other_Amphibian,0.3257,3218.6,1955.9,3350.0,2097.4
/srv/shared_leopard_toad/2025/Documents/06.10-13.10.2025/4Z/108MEDIA/DSCF0544.JPG,DSCF0544.JPG,4Z/108MEDIA,0,Other_Amphibian,0.3118,3220.3,1955.0,3345.2,2098.2
/srv/shared_leopard_toad/2025/Documents/06.10-13.10.2025/4Z/108MEDIA/DSCF0769.JPG,DSCF0769.JPG,4Z/108MEDIA,0,Other_Amphibian,0.2657,3215.8,1954.1,3343.1,2098.0
/srv/shared_leopard_toad/2025/Documents/06.10-13.10.2025/4Z/108MEDIA/DSCF0769.JPG,DSCF0769.JPG,4Z/108MEDIA,0,Other_Amphibian,0.2306,3219.4,1955.7,3351.1,2098.0
/srv/shared_leopard_toad/2025/Documents/06.10-13.10.2025/4Z/108MEDIA/DSCF0769.JPG,DSCF0769.JPG,4Z/108MEDIA,0,Other_Amphibian,0.2271,2982.1,2457.1,3101.6,2621.4
/srv/shared_leopard_toad/2025/Documents/06.10-13.10.2025/4Z/108MEDIA/DSCF0769.JPG,DSCF0769.JPG,4Z/108MEDIA,0,Other_Amphibian,0.2105,2972.8,2467.7,3101.2,2621.1
/srv/shared_leopard_toad/2025/Documents/06.10-13.10.2025/4Z/108MEDIA/DSCF0596.JPG,DSCF0596.JPG,4Z/108MEDIA,2,Western_Leopard_Toad,0.2598,3655.3,1649.6,3927.3,1918.3
/srv/shared_leopard_toad/2025/Documents/06.10-13.10.2025/4Z/108MEDIA/DSCF0596.JPG,DSCF0596.JPG,4Z/108MEDIA,0,Other_Amphibian,0.2476,2968.7,2460.4,3106.4,2644.1
/srv/shared_leopard_toad/2025/Documents/06.10-13.10.2025/4Z/108MEDIA/DSCF0596.JPG,DSCF0596.JPG,4Z/108MEDIA,0,Other_Amphibian,0.2283,3219.9,1956.1,3351.0,2098.7
/srv/shared_leopard_toad/2025/Documents/06.10-13.10.2025/4Z/108MEDIA/DSCF0596.JPG,DSCF0596.JPG,4Z/108MEDIA,0,Other_Amphibian,0.2205,3216.8,1955.0,3342.1,2099.1
/srv/shared_leopard_toad/2025/Documents/06.10-13.10.2025/4Z/108MEDIA/DSCF0924.JPG,DSCF0924.JPG,4Z/108MEDIA,0,Other_Amphibian,0.2176,2974.0,2472.9,3102.5,2619.7
/srv/shared_leopard_toad/2025/Documents/06.10-13.10.2025/4Z/108MEDIA/DSCF0924.JPG,DSCF0924.JPG,4Z/108MEDIA,0,Other_Amphibian,0.2077,2984.2,2467.0,3101.7,2617.5
/srv/shared_leopard_toad/2025/Documents/06.10-13.10.2025/4Z/108MEDIA/DSCF0184.JPG,DSCF0184.JPG,4Z/108MEDIA,0,Other_Amphibian,0.5636,3216.6,1952.4,3348.6,2093.9
/srv/shared_leopard_toad/2025/Documents/06.10-13.10.2025/4Z/108MEDIA/DSCF0184.JPG,DSCF0184.JPG,4Z/108MEDIA,0,Other_Amphibian,0.4510,3226.4,1952.5,3352.4,2093.5
/srv/shared_leopard_toad/2025/Documents/06.10-13.10.2025/4Z/108MEDIA/DSCF0184.JPG,DSCF0184.JPG,4Z/108MEDIA,2,Western_Leopard_Toad,0.2283,3656.6,1647.5,3931.0,1918.1
/srv/shared_leopard_toad/2025/Documents/06.10-13.10.2025/4Z/108MEDIA/DSCF0237.JPG,DSCF0237.JPG,4Z/108MEDIA,0,Other_Amphibian,0.6199,3216.1,1951.9,3350.7,2094.6
/srv/shared_leopard_toad/2025/Documents/06.10-13.10.2025/4Z/108MEDIA/DSCF0237.JPG,DSCF0237.JPG,4Z/108MEDIA,0,Other_Amphibian,0.5501,3222.5,1952.1,3352.1,2094.1
/srv/shared_leopard_toad/2025/Documents/06.10-13.10.2025/4Z/108MEDIA/DSCF0373.JPG,DSCF0373.JPG,4Z/108MEDIA,2,Western_Leopard_Toad,0.8712,3648.4,1660.1,3934.6,1921.9
/srv/shared_leopard_toad/2025/Documents/06.10-13.10.2025/4Z/108MEDIA/DSCF0871.JPG,DSCF0871.JPG,4Z/108MEDIA,0,Other_Amphibian,0.3768,2969.0,2473.3,3101.7,2621.8
/srv/shared_leopard_toad/2025/Documents/06.10-13.10.2025/4Z/108MEDIA/DSCF0871.JPG,DSCF0871.JPG,4Z/108MEDIA,0,Other_Amphibian,0.2903,2981.3,2462.9,3102.7,2621.6
/srv/shared_leopard_toad/2025/Documents/06.10-13.10.2025/4Z/108MEDIA/DSCF0118.JPG,DSCF0118.JPG,4Z/108MEDIA,0,Other_Amphibian,0.4951,3219.3,1951.2,3349.6,2096.4
/srv/shared_leopard_toad/2025/Documents/06.10-13.10.2025/4Z/108MEDIA/DSCF0118.JPG,DSCF0118.JPG,4Z/108MEDIA,0,Other_Amphibian,0.3854,3227.3,1951.3,3352.1,2096.9
/srv/shared_leopard_toad/2025/Documents/06.10-13.10.2025/4Z/108MEDIA/DSCF0944.JPG,DSCF0944.JPG,4Z/108MEDIA,0,Other_Amphibian,0.2739,2969.2,2480.4,3097.8,2623.9
/srv/shared_leopard_toad/2025/Documents/06.10-13.10.2025/4Z/108MEDIA/DSCF0944.JPG,DSCF0944.JPG,4Z/108MEDIA,0,Other_Amphibian,0.2289,2978.1,2461.1,3097.8,2622.4
/srv/shared_leopard_toad/2025/Documents/06.10-13.10.2025/4Z/108MEDIA/DSCF0580.JPG,DSCF0580.JPG,4Z/108MEDIA,0,Other_Amphibian,0.2140,3216.4,1953.9,3341.9,2099.4
/srv/shared_leopard_toad/2025/Documents/06.10-13.10.2025/4Z/108MEDIA/DSCF0060.JPG,DSCF0060.JPG,4Z/108MEDIA,0,Other_Amphibian,0.5682,3218.1,1952.9,3350.1,2093.5
/srv/shared_leopard_toad/2025/Documents/06.10-13.10.2025/4Z/108MEDIA/DSCF0060.JPG,DSCF0060.JPG,4Z/108MEDIA,0,Other_Amphibian,0.4821,3224.9,1952.8,3352.8,2094.2
/srv/shared_leopard_toad/2025/Documents/06.10-13.10.2025/4Z/108MEDIA/DSCF0949.JPG,DSCF0949.JPG,4Z/108MEDIA,0,Other_Amphibian,0.2464,2977.5,2453.9,3099.2,2623.3
/srv/shared_leopard_toad/2025/Documents/06.10-13.10.2025/4Z/108MEDIA/DSCF0949.JPG,DSCF0949.JPG,4Z/108MEDIA,0,Other_Amphibian,0.2353,2968.0,2472.9,3100.0,2623.8
/srv/shared_leopard_toad/2025/Documents/06.10-13.10.2025/4Z/108MEDIA/DSCF0736.JPG,DSCF0736.JPG,4Z/108MEDIA,0,Other_Amphibian,0.2874,2971.1,2470.3,3104.4,2626.0
/srv/shared_leopard_toad/2025/Documents/06.10-13.10.2025/4Z/108MEDIA/DSCF0736.JPG,DSCF0736.JPG,4Z/108MEDIA,0,Other_Amphibian,0.2421,2980.8,2459.8,3103.5,2625.8
/srv/shared_leopard_toad/2025/Documents/06.10-13.10.2025/4Z/108MEDIA/DSCF0873.JPG,DSCF0873.JPG,4Z/108MEDIA,0,Other_Amphibian,0.2108,2971.0,2474.3,3100.7,2625.8
/srv/shared_leopard_toad/2025/Documents/06.10-13.10.2025/4Z/108MEDIA/DSCF0917.JPG,DSCF0917.JPG,4Z/108MEDIA,2,Western_Leopard_Toad,0.2513,3655.3,1649.0,3928.4,1918.5
/srv/shared_leopard_toad/2025/Documents/06.10-13.10.2025/4Z/108MEDIA/DSCF0505.JPG,DSCF0505.JPG,4Z/108MEDIA,0,Other_Amphibian,0.2382,2971.3,2488.8,3100.9,2619.9
/srv/shared_leopard_toad/2025/Documents/06.10-13.10.2025/4Z/108MEDIA/DSCF0505.JPG,DSCF0505.JPG,4Z/108MEDIA,0,Other_Amphibian,0.2225,3220.1,1955.7,3352.3,2099.2
/srv/shared_leopard_toad/2025/Documents/06.10-13.10.2025/4Z/108MEDIA/DSCF0505.JPG,DSCF0505.JPG,4Z/108MEDIA,0,Other_Amphibian,0.2206,3215.7,1954.1,3343.5,2098.7
/srv/shared_leopard_toad/2025/Documents/06.10-13.10.2025/4Z/108MEDIA/DSCF0672.JPG,DSCF0672.JPG,4Z/108MEDIA,2,Western_Leopard_Toad,0.2698,3654.2,1648.3,3928.4,1917.3
/srv/shared_leopard_toad/2025/Documents/06.10-13.10.2025/4Z/108MEDIA/DSCF0672.JPG,DSCF0672.JPG,4Z/108MEDIA,0,Other_Amphibian,0.2535,3219.3,1956.8,3351.1,2098.3
/srv/shared_leopard_toad/2025/Documents/06.10-13.10.2025/4Z/108MEDIA/DSCF0672.JPG,DSCF0672.JPG,4Z/108MEDIA,0,Other_Amphibian,0.2300,3218.2,1957.8,3343.7,2100.9
/srv/shared_leopard_toad/2025/Documents/06.10-13.10.2025/4Z/108MEDIA/DSCF0662.JPG,DSCF0662.JPG,4Z/108MEDIA,0,Other_Amphibian,0.2628,2970.9,2489.4,3100.7,2622.3
/srv/shared_leopard_toad/2025/Documents/06.10-13.10.2025/4Z/108MEDIA/DSCF0662.JPG,DSCF0662.JPG,4Z/108MEDIA,0,Other_Amphibian,0.2035,2965.9,2484.1,3097.0,2625.7
/srv/shared_leopard_toad/2025/Documents/06.10-13.10.2025/4Z/108MEDIA/DSCF0143.JPG,DSCF0143.JPG,4Z/108MEDIA,0,Other_Amphibian,0.5712,3217.9,1950.3,3356.9,2096.4
/srv/shared_leopard_toad/2025/Documents/06.10-13.10.2025/4Z/108MEDIA/DSCF0143.JPG,DSCF0143.JPG,4Z/108MEDIA,0,Other_Amphibian,0.5292,3218.9,1950.5,3353.8,2095.7
/srv/shared_leopard_toad/2025/Documents/06.10-13.10.2025/4Z/108MEDIA/DSCF0998.JPG,DSCF0998.JPG,4Z/108MEDIA,0,Other_Amphibian,0.2564,2970.7,2477.1,3102.5,2625.1
/srv/shared_leopard_toad/2025/Documents/06.10-13.10.2025/4Z/108MEDIA/DSCF0998.JPG,DSCF0998.JPG,4Z/108MEDIA,0,Other_Amphibian,0.2493,2979.1,2450.5,3099.6,2623.6
/srv/shared_leopard_toad/2025/Documents/06.10-13.10.2025/4Z/108MEDIA/DSCF0308.JPG,DSCF0308.JPG,4Z/108MEDIA,2,Western_Leopard_Toad,0.6385,3644.4,1664.0,3925.3,1922.6
/srv/shared_leopard_toad/2025/Documents/06.10-13.10.2025/4Z/108MEDIA/DSCF0433.JPG,DSCF0433.JPG,4Z/108MEDIA,0,Other_Amphibian,0.2127,3215.4,1955.3,3342.4,2101.7
/srv/shared_leopard_toad/2025/Documents/06.10-13.10.2025/4Z/108MEDIA/DSCF0312.JPG,DSCF0312.JPG,4Z/108MEDIA,0,Other_Amphibian,0.5643,3220.9,1966.2,3376.2,2132.8
/srv/shared_leopard_toad/2025/Documents/06.10-13.10.2025/4Z/108MEDIA/DSCF0385.JPG,DSCF0385.JPG,4Z/108MEDIA,2,Western_Leopard_Toad,0.8510,3648.4,1657.6,3936.5,1924.1
/srv/shared_leopard_toad/2025/Documents/06.10-13.10.2025/4Z/108MEDIA/DSCF0151.JPG,DSCF0151.JPG,4Z/108MEDIA,0,Other_Amphibian,0.5501,3218.6,1952.3,3349.4,2097.3
/srv/shared_leopard_toad/2025/Documents/06.10-13.10.2025/4Z/108MEDIA/DSCF0151.JPG,DSCF0151.JPG,4Z/108MEDIA,0,Other_Amphibian,0.4612,3225.2,1952.2,3350.1,2096.7
/srv/shared_leopard_toad/2025/Documents/06.10-13.10.2025/4Z/108MEDIA/DSCF0426.JPG,DSCF0426.JPG,4Z/108MEDIA,0,Other_Amphibian,0.2133,3219.2,1955.6,3354.3,2099.8
/srv/shared_leopard_toad/2025/Documents/06.10-13.10.2025/4Z/108MEDIA/DSCF0426.JPG,DSCF0426.JPG,4Z/108MEDIA,0,Other_Amphibian,0.2105,3215.4,1954.6,3345.2,2100.6
/srv/shared_leopard_toad/2025/Documents/06.10-13.10.2025/4Z/108MEDIA/DSCF0426.JPG,DSCF0426.JPG,4Z/108MEDIA,0,Other_Amphibian,0.2021,2980.1,2452.4,3107.2,2622.7
/srv/shared_leopard_toad/2025/Documents/06.10-13.10.2025/4Z/108MEDIA/DSCF0534.JPG,DSCF0534.JPG,4Z/108MEDIA,0,Other_Amphibian,0.2744,2968.2,2465.2,3101.7,2623.5
/srv/shared_leopard_toad/2025/Documents/06.10-13.10.2025/4Z/108MEDIA/DSCF0534.JPG,DSCF0534.JPG,4Z/108MEDIA,0,Other_Amphibian,0.2612,2978.8,2455.4,3102.6,2622.3
/srv/shared_leopard_toad/2025/Documents/06.10-13.10.2025/4Z/108MEDIA/DSCF0534.JPG,DSCF0534.JPG,4Z/108MEDIA,0,Other_Amphibian,0.2408,3217.1,1954.8,3342.8,2098.3
/srv/shared_leopard_toad/2025/Documents/06.10-13.10.2025/4Z/108MEDIA/DSCF0534.JPG,DSCF0534.JPG,4Z/108MEDIA,0,Other_Amphibian,0.2078,3221.2,1957.6,3352.3,2099.6
/srv/shared_leopard_toad/2025/Documents/06.10-13.10.2025/4Z/108MEDIA/DSCF0041.JPG,DSCF0041.JPG,4Z/108MEDIA,0,Other_Amphibian,0.5602,3216.9,1952.3,3347.9,2094.5
/srv/shared_leopard_toad/2025/Documents/06.10-13.10.2025/4Z/108MEDIA/DSCF0041.JPG,DSCF0041.JPG,4Z/108MEDIA,0,Other_Amphibian,0.4530,3225.1,1952.0,3352.2,2094.3
/srv/shared_leopard_toad/2025/Documents/06.10-13.10.2025/4Z/108MEDIA/DSCF0254.JPG,DSCF0254.JPG,4Z/108MEDIA,0,Other_Amphibian,0.5594,3219.6,1954.4,3348.5,2096.5
/srv/shared_leopard_toad/2025/Documents/06.10-13.10.2025/4Z/108MEDIA/DSCF0254.JPG,DSCF0254.JPG,4Z/108MEDIA,0,Other_Amphibian,0.4856,3224.7,1954.3,3348.7,2096.5
/srv/shared_leopard_toad/2025/Documents/06.10-13.10.2025/4Z/108MEDIA/DSCF0970.JPG,DSCF0970.JPG,4Z/108MEDIA,0,Other_Amphibian,0.2381,2968.5,2478.1,3099.5,2627.5
/srv/shared_leopard_toad/2025/Documents/06.10-13.10.2025/4Z/108MEDIA/DSCF0970.JPG,DSCF0970.JPG,4Z/108MEDIA,0,Other_Amphibian,0.2079,2977.7,2448.2,3098.0,2626.2
/srv/shared_leopard_toad/2025/Documents/06.10-13.10.2025/4Z/108MEDIA/DSCF0509.JPG,DSCF0509.JPG,4Z/108MEDIA,0,Other_Amphibian,0.2953,2968.5,2474.4,3099.8,2624.8
/srv/shared_leopard_toad/2025/Documents/06.10-13.10.2025/4Z/108MEDIA/DSCF0509.JPG,DSCF0509.JPG,4Z/108MEDIA,0,Other_Amphibian,0.2438,2975.9,2459.3,3098.1,2623.5
/srv/shared_leopard_toad/2025/Documents/06.10-13.10.2025/4Z/108MEDIA/DSCF0509.JPG,DSCF0509.JPG,4Z/108MEDIA,0,Other_Amphibian,0.2126,3217.1,1955.1,3343.5,2100.1
/srv/shared_leopard_toad/2025/Documents/06.10-13.10.2025/4Z/108MEDIA/DSCF0157.JPG,DSCF0157.JPG,4Z/108MEDIA,0,Other_Amphibian,0.5797,3216.4,1954.8,3348.0,2095.5
/srv/shared_leopard_toad/2025/Documents/06.10-13.10.2025/4Z/108MEDIA/DSCF0157.JPG,DSCF0157.JPG,4Z/108MEDIA,0,Other_Amphibian,0.4729,3225.7,1954.3,3350.5,2094.9
/srv/shared_leopard_toad/2025/Documents/06.10-13.10.2025/4Z/108MEDIA/DSCF0157.JPG,DSCF0157.JPG,4Z/108MEDIA,0,Other_Amphibian,0.2824,2969.1,2457.5,3117.4,2644.7
/srv/shared_leopard_toad/2025/Documents/06.10-13.10.2025/4Z/108MEDIA/DSCF0732.JPG,DSCF0732.JPG,4Z/108MEDIA,0,Other_Amphibian,0.2881,2968.8,2463.3,3101.0,2619.3
/srv/shared_leopard_toad/2025/Documents/06.10-13.10.2025/4Z/108MEDIA/DSCF0732.JPG,DSCF0732.JPG,4Z/108MEDIA,0,Other_Amphibian,0.2693,2979.7,2453.7,3101.9,2619.2
/srv/shared_leopard_toad/2025/Documents/06.10-13.10.2025/4Z/108MEDIA/DSCF0732.JPG,DSCF0732.JPG,4Z/108MEDIA,0,Other_Amphibian,0.2003,3219.9,1956.4,3349.9,2097.6
/srv/shared_leopard_toad/2025/Documents/06.10-13.10.2025/4Z/108MEDIA/DSCF0781.JPG,DSCF0781.JPG,4Z/108MEDIA,0,Other_Amphibian,0.2817,2969.7,2465.5,3102.7,2622.2
/srv/shared_leopard_toad/2025/Documents/06.10-13.10.2025/4Z/108MEDIA/DSCF0781.JPG,DSCF0781.JPG,4Z/108MEDIA,0,Other_Amphibian,0.2344,2980.0,2449.8,3102.0,2621.5
/srv/shared_leopard_toad/2025/Documents/06.10-13.10.2025/4Z/108MEDIA/DSCF0781.JPG,DSCF0781.JPG,4Z/108MEDIA,0,Other_Amphibian,0.2313,3218.3,1954.6,3353.3,2098.2
/srv/shared_leopard_toad/2025/Documents/06.10-13.10.2025/4Z/108MEDIA/DSCF0781.JPG,DSCF0781.JPG,4Z/108MEDIA,0,Other_Amphibian,0.2127,3214.6,1954.1,3343.2,2098.9
/srv/shared_leopard_toad/2025/Documents/06.10-13.10.2025/4Z/108MEDIA/DSCF0896.JPG,DSCF0896.JPG,4Z/108MEDIA,0,Other_Amphibian,0.3260,2987.1,2464.5,3108.8,2622.0
/srv/shared_leopard_toad/2025/Documents/06.10-13.10.2025/4Z/108MEDIA/DSCF0896.JPG,DSCF0896.JPG,4Z/108MEDIA,0,Other_Amphibian,0.2864,2977.1,2473.7,3109.0,2621.9
/srv/shared_leopard_toad/2025/Documents/06.10-13.10.2025/4Z/108MEDIA/DSCF0925.JPG,DSCF0925.JPG,4Z/108MEDIA,0,Other_Amphibian,0.3143,2985.1,2464.7,3103.8,2619.9
/srv/shared_leopard_toad/2025/Documents/06.10-13.10.2025/4Z/108MEDIA/DSCF0925.JPG,DSCF0925.JPG,4Z/108MEDIA,0,Other_Amphibian,0.3014,2973.8,2474.3,3103.7,2621.0
/srv/shared_leopard_toad/2025/Documents/06.10-13.10.2025/4Z/108MEDIA/DSCF0925.JPG,DSCF0925.JPG,4Z/108MEDIA,0,Other_Amphibian,0.2283,3655.0,1647.6,3930.0,1918.1
/srv/shared_leopard_toad/2025/Documents/06.10-13.10.2025/4Z/108MEDIA/DSCF0528.JPG,DSCF0528.JPG,4Z/108MEDIA,0,Other_Amphibian,0.2802,3218.9,1954.3,3349.7,2097.5
/srv/shared_leopard_toad/2025/Documents/06.10-13.10.2025/4Z/108MEDIA/DSCF0528.JPG,DSCF0528.JPG,4Z/108MEDIA,0,Other_Amphibian,0.2532,3218.4,1954.0,3342.9,2098.6
/srv/shared_leopard_toad/2025/Documents/06.10-13.10.2025/4Z/108MEDIA/DSCF0528.JPG,DSCF0528.JPG,4Z/108MEDIA,0,Other_Amphibian,0.2298,2979.1,2455.8,3104.1,2618.6
/srv/shared_leopard_toad/2025/Documents/06.10-13.10.2025/4Z/108MEDIA/DSCF0528.JPG,DSCF0528.JPG,4Z/108MEDIA,0,Other_Amphibian,0.2035,2971.4,2464.6,3105.4,2618.3
/srv/shared_leopard_toad/2025/Documents/06.10-13.10.2025/4Z/108MEDIA/DSCF0008.JPG,DSCF0008.JPG,4Z/108MEDIA,0,Other_Amphibian,0.5337,3216.4,1953.1,3347.8,2095.1
/srv/shared_leopard_toad/2025/Documents/06.10-13.10.2025/4Z/108MEDIA/DSCF0008.JPG,DSCF0008.JPG,4Z/108MEDIA,0,Other_Amphibian,0.4397,3225.5,1953.0,3351.2,2095.7
/srv/shared_leopard_toad/2025/Documents/06.10-13.10.2025/4Z/108MEDIA/DSCF0564.JPG,DSCF0564.JPG,4Z/108MEDIA,0,Other_Amphibian,0.4826,2970.0,2465.8,3107.9,2622.3
/srv/shared_leopard_toad/2025/Documents/06.10-13.10.2025/4Z/108MEDIA/DSCF0564.JPG,DSCF0564.JPG,4Z/108MEDIA,0,Other_Amphibian,0.4269,2979.3,2463.2,3107.5,2621.6
/srv/shared_leopard_toad/2025/Documents/06.10-13.10.2025/4Z/108MEDIA/DSCF0303.JPG,DSCF0303.JPG,4Z/108MEDIA,2,Western_Leopard_Toad,0.5916,3642.8,1663.2,3924.9,1921.4
/srv/shared_leopard_toad/2025/Documents/06.10-13.10.2025/4Z/108MEDIA/DSCF0303.JPG,DSCF0303.JPG,4Z/108MEDIA,0,Other_Amphibian,0.4413,3217.2,1973.2,3361.4,2132.8
/srv/shared_leopard_toad/2025/Documents/06.10-13.10.2025/4Z/108MEDIA/DSCF0155.JPG,DSCF0155.JPG,4Z/108MEDIA,0,Other_Amphibian,0.6027,3215.3,1953.1,3347.2,2091.9
/srv/shared_leopard_toad/2025/Documents/06.10-13.10.2025/4Z/108MEDIA/DSCF0155.JPG,DSCF0155.JPG,4Z/108MEDIA,0,Other_Amphibian,0.5295,3224.1,1952.7,3351.0,2091.4
/srv/shared_leopard_toad/2025/Documents/06.10-13.10.2025/4Z/108MEDIA/DSCF0644.JPG,DSCF0644.JPG,4Z/108MEDIA,0,Other_Amphibian,0.2091,3215.1,1954.6,3340.0,2100.1
/srv/shared_leopard_toad/2025/Documents/06.10-13.10.2025/4Z/108MEDIA/DSCF0220.JPG,DSCF0220.JPG,4Z/108MEDIA,0,Other_Amphibian,0.6169,3215.2,1953.5,3348.4,2093.9
/srv/shared_leopard_toad/2025/Documents/06.10-13.10.2025/4Z/108MEDIA/DSCF0220.JPG,DSCF0220.JPG,4Z/108MEDIA,0,Other_Amphibian,0.5092,3222.3,1953.7,3350.0,2094.0
/srv/shared_leopard_toad/2025/Documents/06.10-13.10.2025/4Z/108MEDIA/DSCF0515.JPG,DSCF0515.JPG,4Z/108MEDIA,0,Other_Amphibian,0.2973,3218.6,1955.7,3349.5,2097.9
/srv/shared_leopard_toad/2025/Documents/06.10-13.10.2025/4Z/108MEDIA/DSCF0515.JPG,DSCF0515.JPG,4Z/108MEDIA,0,Other_Amphibian,0.2773,3218.7,1955.3,3343.9,2098.9
/srv/shared_leopard_toad/2025/Documents/06.10-13.10.2025/4Z/108MEDIA/DSCF0515.JPG,DSCF0515.JPG,4Z/108MEDIA,0,Other_Amphibian,0.2257,2972.9,2478.2,3102.1,2621.9
/srv/shared_leopard_toad/2025/Documents/06.10-13.10.2025/4Z/108MEDIA/DSCF0837.JPG,DSCF0837.JPG,4Z/108MEDIA,0,Other_Amphibian,0.3618,3217.3,1954.1,3350.7,2096.4
/srv/shared_leopard_toad/2025/Documents/06.10-13.10.2025/4Z/108MEDIA/DSCF0837.JPG,DSCF0837.JPG,4Z/108MEDIA,0,Other_Amphibian,0.3180,3220.4,1954.6,3348.3,2098.0
/srv/shared_leopard_toad/2025/Documents/06.10-13.10.2025/4Z/108MEDIA/DSCF0125.JPG,DSCF0125.JPG,4Z/108MEDIA,0,Other_Amphibian,0.5105,3217.7,1951.6,3348.1,2090.7
/srv/shared_leopard_toad/2025/Documents/06.10-13.10.2025/4Z/108MEDIA/DSCF0125.JPG,DSCF0125.JPG,4Z/108MEDIA,0,Other_Amphibian,0.4244,3225.7,1951.8,3354.0,2090.7
/srv/shared_leopard_toad/2025/Documents/06.10-13.10.2025/4Z/108MEDIA/DSCF0125.JPG,DSCF0125.JPG,4Z/108MEDIA,0,Other_Amphibian,0.2090,2972.1,2462.6,3110.3,2657.3
/srv/shared_leopard_toad/2025/Documents/06.10-13.10.2025/4Z/108MEDIA/DSCF0853.JPG,DSCF0853.JPG,4Z/108MEDIA,0,Other_Amphibian,0.2759,3219.7,1954.4,3352.3,2096.8
/srv/shared_leopard_toad/2025/Documents/06.10-13.10.2025/4Z/108MEDIA/DSCF0853.JPG,DSCF0853.JPG,4Z/108MEDIA,0,Other_Amphibian,0.2550,3220.7,1953.9,3346.0,2097.3
/srv/shared_leopard_toad/2025/Documents/06.10-13.10.2025/4Z/108MEDIA/DSCF0853.JPG,DSCF0853.JPG,4Z/108MEDIA,0,Other_Amphibian,0.2126,2973.0,2478.7,3102.6,2623.8
/srv/shared_leopard_toad/2025/Documents/06.10-13.10.2025/4Z/108MEDIA/DSCF0661.JPG,DSCF0661.JPG,4Z/108MEDIA,0,Other_Amphibian,0.2212,3218.6,1953.9,3352.0,2098.6
/srv/shared_leopard_toad/2025/Documents/06.10-13.10.2025/4Z/108MEDIA/DSCF0661.JPG,DSCF0661.JPG,4Z/108MEDIA,0,Other_Amphibian,0.2192,3216.5,1952.7,3344.3,2098.7
/srv/shared_leopard_toad/2025/Documents/06.10-13.10.2025/4Z/108MEDIA/DSCF0858.JPG,DSCF0858.JPG,4Z/108MEDIA,0,Other_Amphibian,0.2309,3215.3,1956.6,3344.1,2098.3
/srv/shared_leopard_toad/2025/Documents/06.10-13.10.2025/4Z/108MEDIA/DSCF0858.JPG,DSCF0858.JPG,4Z/108MEDIA,0,Other_Amphibian,0.2148,3220.8,1958.5,3353.6,2098.4
/srv/shared_leopard_toad/2025/Documents/06.10-13.10.2025/4Z/108MEDIA/DSCF0858.JPG,DSCF0858.JPG,4Z/108MEDIA,0,Other_Amphibian,0.2106,2977.1,2455.0,3100.3,2626.0
/srv/shared_leopard_toad/2025/Documents/06.10-13.10.2025/4Z/108MEDIA/DSCF0858.JPG,DSCF0858.JPG,4Z/108MEDIA,0,Other_Amphibian,0.2030,2971.1,2467.0,3103.4,2625.0
/srv/shared_leopard_toad/2025/Documents/06.10-13.10.2025/4Z/108MEDIA/DSCF0988.JPG,DSCF0988.JPG,4Z/108MEDIA,0,Other_Amphibian,0.2924,2971.7,2478.2,3102.5,2622.2
/srv/shared_leopard_toad/2025/Documents/06.10-13.10.2025/4Z/108MEDIA/DSCF0988.JPG,DSCF0988.JPG,4Z/108MEDIA,0,Other_Amphibian,0.2620,2981.7,2467.2,3101.3,2620.9
/srv/shared_leopard_toad/2025/Documents/06.10-13.10.2025/4Z/108MEDIA/DSCF0006.JPG,DSCF0006.JPG,4Z/108MEDIA,0,Other_Amphibian,0.6034,3216.1,1953.2,3349.5,2095.3
/srv/shared_leopard_toad/2025/Documents/06.10-13.10.2025/4Z/108MEDIA/DSCF0006.JPG,DSCF0006.JPG,4Z/108MEDIA,0,Other_Amphibian,0.4851,3223.2,1953.3,3351.4,2095.5
/srv/shared_leopard_toad/2025/Documents/06.10-13.10.2025/4Z/108MEDIA/DSCF0508.JPG,DSCF0508.JPG,4Z/108MEDIA,2,Western_Leopard_Toad,0.3069,3656.7,1647.1,3932.5,1917.8
/srv/shared_leopard_toad/2025/Documents/06.10-13.10.2025/4Z/108MEDIA/DSCF0508.JPG,DSCF0508.JPG,4Z/108MEDIA,0,Other_Amphibian,0.2501,2972.6,2461.0,3102.3,2621.0
/srv/shared_leopard_toad/2025/Documents/06.10-13.10.2025/4Z/108MEDIA/DSCF0508.JPG,DSCF0508.JPG,4Z/108MEDIA,0,Other_Amphibian,0.2462,3216.0,1955.0,3343.6,2100.6
/srv/shared_leopard_toad/2025/Documents/06.10-13.10.2025/4Z/108MEDIA/DSCF0508.JPG,DSCF0508.JPG,4Z/108MEDIA,0,Other_Amphibian,0.2427,3218.8,1955.1,3351.1,2099.5
/srv/shared_leopard_toad/2025/Documents/06.10-13.10.2025/4Z/108MEDIA/DSCF0508.JPG,DSCF0508.JPG,4Z/108MEDIA,0,Other_Amphibian,0.2263,2980.5,2454.0,3101.9,2621.4
/srv/shared_leopard_toad/2025/Documents/06.10-13.10.2025/4Z/108MEDIA/DSCF0608.JPG,DSCF0608.JPG,4Z/108MEDIA,0,Other_Amphibian,0.2491,2969.4,2460.5,3105.9,2634.9
/srv/shared_leopard_toad/2025/Documents/06.10-13.10.2025/4Z/108MEDIA/DSCF0608.JPG,DSCF0608.JPG,4Z/108MEDIA,0,Other_Amphibian,0.2165,3215.9,1953.6,3343.3,2098.8
/srv/shared_leopard_toad/2025/Documents/06.10-13.10.2025/4Z/108MEDIA/DSCF0608.JPG,DSCF0608.JPG,4Z/108MEDIA,0,Other_Amphibian,0.2151,2979.0,2455.0,3105.4,2630.1
/srv/shared_leopard_toad/2025/Documents/06.10-13.10.2025/4Z/108MEDIA/DSCF0608.JPG,DSCF0608.JPG,4Z/108MEDIA,0,Other_Amphibian,0.2074,3219.3,1955.6,3352.5,2099.3
/srv/shared_leopard_toad/2025/Documents/06.10-13.10.2025/4Z/108MEDIA/DSCF0451.JPG,DSCF0451.JPG,4Z/108MEDIA,0,Other_Amphibian,0.2020,2971.9,2482.5,3100.7,2619.1
/srv/shared_leopard_toad/2025/Documents/06.10-13.10.2025/4Z/108MEDIA/DSCF0532.JPG,DSCF0532.JPG,4Z/108MEDIA,0,Other_Amphibian,0.2683,3219.9,1954.1,3346.1,2098.6
/srv/shared_leopard_toad/2025/Documents/06.10-13.10.2025/4Z/108MEDIA/DSCF0532.JPG,DSCF0532.JPG,4Z/108MEDIA,0,Other_Amphibian,0.2563,3217.1,1955.9,3350.3,2098.7
/srv/shared_leopard_toad/2025/Documents/06.10-13.10.2025/4Z/108MEDIA/DSCF0290.JPG,DSCF0290.JPG,4Z/108MEDIA,0,Other_Amphibian,0.4735,3220.4,1965.2,3361.9,2130.2
/srv/shared_leopard_toad/2025/Documents/06.10-13.10.2025/4Z/108MEDIA/DSCF0290.JPG,DSCF0290.JPG,4Z/108MEDIA,2,Western_Leopard_Toad,0.3506,3644.7,1660.3,3924.7,1924.0
/srv/shared_leopard_toad/2025/Documents/06.10-13.10.2025/4Z/108MEDIA/DSCF0290.JPG,DSCF0290.JPG,4Z/108MEDIA,0,Other_Amphibian,0.2569,3230.6,1972.2,3364.9,2131.8
/srv/shared_leopard_toad/2025/Documents/06.10-13.10.2025/4Z/108MEDIA/DSCF0556.JPG,DSCF0556.JPG,4Z/108MEDIA,0,Other_Amphibian,0.2266,3220.5,1956.9,3349.2,2099.0
/srv/shared_leopard_toad/2025/Documents/06.10-13.10.2025/4Z/108MEDIA/DSCF0556.JPG,DSCF0556.JPG,4Z/108MEDIA,0,Other_Amphibian,0.2159,3217.9,1956.4,3340.7,2100.4
/srv/shared_leopard_toad/2025/Documents/06.10-13.10.2025/4Z/108MEDIA/DSCF0862.JPG,DSCF0862.JPG,4Z/108MEDIA,0,Other_Amphibian,0.2395,2969.9,2486.3,3101.8,2625.2
/srv/shared_leopard_toad/2025/Documents/06.10-13.10.2025/4Z/108MEDIA/DSCF0862.JPG,DSCF0862.JPG,4Z/108MEDIA,2,Western_Leopard_Toad,0.2245,3655.6,1645.9,3927.9,1918.7
/srv/shared_leopard_toad/2025/Documents/06.10-13.10.2025/4Z/108MEDIA/DSCF0862.JPG,DSCF0862.JPG,4Z/108MEDIA,0,Other_Amphibian,0.2152,2971.1,2479.3,3101.7,2627.2
/srv/shared_leopard_toad/2025/Documents/06.10-13.10.2025/4Z/108MEDIA/DSCF0057.JPG,DSCF0057.JPG,4Z/108MEDIA,0,Other_Amphibian,0.5708,3217.5,1951.7,3349.9,2091.5
/srv/shared_leopard_toad/2025/Documents/06.10-13.10.2025/4Z/108MEDIA/DSCF0057.JPG,DSCF0057.JPG,4Z/108MEDIA,0,Other_Amphibian,0.4958,3226.9,1953.0,3355.4,2092.9
/srv/shared_leopard_toad/2025/Documents/06.10-13.10.2025/4Z/108MEDIA/DSCF0758.JPG,DSCF0758.JPG,4Z/108MEDIA,0,Other_Amphibian,0.3274,2970.9,2488.1,3100.5,2624.4
/srv/shared_leopard_toad/2025/Documents/06.10-13.10.2025/4Z/108MEDIA/DSCF0758.JPG,DSCF0758.JPG,4Z/108MEDIA,0,Other_Amphibian,0.2527,3218.5,1954.8,3350.3,2098.2
/srv/shared_leopard_toad/2025/Documents/06.10-13.10.2025/4Z/108MEDIA/DSCF0758.JPG,DSCF0758.JPG,4Z/108MEDIA,0,Other_Amphibian,0.2411,3219.3,1954.2,3343.7,2098.9
/srv/shared_leopard_toad/2025/Documents/06.10-13.10.2025/4Z/108MEDIA/DSCF0758.JPG,DSCF0758.JPG,4Z/108MEDIA,2,Western_Leopard_Toad,0.2157,3656.1,1648.4,3929.3,1918.2
/srv/shared_leopard_toad/2025/Documents/06.10-13.10.2025/4Z/108MEDIA/DSCF0652.JPG,DSCF0652.JPG,4Z/108MEDIA,2,Western_Leopard_Toad,0.3603,3656.2,1648.1,3930.5,1918.1
/srv/shared_leopard_toad/2025/Documents/06.10-13.10.2025/4Z/108MEDIA/DSCF0652.JPG,DSCF0652.JPG,4Z/108MEDIA,0,Other_Amphibian,0.2538,3219.5,1955.9,3349.5,2098.2
/srv/shared_leopard_toad/2025/Documents/06.10-13.10.2025/4Z/108MEDIA/DSCF0652.JPG,DSCF0652.JPG,4Z/108MEDIA,0,Other_Amphibian,0.2216,3214.9,1957.0,3340.0,2101.0
/srv/shared_leopard_toad/2025/Documents/06.10-13.10.2025/4Z/108MEDIA/DSCF0652.JPG,DSCF0652.JPG,4Z/108MEDIA,0,Other_Amphibian,0.2121,2980.8,2455.0,3102.5,2618.6
/srv/shared_leopard_toad/2025/Documents/06.10-13.10.2025/4Z/108MEDIA/DSCF0258.JPG,DSCF0258.JPG,4Z/108MEDIA,0,Other_Amphibian,0.4691,3216.9,1951.4,3342.6,2100.7
/srv/shared_leopard_toad/2025/Documents/06.10-13.10.2025/4Z/108MEDIA/DSCF0258.JPG,DSCF0258.JPG,4Z/108MEDIA,0,Other_Amphibian,0.3575,3223.8,1950.4,3342.9,2099.4
/srv/shared_leopard_toad/2025/Documents/06.10-13.10.2025/4Z/108MEDIA/DSCF0258.JPG,DSCF0258.JPG,4Z/108MEDIA,2,Western_Leopard_Toad,0.2677,3655.3,1648.3,3929.7,1917.9
/srv/shared_leopard_toad/2025/Documents/06.10-13.10.2025/4Z/108MEDIA/DSCF0346.JPG,DSCF0346.JPG,4Z/108MEDIA,2,Western_Leopard_Toad,0.7655,3635.2,1665.3,3924.0,1925.9
/srv/shared_leopard_toad/2025/Documents/06.10-13.10.2025/4Z/108MEDIA/DSCF0346.JPG,DSCF0346.JPG,4Z/108MEDIA,0,Other_Amphibian,0.3448,4770.2,1350.8,4948.2,1536.0
/srv/shared_leopard_toad/2025/Documents/06.10-13.10.2025/4Z/108MEDIA/DSCF0723.JPG,DSCF0723.JPG,4Z/108MEDIA,0,Other_Amphibian,0.2694,2973.2,2488.5,3103.3,2636.7
/srv/shared_leopard_toad/2025/Documents/06.10-13.10.2025/4Z/108MEDIA/DSCF0723.JPG,DSCF0723.JPG,4Z/108MEDIA,0,Other_Amphibian,0.2645,2974.4,2492.6,3103.1,2633.3
/srv/shared_leopard_toad/2025/Documents/06.10-13.10.2025/4Z/108MEDIA/DSCF0878.JPG,DSCF0878.JPG,4Z/108MEDIA,0,Other_Amphibian,0.2192,3220.3,1955.2,3351.0,2096.2
/srv/shared_leopard_toad/2025/Documents/06.10-13.10.2025/4Z/108MEDIA/DSCF0878.JPG,DSCF0878.JPG,4Z/108MEDIA,0,Other_Amphibian,0.2035,3216.9,1954.0,3341.8,2096.4
/srv/shared_leopard_toad/2025/Documents/06.10-13.10.2025/4Z/108MEDIA/DSCF0432.JPG,DSCF0432.JPG,4Z/108MEDIA,0,Other_Amphibian,0.2416,3219.5,1955.3,3350.7,2098.8
/srv/shared_leopard_toad/2025/Documents/06.10-13.10.2025/4Z/108MEDIA/DSCF0432.JPG,DSCF0432.JPG,4Z/108MEDIA,0,Other_Amphibian,0.2228,3219.4,1954.5,3343.5,2099.3
/srv/shared_leopard_toad/2025/Documents/06.10-13.10.2025/4Z/108MEDIA/DSCF0174.JPG,DSCF0174.JPG,4Z/108MEDIA,0,Other_Amphibian,0.6190,3214.6,1952.4,3349.4,2097.8
/srv/shared_leopard_toad/2025/Documents/06.10-13.10.2025/4Z/108MEDIA/DSCF0174.JPG,DSCF0174.JPG,4Z/108MEDIA,0,Other_Amphibian,0.5175,3222.4,1952.3,3351.1,2096.5
/srv/shared_leopard_toad/2025/Documents/06.10-13.10.2025/4Z/108MEDIA/DSCF0864.JPG,DSCF0864.JPG,4Z/108MEDIA,0,Other_Amphibian,0.2768,3218.8,1955.8,3349.4,2096.9
/srv/shared_leopard_toad/2025/Documents/06.10-13.10.2025/4Z/108MEDIA/DSCF0864.JPG,DSCF0864.JPG,4Z/108MEDIA,0,Other_Amphibian,0.2611,3216.8,1955.1,3341.9,2097.5
/srv/shared_leopard_toad/2025/Documents/06.10-13.10.2025/4Z/108MEDIA/DSCF0697.JPG,DSCF0697.JPG,4Z/108MEDIA,0,Other_Amphibian,0.3215,2968.2,2472.6,3099.5,2624.1
/srv/shared_leopard_toad/2025/Documents/06.10-13.10.2025/4Z/108MEDIA/DSCF0697.JPG,DSCF0697.JPG,4Z/108MEDIA,0,Other_Amphibian,0.2316,2975.4,2463.8,3097.4,2622.7
/srv/shared_leopard_toad/2025/Documents/06.10-13.10.2025/4Z/108MEDIA/DSCF0697.JPG,DSCF0697.JPG,4Z/108MEDIA,0,Other_Amphibian,0.2123,3216.4,1955.1,3342.0,2099.8
/srv/shared_leopard_toad/2025/Documents/06.10-13.10.2025/4Z/108MEDIA/DSCF0761.JPG,DSCF0761.JPG,4Z/108MEDIA,0,Other_Amphibian,0.2208,3219.9,1955.8,3349.0,2097.3
/srv/shared_leopard_toad/2025/Documents/06.10-13.10.2025/4Z/108MEDIA/DSCF0761.JPG,DSCF0761.JPG,4Z/108MEDIA,0,Other_Amphibian,0.2018,3216.3,1955.3,3339.3,2097.9
/srv/shared_leopard_toad/2025/Documents/06.10-13.10.2025/4Z/108MEDIA/DSCF0248.JPG,DSCF0248.JPG,4Z/108MEDIA,0,Other_Amphibian,0.5968,3217.0,1952.2,3351.7,2095.2
/srv/shared_leopard_toad/2025/Documents/06.10-13.10.2025/4Z/108MEDIA/DSCF0248.JPG,DSCF0248.JPG,4Z/108MEDIA,0,Other_Amphibian,0.5119,3220.5,1952.8,3349.2,2095.4
/srv/shared_leopard_toad/2025/Documents/06.10-13.10.2025/4Z/108MEDIA/DSCF0117.JPG,DSCF0117.JPG,4Z/108MEDIA,0,Other_Amphibian,0.5671,3218.0,1952.8,3348.2,2092.4
/srv/shared_leopard_toad/2025/Documents/06.10-13.10.2025/4Z/108MEDIA/DSCF0117.JPG,DSCF0117.JPG,4Z/108MEDIA,0,Other_Amphibian,0.4705,3225.7,1953.1,3350.4,2093.7
/srv/shared_leopard_toad/2025/Documents/06.10-13.10.2025/4Z/108MEDIA/DSCF0945.JPG,DSCF0945.JPG,4Z/108MEDIA,0,Other_Amphibian,0.3645,2969.6,2478.8,3102.6,2623.8
/srv/shared_leopard_toad/2025/Documents/06.10-13.10.2025/4Z/108MEDIA/DSCF0945.JPG,DSCF0945.JPG,4Z/108MEDIA,0,Other_Amphibian,0.2707,2980.7,2469.8,3103.9,2622.8
/srv/shared_leopard_toad/2025/Documents/06.10-13.10.2025/4Z/108MEDIA/DSCF0063.JPG,DSCF0063.JPG,4Z/108MEDIA,0,Other_Amphibian,0.5699,3216.2,1952.8,3349.5,2096.8
/srv/shared_leopard_toad/2025/Documents/06.10-13.10.2025/4Z/108MEDIA/DSCF0063.JPG,DSCF0063.JPG,4Z/108MEDIA,0,Other_Amphibian,0.4720,3223.0,1952.6,3352.0,2096.3
/srv/shared_leopard_toad/2025/Documents/06.10-13.10.2025/4Z/108MEDIA/DSCF0412.JPG,DSCF0412.JPG,4Z/108MEDIA,0,Other_Amphibian,0.3041,2969.7,2475.3,3099.5,2616.7
/srv/shared_leopard_toad/2025/Documents/06.10-13.10.2025/4Z/108MEDIA/DSCF0412.JPG,DSCF0412.JPG,4Z/108MEDIA,0,Other_Amphibian,0.2046,2978.6,2464.4,3100.1,2616.7
/srv/shared_leopard_toad/2025/Documents/06.10-13.10.2025/4Z/108MEDIA/DSCF0152.JPG,DSCF0152.JPG,4Z/108MEDIA,0,Other_Amphibian,0.5836,3216.8,1951.8,3351.2,2095.6
/srv/shared_leopard_toad/2025/Documents/06.10-13.10.2025/4Z/108MEDIA/DSCF0152.JPG,DSCF0152.JPG,4Z/108MEDIA,0,Other_Amphibian,0.5296,3221.5,1952.0,3351.3,2095.0
/srv/shared_leopard_toad/2025/Documents/06.10-13.10.2025/4Z/108MEDIA/DSCF0405.JPG,DSCF0405.JPG,4Z/108MEDIA,0,Other_Amphibian,0.2760,2971.4,2479.4,3101.1,2626.5
/srv/shared_leopard_toad/2025/Documents/06.10-13.10.2025/4Z/108MEDIA/DSCF0989.JPG,DSCF0989.JPG,4Z/108MEDIA,0,Other_Amphibian,0.2203,2976.2,2487.1,3103.1,2625.5
/srv/shared_leopard_toad/2025/Documents/06.10-13.10.2025/4Z/108MEDIA/DSCF0989.JPG,DSCF0989.JPG,4Z/108MEDIA,2,Western_Leopard_Toad,0.2199,3654.2,1646.5,3929.5,1917.5
/srv/shared_leopard_toad/2025/Documents/06.10-13.10.2025/4Z/108MEDIA/DSCF0036.JPG,DSCF0036.JPG,4Z/108MEDIA,0,Other_Amphibian,0.5213,3215.7,1951.8,3348.8,2095.3
/srv/shared_leopard_toad/2025/Documents/06.10-13.10.2025/4Z/108MEDIA/DSCF0036.JPG,DSCF0036.JPG,4Z/108MEDIA,0,Other_Amphibian,0.4599,3222.4,1951.6,3352.2,2094.8
/srv/shared_leopard_toad/2025/Documents/06.10-13.10.2025/4Z/108MEDIA/DSCF0052.JPG,DSCF0052.JPG,4Z/108MEDIA,0,Other_Amphibian,0.4534,3221.7,1951.3,3348.6,2093.3
/srv/shared_leopard_toad/2025/Documents/06.10-13.10.2025/4Z/108MEDIA/DSCF0052.JPG,DSCF0052.JPG,4Z/108MEDIA,0,Other_Amphibian,0.3675,3227.4,1951.3,3350.8,2094.8
/srv/shared_leopard_toad/2025/Documents/06.10-13.10.2025/4Z/108MEDIA/DSCF0754.JPG,DSCF0754.JPG,4Z/108MEDIA,0,Other_Amphibian,0.3136,2977.2,2452.0,3104.1,2623.5
/srv/shared_leopard_toad/2025/Documents/06.10-13.10.2025/4Z/108MEDIA/DSCF0754.JPG,DSCF0754.JPG,4Z/108MEDIA,0,Other_Amphibian,0.2916,2967.6,2462.3,3103.6,2624.1
/srv/shared_leopard_toad/2025/Documents/06.10-13.10.2025/4Z/108MEDIA/DSCF0754.JPG,DSCF0754.JPG,4Z/108MEDIA,0,Other_Amphibian,0.2355,3218.4,1954.5,3351.2,2098.5
/srv/shared_leopard_toad/2025/Documents/06.10-13.10.2025/4Z/108MEDIA/DSCF0754.JPG,DSCF0754.JPG,4Z/108MEDIA,0,Other_Amphibian,0.2280,3215.3,1953.8,3342.8,2099.3
/srv/shared_leopard_toad/2025/Documents/06.10-13.10.2025/4Z/108MEDIA/DSCF0838.JPG,DSCF0838.JPG,4Z/108MEDIA,0,Other_Amphibian,0.3033,3217.8,1954.0,3348.8,2096.4
/srv/shared_leopard_toad/2025/Documents/06.10-13.10.2025/4Z/108MEDIA/DSCF0838.JPG,DSCF0838.JPG,4Z/108MEDIA,0,Other_Amphibian,0.2796,3217.9,1953.9,3342.6,2097.6
/srv/shared_leopard_toad/2025/Documents/06.10-13.10.2025/4Z/108MEDIA/DSCF0838.JPG,DSCF0838.JPG,4Z/108MEDIA,0,Other_Amphibian,0.2303,2976.2,2458.9,3102.2,2632.1
/srv/shared_leopard_toad/2025/Documents/06.10-13.10.2025/4Z/108MEDIA/DSCF0838.JPG,DSCF0838.JPG,4Z/108MEDIA,0,Other_Amphibian,0.2023,2970.3,2476.9,3104.6,2630.0
/srv/shared_leopard_toad/2025/Documents/06.10-13.10.2025/4Z/108MEDIA/DSCF0189.JPG,DSCF0189.JPG,4Z/108MEDIA,0,Other_Amphibian,0.5091,3218.4,1953.6,3348.6,2096.5
/srv/shared_leopard_toad/2025/Documents/06.10-13.10.2025/4Z/108MEDIA/DSCF0189.JPG,DSCF0189.JPG,4Z/108MEDIA,0,Other_Amphibian,0.3797,3227.3,1954.6,3354.0,2097.2
/srv/shared_leopard_toad/2025/Documents/06.10-13.10.2025/4Z/108MEDIA/DSCF0189.JPG,DSCF0189.JPG,4Z/108MEDIA,0,Other_Amphibian,0.2492,2969.9,2468.4,3113.1,2641.7
/srv/shared_leopard_toad/2025/Documents/06.10-13.10.2025/4Z/108MEDIA/DSCF0171.JPG,DSCF0171.JPG,4Z/108MEDIA,0,Other_Amphibian,0.5357,3216.6,1953.5,3347.6,2096.3
/srv/shared_leopard_toad/2025/Documents/06.10-13.10.2025/4Z/108MEDIA/DSCF0171.JPG,DSCF0171.JPG,4Z/108MEDIA,0,Other_Amphibian,0.4356,3226.6,1953.3,3350.9,2095.5
/srv/shared_leopard_toad/2025/Documents/06.10-13.10.2025/4Z/108MEDIA/DSCF0040.JPG,DSCF0040.JPG,4Z/108MEDIA,0,Other_Amphibian,0.5124,3218.2,1952.5,3347.6,2096.9
/srv/shared_leopard_toad/2025/Documents/06.10-13.10.2025/4Z/108MEDIA/DSCF0040.JPG,DSCF0040.JPG,4Z/108MEDIA,0,Other_Amphibian,0.4130,3226.5,1952.7,3351.9,2097.4
/srv/shared_leopard_toad/2025/Documents/06.10-13.10.2025/4Z/108MEDIA/DSCF0315.JPG,DSCF0315.JPG,4Z/108MEDIA,2,Western_Leopard_Toad,0.6489,3640.6,1665.0,3926.4,1922.5
/srv/shared_leopard_toad/2025/Documents/06.10-13.10.2025/4Z/108MEDIA/DSCF0315.JPG,DSCF0315.JPG,4Z/108MEDIA,0,Other_Amphibian,0.4201,3224.4,1975.4,3364.5,2134.1
/srv/shared_leopard_toad/2025/Documents/06.10-13.10.2025/4Z/108MEDIA/DSCF0315.JPG,DSCF0315.JPG,4Z/108MEDIA,0,Other_Amphibian,0.3675,3222.4,1971.6,3367.3,2140.4
/srv/shared_leopard_toad/2025/Documents/06.10-13.10.2025/4Z/108MEDIA/DSCF0288.JPG,DSCF0288.JPG,4Z/108MEDIA,2,Western_Leopard_Toad,0.5881,3640.6,1660.7,3926.3,1922.0
/srv/shared_leopard_toad/2025/Documents/06.10-13.10.2025/4Z/108MEDIA/DSCF0288.JPG,DSCF0288.JPG,4Z/108MEDIA,0,Other_Amphibian,0.5856,3218.1,1966.6,3368.2,2132.9
/srv/shared_leopard_toad/2025/Documents/06.10-13.10.2025/4Z/108MEDIA/DSCF0288.JPG,DSCF0288.JPG,4Z/108MEDIA,2,Western_Leopard_Toad,0.2082,5153.8,7.7,5375.7,656.3
/srv/shared_leopard_toad/2025/Documents/06.10-13.10.2025/4Z/108MEDIA/DSCF0423.JPG,DSCF0423.JPG,4Z/108MEDIA,0,Other_Amphibian,0.2693,3218.1,1954.6,3348.2,2098.2
/srv/shared_leopard_toad/2025/Documents/06.10-13.10.2025/4Z/108MEDIA/DSCF0423.JPG,DSCF0423.JPG,4Z/108MEDIA,0,Other_Amphibian,0.2495,3657.8,1647.4,3930.0,1917.9
/srv/shared_leopard_toad/2025/Documents/06.10-13.10.2025/4Z/108MEDIA/DSCF0423.JPG,DSCF0423.JPG,4Z/108MEDIA,0,Other_Amphibian,0.2349,3219.8,1955.1,3342.4,2100.4
/srv/shared_leopard_toad/2025/Documents/06.10-13.10.2025/4Z/108MEDIA/DSCF0045.JPG,DSCF0045.JPG,4Z/108MEDIA,0,Other_Amphibian,0.5772,3217.0,1952.3,3349.3,2094.2
/srv/shared_leopard_toad/2025/Documents/06.10-13.10.2025/4Z/108MEDIA/DSCF0045.JPG,DSCF0045.JPG,4Z/108MEDIA,0,Other_Amphibian,0.4950,3226.0,1952.3,3353.4,2094.0
/srv/shared_leopard_toad/2025/Documents/06.10-13.10.2025/4Z/108MEDIA/DSCF0264.JPG,DSCF0264.JPG,4Z/108MEDIA,0,Other_Amphibian,0.5121,3217.8,1953.5,3342.6,2095.9
/srv/shared_leopard_toad/2025/Documents/06.10-13.10.2025/4Z/108MEDIA/DSCF0264.JPG,DSCF0264.JPG,4Z/108MEDIA,0,Other_Amphibian,0.4119,3224.9,1952.0,3344.0,2094.8
/srv/shared_leopard_toad/2025/Documents/06.10-13.10.2025/4Z/108MEDIA/DSCF0848.JPG,DSCF0848.JPG,4Z/108MEDIA,0,Other_Amphibian,0.2824,2971.6,2472.0,3104.9,2623.2
/srv/shared_leopard_toad/2025/Documents/06.10-13.10.2025/4Z/108MEDIA/DSCF0848.JPG,DSCF0848.JPG,4Z/108MEDIA,0,Other_Amphibian,0.2330,2981.3,2466.5,3104.1,2622.2
/srv/shared_leopard_toad/2025/Documents/06.10-13.10.2025/4Z/108MEDIA/DSCF0848.JPG,DSCF0848.JPG,4Z/108MEDIA,0,Other_Amphibian,0.2173,3218.9,1954.6,3350.8,2098.6
/srv/shared_leopard_toad/2025/Documents/06.10-13.10.2025/4Z/108MEDIA/DSCF0848.JPG,DSCF0848.JPG,4Z/108MEDIA,2,Western_Leopard_Toad,0.2041,3656.0,1647.2,3929.6,1917.9
/srv/shared_leopard_toad/2025/Documents/06.10-13.10.2025/4Z/108MEDIA/DSCF0145.JPG,DSCF0145.JPG,4Z/108MEDIA,0,Other_Amphibian,0.5335,3218.3,1953.5,3348.4,2095.8
/srv/shared_leopard_toad/2025/Documents/06.10-13.10.2025/4Z/108MEDIA/DSCF0145.JPG,DSCF0145.JPG,4Z/108MEDIA,0,Other_Amphibian,0.4325,3225.1,1953.7,3350.0,2095.5
/srv/shared_leopard_toad/2025/Documents/06.10-13.10.2025/4Z/108MEDIA/DSCF0284.JPG,DSCF0284.JPG,4Z/108MEDIA,2,Western_Leopard_Toad,0.5537,3648.1,1661.9,3925.5,1921.0
/srv/shared_leopard_toad/2025/Documents/06.10-13.10.2025/4Z/108MEDIA/DSCF0284.JPG,DSCF0284.JPG,4Z/108MEDIA,0,Other_Amphibian,0.5201,3220.8,1968.2,3370.6,2131.8
/srv/shared_leopard_toad/2025/Documents/06.10-13.10.2025/4Z/108MEDIA/DSCF0504.JPG,DSCF0504.JPG,4Z/108MEDIA,0,Other_Amphibian,0.2278,3217.5,1954.0,3345.0,2099.0
/srv/shared_leopard_toad/2025/Documents/06.10-13.10.2025/4Z/108MEDIA/DSCF0504.JPG,DSCF0504.JPG,4Z/108MEDIA,0,Other_Amphibian,0.2167,3220.8,1955.4,3353.1,2099.0
/srv/shared_leopard_toad/2025/Documents/06.10-13.10.2025/4Z/108MEDIA/DSCF0504.JPG,DSCF0504.JPG,4Z/108MEDIA,2,Western_Leopard_Toad,0.2001,3655.2,1647.0,3929.3,1919.2
/srv/shared_leopard_toad/2025/Documents/06.10-13.10.2025/4Z/108MEDIA/DSCF0637.JPG,DSCF0637.JPG,4Z/108MEDIA,0,Other_Amphibian,0.2450,3220.5,1955.9,3351.8,2098.2
/srv/shared_leopard_toad/2025/Documents/06.10-13.10.2025/4Z/108MEDIA/DSCF0637.JPG,DSCF0637.JPG,4Z/108MEDIA,0,Other_Amphibian,0.2323,3218.7,1955.0,3344.9,2099.0
/srv/shared_leopard_toad/2025/Documents/06.10-13.10.2025/4Z/108MEDIA/DSCF0271.JPG,DSCF0271.JPG,4Z/108MEDIA,2,Western_Leopard_Toad,0.7671,3651.7,1659.5,3928.2,1917.6
/srv/shared_leopard_toad/2025/Documents/06.10-13.10.2025/4Z/108MEDIA/DSCF0271.JPG,DSCF0271.JPG,4Z/108MEDIA,0,Other_Amphibian,0.3545,3215.7,1957.1,3372.4,2136.2
/srv/shared_leopard_toad/2025/Documents/06.10-13.10.2025/4Z/108MEDIA/DSCF0861.JPG,DSCF0861.JPG,4Z/108MEDIA,0,Other_Amphibian,0.2196,2971.6,2482.9,3097.7,2622.7
/srv/shared_leopard_toad/2025/Documents/06.10-13.10.2025/4Z/108MEDIA/DSCF0648.JPG,DSCF0648.JPG,4Z/108MEDIA,0,Other_Amphibian,0.2295,3220.2,1957.5,3349.9,2099.2
/srv/shared_leopard_toad/2025/Documents/06.10-13.10.2025/4Z/108MEDIA/DSCF0648.JPG,DSCF0648.JPG,4Z/108MEDIA,0,Other_Amphibian,0.2250,3219.0,1956.5,3342.6,2100.0
/srv/shared_leopard_toad/2025/Documents/06.10-13.10.2025/4Z/108MEDIA/DSCF0659.JPG,DSCF0659.JPG,4Z/108MEDIA,0,Other_Amphibian,0.3303,3220.6,1952.1,3344.9,2099.1
/srv/shared_leopard_toad/2025/Documents/06.10-13.10.2025/4Z/108MEDIA/DSCF0659.JPG,DSCF0659.JPG,4Z/108MEDIA,0,Other_Amphibian,0.2236,3219.7,1955.8,3350.1,2100.8
/srv/shared_leopard_toad/2025/Documents/06.10-13.10.2025/4Z/108MEDIA/DSCF0096.JPG,DSCF0096.JPG,4Z/108MEDIA,0,Other_Amphibian,0.6177,3215.9,1951.7,3351.2,2093.3
/srv/shared_leopard_toad/2025/Documents/06.10-13.10.2025/4Z/108MEDIA/DSCF0096.JPG,DSCF0096.JPG,4Z/108MEDIA,0,Other_Amphibian,0.5470,3223.0,1952.4,3353.5,2093.8
/srv/shared_leopard_toad/2025/Documents/06.10-13.10.2025/4Z/108MEDIA/DSCF0295.JPG,DSCF0295.JPG,4Z/108MEDIA,0,Other_Amphibian,0.5913,3215.8,1957.3,3367.6,2127.8
/srv/shared_leopard_toad/2025/Documents/06.10-13.10.2025/4Z/108MEDIA/DSCF0295.JPG,DSCF0295.JPG,4Z/108MEDIA,2,Western_Leopard_Toad,0.5589,3643.1,1663.1,3926.2,1922.3
/srv/shared_leopard_toad/2025/Documents/06.10-13.10.2025/4Z/108MEDIA/DSCF0053.JPG,DSCF0053.JPG,4Z/108MEDIA,0,Other_Amphibian,0.5515,3217.4,1952.0,3348.9,2094.6
/srv/shared_leopard_toad/2025/Documents/06.10-13.10.2025/4Z/108MEDIA/DSCF0053.JPG,DSCF0053.JPG,4Z/108MEDIA,0,Other_Amphibian,0.4626,3225.3,1951.5,3352.3,2094.2
/srv/shared_leopard_toad/2025/Documents/06.10-13.10.2025/4Z/108MEDIA/DSCF0740.JPG,DSCF0740.JPG,4Z/108MEDIA,0,Other_Amphibian,0.3275,3219.0,1954.3,3348.8,2097.2
/srv/shared_leopard_toad/2025/Documents/06.10-13.10.2025/4Z/108MEDIA/DSCF0740.JPG,DSCF0740.JPG,4Z/108MEDIA,0,Other_Amphibian,0.2916,3220.0,1954.3,3343.8,2098.4
/srv/shared_leopard_toad/2025/Documents/06.10-13.10.2025/4Z/108MEDIA/DSCF0384.JPG,DSCF0384.JPG,4Z/108MEDIA,2,Western_Leopard_Toad,0.8497,3641.0,1658.1,3936.2,1924.7
/srv/shared_leopard_toad/2025/Documents/06.10-13.10.2025/4Z/108MEDIA/DSCF0384.JPG,DSCF0384.JPG,4Z/108MEDIA,0,Other_Amphibian,0.2282,4766.1,1343.1,4947.7,1533.4
/srv/shared_leopard_toad/2025/Documents/06.10-13.10.2025/4Z/108MEDIA/DSCF0149.JPG,DSCF0149.JPG,4Z/108MEDIA,0,Other_Amphibian,0.5965,3219.4,1951.9,3354.3,2094.8
/srv/shared_leopard_toad/2025/Documents/06.10-13.10.2025/4Z/108MEDIA/DSCF0149.JPG,DSCF0149.JPG,4Z/108MEDIA,0,Other_Amphibian,0.5228,3223.0,1952.5,3352.8,2094.7
/srv/shared_leopard_toad/2025/Documents/06.10-13.10.2025/4Z/108MEDIA/DSCF0502.JPG,DSCF0502.JPG,4Z/108MEDIA,0,Other_Amphibian,0.2569,3219.0,1956.0,3351.5,2099.3
/srv/shared_leopard_toad/2025/Documents/06.10-13.10.2025/4Z/108MEDIA/DSCF0502.JPG,DSCF0502.JPG,4Z/108MEDIA,0,Other_Amphibian,0.2499,3221.5,1955.2,3346.5,2100.1
/srv/shared_leopard_toad/2025/Documents/06.10-13.10.2025/4Z/108MEDIA/DSCF0231.JPG,DSCF0231.JPG,4Z/108MEDIA,0,Other_Amphibian,0.5569,3218.6,1953.2,3349.7,2092.6
/srv/shared_leopard_toad/2025/Documents/06.10-13.10.2025/4Z/108MEDIA/DSCF0231.JPG,DSCF0231.JPG,4Z/108MEDIA,0,Other_Amphibian,0.4427,3226.9,1953.4,3353.3,2093.6
/srv/shared_leopard_toad/2025/Documents/06.10-13.10.2025/4Z/108MEDIA/DSCF0930.JPG,DSCF0930.JPG,4Z/108MEDIA,0,Other_Amphibian,0.3131,2970.9,2476.7,3099.8,2620.1
/srv/shared_leopard_toad/2025/Documents/06.10-13.10.2025/4Z/108MEDIA/DSCF0930.JPG,DSCF0930.JPG,4Z/108MEDIA,2,Western_Leopard_Toad,0.2413,3654.5,1648.5,3926.9,1918.3
/srv/shared_leopard_toad/2025/Documents/06.10-13.10.2025/4Z/108MEDIA/DSCF0930.JPG,DSCF0930.JPG,4Z/108MEDIA,0,Other_Amphibian,0.2287,2982.3,2470.7,3100.4,2619.5
/srv/shared_leopard_toad/2025/Documents/06.10-13.10.2025/4Z/108MEDIA/DSCF0320.JPG,DSCF0320.JPG,4Z/108MEDIA,0,Other_Amphibian,0.4760,3220.7,1971.4,3365.0,2133.6
/srv/shared_leopard_toad/2025/Documents/06.10-13.10.2025/4Z/108MEDIA/DSCF0320.JPG,DSCF0320.JPG,4Z/108MEDIA,2,Western_Leopard_Toad,0.3200,3645.5,1663.4,3925.2,1922.4
/srv/shared_leopard_toad/2025/Documents/06.10-13.10.2025/4Z/108MEDIA/DSCF0320.JPG,DSCF0320.JPG,4Z/108MEDIA,0,Other_Amphibian,0.2138,3231.3,1980.9,3364.9,2135.2
/srv/shared_leopard_toad/2025/Documents/06.10-13.10.2025/4Z/108MEDIA/DSCF0731.JPG,DSCF0731.JPG,4Z/108MEDIA,0,Other_Amphibian,0.3212,2970.2,2472.5,3104.3,2620.7
/srv/shared_leopard_toad/2025/Documents/06.10-13.10.2025/4Z/108MEDIA/DSCF0731.JPG,DSCF0731.JPG,4Z/108MEDIA,0,Other_Amphibian,0.2828,2982.9,2460.2,3105.8,2619.9
/srv/shared_leopard_toad/2025/Documents/06.10-13.10.2025/4Z/108MEDIA/DSCF0731.JPG,DSCF0731.JPG,4Z/108MEDIA,0,Other_Amphibian,0.2743,3218.8,1956.1,3348.7,2097.8
/srv/shared_leopard_toad/2025/Documents/06.10-13.10.2025/4Z/108MEDIA/DSCF0731.JPG,DSCF0731.JPG,4Z/108MEDIA,0,Other_Amphibian,0.2453,3219.6,1955.8,3341.9,2099.0
/srv/shared_leopard_toad/2025/Documents/06.10-13.10.2025/4Z/108MEDIA/DSCF0731.JPG,DSCF0731.JPG,4Z/108MEDIA,2,Western_Leopard_Toad,0.2362,3657.0,1647.3,3928.5,1918.4
/srv/shared_leopard_toad/2025/Documents/06.10-13.10.2025/4Z/108MEDIA/DSCF0247.JPG,DSCF0247.JPG,4Z/108MEDIA,0,Other_Amphibian,0.5999,3214.4,1951.3,3349.5,2097.7
/srv/shared_leopard_toad/2025/Documents/06.10-13.10.2025/4Z/108MEDIA/DSCF0247.JPG,DSCF0247.JPG,4Z/108MEDIA,0,Other_Amphibian,0.5203,3220.8,1951.9,3349.7,2097.4
/srv/shared_leopard_toad/2025/Documents/06.10-13.10.2025/4Z/108MEDIA/DSCF0898.JPG,DSCF0898.JPG,4Z/108MEDIA,0,Other_Amphibian,0.2001,3654.1,1646.3,3929.4,1917.8
/srv/shared_leopard_toad/2025/Documents/06.10-13.10.2025/4Z/108MEDIA/DSCF0307.JPG,DSCF0307.JPG,4Z/108MEDIA,0,Other_Amphibian,0.5045,3222.7,1973.3,3358.7,2133.6
/srv/shared_leopard_toad/2025/Documents/06.10-13.10.2025/4Z/108MEDIA/DSCF0307.JPG,DSCF0307.JPG,4Z/108MEDIA,0,Other_Amphibian,0.4940,3218.1,1969.5,3362.3,2140.3
/srv/shared_leopard_toad/2025/Documents/06.10-13.10.2025/4Z/108MEDIA/DSCF0307.JPG,DSCF0307.JPG,4Z/108MEDIA,2,Western_Leopard_Toad,0.2519,3645.2,1664.3,3927.2,1921.3
/srv/shared_leopard_toad/2025/Documents/06.10-13.10.2025/4Z/108MEDIA/DSCF0307.JPG,DSCF0307.JPG,4Z/108MEDIA,0,Other_Amphibian,0.2275,3229.0,1977.6,3368.9,2140.3
/srv/shared_leopard_toad/2025/Documents/06.10-13.10.2025/4Z/108MEDIA/DSCF0268.JPG,DSCF0268.JPG,4Z/108MEDIA,0,Other_Amphibian,0.3281,3219.1,1953.2,3339.9,2100.7
/srv/shared_leopard_toad/2025/Documents/06.10-13.10.2025/4Z/108MEDIA/DSCF0268.JPG,DSCF0268.JPG,4Z/108MEDIA,0,Other_Amphibian,0.2377,3222.4,1952.0,3340.4,2099.8
/srv/shared_leopard_toad/2025/Documents/06.10-13.10.2025/4Z/108MEDIA/DSCF0582.JPG,DSCF0582.JPG,4Z/108MEDIA,0,Other_Amphibian,0.2539,2971.4,2460.9,3102.8,2620.6
/srv/shared_leopard_toad/2025/Documents/06.10-13.10.2025/4Z/108MEDIA/DSCF0582.JPG,DSCF0582.JPG,4Z/108MEDIA,0,Other_Amphibian,0.2440,2980.1,2452.1,3103.2,2620.8
/srv/shared_leopard_toad/2025/Documents/06.10-13.10.2025/4Z/108MEDIA/DSCF0582.JPG,DSCF0582.JPG,4Z/108MEDIA,0,Other_Amphibian,0.2041,3219.0,1953.8,3345.0,2101.2
/srv/shared_leopard_toad/2025/Documents/06.10-13.10.2025/4Z/108MEDIA/DSCF0716.JPG,DSCF0716.JPG,4Z/108MEDIA,0,Other_Amphibian,0.2299,3219.0,1955.6,3349.5,2097.5
/srv/shared_leopard_toad/2025/Documents/06.10-13.10.2025/4Z/108MEDIA/DSCF0716.JPG,DSCF0716.JPG,4Z/108MEDIA,0,Other_Amphibian,0.2278,3218.5,1954.9,3343.1,2098.4
/srv/shared_leopard_toad/2025/Documents/06.10-13.10.2025/4Z/108MEDIA/DSCF0716.JPG,DSCF0716.JPG,4Z/108MEDIA,0,Other_Amphibian,0.2269,2968.8,2468.0,3097.8,2620.1
/srv/shared_leopard_toad/2025/Documents/06.10-13.10.2025/4Z/108MEDIA/DSCF0663.JPG,DSCF0663.JPG,4Z/108MEDIA,0,Other_Amphibian,0.3213,3216.7,1956.1,3350.1,2099.1
/srv/shared_leopard_toad/2025/Documents/06.10-13.10.2025/4Z/108MEDIA/DSCF0663.JPG,DSCF0663.JPG,4Z/108MEDIA,0,Other_Amphibian,0.2887,3218.1,1956.7,3345.5,2101.1
/srv/shared_leopard_toad/2025/Documents/06.10-13.10.2025/4Z/108MEDIA/DSCF0663.JPG,DSCF0663.JPG,4Z/108MEDIA,0,Other_Amphibian,0.2781,3655.3,1647.4,3931.9,1917.2
/srv/shared_leopard_toad/2025/Documents/06.10-13.10.2025/4Z/108MEDIA/DSCF0931.JPG,DSCF0931.JPG,4Z/108MEDIA,0,Other_Amphibian,0.2490,2979.9,2456.0,3100.1,2616.0
/srv/shared_leopard_toad/2025/Documents/06.10-13.10.2025/4Z/108MEDIA/DSCF0931.JPG,DSCF0931.JPG,4Z/108MEDIA,0,Other_Amphibian,0.2480,2970.5,2458.5,3100.8,2617.7
/srv/shared_leopard_toad/2025/Documents/06.10-13.10.2025/4Z/108MEDIA/DSCF0931.JPG,DSCF0931.JPG,4Z/108MEDIA,2,Western_Leopard_Toad,0.2347,3655.5,1647.5,3931.3,1917.1
/srv/shared_leopard_toad/2025/Documents/06.10-13.10.2025/4Z/108MEDIA/DSCF0106.JPG,DSCF0106.JPG,4Z/108MEDIA,0,Other_Amphibian,0.5194,3214.7,1951.8,3347.2,2093.9
/srv/shared_leopard_toad/2025/Documents/06.10-13.10.2025/4Z/108MEDIA/DSCF0106.JPG,DSCF0106.JPG,4Z/108MEDIA,0,Other_Amphibian,0.4069,3224.5,1951.6,3350.9,2093.6
/srv/shared_leopard_toad/2025/Documents/06.10-13.10.2025/4Z/108MEDIA/DSCF0106.JPG,DSCF0106.JPG,4Z/108MEDIA,2,Western_Leopard_Toad,0.2453,3656.8,1648.0,3932.6,1918.0
/srv/shared_leopard_toad/2025/Documents/06.10-13.10.2025/4Z/108MEDIA/DSCF0246.JPG,DSCF0246.JPG,4Z/108MEDIA,0,Other_Amphibian,0.5947,3216.5,1950.2,3352.2,2094.6
/srv/shared_leopard_toad/2025/Documents/06.10-13.10.2025/4Z/108MEDIA/DSCF0246.JPG,DSCF0246.JPG,4Z/108MEDIA,0,Other_Amphibian,0.5249,3221.5,1950.9,3352.7,2093.9
/srv/shared_leopard_toad/2025/Documents/06.10-13.10.2025/4Z/108MEDIA/DSCF0978.JPG,DSCF0978.JPG,4Z/108MEDIA,0,Other_Amphibian,0.2934,2971.4,2469.1,3105.3,2621.6
/srv/shared_leopard_toad/2025/Documents/06.10-13.10.2025/4Z/108MEDIA/DSCF0978.JPG,DSCF0978.JPG,4Z/108MEDIA,0,Other_Amphibian,0.2868,2979.9,2462.5,3103.6,2621.0
/srv/shared_leopard_toad/2025/Documents/06.10-13.10.2025/4Z/108MEDIA/DSCF0978.JPG,DSCF0978.JPG,4Z/108MEDIA,2,Western_Leopard_Toad,0.2069,3654.8,1647.1,3931.1,1918.4
/srv/shared_leopard_toad/2025/Documents/06.10-13.10.2025/4Z/108MEDIA/DSCF0378.JPG,DSCF0378.JPG,4Z/108MEDIA,2,Western_Leopard_Toad,0.8656,3644.1,1660.1,3932.2,1921.7
/srv/shared_leopard_toad/2025/Documents/06.10-13.10.2025/4Z/108MEDIA/DSCF0378.JPG,DSCF0378.JPG,4Z/108MEDIA,0,Other_Amphibian,0.2131,4768.4,1352.3,4947.0,1542.4
/srv/shared_leopard_toad/2025/Documents/06.10-13.10.2025/4Z/108MEDIA/DSCF0704.JPG,DSCF0704.JPG,4Z/108MEDIA,0,Other_Amphibian,0.2991,2977.5,2455.7,3102.9,2625.4
/srv/shared_leopard_toad/2025/Documents/06.10-13.10.2025/4Z/108MEDIA/DSCF0704.JPG,DSCF0704.JPG,4Z/108MEDIA,0,Other_Amphibian,0.2615,2969.3,2464.9,3104.2,2624.8
/srv/shared_leopard_toad/2025/Documents/06.10-13.10.2025/4Z/108MEDIA/DSCF0704.JPG,DSCF0704.JPG,4Z/108MEDIA,0,Other_Amphibian,0.2031,2971.8,2456.7,3105.0,2628.7
/srv/shared_leopard_toad/2025/Documents/06.10-13.10.2025/4Z/108MEDIA/DSCF0148.JPG,DSCF0148.JPG,4Z/108MEDIA,0,Other_Amphibian,0.5726,3218.1,1951.0,3353.0,2094.1
/srv/shared_leopard_toad/2025/Documents/06.10-13.10.2025/4Z/108MEDIA/DSCF0148.JPG,DSCF0148.JPG,4Z/108MEDIA,0,Other_Amphibian,0.4933,3223.5,1951.8,3353.1,2093.9
/srv/shared_leopard_toad/2025/Documents/06.10-13.10.2025/4Z/108MEDIA/DSCF0842.JPG,DSCF0842.JPG,4Z/108MEDIA,2,Western_Leopard_Toad,0.2066,3655.6,1646.6,3928.3,1917.5
/srv/shared_leopard_toad/2025/Documents/06.10-13.10.2025/4Z/108MEDIA/DSCF0738.JPG,DSCF0738.JPG,4Z/108MEDIA,0,Other_Amphibian,0.2505,3220.0,1954.3,3347.8,2096.3
/srv/shared_leopard_toad/2025/Documents/06.10-13.10.2025/4Z/108MEDIA/DSCF0738.JPG,DSCF0738.JPG,4Z/108MEDIA,0,Other_Amphibian,0.2153,3217.2,1954.2,3339.4,2097.4
/srv/shared_leopard_toad/2025/Documents/06.10-13.10.2025/4Z/108MEDIA/DSCF0739.JPG,DSCF0739.JPG,4Z/108MEDIA,0,Other_Amphibian,0.3189,2978.7,2450.3,3104.1,2623.5
/srv/shared_leopard_toad/2025/Documents/06.10-13.10.2025/4Z/108MEDIA/DSCF0739.JPG,DSCF0739.JPG,4Z/108MEDIA,0,Other_Amphibian,0.2810,3217.0,1953.7,3349.5,2098.5
/srv/shared_leopard_toad/2025/Documents/06.10-13.10.2025/4Z/108MEDIA/DSCF0739.JPG,DSCF0739.JPG,4Z/108MEDIA,0,Other_Amphibian,0.2323,2974.5,2451.8,3107.8,2623.2
/srv/shared_leopard_toad/2025/Documents/06.10-13.10.2025/4Z/108MEDIA/DSCF0739.JPG,DSCF0739.JPG,4Z/108MEDIA,0,Other_Amphibian,0.2283,3216.2,1954.9,3341.9,2100.4
/srv/shared_leopard_toad/2025/Documents/06.10-13.10.2025/4Z/108MEDIA/DSCF0875.JPG,DSCF0875.JPG,4Z/108MEDIA,0,Other_Amphibian,0.3112,3219.2,1954.7,3348.8,2095.9
/srv/shared_leopard_toad/2025/Documents/06.10-13.10.2025/4Z/108MEDIA/DSCF0875.JPG,DSCF0875.JPG,4Z/108MEDIA,0,Other_Amphibian,0.2898,3218.6,1954.5,3342.4,2096.9
/srv/shared_leopard_toad/2025/Documents/06.10-13.10.2025/4Z/108MEDIA/DSCF0875.JPG,DSCF0875.JPG,4Z/108MEDIA,0,Other_Amphibian,0.2396,2974.8,2485.5,3105.7,2628.5
/srv/shared_leopard_toad/2025/Documents/06.10-13.10.2025/4Z/108MEDIA/DSCF0576.JPG,DSCF0576.JPG,4Z/108MEDIA,0,Other_Amphibian,0.2751,2970.1,2471.4,3098.5,2623.0
/srv/shared_leopard_toad/2025/Documents/06.10-13.10.2025/4Z/108MEDIA/DSCF0576.JPG,DSCF0576.JPG,4Z/108MEDIA,0,Other_Amphibian,0.2256,2980.0,2453.9,3097.8,2622.5
/srv/shared_leopard_toad/2025/Documents/06.10-13.10.2025/4Z/108MEDIA/DSCF0856.JPG,DSCF0856.JPG,4Z/108MEDIA,0,Other_Amphibian,0.3663,2972.1,2480.4,3102.0,2627.0
/srv/shared_leopard_toad/2025/Documents/06.10-13.10.2025/4Z/108MEDIA/DSCF0856.JPG,DSCF0856.JPG,4Z/108MEDIA,0,Other_Amphibian,0.2736,2980.8,2464.7,3101.0,2626.4
/srv/shared_leopard_toad/2025/Documents/06.10-13.10.2025/4Z/108MEDIA/DSCF0856.JPG,DSCF0856.JPG,4Z/108MEDIA,0,Other_Amphibian,0.2388,2976.5,2471.9,3105.0,2627.2
/srv/shared_leopard_toad/2025/Documents/06.10-13.10.2025/4Z/108MEDIA/DSCF0607.JPG,DSCF0607.JPG,4Z/108MEDIA,0,Other_Amphibian,0.2307,3219.4,1957.5,3348.4,2098.1
/srv/shared_leopard_toad/2025/Documents/06.10-13.10.2025/4Z/108MEDIA/DSCF0097.JPG,DSCF0097.JPG,4Z/108MEDIA,0,Other_Amphibian,0.4745,3220.1,1951.7,3349.6,2092.2
/srv/shared_leopard_toad/2025/Documents/06.10-13.10.2025/4Z/108MEDIA/DSCF0097.JPG,DSCF0097.JPG,4Z/108MEDIA,0,Other_Amphibian,0.3919,3226.6,1952.7,3353.1,2094.5
/srv/shared_leopard_toad/2025/Documents/06.10-13.10.2025/4Z/108MEDIA/DSCF0097.JPG,DSCF0097.JPG,4Z/108MEDIA,2,Western_Leopard_Toad,0.2053,3653.8,1646.6,3929.0,1917.2
/srv/shared_leopard_toad/2025/Documents/06.10-13.10.2025/4Z/108MEDIA/DSCF0252.JPG,DSCF0252.JPG,4Z/108MEDIA,0,Other_Amphibian,0.5848,3215.6,1953.8,3348.2,2096.9
/srv/shared_leopard_toad/2025/Documents/06.10-13.10.2025/4Z/108MEDIA/DSCF0252.JPG,DSCF0252.JPG,4Z/108MEDIA,0,Other_Amphibian,0.4855,3224.4,1953.3,3351.2,2096.3
/srv/shared_leopard_toad/2025/Documents/06.10-13.10.2025/4Z/108MEDIA/DSCF0472.JPG,DSCF0472.JPG,4Z/108MEDIA,0,Other_Amphibian,0.2938,2969.0,2458.7,3104.4,2621.4
/srv/shared_leopard_toad/2025/Documents/06.10-13.10.2025/4Z/108MEDIA/DSCF0472.JPG,DSCF0472.JPG,4Z/108MEDIA,0,Other_Amphibian,0.2757,2976.7,2455.0,3104.3,2620.7
/srv/shared_leopard_toad/2025/Documents/06.10-13.10.2025/4Z/108MEDIA/DSCF0472.JPG,DSCF0472.JPG,4Z/108MEDIA,0,Other_Amphibian,0.2319,3219.9,1955.9,3351.2,2100.4
/srv/shared_leopard_toad/2025/Documents/06.10-13.10.2025/4Z/108MEDIA/DSCF0472.JPG,DSCF0472.JPG,4Z/108MEDIA,2,Western_Leopard_Toad,0.2259,3659.1,1648.1,3930.1,1917.9
/srv/shared_leopard_toad/2025/Documents/06.10-13.10.2025/4Z/108MEDIA/DSCF0472.JPG,DSCF0472.JPG,4Z/108MEDIA,0,Other_Amphibian,0.2250,3221.2,1954.5,3345.2,2100.4
/srv/shared_leopard_toad/2025/Documents/06.10-13.10.2025/4Z/108MEDIA/DSCF0788.JPG,DSCF0788.JPG,4Z/108MEDIA,0,Other_Amphibian,0.3182,3216.4,1953.5,3346.5,2096.8
/srv/shared_leopard_toad/2025/Documents/06.10-13.10.2025/4Z/108MEDIA/DSCF0788.JPG,DSCF0788.JPG,4Z/108MEDIA,0,Other_Amphibian,0.2882,3218.5,1953.1,3341.4,2097.3
/srv/shared_leopard_toad/2025/Documents/06.10-13.10.2025/4Z/108MEDIA/DSCF0721.JPG,DSCF0721.JPG,4Z/108MEDIA,0,Other_Amphibian,0.2227,2978.0,2441.7,3102.0,2624.9
/srv/shared_leopard_toad/2025/Documents/06.10-13.10.2025/4Z/108MEDIA/DSCF0721.JPG,DSCF0721.JPG,4Z/108MEDIA,2,Western_Leopard_Toad,0.2152,3656.3,1647.9,3930.5,1917.2
/srv/shared_leopard_toad/2025/Documents/06.10-13.10.2025/4Z/108MEDIA/DSCF0927.JPG,DSCF0927.JPG,4Z/108MEDIA,0,Other_Amphibian,0.3687,2970.0,2477.8,3101.5,2625.7
/srv/shared_leopard_toad/2025/Documents/06.10-13.10.2025/4Z/108MEDIA/DSCF0927.JPG,DSCF0927.JPG,4Z/108MEDIA,0,Other_Amphibian,0.3265,2981.4,2467.8,3102.8,2623.9
/srv/shared_leopard_toad/2025/Documents/06.10-13.10.2025/4Z/108MEDIA/DSCF0536.JPG,DSCF0536.JPG,4Z/108MEDIA,0,Other_Amphibian,0.3572,2971.7,2477.0,3104.0,2623.1
/srv/shared_leopard_toad/2025/Documents/06.10-13.10.2025/4Z/108MEDIA/DSCF0536.JPG,DSCF0536.JPG,4Z/108MEDIA,0,Other_Amphibian,0.2845,2982.0,2472.4,3105.3,2622.7
/srv/shared_leopard_toad/2025/Documents/06.10-13.10.2025/4Z/108MEDIA/DSCF0536.JPG,DSCF0536.JPG,4Z/108MEDIA,0,Other_Amphibian,0.2545,2976.0,2472.9,3107.1,2623.2
/srv/shared_leopard_toad/2025/Documents/06.10-13.10.2025/4Z/108MEDIA/DSCF0448.JPG,DSCF0448.JPG,4Z/108MEDIA,0,Other_Amphibian,0.2465,2977.5,2453.1,3103.7,2621.0
/srv/shared_leopard_toad/2025/Documents/06.10-13.10.2025/4Z/108MEDIA/DSCF0683.JPG,DSCF0683.JPG,4Z/108MEDIA,0,Other_Amphibian,0.2300,3217.7,1954.4,3352.2,2098.5
/srv/shared_leopard_toad/2025/Documents/06.10-13.10.2025/4Z/108MEDIA/DSCF0683.JPG,DSCF0683.JPG,4Z/108MEDIA,0,Other_Amphibian,0.2283,2968.9,2465.8,3099.8,2620.7
/srv/shared_leopard_toad/2025/Documents/06.10-13.10.2025/4Z/108MEDIA/DSCF0683.JPG,DSCF0683.JPG,4Z/108MEDIA,0,Other_Amphibian,0.2241,3217.6,1953.5,3345.2,2099.0
/srv/shared_leopard_toad/2025/Documents/06.10-13.10.2025/4Z/108MEDIA/DSCF0683.JPG,DSCF0683.JPG,4Z/108MEDIA,0,Other_Amphibian,0.2069,2976.6,2452.3,3098.3,2620.2
/srv/shared_leopard_toad/2025/Documents/06.10-13.10.2025/4Z/108MEDIA/DSCF0449.JPG,DSCF0449.JPG,4Z/108MEDIA,0,Other_Amphibian,0.2477,3218.3,1953.5,3349.3,2100.4
/srv/shared_leopard_toad/2025/Documents/06.10-13.10.2025/4Z/108MEDIA/DSCF0449.JPG,DSCF0449.JPG,4Z/108MEDIA,0,Other_Amphibian,0.2390,3219.6,1952.6,3344.1,2100.7
/srv/shared_leopard_toad/2025/Documents/06.10-13.10.2025/4Z/108MEDIA/DSCF0287.JPG,DSCF0287.JPG,4Z/108MEDIA,2,Western_Leopard_Toad,0.5628,3647.2,1662.1,3927.2,1924.0
/srv/shared_leopard_toad/2025/Documents/06.10-13.10.2025/4Z/108MEDIA/DSCF0287.JPG,DSCF0287.JPG,4Z/108MEDIA,0,Other_Amphibian,0.2768,3222.7,1964.6,3366.2,2126.9
/srv/shared_leopard_toad/2025/Documents/06.10-13.10.2025/4Z/108MEDIA/DSCF0287.JPG,DSCF0287.JPG,4Z/108MEDIA,2,Western_Leopard_Toad,0.2601,5172.6,7.4,5377.0,509.4
/srv/shared_leopard_toad/2025/Documents/06.10-13.10.2025/4Z/108MEDIA/DSCF0908.JPG,DSCF0908.JPG,4Z/108MEDIA,0,Other_Amphibian,0.2987,2973.8,2485.3,3104.0,2620.0
/srv/shared_leopard_toad/2025/Documents/06.10-13.10.2025/4Z/108MEDIA/DSCF0908.JPG,DSCF0908.JPG,4Z/108MEDIA,0,Other_Amphibian,0.2486,2985.6,2478.0,3105.2,2621.3
/srv/shared_leopard_toad/2025/Documents/06.10-13.10.2025/4Z/108MEDIA/DSCF0386.JPG,DSCF0386.JPG,4Z/108MEDIA,2,Western_Leopard_Toad,0.8430,3647.2,1654.5,3932.5,1923.0
/srv/shared_leopard_toad/2025/Documents/06.10-13.10.2025/4Z/108MEDIA/DSCF0386.JPG,DSCF0386.JPG,4Z/108MEDIA,0,Other_Amphibian,0.3283,673.2,1942.9,815.2,2107.7
/srv/shared_leopard_toad/2025/Documents/06.10-13.10.2025/4Z/108MEDIA/DSCF0072.JPG,DSCF0072.JPG,4Z/108MEDIA,0,Other_Amphibian,0.5720,3219.6,1952.3,3351.0,2094.7
/srv/shared_leopard_toad/2025/Documents/06.10-13.10.2025/4Z/108MEDIA/DSCF0072.JPG,DSCF0072.JPG,4Z/108MEDIA,0,Other_Amphibian,0.4851,3227.0,1952.1,3354.2,2094.9
/srv/shared_leopard_toad/2025/Documents/06.10-13.10.2025/4Z/108MEDIA/DSCF0134.JPG,DSCF0134.JPG,4Z/108MEDIA,0,Other_Amphibian,0.5346,3217.3,1951.9,3347.2,2094.1
/srv/shared_leopard_toad/2025/Documents/06.10-13.10.2025/4Z/108MEDIA/DSCF0134.JPG,DSCF0134.JPG,4Z/108MEDIA,0,Other_Amphibian,0.4399,3224.6,1951.7,3349.8,2093.1
/srv/shared_leopard_toad/2025/Documents/06.10-13.10.2025/4Z/108MEDIA/DSCF0023.JPG,DSCF0023.JPG,4Z/108MEDIA,0,Other_Amphibian,0.5943,3216.2,1951.1,3349.4,2094.2
/srv/shared_leopard_toad/2025/Documents/06.10-13.10.2025/4Z/108MEDIA/DSCF0023.JPG,DSCF0023.JPG,4Z/108MEDIA,0,Other_Amphibian,0.4823,3224.1,1951.7,3353.2,2094.4
/srv/shared_leopard_toad/2025/Documents/06.10-13.10.2025/4Z/108MEDIA/DSCF0399.JPG,DSCF0399.JPG,4Z/108MEDIA,0,Other_Amphibian,0.2020,3219.6,1956.7,3346.2,2101.3
/srv/shared_leopard_toad/2025/Documents/06.10-13.10.2025/4Z/108MEDIA/DSCF0158.JPG,DSCF0158.JPG,4Z/108MEDIA,0,Other_Amphibian,0.5749,3216.2,1953.5,3348.6,2097.8
/srv/shared_leopard_toad/2025/Documents/06.10-13.10.2025/4Z/108MEDIA/DSCF0158.JPG,DSCF0158.JPG,4Z/108MEDIA,0,Other_Amphibian,0.4622,3226.2,1953.3,3353.5,2097.0
/srv/shared_leopard_toad/2025/Documents/06.10-13.10.2025/4Z/108MEDIA/DSCF0158.JPG,DSCF0158.JPG,4Z/108MEDIA,0,Other_Amphibian,0.2931,2975.6,2467.1,3135.4,2649.4
/srv/shared_leopard_toad/2025/Documents/06.10-13.10.2025/4Z/108MEDIA/DSCF0474.JPG,DSCF0474.JPG,4Z/108MEDIA,0,Other_Amphibian,0.2390,3219.7,1956.2,3351.4,2098.1
/srv/shared_leopard_toad/2025/Documents/06.10-13.10.2025/4Z/108MEDIA/DSCF0474.JPG,DSCF0474.JPG,4Z/108MEDIA,0,Other_Amphibian,0.2221,3217.4,1955.3,3343.9,2098.6
/srv/shared_leopard_toad/2025/Documents/06.10-13.10.2025/4Z/108MEDIA/DSCF0474.JPG,DSCF0474.JPG,4Z/108MEDIA,0,Other_Amphibian,0.2085,2973.1,2485.1,3102.6,2625.1
/srv/shared_leopard_toad/2025/Documents/06.10-13.10.2025/4Z/108MEDIA/DSCF0567.JPG,DSCF0567.JPG,4Z/108MEDIA,0,Other_Amphibian,0.2956,3216.1,1954.1,3348.0,2097.8
/srv/shared_leopard_toad/2025/Documents/06.10-13.10.2025/4Z/108MEDIA/DSCF0567.JPG,DSCF0567.JPG,4Z/108MEDIA,0,Other_Amphibian,0.2605,3218.9,1954.3,3343.7,2099.1
/srv/shared_leopard_toad/2025/Documents/06.10-13.10.2025/4Z/108MEDIA/DSCF0567.JPG,DSCF0567.JPG,4Z/108MEDIA,2,Western_Leopard_Toad,0.2572,3655.4,1648.0,3931.7,1918.2
/srv/shared_leopard_toad/2025/Documents/06.10-13.10.2025/4Z/108MEDIA/DSCF0872.JPG,DSCF0872.JPG,4Z/108MEDIA,0,Other_Amphibian,0.3054,3215.5,1952.8,3350.2,2097.7
/srv/shared_leopard_toad/2025/Documents/06.10-13.10.2025/4Z/108MEDIA/DSCF0872.JPG,DSCF0872.JPG,4Z/108MEDIA,0,Other_Amphibian,0.2841,3216.1,1952.8,3343.4,2098.6
/srv/shared_leopard_toad/2025/Documents/06.10-13.10.2025/4Z/108MEDIA/DSCF0872.JPG,DSCF0872.JPG,4Z/108MEDIA,0,Other_Amphibian,0.2053,2969.6,2471.4,3099.6,2626.0
/srv/shared_leopard_toad/2025/Documents/06.10-13.10.2025/4Z/108MEDIA/DSCF0499.JPG,DSCF0499.JPG,4Z/108MEDIA,0,Other_Amphibian,0.3170,2969.1,2473.0,3101.1,2625.4
/srv/shared_leopard_toad/2025/Documents/06.10-13.10.2025/4Z/108MEDIA/DSCF0499.JPG,DSCF0499.JPG,4Z/108MEDIA,0,Other_Amphibian,0.2356,2977.1,2461.7,3098.9,2624.2
/srv/shared_leopard_toad/2025/Documents/06.10-13.10.2025/4Z/108MEDIA/DSCF0499.JPG,DSCF0499.JPG,4Z/108MEDIA,0,Other_Amphibian,0.2192,3220.4,1957.0,3351.0,2100.6
/srv/shared_leopard_toad/2025/Documents/06.10-13.10.2025/4Z/108MEDIA/DSCF0499.JPG,DSCF0499.JPG,4Z/108MEDIA,0,Other_Amphibian,0.2006,3217.4,1955.9,3342.3,2101.3
/srv/shared_leopard_toad/2025/Documents/06.10-13.10.2025/4Z/108MEDIA/DSCF0892.JPG,DSCF0892.JPG,4Z/108MEDIA,2,Western_Leopard_Toad,0.2223,3653.5,1646.1,3930.3,1917.0
/srv/shared_leopard_toad/2025/Documents/06.10-13.10.2025/4Z/108MEDIA/DSCF0900.JPG,DSCF0900.JPG,4Z/108MEDIA,2,Western_Leopard_Toad,0.2884,3655.2,1646.7,3928.7,1917.2
/srv/shared_leopard_toad/2025/Documents/06.10-13.10.2025/4Z/108MEDIA/DSCF0900.JPG,DSCF0900.JPG,4Z/108MEDIA,0,Other_Amphibian,0.2752,2980.2,2451.8,3099.7,2617.8
/srv/shared_leopard_toad/2025/Documents/06.10-13.10.2025/4Z/108MEDIA/DSCF0900.JPG,DSCF0900.JPG,4Z/108MEDIA,0,Other_Amphibian,0.2317,2973.1,2465.1,3103.3,2617.1
/srv/shared_leopard_toad/2025/Documents/06.10-13.10.2025/4Z/108MEDIA/DSCF0768.JPG,DSCF0768.JPG,4Z/108MEDIA,0,Other_Amphibian,0.2769,2970.8,2482.6,3099.3,2624.0
/srv/shared_leopard_toad/2025/Documents/06.10-13.10.2025/4Z/108MEDIA/DSCF0768.JPG,DSCF0768.JPG,4Z/108MEDIA,0,Other_Amphibian,0.2636,3219.9,1957.2,3350.3,2098.2
/srv/shared_leopard_toad/2025/Documents/06.10-13.10.2025/4Z/108MEDIA/DSCF0768.JPG,DSCF0768.JPG,4Z/108MEDIA,0,Other_Amphibian,0.2564,3217.5,1956.6,3342.5,2098.8
/srv/shared_leopard_toad/2025/Documents/06.10-13.10.2025/4Z/108MEDIA/DSCF0335.JPG,DSCF0335.JPG,4Z/108MEDIA,2,Western_Leopard_Toad,0.8304,3636.7,1662.8,3925.1,1925.5
/srv/shared_leopard_toad/2025/Documents/06.10-13.10.2025/4Z/108MEDIA/DSCF0877.JPG,DSCF0877.JPG,4Z/108MEDIA,0,Other_Amphibian,0.3180,3220.0,1957.5,3347.9,2096.2
/srv/shared_leopard_toad/2025/Documents/06.10-13.10.2025/4Z/108MEDIA/DSCF0877.JPG,DSCF0877.JPG,4Z/108MEDIA,0,Other_Amphibian,0.2778,3219.4,1957.9,3341.4,2097.9
/srv/shared_leopard_toad/2025/Documents/06.10-13.10.2025/4Z/108MEDIA/DSCF0523.JPG,DSCF0523.JPG,4Z/108MEDIA,2,Western_Leopard_Toad,0.2667,3659.7,1647.7,3930.7,1917.8
/srv/shared_leopard_toad/2025/Documents/06.10-13.10.2025/4Z/108MEDIA/DSCF0523.JPG,DSCF0523.JPG,4Z/108MEDIA,0,Other_Amphibian,0.2365,3218.9,1954.5,3344.8,2100.2
/srv/shared_leopard_toad/2025/Documents/06.10-13.10.2025/4Z/108MEDIA/DSCF0523.JPG,DSCF0523.JPG,4Z/108MEDIA,0,Other_Amphibian,0.2309,3219.5,1955.3,3351.4,2099.5
/srv/shared_leopard_toad/2025/Documents/06.10-13.10.2025/4Z/108MEDIA/DSCF0890.JPG,DSCF0890.JPG,4Z/108MEDIA,0,Other_Amphibian,0.4100,2968.5,2475.3,3101.8,2626.2
/srv/shared_leopard_toad/2025/Documents/06.10-13.10.2025/4Z/108MEDIA/DSCF0890.JPG,DSCF0890.JPG,4Z/108MEDIA,0,Other_Amphibian,0.3507,2981.3,2463.2,3104.7,2624.4
/srv/shared_leopard_toad/2025/Documents/06.10-13.10.2025/4Z/108MEDIA/DSCF0262.JPG,DSCF0262.JPG,4Z/108MEDIA,0,Other_Amphibian,0.5420,3219.6,1954.1,3345.1,2094.0
/srv/shared_leopard_toad/2025/Documents/06.10-13.10.2025/4Z/108MEDIA/DSCF0262.JPG,DSCF0262.JPG,4Z/108MEDIA,0,Other_Amphibian,0.4352,3225.7,1952.9,3346.9,2093.5
/srv/shared_leopard_toad/2025/Documents/06.10-13.10.2025/4Z/108MEDIA/DSCF0655.JPG,DSCF0655.JPG,4Z/108MEDIA,0,Other_Amphibian,0.2095,3219.1,1956.9,3346.7,2098.8
/srv/shared_leopard_toad/2025/Documents/06.10-13.10.2025/4Z/108MEDIA/DSCF0655.JPG,DSCF0655.JPG,4Z/108MEDIA,0,Other_Amphibian,0.2013,3220.9,1958.2,3352.7,2098.5
/srv/shared_leopard_toad/2025/Documents/06.10-13.10.2025/4Z/108MEDIA/DSCF0965.JPG,DSCF0965.JPG,4Z/108MEDIA,0,Other_Amphibian,0.2464,2973.0,2486.3,3101.6,2621.8
/srv/shared_leopard_toad/2025/Documents/06.10-13.10.2025/4Z/108MEDIA/DSCF0965.JPG,DSCF0965.JPG,4Z/108MEDIA,0,Other_Amphibian,0.2362,3655.2,1647.9,3930.6,1918.0
/srv/shared_leopard_toad/2025/Documents/06.10-13.10.2025/4Z/108MEDIA/DSCF0750.JPG,DSCF0750.JPG,4Z/108MEDIA,0,Other_Amphibian,0.2605,2972.8,2486.5,3102.3,2625.4
/srv/shared_leopard_toad/2025/Documents/06.10-13.10.2025/4Z/108MEDIA/DSCF0750.JPG,DSCF0750.JPG,4Z/108MEDIA,0,Other_Amphibian,0.2127,2971.3,2479.2,3101.6,2629.2
/srv/shared_leopard_toad/2025/Documents/06.10-13.10.2025/4Z/108MEDIA/DSCF0223.JPG,DSCF0223.JPG,4Z/108MEDIA,0,Other_Amphibian,0.5819,3216.6,1952.6,3348.9,2093.3
/srv/shared_leopard_toad/2025/Documents/06.10-13.10.2025/4Z/108MEDIA/DSCF0223.JPG,DSCF0223.JPG,4Z/108MEDIA,0,Other_Amphibian,0.4906,3223.8,1952.5,3352.7,2092.7
/srv/shared_leopard_toad/2025/Documents/06.10-13.10.2025/4Z/108MEDIA/DSCF0669.JPG,DSCF0669.JPG,4Z/108MEDIA,0,Other_Amphibian,0.2524,3220.2,1955.4,3351.4,2097.9
/srv/shared_leopard_toad/2025/Documents/06.10-13.10.2025/4Z/108MEDIA/DSCF0669.JPG,DSCF0669.JPG,4Z/108MEDIA,0,Other_Amphibian,0.2451,3219.5,1954.6,3346.1,2098.3
/srv/shared_leopard_toad/2025/Documents/06.10-13.10.2025/4Z/108MEDIA/DSCF0745.JPG,DSCF0745.JPG,4Z/108MEDIA,0,Other_Amphibian,0.3406,3218.5,1955.7,3350.5,2096.2
/srv/shared_leopard_toad/2025/Documents/06.10-13.10.2025/4Z/108MEDIA/DSCF0745.JPG,DSCF0745.JPG,4Z/108MEDIA,0,Other_Amphibian,0.3406,3221.1,1954.8,3348.1,2096.6
/srv/shared_leopard_toad/2025/Documents/06.10-13.10.2025/4Z/108MEDIA/DSCF0127.JPG,DSCF0127.JPG,4Z/108MEDIA,0,Other_Amphibian,0.5896,3215.6,1952.1,3351.1,2094.5
/srv/shared_leopard_toad/2025/Documents/06.10-13.10.2025/4Z/108MEDIA/DSCF0127.JPG,DSCF0127.JPG,4Z/108MEDIA,0,Other_Amphibian,0.5185,3222.4,1952.4,3353.8,2094.5
/srv/shared_leopard_toad/2025/Documents/06.10-13.10.2025/4Z/108MEDIA/DSCF0753.JPG,DSCF0753.JPG,4Z/108MEDIA,0,Other_Amphibian,0.2644,2978.6,2455.3,3102.3,2626.4
/srv/shared_leopard_toad/2025/Documents/06.10-13.10.2025/4Z/108MEDIA/DSCF0753.JPG,DSCF0753.JPG,4Z/108MEDIA,0,Other_Amphibian,0.2377,3220.3,1955.2,3349.3,2098.1
/srv/shared_leopard_toad/2025/Documents/06.10-13.10.2025/4Z/108MEDIA/DSCF0753.JPG,DSCF0753.JPG,4Z/108MEDIA,0,Other_Amphibian,0.2201,2971.9,2458.7,3104.7,2625.7
/srv/shared_leopard_toad/2025/Documents/06.10-13.10.2025/4Z/108MEDIA/DSCF0753.JPG,DSCF0753.JPG,4Z/108MEDIA,0,Other_Amphibian,0.2144,3216.2,1954.8,3339.8,2098.9
/srv/shared_leopard_toad/2025/Documents/06.10-13.10.2025/4Z/108MEDIA/DSCF0095.JPG,DSCF0095.JPG,4Z/108MEDIA,0,Other_Amphibian,0.5637,3215.1,1952.8,3348.2,2094.2
/srv/shared_leopard_toad/2025/Documents/06.10-13.10.2025/4Z/108MEDIA/DSCF0095.JPG,DSCF0095.JPG,4Z/108MEDIA,0,Other_Amphibian,0.4675,3223.5,1952.7,3351.2,2093.8
/srv/shared_leopard_toad/2025/Documents/06.10-13.10.2025/4Z/108MEDIA/DSCF0095.JPG,DSCF0095.JPG,4Z/108MEDIA,0,Other_Amphibian,0.2271,2980.2,2459.6,3105.5,2627.8
/srv/shared_leopard_toad/2025/Documents/06.10-13.10.2025/4Z/108MEDIA/DSCF0095.JPG,DSCF0095.JPG,4Z/108MEDIA,0,Other_Amphibian,0.2267,2972.4,2464.1,3106.8,2626.5
/srv/shared_leopard_toad/2025/Documents/06.10-13.10.2025/4Z/108MEDIA/DSCF0363.JPG,DSCF0363.JPG,4Z/108MEDIA,2,Western_Leopard_Toad,0.8316,3642.7,1662.2,3929.7,1923.0
/srv/shared_leopard_toad/2025/Documents/06.10-13.10.2025/4Z/108MEDIA/DSCF0154.JPG,DSCF0154.JPG,4Z/108MEDIA,0,Other_Amphibian,0.5501,3219.8,1952.0,3350.7,2094.8
/srv/shared_leopard_toad/2025/Documents/06.10-13.10.2025/4Z/108MEDIA/DSCF0154.JPG,DSCF0154.JPG,4Z/108MEDIA,0,Other_Amphibian,0.4604,3227.0,1952.2,3353.6,2094.7
/srv/shared_leopard_toad/2025/Documents/06.10-13.10.2025/4Z/108MEDIA/DSCF0376.JPG,DSCF0376.JPG,4Z/108MEDIA,2,Western_Leopard_Toad,0.8656,3648.6,1660.5,3930.4,1923.6
/srv/shared_leopard_toad/2025/Documents/06.10-13.10.2025/4Z/108MEDIA/DSCF0186.JPG,DSCF0186.JPG,4Z/108MEDIA,0,Other_Amphibian,0.5884,3216.4,1952.0,3353.7,2098.3
/srv/shared_leopard_toad/2025/Documents/06.10-13.10.2025/4Z/108MEDIA/DSCF0186.JPG,DSCF0186.JPG,4Z/108MEDIA,0,Other_Amphibian,0.4760,3222.4,1952.5,3353.1,2097.4
/srv/shared_leopard_toad/2025/Documents/06.10-13.10.2025/4Z/108MEDIA/DSCF0186.JPG,DSCF0186.JPG,4Z/108MEDIA,0,Other_Amphibian,0.2161,2972.4,2477.7,3111.0,2641.6
/srv/shared_leopard_toad/2025/Documents/06.10-13.10.2025/4Z/108MEDIA/DSCF0196.JPG,DSCF0196.JPG,4Z/108MEDIA,0,Other_Amphibian,0.4675,3219.0,1950.8,3351.9,2098.8
/srv/shared_leopard_toad/2025/Documents/06.10-13.10.2025/4Z/108MEDIA/DSCF0196.JPG,DSCF0196.JPG,4Z/108MEDIA,0,Other_Amphibian,0.3878,3222.3,1952.1,3353.5,2099.0
/srv/shared_leopard_toad/2025/Documents/06.10-13.10.2025/4Z/108MEDIA/DSCF0196.JPG,DSCF0196.JPG,4Z/108MEDIA,0,Other_Amphibian,0.2162,2965.1,2461.3,3116.2,2651.1
/srv/shared_leopard_toad/2025/Documents/06.10-13.10.2025/4Z/108MEDIA/DSCF0478.JPG,DSCF0478.JPG,4Z/108MEDIA,0,Other_Amphibian,0.3044,2976.8,2443.8,3112.3,2630.9
/srv/shared_leopard_toad/2025/Documents/06.10-13.10.2025/4Z/108MEDIA/DSCF0478.JPG,DSCF0478.JPG,4Z/108MEDIA,0,Other_Amphibian,0.2435,2971.2,2446.1,3114.4,2629.4
/srv/shared_leopard_toad/2025/Documents/06.10-13.10.2025/4Z/108MEDIA/DSCF0478.JPG,DSCF0478.JPG,4Z/108MEDIA,0,Other_Amphibian,0.2173,2968.6,2444.4,3112.3,2637.3
/srv/shared_leopard_toad/2025/Documents/06.10-13.10.2025/4Z/108MEDIA/DSCF0123.JPG,DSCF0123.JPG,4Z/108MEDIA,0,Other_Amphibian,0.5187,3217.4,1949.9,3350.0,2094.7
/srv/shared_leopard_toad/2025/Documents/06.10-13.10.2025/4Z/108MEDIA/DSCF0123.JPG,DSCF0123.JPG,4Z/108MEDIA,0,Other_Amphibian,0.4502,3225.2,1950.0,3354.3,2095.0
/srv/shared_leopard_toad/2025/Documents/06.10-13.10.2025/4Z/108MEDIA/DSCF0666.JPG,DSCF0666.JPG,4Z/108MEDIA,0,Other_Amphibian,0.2097,3218.2,1953.4,3342.4,2099.9
/srv/shared_leopard_toad/2025/Documents/06.10-13.10.2025/4Z/108MEDIA/DSCF0280.JPG,DSCF0280.JPG,4Z/108MEDIA,2,Western_Leopard_Toad,0.5856,3643.6,1661.8,3930.2,1921.3
/srv/shared_leopard_toad/2025/Documents/06.10-13.10.2025/4Z/108MEDIA/DSCF0280.JPG,DSCF0280.JPG,4Z/108MEDIA,0,Other_Amphibian,0.4821,3217.1,1966.8,3360.2,2127.2
/srv/shared_leopard_toad/2025/Documents/06.10-13.10.2025/4Z/108MEDIA/DSCF0280.JPG,DSCF0280.JPG,4Z/108MEDIA,2,Western_Leopard_Toad,0.3539,3648.7,1664.3,3932.2,1922.1
/srv/shared_leopard_toad/2025/Documents/06.10-13.10.2025/4Z/108MEDIA/DSCF0049.JPG,DSCF0049.JPG,4Z/108MEDIA,0,Other_Amphibian,0.5783,3217.9,1950.0,3351.8,2094.5
/srv/shared_leopard_toad/2025/Documents/06.10-13.10.2025/4Z/108MEDIA/DSCF0049.JPG,DSCF0049.JPG,4Z/108MEDIA,0,Other_Amphibian,0.5024,3224.8,1950.9,3353.0,2095.0
/srv/shared_leopard_toad/2025/Documents/06.10-13.10.2025/4Z/108MEDIA/DSCF0208.JPG,DSCF0208.JPG,4Z/108MEDIA,0,Other_Amphibian,0.6233,3215.7,1952.3,3349.5,2096.9
/srv/shared_leopard_toad/2025/Documents/06.10-13.10.2025/4Z/108MEDIA/DSCF0208.JPG,DSCF0208.JPG,4Z/108MEDIA,0,Other_Amphibian,0.5413,3222.6,1952.3,3349.9,2096.1
/srv/shared_leopard_toad/2025/Documents/06.10-13.10.2025/4Z/108MEDIA/DSCF0635.JPG,DSCF0635.JPG,4Z/108MEDIA,0,Other_Amphibian,0.3328,2969.8,2486.1,3104.7,2627.7
/srv/shared_leopard_toad/2025/Documents/06.10-13.10.2025/4Z/108MEDIA/DSCF0635.JPG,DSCF0635.JPG,4Z/108MEDIA,0,Other_Amphibian,0.2689,2971.2,2480.7,3104.8,2627.4
/srv/shared_leopard_toad/2025/Documents/06.10-13.10.2025/4Z/108MEDIA/DSCF0635.JPG,DSCF0635.JPG,4Z/108MEDIA,0,Other_Amphibian,0.2409,2977.2,2475.2,3101.4,2628.4
/srv/shared_leopard_toad/2025/Documents/06.10-13.10.2025/4Z/108MEDIA/DSCF0065.JPG,DSCF0065.JPG,4Z/108MEDIA,0,Other_Amphibian,0.5324,3219.5,1951.4,3349.4,2096.2
/srv/shared_leopard_toad/2025/Documents/06.10-13.10.2025/4Z/108MEDIA/DSCF0065.JPG,DSCF0065.JPG,4Z/108MEDIA,0,Other_Amphibian,0.4407,3228.0,1951.0,3354.1,2096.0
/srv/shared_leopard_toad/2025/Documents/06.10-13.10.2025/4Z/108MEDIA/DSCF0414.JPG,DSCF0414.JPG,4Z/108MEDIA,0,Other_Amphibian,0.2095,3220.8,1954.8,3344.2,2100.0
/srv/shared_leopard_toad/2025/Documents/06.10-13.10.2025/4Z/108MEDIA/DSCF0820.JPG,DSCF0820.JPG,4Z/108MEDIA,0,Other_Amphibian,0.2921,3216.5,1956.6,3350.7,2097.2
/srv/shared_leopard_toad/2025/Documents/06.10-13.10.2025/4Z/108MEDIA/DSCF0820.JPG,DSCF0820.JPG,4Z/108MEDIA,0,Other_Amphibian,0.2900,3217.8,1955.7,3345.4,2097.5
/srv/shared_leopard_toad/2025/Documents/06.10-13.10.2025/4Z/108MEDIA/DSCF0820.JPG,DSCF0820.JPG,4Z/108MEDIA,0,Other_Amphibian,0.2818,2968.4,2472.1,3105.0,2627.1
/srv/shared_leopard_toad/2025/Documents/06.10-13.10.2025/4Z/108MEDIA/DSCF0820.JPG,DSCF0820.JPG,4Z/108MEDIA,0,Other_Amphibian,0.2707,2970.2,2466.9,3104.7,2629.8
/srv/shared_leopard_toad/2025/Documents/06.10-13.10.2025/4Z/108MEDIA/DSCF0820.JPG,DSCF0820.JPG,4Z/108MEDIA,0,Other_Amphibian,0.2668,2979.0,2458.2,3103.3,2626.2
/srv/shared_leopard_toad/2025/Documents/06.10-13.10.2025/4Z/108MEDIA/DSCF0782.JPG,DSCF0782.JPG,4Z/108MEDIA,0,Other_Amphibian,0.2497,3218.5,1955.3,3348.9,2097.3
/srv/shared_leopard_toad/2025/Documents/06.10-13.10.2025/4Z/108MEDIA/DSCF0782.JPG,DSCF0782.JPG,4Z/108MEDIA,0,Other_Amphibian,0.2274,3216.4,1954.9,3339.6,2098.6
/srv/shared_leopard_toad/2025/Documents/06.10-13.10.2025/4Z/108MEDIA/DSCF0782.JPG,DSCF0782.JPG,4Z/108MEDIA,2,Western_Leopard_Toad,0.2008,3652.5,1647.6,3926.7,1919.4
/srv/shared_leopard_toad/2025/Documents/06.10-13.10.2025/4Z/108MEDIA/DSCF0074.JPG,DSCF0074.JPG,4Z/108MEDIA,0,Other_Amphibian,0.5771,3214.9,1950.6,3349.4,2095.8
/srv/shared_leopard_toad/2025/Documents/06.10-13.10.2025/4Z/108MEDIA/DSCF0074.JPG,DSCF0074.JPG,4Z/108MEDIA,0,Other_Amphibian,0.4942,3223.0,1950.8,3352.1,2095.3
/srv/shared_leopard_toad/2025/Documents/06.10-13.10.2025/4Z/108MEDIA/DSCF0110.JPG,DSCF0110.JPG,4Z/108MEDIA,0,Other_Amphibian,0.5573,3215.4,1951.1,3348.0,2096.0
/srv/shared_leopard_toad/2025/Documents/06.10-13.10.2025/4Z/108MEDIA/DSCF0110.JPG,DSCF0110.JPG,4Z/108MEDIA,0,Other_Amphibian,0.4868,3225.5,1950.4,3353.8,2095.0
/srv/shared_leopard_toad/2025/Documents/06.10-13.10.2025/4Z/108MEDIA/DSCF0421.JPG,DSCF0421.JPG,4Z/108MEDIA,0,Other_Amphibian,0.2346,2976.0,2449.6,3104.1,2622.0
/srv/shared_leopard_toad/2025/Documents/06.10-13.10.2025/4Z/108MEDIA/DSCF0421.JPG,DSCF0421.JPG,4Z/108MEDIA,0,Other_Amphibian,0.2129,2966.7,2460.1,3104.0,2622.0
/srv/shared_leopard_toad/2025/Documents/06.10-13.10.2025/4Z/108MEDIA/DSCF0907.JPG,DSCF0907.JPG,4Z/108MEDIA,0,Other_Amphibian,0.2981,2968.3,2470.2,3100.8,2625.6
/srv/shared_leopard_toad/2025/Documents/06.10-13.10.2025/4Z/108MEDIA/DSCF0907.JPG,DSCF0907.JPG,4Z/108MEDIA,0,Other_Amphibian,0.2818,2978.9,2455.4,3100.9,2624.0
/srv/shared_leopard_toad/2025/Documents/06.10-13.10.2025/4Z/108MEDIA/DSCF0533.JPG,DSCF0533.JPG,4Z/108MEDIA,0,Other_Amphibian,0.3510,2975.8,2449.7,3106.1,2617.2
/srv/shared_leopard_toad/2025/Documents/06.10-13.10.2025/4Z/108MEDIA/DSCF0533.JPG,DSCF0533.JPG,4Z/108MEDIA,0,Other_Amphibian,0.3184,2971.2,2450.6,3108.2,2617.9
/srv/shared_leopard_toad/2025/Documents/06.10-13.10.2025/4Z/108MEDIA/DSCF0533.JPG,DSCF0533.JPG,4Z/108MEDIA,0,Other_Amphibian,0.2478,3221.4,1952.8,3346.9,2100.3
/srv/shared_leopard_toad/2025/Documents/06.10-13.10.2025/4Z/108MEDIA/DSCF0533.JPG,DSCF0533.JPG,4Z/108MEDIA,0,Other_Amphibian,0.2389,3218.7,1954.3,3351.5,2100.5
/srv/shared_leopard_toad/2025/Documents/06.10-13.10.2025/4Z/108MEDIA/DSCF0533.JPG,DSCF0533.JPG,4Z/108MEDIA,0,Other_Amphibian,0.2046,3657.5,1646.9,3928.8,1919.1
/srv/shared_leopard_toad/2025/Documents/06.10-13.10.2025/4Z/108MEDIA/DSCF0511.JPG,DSCF0511.JPG,4Z/108MEDIA,0,Other_Amphibian,0.2343,3657.1,1647.7,3932.1,1919.6
/srv/shared_leopard_toad/2025/Documents/06.10-13.10.2025/4Z/108MEDIA/DSCF0503.JPG,DSCF0503.JPG,4Z/108MEDIA,0,Other_Amphibian,0.2647,3219.3,1954.4,3345.2,2098.9
/srv/shared_leopard_toad/2025/Documents/06.10-13.10.2025/4Z/108MEDIA/DSCF0503.JPG,DSCF0503.JPG,4Z/108MEDIA,0,Other_Amphibian,0.2642,3220.0,1955.7,3350.9,2098.6
/srv/shared_leopard_toad/2025/Documents/06.10-13.10.2025/4Z/108MEDIA/DSCF0885.JPG,DSCF0885.JPG,4Z/108MEDIA,0,Other_Amphibian,0.2724,2970.4,2470.9,3100.1,2618.9
/srv/shared_leopard_toad/2025/Documents/06.10-13.10.2025/4Z/108MEDIA/DSCF0885.JPG,DSCF0885.JPG,4Z/108MEDIA,0,Other_Amphibian,0.2351,2979.1,2457.8,3100.1,2618.2
/srv/shared_leopard_toad/2025/Documents/06.10-13.10.2025/4Z/108MEDIA/DSCF0418.JPG,DSCF0418.JPG,4Z/108MEDIA,0,Other_Amphibian,0.2004,3218.9,1956.4,3351.4,2100.2
/srv/shared_leopard_toad/2025/Documents/06.10-13.10.2025/4Z/108MEDIA/DSCF0211.JPG,DSCF0211.JPG,4Z/108MEDIA,0,Other_Amphibian,0.5227,3219.4,1952.0,3349.1,2094.9
/srv/shared_leopard_toad/2025/Documents/06.10-13.10.2025/4Z/108MEDIA/DSCF0211.JPG,DSCF0211.JPG,4Z/108MEDIA,0,Other_Amphibian,0.3767,3226.7,1953.4,3346.3,2097.4
/srv/shared_leopard_toad/2025/Documents/06.10-13.10.2025/4Z/108MEDIA/DSCF0621.JPG,DSCF0621.JPG,4Z/108MEDIA,0,Other_Amphibian,0.2617,2967.8,2468.6,3103.3,2642.4
/srv/shared_leopard_toad/2025/Documents/06.10-13.10.2025/4Z/108MEDIA/DSCF0621.JPG,DSCF0621.JPG,4Z/108MEDIA,0,Other_Amphibian,0.2612,3217.7,1954.8,3350.3,2098.7
/srv/shared_leopard_toad/2025/Documents/06.10-13.10.2025/4Z/108MEDIA/DSCF0621.JPG,DSCF0621.JPG,4Z/108MEDIA,0,Other_Amphibian,0.2341,3218.0,1954.2,3343.6,2099.2
/srv/shared_leopard_toad/2025/Documents/06.10-13.10.2025/4Z/108MEDIA/DSCF0030.JPG,DSCF0030.JPG,4Z/108MEDIA,0,Other_Amphibian,0.5373,3217.5,1951.5,3350.8,2095.3
/srv/shared_leopard_toad/2025/Documents/06.10-13.10.2025/4Z/108MEDIA/DSCF0030.JPG,DSCF0030.JPG,4Z/108MEDIA,0,Other_Amphibian,0.4402,3225.4,1952.2,3354.4,2095.9
/srv/shared_leopard_toad/2025/Documents/06.10-13.10.2025/4Z/108MEDIA/DSCF0483.JPG,DSCF0483.JPG,4Z/108MEDIA,0,Other_Amphibian,0.2497,3218.4,1953.7,3350.6,2099.0
/srv/shared_leopard_toad/2025/Documents/06.10-13.10.2025/4Z/108MEDIA/DSCF0483.JPG,DSCF0483.JPG,4Z/108MEDIA,0,Other_Amphibian,0.2333,3217.7,1953.0,3343.2,2099.3
/srv/shared_leopard_toad/2025/Documents/06.10-13.10.2025/4Z/108MEDIA/DSCF0483.JPG,DSCF0483.JPG,4Z/108MEDIA,0,Other_Amphibian,0.2024,2973.0,2470.4,3105.0,2630.7
/srv/shared_leopard_toad/2025/Documents/06.10-13.10.2025/4Z/108MEDIA/DSCF0121.JPG,DSCF0121.JPG,4Z/108MEDIA,0,Other_Amphibian,0.6134,3218.0,1953.2,3348.9,2091.9
/srv/shared_leopard_toad/2025/Documents/06.10-13.10.2025/4Z/108MEDIA/DSCF0121.JPG,DSCF0121.JPG,4Z/108MEDIA,0,Other_Amphibian,0.5213,3225.8,1953.8,3351.9,2092.7
/srv/shared_leopard_toad/2025/Documents/06.10-13.10.2025/4Z/108MEDIA/DSCF0937.JPG,DSCF0937.JPG,4Z/108MEDIA,0,Other_Amphibian,0.2244,2972.3,2479.2,3098.2,2621.2
/srv/shared_leopard_toad/2025/Documents/06.10-13.10.2025/4Z/108MEDIA/DSCF0790.JPG,DSCF0790.JPG,4Z/108MEDIA,0,Other_Amphibian,0.2709,3218.7,1954.9,3351.8,2097.7
/srv/shared_leopard_toad/2025/Documents/06.10-13.10.2025/4Z/108MEDIA/DSCF0790.JPG,DSCF0790.JPG,4Z/108MEDIA,0,Other_Amphibian,0.2344,3217.2,1955.0,3344.0,2098.9
/srv/shared_leopard_toad/2025/Documents/06.10-13.10.2025/4Z/108MEDIA/DSCF0333.JPG,DSCF0333.JPG,4Z/108MEDIA,2,Western_Leopard_Toad,0.7619,3643.4,1663.4,3924.3,1924.7
/srv/shared_leopard_toad/2025/Documents/06.10-13.10.2025/4Z/108MEDIA/DSCF0805.JPG,DSCF0805.JPG,4Z/108MEDIA,0,Other_Amphibian,0.3291,2970.8,2464.3,3102.2,2625.8
/srv/shared_leopard_toad/2025/Documents/06.10-13.10.2025/4Z/108MEDIA/DSCF0805.JPG,DSCF0805.JPG,4Z/108MEDIA,0,Other_Amphibian,0.2643,2978.8,2456.0,3101.6,2625.5
/srv/shared_leopard_toad/2025/Documents/06.10-13.10.2025/4Z/108MEDIA/DSCF0113.JPG,DSCF0113.JPG,4Z/108MEDIA,0,Other_Amphibian,0.5785,3217.9,1952.9,3349.7,2094.4
/srv/shared_leopard_toad/2025/Documents/06.10-13.10.2025/4Z/108MEDIA/DSCF0113.JPG,DSCF0113.JPG,4Z/108MEDIA,0,Other_Amphibian,0.4804,3226.6,1952.8,3353.3,2094.3
/srv/shared_leopard_toad/2025/Documents/06.10-13.10.2025/4Z/108MEDIA/DSCF0387.JPG,DSCF0387.JPG,4Z/108MEDIA,2,Western_Leopard_Toad,0.8681,3643.4,1660.8,3930.3,1923.7
/srv/shared_leopard_toad/2025/Documents/06.10-13.10.2025/4Z/108MEDIA/DSCF0867.JPG,DSCF0867.JPG,4Z/108MEDIA,0,Other_Amphibian,0.2647,2972.6,2484.0,3104.6,2628.0
/srv/shared_leopard_toad/2025/Documents/06.10-13.10.2025/4Z/108MEDIA/DSCF0867.JPG,DSCF0867.JPG,4Z/108MEDIA,0,Other_Amphibian,0.2629,3217.9,1954.1,3350.0,2096.7
/srv/shared_leopard_toad/2025/Documents/06.10-13.10.2025/4Z/108MEDIA/DSCF0867.JPG,DSCF0867.JPG,4Z/108MEDIA,0,Other_Amphibian,0.2444,3216.2,1953.2,3343.3,2097.0
/srv/shared_leopard_toad/2025/Documents/06.10-13.10.2025/4Z/108MEDIA/DSCF0867.JPG,DSCF0867.JPG,4Z/108MEDIA,0,Other_Amphibian,0.2241,2974.7,2475.6,3105.1,2629.9
/srv/shared_leopard_toad/2025/Documents/06.10-13.10.2025/4Z/108MEDIA/DSCF0874.JPG,DSCF0874.JPG,4Z/108MEDIA,0,Other_Amphibian,0.3018,2968.6,2467.7,3098.4,2619.0
/srv/shared_leopard_toad/2025/Documents/06.10-13.10.2025/4Z/108MEDIA/DSCF0874.JPG,DSCF0874.JPG,4Z/108MEDIA,0,Other_Amphibian,0.2612,2979.4,2449.5,3099.9,2618.3
/srv/shared_leopard_toad/2025/Documents/06.10-13.10.2025/4Z/108MEDIA/DSCF0786.JPG,DSCF0786.JPG,4Z/108MEDIA,0,Other_Amphibian,0.3130,3216.1,1954.9,3349.6,2097.9
/srv/shared_leopard_toad/2025/Documents/06.10-13.10.2025/4Z/108MEDIA/DSCF0786.JPG,DSCF0786.JPG,4Z/108MEDIA,0,Other_Amphibian,0.2936,3220.3,1955.1,3347.1,2099.7
/srv/shared_leopard_toad/2025/Documents/06.10-13.10.2025/4Z/108MEDIA/DSCF0091.JPG,DSCF0091.JPG,4Z/108MEDIA,0,Other_Amphibian,0.4757,3217.9,1953.5,3348.1,2094.0
/srv/shared_leopard_toad/2025/Documents/06.10-13.10.2025/4Z/108MEDIA/DSCF0091.JPG,DSCF0091.JPG,4Z/108MEDIA,0,Other_Amphibian,0.3637,3224.6,1954.4,3350.4,2095.5
/srv/shared_leopard_toad/2025/Documents/06.10-13.10.2025/4Z/108MEDIA/DSCF0660.JPG,DSCF0660.JPG,4Z/108MEDIA,0,Other_Amphibian,0.2562,3219.4,1954.0,3344.3,2098.3
/srv/shared_leopard_toad/2025/Documents/06.10-13.10.2025/4Z/108MEDIA/DSCF0660.JPG,DSCF0660.JPG,4Z/108MEDIA,0,Other_Amphibian,0.2468,3220.4,1955.9,3350.5,2098.6
/srv/shared_leopard_toad/2025/Documents/06.10-13.10.2025/4Z/108MEDIA/DSCF0660.JPG,DSCF0660.JPG,4Z/108MEDIA,0,Other_Amphibian,0.2202,2973.7,2487.9,3101.6,2624.5
/srv/shared_leopard_toad/2025/Documents/06.10-13.10.2025/4Z/108MEDIA/DSCF0660.JPG,DSCF0660.JPG,4Z/108MEDIA,0,Other_Amphibian,0.2022,2968.6,2480.4,3098.6,2630.7
/srv/shared_leopard_toad/2025/Documents/06.10-13.10.2025/4Z/108MEDIA/DSCF0554.JPG,DSCF0554.JPG,4Z/108MEDIA,0,Other_Amphibian,0.2854,2969.5,2467.3,3100.4,2623.4
/srv/shared_leopard_toad/2025/Documents/06.10-13.10.2025/4Z/108MEDIA/DSCF0554.JPG,DSCF0554.JPG,4Z/108MEDIA,0,Other_Amphibian,0.2134,3655.3,1647.4,3926.7,1918.9
/srv/shared_leopard_toad/2025/Documents/06.10-13.10.2025/4Z/108MEDIA/DSCF0554.JPG,DSCF0554.JPG,4Z/108MEDIA,0,Other_Amphibian,0.2081,2977.4,2458.6,3099.8,2623.4
/srv/shared_leopard_toad/2025/Documents/06.10-13.10.2025/4Z/108MEDIA/DSCF0942.JPG,DSCF0942.JPG,4Z/108MEDIA,0,Other_Amphibian,0.3252,2980.5,2459.2,3103.2,2622.8
/srv/shared_leopard_toad/2025/Documents/06.10-13.10.2025/4Z/108MEDIA/DSCF0942.JPG,DSCF0942.JPG,4Z/108MEDIA,0,Other_Amphibian,0.3020,2970.4,2468.2,3103.0,2623.5
/srv/shared_leopard_toad/2025/Documents/06.10-13.10.2025/4Z/108MEDIA/DSCF0991.JPG,DSCF0991.JPG,4Z/108MEDIA,0,Other_Amphibian,0.2670,2972.5,2484.0,3105.4,2625.8
/srv/shared_leopard_toad/2025/Documents/06.10-13.10.2025/4Z/108MEDIA/DSCF0991.JPG,DSCF0991.JPG,4Z/108MEDIA,0,Other_Amphibian,0.2285,2982.3,2469.4,3104.4,2626.4
/srv/shared_leopard_toad/2025/Documents/06.10-13.10.2025/4Z/108MEDIA/DSCF0130.JPG,DSCF0130.JPG,4Z/108MEDIA,0,Other_Amphibian,0.5142,3219.6,1950.7,3347.6,2094.4
/srv/shared_leopard_toad/2025/Documents/06.10-13.10.2025/4Z/108MEDIA/DSCF0130.JPG,DSCF0130.JPG,4Z/108MEDIA,0,Other_Amphibian,0.4350,3224.8,1950.7,3347.9,2093.7
/srv/shared_leopard_toad/2025/Documents/06.10-13.10.2025/4Z/108MEDIA/DSCF0691.JPG,DSCF0691.JPG,4Z/108MEDIA,0,Other_Amphibian,0.2640,2978.4,2452.0,3104.3,2632.1
/srv/shared_leopard_toad/2025/Documents/06.10-13.10.2025/4Z/108MEDIA/DSCF0691.JPG,DSCF0691.JPG,4Z/108MEDIA,0,Other_Amphibian,0.2592,2969.0,2460.2,3104.7,2635.6
/srv/shared_leopard_toad/2025/Documents/06.10-13.10.2025/4Z/108MEDIA/DSCF0691.JPG,DSCF0691.JPG,4Z/108MEDIA,0,Other_Amphibian,0.2519,2968.5,2467.6,3105.0,2632.7
/srv/shared_leopard_toad/2025/Documents/06.10-13.10.2025/4Z/108MEDIA/DSCF0742.JPG,DSCF0742.JPG,4Z/108MEDIA,0,Other_Amphibian,0.3179,2970.4,2471.1,3100.3,2625.8
/srv/shared_leopard_toad/2025/Documents/06.10-13.10.2025/4Z/108MEDIA/DSCF0742.JPG,DSCF0742.JPG,4Z/108MEDIA,0,Other_Amphibian,0.2747,2980.5,2463.5,3098.8,2623.8
/srv/shared_leopard_toad/2025/Documents/06.10-13.10.2025/4Z/108MEDIA/DSCF0742.JPG,DSCF0742.JPG,4Z/108MEDIA,2,Western_Leopard_Toad,0.2197,3655.0,1648.6,3928.3,1917.8
/srv/shared_leopard_toad/2025/Documents/06.10-13.10.2025/4Z/108MEDIA/DSCF0966.JPG,DSCF0966.JPG,4Z/108MEDIA,0,Other_Amphibian,0.2452,2978.6,2464.5,3101.6,2623.4
/srv/shared_leopard_toad/2025/Documents/06.10-13.10.2025/4Z/108MEDIA/DSCF0966.JPG,DSCF0966.JPG,4Z/108MEDIA,0,Other_Amphibian,0.2142,3654.9,1647.3,3930.0,1916.7
/srv/shared_leopard_toad/2025/Documents/06.10-13.10.2025/4Z/108MEDIA/DSCF0966.JPG,DSCF0966.JPG,4Z/108MEDIA,0,Other_Amphibian,0.2020,2973.7,2461.2,3105.6,2630.9
/srv/shared_leopard_toad/2025/Documents/06.10-13.10.2025/4Z/108MEDIA/DSCF0632.JPG,DSCF0632.JPG,4Z/108MEDIA,0,Other_Amphibian,0.2085,2972.6,2466.3,3102.2,2619.0
/srv/shared_leopard_toad/2025/Documents/06.10-13.10.2025/4Z/108MEDIA/DSCF0031.JPG,DSCF0031.JPG,4Z/108MEDIA,0,Other_Amphibian,0.5450,3216.9,1950.6,3351.9,2094.8
/srv/shared_leopard_toad/2025/Documents/06.10-13.10.2025/4Z/108MEDIA/DSCF0031.JPG,DSCF0031.JPG,4Z/108MEDIA,0,Other_Amphibian,0.4524,3223.8,1951.4,3353.7,2095.7
/srv/shared_leopard_toad/2025/Documents/06.10-13.10.2025/4Z/108MEDIA/DSCF0985.JPG,DSCF0985.JPG,4Z/108MEDIA,0,Other_Amphibian,0.3199,2972.0,2491.3,3104.6,2632.0
/srv/shared_leopard_toad/2025/Documents/06.10-13.10.2025/4Z/108MEDIA/DSCF0985.JPG,DSCF0985.JPG,4Z/108MEDIA,0,Other_Amphibian,0.3148,2972.7,2494.9,3102.8,2622.6
/srv/shared_leopard_toad/2025/Documents/06.10-13.10.2025/4Z/108MEDIA/DSCF0985.JPG,DSCF0985.JPG,4Z/108MEDIA,0,Other_Amphibian,0.2147,2977.1,2493.1,3099.9,2624.9
/srv/shared_leopard_toad/2025/Documents/06.10-13.10.2025/4Z/108MEDIA/DSCF0841.JPG,DSCF0841.JPG,4Z/108MEDIA,2,Western_Leopard_Toad,0.3485,3655.7,1647.5,3931.4,1918.0
/srv/shared_leopard_toad/2025/Documents/06.10-13.10.2025/4Z/108MEDIA/DSCF0841.JPG,DSCF0841.JPG,4Z/108MEDIA,0,Other_Amphibian,0.2867,3218.5,1956.2,3350.1,2098.2
/srv/shared_leopard_toad/2025/Documents/06.10-13.10.2025/4Z/108MEDIA/DSCF0841.JPG,DSCF0841.JPG,4Z/108MEDIA,0,Other_Amphibian,0.2858,2969.7,2462.9,3099.3,2619.7
/srv/shared_leopard_toad/2025/Documents/06.10-13.10.2025/4Z/108MEDIA/DSCF0841.JPG,DSCF0841.JPG,4Z/108MEDIA,0,Other_Amphibian,0.2632,3217.2,1957.3,3343.7,2100.7
/srv/shared_leopard_toad/2025/Documents/06.10-13.10.2025/4Z/108MEDIA/DSCF0841.JPG,DSCF0841.JPG,4Z/108MEDIA,0,Other_Amphibian,0.2442,2978.9,2455.8,3098.5,2619.2
/srv/shared_leopard_toad/2025/Documents/06.10-13.10.2025/4Z/108MEDIA/DSCF0391.JPG,DSCF0391.JPG,4Z/108MEDIA,2,Western_Leopard_Toad,0.7883,3646.4,1659.0,3929.5,1923.8
/srv/shared_leopard_toad/2025/Documents/06.10-13.10.2025/4Z/108MEDIA/DSCF0391.JPG,DSCF0391.JPG,4Z/108MEDIA,2,Western_Leopard_Toad,0.2179,31.3,2288.7,1020.7,2864.1
/srv/shared_leopard_toad/2025/Documents/06.10-13.10.2025/4Z/108MEDIA/DSCF0191.JPG,DSCF0191.JPG,4Z/108MEDIA,0,Other_Amphibian,0.5975,3216.8,1952.9,3351.0,2092.3
/srv/shared_leopard_toad/2025/Documents/06.10-13.10.2025/4Z/108MEDIA/DSCF0191.JPG,DSCF0191.JPG,4Z/108MEDIA,0,Other_Amphibian,0.5203,3222.6,1953.5,3352.2,2092.7
/srv/shared_leopard_toad/2025/Documents/06.10-13.10.2025/4Z/108MEDIA/DSCF0500.JPG,DSCF0500.JPG,4Z/108MEDIA,0,Other_Amphibian,0.3039,2971.2,2485.6,3104.6,2628.4
/srv/shared_leopard_toad/2025/Documents/06.10-13.10.2025/4Z/108MEDIA/DSCF0500.JPG,DSCF0500.JPG,4Z/108MEDIA,0,Other_Amphibian,0.2521,2972.5,2477.6,3106.1,2631.6
/srv/shared_leopard_toad/2025/Documents/06.10-13.10.2025/4Z/108MEDIA/DSCF0058.JPG,DSCF0058.JPG,4Z/108MEDIA,0,Other_Amphibian,0.5962,3217.5,1951.2,3351.2,2094.6
/srv/shared_leopard_toad/2025/Documents/06.10-13.10.2025/4Z/108MEDIA/DSCF0058.JPG,DSCF0058.JPG,4Z/108MEDIA,0,Other_Amphibian,0.5320,3224.3,1951.0,3354.3,2094.2
/srv/shared_leopard_toad/2025/Documents/06.10-13.10.2025/4Z/108MEDIA/DSCF0169.JPG,DSCF0169.JPG,4Z/108MEDIA,0,Other_Amphibian,0.5574,3215.2,1951.2,3350.4,2097.4
/srv/shared_leopard_toad/2025/Documents/06.10-13.10.2025/4Z/108MEDIA/DSCF0169.JPG,DSCF0169.JPG,4Z/108MEDIA,0,Other_Amphibian,0.4738,3224.5,1951.1,3354.8,2096.5
/srv/shared_leopard_toad/2025/Documents/06.10-13.10.2025/4Z/108MEDIA/DSCF0706.JPG,DSCF0706.JPG,4Z/108MEDIA,0,Other_Amphibian,0.2545,3218.2,1955.0,3347.1,2098.1
/srv/shared_leopard_toad/2025/Documents/06.10-13.10.2025/4Z/108MEDIA/DSCF0706.JPG,DSCF0706.JPG,4Z/108MEDIA,0,Other_Amphibian,0.2393,3219.3,1957.0,3353.5,2098.5
/srv/shared_leopard_toad/2025/Documents/06.10-13.10.2025/4Z/108MEDIA/DSCF0525.JPG,DSCF0525.JPG,4Z/108MEDIA,0,Other_Amphibian,0.2359,3220.3,1955.5,3350.1,2099.2
/srv/shared_leopard_toad/2025/Documents/06.10-13.10.2025/4Z/108MEDIA/DSCF0525.JPG,DSCF0525.JPG,4Z/108MEDIA,0,Other_Amphibian,0.2345,3218.0,1954.9,3342.0,2099.9
/srv/shared_leopard_toad/2025/Documents/06.10-13.10.2025/4Z/108MEDIA/DSCF0798.JPG,DSCF0798.JPG,4Z/108MEDIA,0,Other_Amphibian,0.3372,2969.6,2461.2,3106.5,2623.8
/srv/shared_leopard_toad/2025/Documents/06.10-13.10.2025/4Z/108MEDIA/DSCF0798.JPG,DSCF0798.JPG,4Z/108MEDIA,0,Other_Amphibian,0.3045,2979.2,2456.1,3106.3,2623.1
/srv/shared_leopard_toad/2025/Documents/06.10-13.10.2025/4Z/108MEDIA/DSCF0798.JPG,DSCF0798.JPG,4Z/108MEDIA,0,Other_Amphibian,0.2211,3219.6,1957.5,3352.6,2098.2
/srv/shared_leopard_toad/2025/Documents/06.10-13.10.2025/4Z/108MEDIA/DSCF0798.JPG,DSCF0798.JPG,4Z/108MEDIA,0,Other_Amphibian,0.2102,3216.4,1955.6,3342.8,2097.8
/srv/shared_leopard_toad/2025/Documents/06.10-13.10.2025/4Z/108MEDIA/DSCF0757.JPG,DSCF0757.JPG,4Z/108MEDIA,2,Western_Leopard_Toad,0.3274,3652.5,1647.4,3929.1,1918.4
/srv/shared_leopard_toad/2025/Documents/06.10-13.10.2025/4Z/108MEDIA/DSCF0757.JPG,DSCF0757.JPG,4Z/108MEDIA,0,Other_Amphibian,0.2664,3219.2,1954.4,3348.8,2097.7
/srv/shared_leopard_toad/2025/Documents/06.10-13.10.2025/4Z/108MEDIA/DSCF0757.JPG,DSCF0757.JPG,4Z/108MEDIA,0,Other_Amphibian,0.2342,3218.5,1954.9,3342.0,2099.5
/srv/shared_leopard_toad/2025/Documents/06.10-13.10.2025/4Z/108MEDIA/DSCF0144.JPG,DSCF0144.JPG,4Z/108MEDIA,0,Other_Amphibian,0.5356,3217.0,1952.7,3349.9,2096.8
/srv/shared_leopard_toad/2025/Documents/06.10-13.10.2025/4Z/108MEDIA/DSCF0144.JPG,DSCF0144.JPG,4Z/108MEDIA,0,Other_Amphibian,0.4227,2968.5,2487.7,3125.5,2666.8
/srv/shared_leopard_toad/2025/Documents/06.10-13.10.2025/4Z/108MEDIA/DSCF0144.JPG,DSCF0144.JPG,4Z/108MEDIA,0,Other_Amphibian,0.4029,3224.4,1953.9,3352.6,2096.2
/srv/shared_leopard_toad/2025/Documents/06.10-13.10.2025/4Z/108MEDIA/DSCF0904.JPG,DSCF0904.JPG,4Z/108MEDIA,0,Other_Amphibian,0.3644,2969.1,2481.1,3102.0,2628.0
/srv/shared_leopard_toad/2025/Documents/06.10-13.10.2025/4Z/108MEDIA/DSCF0904.JPG,DSCF0904.JPG,4Z/108MEDIA,0,Other_Amphibian,0.3054,2981.3,2467.8,3104.3,2626.5
/srv/shared_leopard_toad/2025/Documents/06.10-13.10.2025/4Z/108MEDIA/DSCF0238.JPG,DSCF0238.JPG,4Z/108MEDIA,0,Other_Amphibian,0.5396,3220.8,1950.3,3355.8,2097.1
/srv/shared_leopard_toad/2025/Documents/06.10-13.10.2025/4Z/108MEDIA/DSCF0238.JPG,DSCF0238.JPG,4Z/108MEDIA,0,Other_Amphibian,0.4774,3226.5,1950.6,3356.7,2096.1
/srv/shared_leopard_toad/2025/Documents/06.10-13.10.2025/4Z/108MEDIA/DSCF0086.JPG,DSCF0086.JPG,4Z/108MEDIA,0,Other_Amphibian,0.4070,3223.5,1950.8,3348.9,2091.6
/srv/shared_leopard_toad/2025/Documents/06.10-13.10.2025/4Z/108MEDIA/DSCF0086.JPG,DSCF0086.JPG,4Z/108MEDIA,0,Other_Amphibian,0.3354,3222.1,1952.0,3345.9,2093.4
/srv/shared_leopard_toad/2025/Documents/06.10-13.10.2025/4Z/108MEDIA/DSCF0086.JPG,DSCF0086.JPG,4Z/108MEDIA,2,Western_Leopard_Toad,0.2033,3657.7,1648.1,3929.0,1917.5
/srv/shared_leopard_toad/2025/Documents/06.10-13.10.2025/4Z/108MEDIA/DSCF0735.JPG,DSCF0735.JPG,4Z/108MEDIA,2,Western_Leopard_Toad,0.2294,3656.0,1647.4,3930.6,1917.8
/srv/shared_leopard_toad/2025/Documents/06.10-13.10.2025/4Z/108MEDIA/DSCF0735.JPG,DSCF0735.JPG,4Z/108MEDIA,0,Other_Amphibian,0.2148,3217.0,1955.9,3343.1,2100.2
/srv/shared_leopard_toad/2025/Documents/06.10-13.10.2025/4Z/108MEDIA/DSCF0735.JPG,DSCF0735.JPG,4Z/108MEDIA,0,Other_Amphibian,0.2119,3219.8,1956.6,3352.6,2099.3
/srv/shared_leopard_toad/2025/Documents/06.10-13.10.2025/4Z/108MEDIA/DSCF0613.JPG,DSCF0613.JPG,4Z/108MEDIA,0,Other_Amphibian,0.2639,2971.6,2477.0,3104.6,2634.6
/srv/shared_leopard_toad/2025/Documents/06.10-13.10.2025/4Z/108MEDIA/DSCF0613.JPG,DSCF0613.JPG,4Z/108MEDIA,0,Other_Amphibian,0.2415,3215.3,1955.3,3346.2,2098.4
/srv/shared_leopard_toad/2025/Documents/06.10-13.10.2025/4Z/108MEDIA/DSCF0613.JPG,DSCF0613.JPG,4Z/108MEDIA,0,Other_Amphibian,0.2399,2971.5,2480.8,3105.3,2629.8
/srv/shared_leopard_toad/2025/Documents/06.10-13.10.2025/4Z/108MEDIA/DSCF0613.JPG,DSCF0613.JPG,4Z/108MEDIA,0,Other_Amphibian,0.2243,3654.2,1647.9,3928.6,1917.9
/srv/shared_leopard_toad/2025/Documents/06.10-13.10.2025/4Z/108MEDIA/DSCF0551.JPG,DSCF0551.JPG,4Z/108MEDIA,0,Other_Amphibian,0.2810,2968.4,2478.8,3101.7,2622.5
/srv/shared_leopard_toad/2025/Documents/06.10-13.10.2025/4Z/108MEDIA/DSCF0551.JPG,DSCF0551.JPG,4Z/108MEDIA,0,Other_Amphibian,0.2456,3655.2,1641.9,3930.5,1918.0
/srv/shared_leopard_toad/2025/Documents/06.10-13.10.2025/4Z/108MEDIA/DSCF0551.JPG,DSCF0551.JPG,4Z/108MEDIA,0,Other_Amphibian,0.2152,2978.4,2457.7,3101.0,2621.4
/srv/shared_leopard_toad/2025/Documents/06.10-13.10.2025/4Z/108MEDIA/DSCF0748.JPG,DSCF0748.JPG,4Z/108MEDIA,0,Other_Amphibian,0.2935,3652.2,1646.9,3931.4,1917.9
/srv/shared_leopard_toad/2025/Documents/06.10-13.10.2025/4Z/108MEDIA/DSCF0748.JPG,DSCF0748.JPG,4Z/108MEDIA,0,Other_Amphibian,0.2576,3218.9,1955.6,3348.4,2097.0
/srv/shared_leopard_toad/2025/Documents/06.10-13.10.2025/4Z/108MEDIA/DSCF0748.JPG,DSCF0748.JPG,4Z/108MEDIA,0,Other_Amphibian,0.2240,3216.4,1956.4,3340.8,2098.7
/srv/shared_leopard_toad/2025/Documents/06.10-13.10.2025/4Z/108MEDIA/DSCF0748.JPG,DSCF0748.JPG,4Z/108MEDIA,0,Other_Amphibian,0.2119,2971.4,2478.4,3100.5,2621.9
/srv/shared_leopard_toad/2025/Documents/06.10-13.10.2025/4Z/108MEDIA/DSCF0192.JPG,DSCF0192.JPG,4Z/108MEDIA,0,Other_Amphibian,0.5054,3215.9,1952.9,3347.1,2094.2
/srv/shared_leopard_toad/2025/Documents/06.10-13.10.2025/4Z/108MEDIA/DSCF0192.JPG,DSCF0192.JPG,4Z/108MEDIA,0,Other_Amphibian,0.4174,3225.5,1952.4,3351.3,2093.2
/srv/shared_leopard_toad/2025/Documents/06.10-13.10.2025/4Z/108MEDIA/DSCF0114.JPG,DSCF0114.JPG,4Z/108MEDIA,0,Other_Amphibian,0.5571,3217.3,1952.3,3349.1,2094.0
/srv/shared_leopard_toad/2025/Documents/06.10-13.10.2025/4Z/108MEDIA/DSCF0114.JPG,DSCF0114.JPG,4Z/108MEDIA,0,Other_Amphibian,0.4846,3227.1,1952.7,3353.6,2094.9
/srv/shared_leopard_toad/2025/Documents/06.10-13.10.2025/4Z/108MEDIA/DSCF0182.JPG,DSCF0182.JPG,4Z/108MEDIA,0,Other_Amphibian,0.5808,3216.0,1952.7,3349.4,2095.0
/srv/shared_leopard_toad/2025/Documents/06.10-13.10.2025/4Z/108MEDIA/DSCF0182.JPG,DSCF0182.JPG,4Z/108MEDIA,0,Other_Amphibian,0.5098,3223.3,1952.4,3351.5,2094.3
/srv/shared_leopard_toad/2025/Documents/06.10-13.10.2025/4Z/108MEDIA/DSCF0299.JPG,DSCF0299.JPG,4Z/108MEDIA,0,Other_Amphibian,0.6079,3219.7,1965.1,3368.7,2135.2
/srv/shared_leopard_toad/2025/Documents/06.10-13.10.2025/4Z/108MEDIA/DSCF0299.JPG,DSCF0299.JPG,4Z/108MEDIA,0,Other_Amphibian,0.3439,3228.1,1969.2,3374.0,2134.0
/srv/shared_leopard_toad/2025/Documents/06.10-13.10.2025/4Z/108MEDIA/DSCF0816.JPG,DSCF0816.JPG,4Z/108MEDIA,0,Other_Amphibian,0.3867,2972.5,2482.6,3104.2,2620.8
/srv/shared_leopard_toad/2025/Documents/06.10-13.10.2025/4Z/108MEDIA/DSCF0816.JPG,DSCF0816.JPG,4Z/108MEDIA,0,Other_Amphibian,0.2410,2980.7,2476.7,3102.8,2622.6
/srv/shared_leopard_toad/2025/Documents/06.10-13.10.2025/4Z/108MEDIA/DSCF0345.JPG,DSCF0345.JPG,4Z/108MEDIA,2,Western_Leopard_Toad,0.7171,3635.5,1661.9,3923.2,1924.9
/srv/shared_leopard_toad/2025/Documents/06.10-13.10.2025/4Z/108MEDIA/DSCF0345.JPG,DSCF0345.JPG,4Z/108MEDIA,0,Other_Amphibian,0.3053,4767.8,1348.3,4946.1,1536.2
/srv/shared_leopard_toad/2025/Documents/06.10-13.10.2025/4Z/108MEDIA/DSCF0293.JPG,DSCF0293.JPG,4Z/108MEDIA,2,Western_Leopard_Toad,0.7141,3646.4,1661.8,3929.8,1923.0
/srv/shared_leopard_toad/2025/Documents/06.10-13.10.2025/4Z/108MEDIA/DSCF0293.JPG,DSCF0293.JPG,4Z/108MEDIA,0,Other_Amphibian,0.4716,3216.4,1974.5,3365.0,2139.4
/srv/shared_leopard_toad/2025/Documents/06.10-13.10.2025/4Z/108MEDIA/DSCF0293.JPG,DSCF0293.JPG,4Z/108MEDIA,0,Other_Amphibian,0.2390,3231.6,1986.6,3367.8,2141.7
/srv/shared_leopard_toad/2025/Documents/06.10-13.10.2025/4Z/108MEDIA/DSCF0020.JPG,DSCF0020.JPG,4Z/108MEDIA,0,Other_Amphibian,0.5186,3216.9,1950.8,3348.5,2094.1
/srv/shared_leopard_toad/2025/Documents/06.10-13.10.2025/4Z/108MEDIA/DSCF0020.JPG,DSCF0020.JPG,4Z/108MEDIA,0,Other_Amphibian,0.4323,3224.4,1950.5,3352.7,2094.2
/srv/shared_leopard_toad/2025/Documents/06.10-13.10.2025/4Z/108MEDIA/DSCF0195.JPG,DSCF0195.JPG,4Z/108MEDIA,0,Other_Amphibian,0.5046,3216.2,1951.7,3352.9,2099.0
/srv/shared_leopard_toad/2025/Documents/06.10-13.10.2025/4Z/108MEDIA/DSCF0195.JPG,DSCF0195.JPG,4Z/108MEDIA,0,Other_Amphibian,0.4869,2964.7,2472.5,3101.7,2635.8
/srv/shared_leopard_toad/2025/Documents/06.10-13.10.2025/4Z/108MEDIA/DSCF0195.JPG,DSCF0195.JPG,4Z/108MEDIA,0,Other_Amphibian,0.4134,3220.2,1952.7,3353.3,2099.1
/srv/shared_leopard_toad/2025/Documents/06.10-13.10.2025/4Z/108MEDIA/DSCF0018.JPG,DSCF0018.JPG,4Z/108MEDIA,0,Other_Amphibian,0.5420,3216.8,1951.2,3350.1,2094.9
/srv/shared_leopard_toad/2025/Documents/06.10-13.10.2025/4Z/108MEDIA/DSCF0018.JPG,DSCF0018.JPG,4Z/108MEDIA,0,Other_Amphibian,0.4443,3225.3,1951.2,3354.9,2095.2
/srv/shared_leopard_toad/2025/Documents/06.10-13.10.2025/4Z/108MEDIA/DSCF0794.JPG,DSCF0794.JPG,4Z/108MEDIA,2,Western_Leopard_Toad,0.2321,3656.5,1647.0,3929.3,1918.1
/srv/shared_leopard_toad/2025/Documents/06.10-13.10.2025/4Z/108MEDIA/DSCF0794.JPG,DSCF0794.JPG,4Z/108MEDIA,0,Other_Amphibian,0.2290,3220.2,1954.7,3349.5,2099.0
/srv/shared_leopard_toad/2025/Documents/06.10-13.10.2025/4Z/108MEDIA/DSCF0794.JPG,DSCF0794.JPG,4Z/108MEDIA,0,Other_Amphibian,0.2266,2979.4,2461.9,3103.2,2629.9
/srv/shared_leopard_toad/2025/Documents/06.10-13.10.2025/4Z/108MEDIA/DSCF0794.JPG,DSCF0794.JPG,4Z/108MEDIA,0,Other_Amphibian,0.2119,2970.5,2464.9,3103.3,2634.7
/srv/shared_leopard_toad/2025/Documents/06.10-13.10.2025/4Z/108MEDIA/DSCF0794.JPG,DSCF0794.JPG,4Z/108MEDIA,0,Other_Amphibian,0.2113,3217.8,1954.4,3339.8,2099.3
/srv/shared_leopard_toad/2025/Documents/06.10-13.10.2025/4Z/108MEDIA/DSCF0527.JPG,DSCF0527.JPG,4Z/108MEDIA,0,Other_Amphibian,0.3312,2969.2,2464.7,3105.0,2621.2
/srv/shared_leopard_toad/2025/Documents/06.10-13.10.2025/4Z/108MEDIA/DSCF0527.JPG,DSCF0527.JPG,4Z/108MEDIA,0,Other_Amphibian,0.2895,2977.1,2462.8,3105.8,2621.4
/srv/shared_leopard_toad/2025/Documents/06.10-13.10.2025/4Z/108MEDIA/DSCF0527.JPG,DSCF0527.JPG,4Z/108MEDIA,0,Other_Amphibian,0.2065,3218.7,1954.7,3342.8,2100.5
/srv/shared_leopard_toad/2025/Documents/06.10-13.10.2025/4Z/108MEDIA/DSCF0527.JPG,DSCF0527.JPG,4Z/108MEDIA,0,Other_Amphibian,0.2022,3219.2,1956.6,3350.4,2100.7
/srv/shared_leopard_toad/2025/Documents/06.10-13.10.2025/4Z/108MEDIA/DSCF0338.JPG,DSCF0338.JPG,4Z/108MEDIA,2,Western_Leopard_Toad,0.8317,3641.4,1662.7,3926.9,1922.6
/srv/shared_leopard_toad/2025/Documents/06.10-13.10.2025/4Z/108MEDIA/DSCF0338.JPG,DSCF0338.JPG,4Z/108MEDIA,0,Other_Amphibian,0.3512,4771.9,1355.2,4950.7,1535.5
/srv/shared_leopard_toad/2025/Documents/06.10-13.10.2025/4Z/108MEDIA/DSCF0940.JPG,DSCF0940.JPG,4Z/108MEDIA,0,Other_Amphibian,0.3841,2968.6,2469.8,3103.0,2625.8
/srv/shared_leopard_toad/2025/Documents/06.10-13.10.2025/4Z/108MEDIA/DSCF0940.JPG,DSCF0940.JPG,4Z/108MEDIA,0,Other_Amphibian,0.3584,2980.2,2459.3,3104.5,2623.5
/srv/shared_leopard_toad/2025/Documents/06.10-13.10.2025/4Z/108MEDIA/DSCF0940.JPG,DSCF0940.JPG,4Z/108MEDIA,0,Other_Amphibian,0.2195,3655.7,1647.7,3928.8,1918.0
/srv/shared_leopard_toad/2025/Documents/06.10-13.10.2025/4Z/108MEDIA/DSCF0360.JPG,DSCF0360.JPG,4Z/108MEDIA,2,Western_Leopard_Toad,0.8438,3641.9,1660.0,3931.8,1922.6
/srv/shared_leopard_toad/2025/Documents/06.10-13.10.2025/4Z/108MEDIA/DSCF0206.JPG,DSCF0206.JPG,4Z/108MEDIA,0,Other_Amphibian,0.5475,3218.0,1951.0,3352.6,2097.5
/srv/shared_leopard_toad/2025/Documents/06.10-13.10.2025/4Z/108MEDIA/DSCF0206.JPG,DSCF0206.JPG,4Z/108MEDIA,0,Other_Amphibian,0.4775,3225.3,1951.3,3354.2,2097.1
/srv/shared_leopard_toad/2025/Documents/06.10-13.10.2025/4Z/108MEDIA/DSCF0206.JPG,DSCF0206.JPG,4Z/108MEDIA,0,Other_Amphibian,0.2070,2969.4,2474.3,3121.5,2657.6
/srv/shared_leopard_toad/2025/Documents/06.10-13.10.2025/4Z/108MEDIA/DSCF0902.JPG,DSCF0902.JPG,4Z/108MEDIA,0,Other_Amphibian,0.2589,2971.9,2479.8,3101.7,2624.5
/srv/shared_leopard_toad/2025/Documents/06.10-13.10.2025/4Z/108MEDIA/DSCF0902.JPG,DSCF0902.JPG,4Z/108MEDIA,0,Other_Amphibian,0.2284,2979.9,2465.2,3096.8,2622.6
/srv/shared_leopard_toad/2025/Documents/06.10-13.10.2025/4Z/108MEDIA/DSCF0778.JPG,DSCF0778.JPG,4Z/108MEDIA,0,Other_Amphibian,0.2562,3218.0,1957.2,3347.5,2098.2
/srv/shared_leopard_toad/2025/Documents/06.10-13.10.2025/4Z/108MEDIA/DSCF0778.JPG,DSCF0778.JPG,4Z/108MEDIA,0,Other_Amphibian,0.2464,2972.5,2472.0,3103.1,2625.7
/srv/shared_leopard_toad/2025/Documents/06.10-13.10.2025/4Z/108MEDIA/DSCF0778.JPG,DSCF0778.JPG,4Z/108MEDIA,0,Other_Amphibian,0.2310,3218.5,1956.7,3339.4,2099.5
/srv/shared_leopard_toad/2025/Documents/06.10-13.10.2025/4Z/108MEDIA/DSCF0883.JPG,DSCF0883.JPG,4Z/108MEDIA,0,Other_Amphibian,0.3476,2970.4,2474.2,3102.2,2618.4
/srv/shared_leopard_toad/2025/Documents/06.10-13.10.2025/4Z/108MEDIA/DSCF0883.JPG,DSCF0883.JPG,4Z/108MEDIA,0,Other_Amphibian,0.2620,2980.8,2467.3,3103.3,2618.5
/srv/shared_leopard_toad/2025/Documents/06.10-13.10.2025/4Z/108MEDIA/DSCF0059.JPG,DSCF0059.JPG,4Z/108MEDIA,0,Other_Amphibian,0.5428,3216.7,1952.3,3347.1,2093.7
/srv/shared_leopard_toad/2025/Documents/06.10-13.10.2025/4Z/108MEDIA/DSCF0059.JPG,DSCF0059.JPG,4Z/108MEDIA,0,Other_Amphibian,0.4564,3225.5,1951.8,3351.7,2093.3
/srv/shared_leopard_toad/2025/Documents/06.10-13.10.2025/4Z/108MEDIA/DSCF0180.JPG,DSCF0180.JPG,4Z/108MEDIA,0,Other_Amphibian,0.5977,3215.0,1955.0,3349.4,2094.1
/srv/shared_leopard_toad/2025/Documents/06.10-13.10.2025/4Z/108MEDIA/DSCF0180.JPG,DSCF0180.JPG,4Z/108MEDIA,0,Other_Amphibian,0.5399,3222.3,1954.7,3351.1,2093.6
/srv/shared_leopard_toad/2025/Documents/06.10-13.10.2025/4Z/108MEDIA/DSCF0558.JPG,DSCF0558.JPG,4Z/108MEDIA,0,Other_Amphibian,0.3638,2978.5,2452.2,3106.1,2624.8
/srv/shared_leopard_toad/2025/Documents/06.10-13.10.2025/4Z/108MEDIA/DSCF0558.JPG,DSCF0558.JPG,4Z/108MEDIA,0,Other_Amphibian,0.3257,2969.4,2462.8,3106.4,2624.6
/srv/shared_leopard_toad/2025/Documents/06.10-13.10.2025/4Z/108MEDIA/DSCF0558.JPG,DSCF0558.JPG,4Z/108MEDIA,0,Other_Amphibian,0.2457,3218.8,1955.6,3349.7,2099.0
/srv/shared_leopard_toad/2025/Documents/06.10-13.10.2025/4Z/108MEDIA/DSCF0558.JPG,DSCF0558.JPG,4Z/108MEDIA,0,Other_Amphibian,0.2378,3654.2,1646.8,3930.1,1917.6
/srv/shared_leopard_toad/2025/Documents/06.10-13.10.2025/4Z/108MEDIA/DSCF0558.JPG,DSCF0558.JPG,4Z/108MEDIA,0,Other_Amphibian,0.2263,3216.7,1955.8,3341.0,2100.6
/srv/shared_leopard_toad/2025/Documents/06.10-13.10.2025/4Z/108MEDIA/DSCF0826.JPG,DSCF0826.JPG,4Z/108MEDIA,2,Western_Leopard_Toad,0.2364,3652.9,1649.0,3927.7,1918.8
/srv/shared_leopard_toad/2025/Documents/06.10-13.10.2025/4Z/108MEDIA/DSCF0826.JPG,DSCF0826.JPG,4Z/108MEDIA,0,Other_Amphibian,0.2327,3220.9,1955.9,3351.2,2097.1
/srv/shared_leopard_toad/2025/Documents/06.10-13.10.2025/4Z/108MEDIA/DSCF0826.JPG,DSCF0826.JPG,4Z/108MEDIA,0,Other_Amphibian,0.2180,3216.1,1955.5,3341.4,2098.4
/srv/shared_leopard_toad/2025/Documents/06.10-13.10.2025/4Z/108MEDIA/DSCF0088.JPG,DSCF0088.JPG,4Z/108MEDIA,0,Other_Amphibian,0.5217,3217.8,1952.3,3348.5,2095.9
/srv/shared_leopard_toad/2025/Documents/06.10-13.10.2025/4Z/108MEDIA/DSCF0088.JPG,DSCF0088.JPG,4Z/108MEDIA,0,Other_Amphibian,0.4153,3226.3,1951.7,3352.0,2095.5
/srv/shared_leopard_toad/2025/Documents/06.10-13.10.2025/4Z/108MEDIA/DSCF0775.JPG,DSCF0775.JPG,4Z/108MEDIA,0,Other_Amphibian,0.2682,3220.2,1955.2,3349.7,2095.6
/srv/shared_leopard_toad/2025/Documents/06.10-13.10.2025/4Z/108MEDIA/DSCF0775.JPG,DSCF0775.JPG,4Z/108MEDIA,0,Other_Amphibian,0.2381,3218.2,1954.7,3342.2,2096.4
/srv/shared_leopard_toad/2025/Documents/06.10-13.10.2025/4Z/108MEDIA/DSCF0811.JPG,DSCF0811.JPG,4Z/108MEDIA,0,Other_Amphibian,0.2705,3654.4,1644.9,3929.5,1918.4
/srv/shared_leopard_toad/2025/Documents/06.10-13.10.2025/4Z/108MEDIA/DSCF0811.JPG,DSCF0811.JPG,4Z/108MEDIA,0,Other_Amphibian,0.2460,3217.9,1954.9,3351.0,2098.2
/srv/shared_leopard_toad/2025/Documents/06.10-13.10.2025/4Z/108MEDIA/DSCF0811.JPG,DSCF0811.JPG,4Z/108MEDIA,0,Other_Amphibian,0.2423,3217.2,1955.7,3343.4,2101.1
/srv/shared_leopard_toad/2025/Documents/06.10-13.10.2025/4Z/108MEDIA/DSCF0689.JPG,DSCF0689.JPG,4Z/108MEDIA,0,Other_Amphibian,0.2246,2971.7,2471.5,3099.8,2624.3
/srv/shared_leopard_toad/2025/Documents/06.10-13.10.2025/4Z/108MEDIA/DSCF0689.JPG,DSCF0689.JPG,4Z/108MEDIA,0,Other_Amphibian,0.2181,3217.8,1953.4,3343.1,2098.2
/srv/shared_leopard_toad/2025/Documents/06.10-13.10.2025/4Z/108MEDIA/DSCF0689.JPG,DSCF0689.JPG,4Z/108MEDIA,0,Other_Amphibian,0.2046,2977.8,2465.0,3097.2,2622.8
/srv/shared_leopard_toad/2025/Documents/06.10-13.10.2025/4Z/108MEDIA/DSCF0278.JPG,DSCF0278.JPG,4Z/108MEDIA,2,Western_Leopard_Toad,0.8204,3648.2,1660.3,3928.4,1921.9
/srv/shared_leopard_toad/2025/Documents/06.10-13.10.2025/4Z/108MEDIA/DSCF0278.JPG,DSCF0278.JPG,4Z/108MEDIA,0,Other_Amphibian,0.2849,3221.3,1962.0,3380.8,2136.2
/srv/shared_leopard_toad/2025/Documents/06.10-13.10.2025/4Z/108MEDIA/DSCF0625.JPG,DSCF0625.JPG,4Z/108MEDIA,0,Other_Amphibian,0.2115,2971.3,2473.4,3102.8,2631.5
/srv/shared_leopard_toad/2025/Documents/06.10-13.10.2025/4Z/108MEDIA/DSCF0645.JPG,DSCF0645.JPG,4Z/108MEDIA,0,Other_Amphibian,0.2761,3656.0,1647.2,3930.9,1918.0
/srv/shared_leopard_toad/2025/Documents/06.10-13.10.2025/4Z/108MEDIA/DSCF0645.JPG,DSCF0645.JPG,4Z/108MEDIA,0,Other_Amphibian,0.2256,2972.5,2479.3,3103.6,2625.5
/srv/shared_leopard_toad/2025/Documents/06.10-13.10.2025/4Z/108MEDIA/DSCF0216.JPG,DSCF0216.JPG,4Z/108MEDIA,0,Other_Amphibian,0.5795,3218.6,1952.1,3353.7,2096.6
/srv/shared_leopard_toad/2025/Documents/06.10-13.10.2025/4Z/108MEDIA/DSCF0216.JPG,DSCF0216.JPG,4Z/108MEDIA,0,Other_Amphibian,0.4875,3223.8,1952.9,3352.9,2096.5
/srv/shared_leopard_toad/2025/Documents/06.10-13.10.2025/4Z/108MEDIA/DSCF0216.JPG,DSCF0216.JPG,4Z/108MEDIA,0,Other_Amphibian,0.2820,2973.4,2478.7,3115.2,2637.1
/srv/shared_leopard_toad/2025/Documents/06.10-13.10.2025/4Z/108MEDIA/DSCF0050.JPG,DSCF0050.JPG,4Z/108MEDIA,0,Other_Amphibian,0.5265,3215.6,1951.6,3347.8,2095.8
/srv/shared_leopard_toad/2025/Documents/06.10-13.10.2025/4Z/108MEDIA/DSCF0050.JPG,DSCF0050.JPG,4Z/108MEDIA,0,Other_Amphibian,0.4409,3222.0,1951.3,3350.2,2094.2
/srv/shared_leopard_toad/2025/Documents/06.10-13.10.2025/4Z/108MEDIA/DSCF0050.JPG,DSCF0050.JPG,4Z/108MEDIA,2,Western_Leopard_Toad,0.3410,3655.4,1648.1,3933.8,1918.9
/srv/shared_leopard_toad/2025/Documents/06.10-13.10.2025/4Z/108MEDIA/DSCF0099.JPG,DSCF0099.JPG,4Z/108MEDIA,0,Other_Amphibian,0.5931,3216.0,1952.0,3349.3,2092.4
/srv/shared_leopard_toad/2025/Documents/06.10-13.10.2025/4Z/108MEDIA/DSCF0099.JPG,DSCF0099.JPG,4Z/108MEDIA,0,Other_Amphibian,0.5390,3224.7,1952.4,3354.3,2092.3
/srv/shared_leopard_toad/2025/Documents/06.10-13.10.2025/4Z/108MEDIA/DSCF0463.JPG,DSCF0463.JPG,4Z/108MEDIA,0,Other_Amphibian,0.2264,3218.3,1955.5,3344.0,2100.5
/srv/shared_leopard_toad/2025/Documents/06.10-13.10.2025/4Z/108MEDIA/DSCF0463.JPG,DSCF0463.JPG,4Z/108MEDIA,0,Other_Amphibian,0.2216,3217.6,1957.0,3350.5,2100.2
/srv/shared_leopard_toad/2025/Documents/06.10-13.10.2025/4Z/108MEDIA/DSCF0327.JPG,DSCF0327.JPG,4Z/108MEDIA,2,Western_Leopard_Toad,0.7541,3647.1,1662.8,3928.3,1923.4
/srv/shared_leopard_toad/2025/Documents/06.10-13.10.2025/4Z/108MEDIA/DSCF0727.JPG,DSCF0727.JPG,4Z/108MEDIA,0,Other_Amphibian,0.2820,3217.8,1954.7,3351.3,2097.4
/srv/shared_leopard_toad/2025/Documents/06.10-13.10.2025/4Z/108MEDIA/DSCF0727.JPG,DSCF0727.JPG,4Z/108MEDIA,0,Other_Amphibian,0.2610,3216.4,1954.5,3343.9,2098.3
/srv/shared_leopard_toad/2025/Documents/06.10-13.10.2025/4Z/108MEDIA/DSCF0727.JPG,DSCF0727.JPG,4Z/108MEDIA,0,Other_Amphibian,0.2161,2977.0,2448.3,3099.9,2624.9
/srv/shared_leopard_toad/2025/Documents/06.10-13.10.2025/4Z/108MEDIA/DSCF0909.JPG,DSCF0909.JPG,4Z/108MEDIA,0,Other_Amphibian,0.3700,3655.9,1647.0,3931.0,1916.4
/srv/shared_leopard_toad/2025/Documents/06.10-13.10.2025/4Z/108MEDIA/DSCF0909.JPG,DSCF0909.JPG,4Z/108MEDIA,0,Other_Amphibian,0.3153,2971.6,2474.9,3097.7,2621.2
/srv/shared_leopard_toad/2025/Documents/06.10-13.10.2025/4Z/108MEDIA/DSCF0909.JPG,DSCF0909.JPG,4Z/108MEDIA,0,Other_Amphibian,0.2361,2981.8,2462.2,3098.6,2620.7
/srv/shared_leopard_toad/2025/Documents/06.10-13.10.2025/4Z/108MEDIA/DSCF0840.JPG,DSCF0840.JPG,4Z/108MEDIA,0,Other_Amphibian,0.3104,2977.8,2451.4,3103.5,2625.9
/srv/shared_leopard_toad/2025/Documents/06.10-13.10.2025/4Z/108MEDIA/DSCF0840.JPG,DSCF0840.JPG,4Z/108MEDIA,0,Other_Amphibian,0.3098,2969.3,2458.9,3103.0,2627.2
/srv/shared_leopard_toad/2025/Documents/06.10-13.10.2025/4Z/108MEDIA/DSCF0605.JPG,DSCF0605.JPG,4Z/108MEDIA,0,Other_Amphibian,0.2630,2978.0,2449.7,3105.8,2632.3
/srv/shared_leopard_toad/2025/Documents/06.10-13.10.2025/4Z/108MEDIA/DSCF0605.JPG,DSCF0605.JPG,4Z/108MEDIA,0,Other_Amphibian,0.2570,2967.6,2459.6,3104.9,2636.6
/srv/shared_leopard_toad/2025/Documents/06.10-13.10.2025/4Z/108MEDIA/DSCF0605.JPG,DSCF0605.JPG,4Z/108MEDIA,0,Other_Amphibian,0.2336,3218.4,1954.3,3341.7,2099.0
/srv/shared_leopard_toad/2025/Documents/06.10-13.10.2025/4Z/108MEDIA/DSCF0605.JPG,DSCF0605.JPG,4Z/108MEDIA,0,Other_Amphibian,0.2300,2969.0,2466.1,3105.9,2631.1
/srv/shared_leopard_toad/2025/Documents/06.10-13.10.2025/4Z/108MEDIA/DSCF0605.JPG,DSCF0605.JPG,4Z/108MEDIA,0,Other_Amphibian,0.2207,3219.7,1956.0,3349.5,2099.1
/srv/shared_leopard_toad/2025/Documents/06.10-13.10.2025/4Z/108MEDIA/DSCF0967.JPG,DSCF0967.JPG,4Z/108MEDIA,0,Other_Amphibian,0.2785,2970.2,2481.1,3101.9,2623.5
/srv/shared_leopard_toad/2025/Documents/06.10-13.10.2025/4Z/108MEDIA/DSCF0087.JPG,DSCF0087.JPG,4Z/108MEDIA,0,Other_Amphibian,0.5359,3216.9,1953.3,3348.0,2092.7
/srv/shared_leopard_toad/2025/Documents/06.10-13.10.2025/4Z/108MEDIA/DSCF0087.JPG,DSCF0087.JPG,4Z/108MEDIA,0,Other_Amphibian,0.4135,3225.6,1953.0,3350.8,2093.9
/srv/shared_leopard_toad/2025/Documents/06.10-13.10.2025/4Z/108MEDIA/DSCF0314.JPG,DSCF0314.JPG,4Z/108MEDIA,0,Other_Amphibian,0.4544,3227.0,1977.4,3362.9,2130.3
/srv/shared_leopard_toad/2025/Documents/06.10-13.10.2025/4Z/108MEDIA/DSCF0314.JPG,DSCF0314.JPG,4Z/108MEDIA,0,Other_Amphibian,0.3658,3225.1,1974.1,3366.8,2135.5
/srv/shared_leopard_toad/2025/Documents/06.10-13.10.2025/4Z/108MEDIA/DSCF0760.JPG,DSCF0760.JPG,4Z/108MEDIA,2,Western_Leopard_Toad,0.2755,3654.3,1648.3,3926.6,1917.7
/srv/shared_leopard_toad/2025/Documents/06.10-13.10.2025/4Z/108MEDIA/DSCF0760.JPG,DSCF0760.JPG,4Z/108MEDIA,0,Other_Amphibian,0.2680,3218.3,1954.1,3348.4,2097.6
/srv/shared_leopard_toad/2025/Documents/06.10-13.10.2025/4Z/108MEDIA/DSCF0760.JPG,DSCF0760.JPG,4Z/108MEDIA,0,Other_Amphibian,0.2319,3215.2,1955.7,3339.2,2100.3
/srv/shared_leopard_toad/2025/Documents/06.10-13.10.2025/4Z/108MEDIA/DSCF0222.JPG,DSCF0222.JPG,4Z/108MEDIA,0,Other_Amphibian,0.6233,3216.1,1951.3,3352.6,2095.9
/srv/shared_leopard_toad/2025/Documents/06.10-13.10.2025/4Z/108MEDIA/DSCF0222.JPG,DSCF0222.JPG,4Z/108MEDIA,0,Other_Amphibian,0.5437,3220.2,1951.5,3349.6,2095.4
/srv/shared_leopard_toad/2025/Documents/06.10-13.10.2025/4Z/108MEDIA/DSCF0593.JPG,DSCF0593.JPG,4Z/108MEDIA,0,Other_Amphibian,0.2248,2973.2,2468.6,3107.9,2634.5
/srv/shared_leopard_toad/2025/Documents/06.10-13.10.2025/4Z/108MEDIA/DSCF0593.JPG,DSCF0593.JPG,4Z/108MEDIA,0,Other_Amphibian,0.2244,3219.6,1957.1,3349.5,2098.4
/srv/shared_leopard_toad/2025/Documents/06.10-13.10.2025/4Z/108MEDIA/DSCF0593.JPG,DSCF0593.JPG,4Z/108MEDIA,0,Other_Amphibian,0.2198,2981.0,2465.0,3106.7,2632.5
/srv/shared_leopard_toad/2025/Documents/06.10-13.10.2025/4Z/108MEDIA/DSCF0593.JPG,DSCF0593.JPG,4Z/108MEDIA,0,Other_Amphibian,0.2110,3217.8,1955.7,3341.5,2098.8
/srv/shared_leopard_toad/2025/Documents/06.10-13.10.2025/4Z/108MEDIA/DSCF0588.JPG,DSCF0588.JPG,4Z/108MEDIA,0,Other_Amphibian,0.2477,2970.7,2484.4,3103.8,2625.2
/srv/shared_leopard_toad/2025/Documents/06.10-13.10.2025/4Z/108MEDIA/DSCF0588.JPG,DSCF0588.JPG,4Z/108MEDIA,0,Other_Amphibian,0.2303,2973.7,2476.7,3105.0,2626.8
/srv/shared_leopard_toad/2025/Documents/06.10-13.10.2025/4Z/108MEDIA/DSCF0588.JPG,DSCF0588.JPG,4Z/108MEDIA,0,Other_Amphibian,0.2086,2977.8,2471.4,3100.1,2625.6
/srv/shared_leopard_toad/2025/Documents/06.10-13.10.2025/4Z/108MEDIA/DSCF0903.JPG,DSCF0903.JPG,4Z/108MEDIA,0,Other_Amphibian,0.2669,2968.8,2472.0,3098.4,2619.6
/srv/shared_leopard_toad/2025/Documents/06.10-13.10.2025/4Z/108MEDIA/DSCF0903.JPG,DSCF0903.JPG,4Z/108MEDIA,0,Other_Amphibian,0.2084,2977.4,2461.5,3097.0,2618.8
/srv/shared_leopard_toad/2025/Documents/06.10-13.10.2025/4Z/108MEDIA/DSCF0889.JPG,DSCF0889.JPG,4Z/108MEDIA,0,Other_Amphibian,0.4215,2970.9,2488.8,3103.8,2623.6
/srv/shared_leopard_toad/2025/Documents/06.10-13.10.2025/4Z/108MEDIA/DSCF0889.JPG,DSCF0889.JPG,4Z/108MEDIA,0,Other_Amphibian,0.3172,2982.5,2478.7,3103.8,2624.0
/srv/shared_leopard_toad/2025/Documents/06.10-13.10.2025/4Z/108MEDIA/DSCF0889.JPG,DSCF0889.JPG,4Z/108MEDIA,0,Other_Amphibian,0.2630,2974.2,2483.9,3105.7,2623.8
/srv/shared_leopard_toad/2025/Documents/06.10-13.10.2025/4Z/108MEDIA/DSCF0068.JPG,DSCF0068.JPG,4Z/108MEDIA,0,Other_Amphibian,0.5051,3218.4,1950.2,3350.7,2095.1
/srv/shared_leopard_toad/2025/Documents/06.10-13.10.2025/4Z/108MEDIA/DSCF0068.JPG,DSCF0068.JPG,4Z/108MEDIA,0,Other_Amphibian,0.4563,3225.4,1950.4,3355.5,2095.3
/srv/shared_leopard_toad/2025/Documents/06.10-13.10.2025/4Z/108MEDIA/DSCF0619.JPG,DSCF0619.JPG,4Z/108MEDIA,0,Other_Amphibian,0.2001,3214.4,1955.2,3343.9,2098.9
/srv/shared_leopard_toad/2025/Documents/06.10-13.10.2025/4Z/108MEDIA/DSCF0025.JPG,DSCF0025.JPG,4Z/108MEDIA,0,Other_Amphibian,0.4680,3220.9,1951.3,3349.4,2093.3
/srv/shared_leopard_toad/2025/Documents/06.10-13.10.2025/4Z/108MEDIA/DSCF0025.JPG,DSCF0025.JPG,4Z/108MEDIA,0,Other_Amphibian,0.3946,3224.9,1951.4,3350.3,2094.6
/srv/shared_leopard_toad/2025/Documents/06.10-13.10.2025/4Z/108MEDIA/DSCF0381.JPG,DSCF0381.JPG,4Z/108MEDIA,2,Western_Leopard_Toad,0.8448,3647.9,1662.2,3929.2,1924.9
/srv/shared_leopard_toad/2025/Documents/06.10-13.10.2025/4Z/108MEDIA/DSCF0365.JPG,DSCF0365.JPG,4Z/108MEDIA,2,Western_Leopard_Toad,0.8362,3640.9,1662.1,3931.3,1926.7
/srv/shared_leopard_toad/2025/Documents/06.10-13.10.2025/4Z/108MEDIA/DSCF0365.JPG,DSCF0365.JPG,4Z/108MEDIA,0,Other_Amphibian,0.2885,4769.3,1350.4,4954.0,1537.4
/srv/shared_leopard_toad/2025/Documents/06.10-13.10.2025/4Z/108MEDIA/DSCF0741.JPG,DSCF0741.JPG,4Z/108MEDIA,0,Other_Amphibian,0.2938,2972.9,2468.1,3106.6,2626.7
/srv/shared_leopard_toad/2025/Documents/06.10-13.10.2025/4Z/108MEDIA/DSCF0741.JPG,DSCF0741.JPG,4Z/108MEDIA,0,Other_Amphibian,0.2602,2982.1,2465.7,3105.9,2625.5
/srv/shared_leopard_toad/2025/Documents/06.10-13.10.2025/4Z/108MEDIA/DSCF0741.JPG,DSCF0741.JPG,4Z/108MEDIA,0,Other_Amphibian,0.2548,2973.6,2464.9,3105.3,2628.8
/srv/shared_leopard_toad/2025/Documents/06.10-13.10.2025/4Z/108MEDIA/DSCF0741.JPG,DSCF0741.JPG,4Z/108MEDIA,0,Other_Amphibian,0.2053,3221.0,1953.8,3351.6,2099.7
/srv/shared_leopard_toad/2025/Documents/06.10-13.10.2025/4Z/108MEDIA/DSCF0538.JPG,DSCF0538.JPG,4Z/108MEDIA,0,Other_Amphibian,0.3224,3217.0,1955.4,3354.1,2098.2
/srv/shared_leopard_toad/2025/Documents/06.10-13.10.2025/4Z/108MEDIA/DSCF0538.JPG,DSCF0538.JPG,4Z/108MEDIA,0,Other_Amphibian,0.3077,3220.6,1954.5,3351.7,2098.7
/srv/shared_leopard_toad/2025/Documents/06.10-13.10.2025/4Z/108MEDIA/DSCF0913.JPG,DSCF0913.JPG,4Z/108MEDIA,0,Other_Amphibian,0.2849,2975.1,2448.4,3097.5,2622.5
/srv/shared_leopard_toad/2025/Documents/06.10-13.10.2025/4Z/108MEDIA/DSCF0454.JPG,DSCF0454.JPG,4Z/108MEDIA,0,Other_Amphibian,0.2326,2968.9,2471.3,3100.1,2623.4
/srv/shared_leopard_toad/2025/Documents/06.10-13.10.2025/4Z/108MEDIA/DSCF0454.JPG,DSCF0454.JPG,4Z/108MEDIA,0,Other_Amphibian,0.2069,2977.8,2447.2,3098.9,2623.8
/srv/shared_leopard_toad/2025/Documents/06.10-13.10.2025/4Z/108MEDIA/DSCF0188.JPG,DSCF0188.JPG,4Z/108MEDIA,0,Other_Amphibian,0.5624,3217.6,1950.8,3351.2,2094.1
/srv/shared_leopard_toad/2025/Documents/06.10-13.10.2025/4Z/108MEDIA/DSCF0188.JPG,DSCF0188.JPG,4Z/108MEDIA,0,Other_Amphibian,0.4899,3222.9,1951.3,3351.5,2093.6
/srv/shared_leopard_toad/2025/Documents/06.10-13.10.2025/4Z/108MEDIA/DSCF0947.JPG,DSCF0947.JPG,4Z/108MEDIA,0,Other_Amphibian,0.2538,2980.5,2463.7,3104.6,2621.0
/srv/shared_leopard_toad/2025/Documents/06.10-13.10.2025/4Z/108MEDIA/DSCF0772.JPG,DSCF0772.JPG,4Z/108MEDIA,0,Other_Amphibian,0.3480,3215.4,1954.7,3349.0,2097.4
/srv/shared_leopard_toad/2025/Documents/06.10-13.10.2025/4Z/108MEDIA/DSCF0772.JPG,DSCF0772.JPG,4Z/108MEDIA,0,Other_Amphibian,0.3180,3222.0,1954.8,3347.4,2098.8
/srv/shared_leopard_toad/2025/Documents/06.10-13.10.2025/4Z/108MEDIA/DSCF0772.JPG,DSCF0772.JPG,4Z/108MEDIA,0,Other_Amphibian,0.2347,3655.1,1648.5,3929.3,1918.4
/srv/shared_leopard_toad/2025/Documents/06.10-13.10.2025/4Z/108MEDIA/DSCF0844.JPG,DSCF0844.JPG,4Z/108MEDIA,0,Other_Amphibian,0.3192,3217.7,1956.7,3350.1,2096.3
/srv/shared_leopard_toad/2025/Documents/06.10-13.10.2025/4Z/108MEDIA/DSCF0844.JPG,DSCF0844.JPG,4Z/108MEDIA,0,Other_Amphibian,0.2909,2970.7,2467.4,3103.2,2622.2
/srv/shared_leopard_toad/2025/Documents/06.10-13.10.2025/4Z/108MEDIA/DSCF0844.JPG,DSCF0844.JPG,4Z/108MEDIA,0,Other_Amphibian,0.2859,3217.5,1957.0,3344.2,2097.7
/srv/shared_leopard_toad/2025/Documents/06.10-13.10.2025/4Z/108MEDIA/DSCF0844.JPG,DSCF0844.JPG,4Z/108MEDIA,0,Other_Amphibian,0.2282,2977.2,2462.0,3098.9,2620.9
/srv/shared_leopard_toad/2025/Documents/06.10-13.10.2025/4Z/108MEDIA/DSCF0844.JPG,DSCF0844.JPG,4Z/108MEDIA,0,Other_Amphibian,0.2231,3655.0,1647.3,3930.2,1917.9
/srv/shared_leopard_toad/2025/Documents/06.10-13.10.2025/4Z/108MEDIA/DSCF0824.JPG,DSCF0824.JPG,4Z/108MEDIA,0,Other_Amphibian,0.2757,2971.6,2480.5,3102.0,2620.6
/srv/shared_leopard_toad/2025/Documents/06.10-13.10.2025/4Z/108MEDIA/DSCF0824.JPG,DSCF0824.JPG,4Z/108MEDIA,0,Other_Amphibian,0.2342,3220.0,1956.8,3349.6,2098.0
/srv/shared_leopard_toad/2025/Documents/06.10-13.10.2025/4Z/108MEDIA/DSCF0824.JPG,DSCF0824.JPG,4Z/108MEDIA,0,Other_Amphibian,0.2340,3219.1,1955.5,3342.2,2097.8
/srv/shared_leopard_toad/2025/Documents/06.10-13.10.2025/4Z/108MEDIA/DSCF0824.JPG,DSCF0824.JPG,4Z/108MEDIA,0,Other_Amphibian,0.2060,2976.9,2475.1,3099.7,2622.9
/srv/shared_leopard_toad/2025/Documents/06.10-13.10.2025/4Z/108MEDIA/DSCF0133.JPG,DSCF0133.JPG,4Z/108MEDIA,0,Other_Amphibian,0.5392,3216.8,1952.0,3347.8,2095.1
/srv/shared_leopard_toad/2025/Documents/06.10-13.10.2025/4Z/108MEDIA/DSCF0133.JPG,DSCF0133.JPG,4Z/108MEDIA,0,Other_Amphibian,0.4536,3225.8,1951.4,3352.7,2093.8
/srv/shared_leopard_toad/2025/Documents/06.10-13.10.2025/4Z/108MEDIA/DSCF0886.JPG,DSCF0886.JPG,4Z/108MEDIA,0,Other_Amphibian,0.2925,2971.6,2479.8,3105.0,2624.2
/srv/shared_leopard_toad/2025/Documents/06.10-13.10.2025/4Z/108MEDIA/DSCF0886.JPG,DSCF0886.JPG,4Z/108MEDIA,0,Other_Amphibian,0.2720,2982.6,2462.7,3104.3,2622.9
/srv/shared_leopard_toad/2025/Documents/06.10-13.10.2025/4Z/108MEDIA/DSCF0886.JPG,DSCF0886.JPG,4Z/108MEDIA,0,Other_Amphibian,0.2285,2973.9,2469.0,3105.5,2627.7
/srv/shared_leopard_toad/2025/Documents/06.10-13.10.2025/4Z/108MEDIA/DSCF0181.JPG,DSCF0181.JPG,4Z/108MEDIA,0,Other_Amphibian,0.5328,3217.2,1952.2,3347.2,2093.8
/srv/shared_leopard_toad/2025/Documents/06.10-13.10.2025/4Z/108MEDIA/DSCF0181.JPG,DSCF0181.JPG,4Z/108MEDIA,0,Other_Amphibian,0.4425,3226.5,1951.7,3351.9,2093.2
/srv/shared_leopard_toad/2025/Documents/06.10-13.10.2025/4Z/108MEDIA/DSCF0773.JPG,DSCF0773.JPG,4Z/108MEDIA,0,Other_Amphibian,0.2464,3220.0,1955.8,3352.0,2096.7
/srv/shared_leopard_toad/2025/Documents/06.10-13.10.2025/4Z/108MEDIA/DSCF0773.JPG,DSCF0773.JPG,4Z/108MEDIA,0,Other_Amphibian,0.2426,2972.1,2468.2,3099.1,2621.7
/srv/shared_leopard_toad/2025/Documents/06.10-13.10.2025/4Z/108MEDIA/DSCF0773.JPG,DSCF0773.JPG,4Z/108MEDIA,0,Other_Amphibian,0.2221,3216.9,1955.1,3342.3,2097.2
/srv/shared_leopard_toad/2025/Documents/06.10-13.10.2025/4Z/108MEDIA/DSCF0849.JPG,DSCF0849.JPG,4Z/108MEDIA,2,Western_Leopard_Toad,0.2471,3654.1,1647.5,3928.3,1917.8
/srv/shared_leopard_toad/2025/Documents/06.10-13.10.2025/4Z/108MEDIA/DSCF0849.JPG,DSCF0849.JPG,4Z/108MEDIA,0,Other_Amphibian,0.2216,3218.7,1953.9,3351.1,2097.8
/srv/shared_leopard_toad/2025/Documents/06.10-13.10.2025/4Z/108MEDIA/DSCF0849.JPG,DSCF0849.JPG,4Z/108MEDIA,0,Other_Amphibian,0.2048,3215.2,1953.5,3341.9,2098.4
/srv/shared_leopard_toad/2025/Documents/06.10-13.10.2025/4Z/108MEDIA/DSCF0916.JPG,DSCF0916.JPG,4Z/108MEDIA,0,Other_Amphibian,0.3931,2971.9,2463.8,3104.5,2621.8
/srv/shared_leopard_toad/2025/Documents/06.10-13.10.2025/4Z/108MEDIA/DSCF0916.JPG,DSCF0916.JPG,4Z/108MEDIA,0,Other_Amphibian,0.3702,2979.4,2462.1,3102.9,2620.9
/srv/shared_leopard_toad/2025/Documents/06.10-13.10.2025/4Z/108MEDIA/DSCF0685.JPG,DSCF0685.JPG,4Z/108MEDIA,2,Western_Leopard_Toad,0.2881,3654.1,1648.3,3932.4,1919.0
/srv/shared_leopard_toad/2025/Documents/06.10-13.10.2025/4Z/108MEDIA/DSCF0685.JPG,DSCF0685.JPG,4Z/108MEDIA,0,Other_Amphibian,0.2422,3219.0,1954.2,3349.5,2098.1
/srv/shared_leopard_toad/2025/Documents/06.10-13.10.2025/4Z/108MEDIA/DSCF0685.JPG,DSCF0685.JPG,4Z/108MEDIA,0,Other_Amphibian,0.2127,3217.1,1954.7,3341.7,2099.7
/srv/shared_leopard_toad/2025/Documents/06.10-13.10.2025/4Z/108MEDIA/DSCF0209.JPG,DSCF0209.JPG,4Z/108MEDIA,0,Other_Amphibian,0.5798,3218.5,1951.8,3353.7,2094.5
/srv/shared_leopard_toad/2025/Documents/06.10-13.10.2025/4Z/108MEDIA/DSCF0209.JPG,DSCF0209.JPG,4Z/108MEDIA,0,Other_Amphibian,0.4983,3222.1,1952.5,3352.1,2094.6
/srv/shared_leopard_toad/2025/Documents/06.10-13.10.2025/4Z/108MEDIA/DSCF0725.JPG,DSCF0725.JPG,4Z/108MEDIA,0,Other_Amphibian,0.2195,3217.8,1955.0,3341.4,2098.2
/srv/shared_leopard_toad/2025/Documents/06.10-13.10.2025/4Z/108MEDIA/DSCF0725.JPG,DSCF0725.JPG,4Z/108MEDIA,0,Other_Amphibian,0.2066,3220.7,1956.1,3350.0,2097.7
/srv/shared_leopard_toad/2025/Documents/06.10-13.10.2025/4Z/108MEDIA/DSCF0550.JPG,DSCF0550.JPG,4Z/108MEDIA,0,Other_Amphibian,0.2633,3217.9,1954.8,3343.9,2098.3
/srv/shared_leopard_toad/2025/Documents/06.10-13.10.2025/4Z/108MEDIA/DSCF0550.JPG,DSCF0550.JPG,4Z/108MEDIA,0,Other_Amphibian,0.2618,3220.0,1956.2,3351.3,2098.2
/srv/shared_leopard_toad/2025/Documents/06.10-13.10.2025/4Z/108MEDIA/DSCF0550.JPG,DSCF0550.JPG,4Z/108MEDIA,0,Other_Amphibian,0.2340,2972.0,2474.2,3104.3,2632.6
/srv/shared_leopard_toad/2025/Documents/06.10-13.10.2025/4Z/108MEDIA/DSCF0550.JPG,DSCF0550.JPG,4Z/108MEDIA,0,Other_Amphibian,0.2008,2974.2,2482.3,3104.7,2620.2
/srv/shared_leopard_toad/2025/Documents/06.10-13.10.2025/4Z/108MEDIA/DSCF0015.JPG,DSCF0015.JPG,4Z/108MEDIA,0,Other_Amphibian,0.6059,3216.0,1952.0,3352.4,2095.6
/srv/shared_leopard_toad/2025/Documents/06.10-13.10.2025/4Z/108MEDIA/DSCF0015.JPG,DSCF0015.JPG,4Z/108MEDIA,0,Other_Amphibian,0.5079,3223.5,1952.6,3356.2,2095.8
/srv/shared_leopard_toad/2025/Documents/06.10-13.10.2025/4Z/108MEDIA/DSCF0633.JPG,DSCF0633.JPG,4Z/108MEDIA,0,Other_Amphibian,0.2087,2970.8,2470.7,3102.6,2618.0
/srv/shared_leopard_toad/2025/Documents/06.10-13.10.2025/4Z/108MEDIA/DSCF0626.JPG,DSCF0626.JPG,4Z/108MEDIA,2,Western_Leopard_Toad,0.2314,3653.5,1646.2,3931.0,1918.6
/srv/shared_leopard_toad/2025/Documents/06.10-13.10.2025/4Z/108MEDIA/DSCF0626.JPG,DSCF0626.JPG,4Z/108MEDIA,0,Other_Amphibian,0.2045,3215.9,1954.6,3343.1,2100.1
/srv/shared_leopard_toad/2025/Documents/06.10-13.10.2025/4Z/108MEDIA/DSCF0076.JPG,DSCF0076.JPG,4Z/108MEDIA,0,Other_Amphibian,0.4653,3220.9,1952.2,3350.1,2092.7
/srv/shared_leopard_toad/2025/Documents/06.10-13.10.2025/4Z/108MEDIA/DSCF0076.JPG,DSCF0076.JPG,4Z/108MEDIA,0,Other_Amphibian,0.3935,3222.8,1952.8,3349.0,2093.6
/srv/shared_leopard_toad/2025/Documents/06.10-13.10.2025/4Z/108MEDIA/DSCF0690.JPG,DSCF0690.JPG,4Z/108MEDIA,0,Other_Amphibian,0.2286,2972.4,2483.3,3102.1,2621.8
/srv/shared_leopard_toad/2025/Documents/06.10-13.10.2025/4Z/108MEDIA/DSCF0690.JPG,DSCF0690.JPG,4Z/108MEDIA,0,Other_Amphibian,0.2262,3217.4,1953.7,3343.0,2098.1
/srv/shared_leopard_toad/2025/Documents/06.10-13.10.2025/4Z/108MEDIA/DSCF0690.JPG,DSCF0690.JPG,4Z/108MEDIA,0,Other_Amphibian,0.2194,3218.0,1954.9,3351.0,2098.0
/srv/shared_leopard_toad/2025/Documents/06.10-13.10.2025/4Z/108MEDIA/DSCF0918.JPG,DSCF0918.JPG,4Z/108MEDIA,0,Other_Amphibian,0.5407,2976.5,2462.0,3103.2,2623.3
/srv/shared_leopard_toad/2025/Documents/06.10-13.10.2025/4Z/108MEDIA/DSCF0918.JPG,DSCF0918.JPG,4Z/108MEDIA,0,Other_Amphibian,0.4611,2971.7,2464.1,3107.3,2624.2
/srv/shared_leopard_toad/2025/Documents/06.10-13.10.2025/4Z/108MEDIA/DSCF0918.JPG,DSCF0918.JPG,4Z/108MEDIA,0,Other_Amphibian,0.2253,3657.4,1646.5,3928.7,1916.6
/srv/shared_leopard_toad/2025/Documents/06.10-13.10.2025/4Z/108MEDIA/DSCF0240.JPG,DSCF0240.JPG,4Z/108MEDIA,0,Other_Amphibian,0.5742,3216.0,1951.2,3348.8,2096.2
/srv/shared_leopard_toad/2025/Documents/06.10-13.10.2025/4Z/108MEDIA/DSCF0240.JPG,DSCF0240.JPG,4Z/108MEDIA,0,Other_Amphibian,0.5075,3224.3,1951.0,3352.8,2095.1
/srv/shared_leopard_toad/2025/Documents/06.10-13.10.2025/4Z/108MEDIA/DSCF0714.JPG,DSCF0714.JPG,4Z/108MEDIA,0,Other_Amphibian,0.3189,3216.9,1953.3,3349.3,2098.4
/srv/shared_leopard_toad/2025/Documents/06.10-13.10.2025/4Z/108MEDIA/DSCF0714.JPG,DSCF0714.JPG,4Z/108MEDIA,0,Other_Amphibian,0.3062,2970.2,2462.7,3104.8,2628.9
/srv/shared_leopard_toad/2025/Documents/06.10-13.10.2025/4Z/108MEDIA/DSCF0714.JPG,DSCF0714.JPG,4Z/108MEDIA,0,Other_Amphibian,0.3027,2980.9,2455.5,3105.6,2628.0
/srv/shared_leopard_toad/2025/Documents/06.10-13.10.2025/4Z/108MEDIA/DSCF0714.JPG,DSCF0714.JPG,4Z/108MEDIA,0,Other_Amphibian,0.2851,3217.9,1952.8,3343.4,2098.4
/srv/shared_leopard_toad/2025/Documents/06.10-13.10.2025/4Z/108MEDIA/DSCF0302.JPG,DSCF0302.JPG,4Z/108MEDIA,0,Other_Amphibian,0.4051,3228.9,1977.6,3361.6,2127.4
/srv/shared_leopard_toad/2025/Documents/06.10-13.10.2025/4Z/108MEDIA/DSCF0302.JPG,DSCF0302.JPG,4Z/108MEDIA,2,Western_Leopard_Toad,0.4049,3648.1,1663.0,3925.2,1923.7
/srv/shared_leopard_toad/2025/Documents/06.10-13.10.2025/4Z/108MEDIA/DSCF0302.JPG,DSCF0302.JPG,4Z/108MEDIA,0,Other_Amphibian,0.3434,3227.0,1973.7,3367.5,2133.9
/srv/shared_leopard_toad/2025/Documents/06.10-13.10.2025/4Z/108MEDIA/DSCF0801.JPG,DSCF0801.JPG,4Z/108MEDIA,2,Western_Leopard_Toad,0.2378,3655.4,1647.4,3929.9,1918.4
/srv/shared_leopard_toad/2025/Documents/06.10-13.10.2025/4Z/108MEDIA/DSCF0801.JPG,DSCF0801.JPG,4Z/108MEDIA,0,Other_Amphibian,0.2015,3220.5,1956.2,3349.7,2097.5
/srv/shared_leopard_toad/2025/Documents/06.10-13.10.2025/4Z/108MEDIA/DSCF0232.JPG,DSCF0232.JPG,4Z/108MEDIA,0,Other_Amphibian,0.5666,3218.3,1949.3,3353.2,2096.2
/srv/shared_leopard_toad/2025/Documents/06.10-13.10.2025/4Z/108MEDIA/DSCF0232.JPG,DSCF0232.JPG,4Z/108MEDIA,0,Other_Amphibian,0.4992,3224.2,1950.0,3354.0,2095.6
/srv/shared_leopard_toad/2025/Documents/06.10-13.10.2025/4Z/108MEDIA/DSCF0545.JPG,DSCF0545.JPG,4Z/108MEDIA,0,Other_Amphibian,0.2719,2979.4,2451.7,3101.7,2624.4
/srv/shared_leopard_toad/2025/Documents/06.10-13.10.2025/4Z/108MEDIA/DSCF0545.JPG,DSCF0545.JPG,4Z/108MEDIA,0,Other_Amphibian,0.2711,2968.5,2468.6,3100.6,2625.9
/srv/shared_leopard_toad/2025/Documents/06.10-13.10.2025/4Z/108MEDIA/DSCF0545.JPG,DSCF0545.JPG,4Z/108MEDIA,0,Other_Amphibian,0.2615,2970.9,2458.5,3101.6,2629.2
/srv/shared_leopard_toad/2025/Documents/06.10-13.10.2025/4Z/108MEDIA/DSCF0377.JPG,DSCF0377.JPG,4Z/108MEDIA,2,Western_Leopard_Toad,0.8389,3640.6,1660.9,3932.5,1921.6
/srv/shared_leopard_toad/2025/Documents/06.10-13.10.2025/4Z/108MEDIA/DSCF0377.JPG,DSCF0377.JPG,4Z/108MEDIA,0,Other_Amphibian,0.3154,4770.9,1345.4,4951.1,1539.0
/srv/shared_leopard_toad/2025/Documents/06.10-13.10.2025/4Z/108MEDIA/DSCF0705.JPG,DSCF0705.JPG,4Z/108MEDIA,0,Other_Amphibian,0.2333,3216.9,1954.6,3350.9,2098.8
/srv/shared_leopard_toad/2025/Documents/06.10-13.10.2025/4Z/108MEDIA/DSCF0705.JPG,DSCF0705.JPG,4Z/108MEDIA,0,Other_Amphibian,0.2301,2972.4,2486.9,3105.5,2626.1
/srv/shared_leopard_toad/2025/Documents/06.10-13.10.2025/4Z/108MEDIA/DSCF0705.JPG,DSCF0705.JPG,4Z/108MEDIA,0,Other_Amphibian,0.2128,3215.6,1954.0,3342.2,2099.1
/srv/shared_leopard_toad/2025/Documents/06.10-13.10.2025/4Z/108MEDIA/DSCF0813.JPG,DSCF0813.JPG,4Z/108MEDIA,0,Other_Amphibian,0.2473,2972.9,2473.8,3099.4,2622.1
/srv/shared_leopard_toad/2025/Documents/06.10-13.10.2025/4Z/108MEDIA/DSCF0830.JPG,DSCF0830.JPG,4Z/108MEDIA,0,Other_Amphibian,0.2507,2970.9,2475.5,3099.4,2623.5
/srv/shared_leopard_toad/2025/Documents/06.10-13.10.2025/4Z/108MEDIA/DSCF0830.JPG,DSCF0830.JPG,4Z/108MEDIA,0,Other_Amphibian,0.2019,2978.4,2466.7,3097.8,2622.8
/srv/shared_leopard_toad/2025/Documents/06.10-13.10.2025/4Z/108MEDIA/DSCF0830.JPG,DSCF0830.JPG,4Z/108MEDIA,0,Other_Amphibian,0.2001,3214.0,1954.5,3337.6,2098.1
/srv/shared_leopard_toad/2025/Documents/06.10-13.10.2025/4Z/108MEDIA/DSCF0048.JPG,DSCF0048.JPG,4Z/108MEDIA,0,Other_Amphibian,0.5790,3216.0,1953.2,3348.9,2095.1
/srv/shared_leopard_toad/2025/Documents/06.10-13.10.2025/4Z/108MEDIA/DSCF0048.JPG,DSCF0048.JPG,4Z/108MEDIA,0,Other_Amphibian,0.4784,3225.6,1953.2,3352.4,2095.1
/srv/shared_leopard_toad/2025/Documents/06.10-13.10.2025/4Z/108MEDIA/DSCF0267.JPG,DSCF0267.JPG,4Z/108MEDIA,2,Western_Leopard_Toad,0.2242,4818.1,1911.0,5084.5,2374.7
/srv/shared_leopard_toad/2025/Documents/06.10-13.10.2025/4Z/108MEDIA/DSCF0319.JPG,DSCF0319.JPG,4Z/108MEDIA,0,Other_Amphibian,0.5299,3222.2,1979.0,3358.5,2133.4
/srv/shared_leopard_toad/2025/Documents/06.10-13.10.2025/4Z/108MEDIA/DSCF0319.JPG,DSCF0319.JPG,4Z/108MEDIA,0,Other_Amphibian,0.4483,3223.0,1974.4,3365.9,2138.1
/srv/shared_leopard_toad/2025/Documents/06.10-13.10.2025/4Z/108MEDIA/DSCF0319.JPG,DSCF0319.JPG,4Z/108MEDIA,2,Western_Leopard_Toad,0.3196,3649.2,1662.8,3925.3,1923.6
/srv/shared_leopard_toad/2025/Documents/06.10-13.10.2025/4Z/108MEDIA/DSCF0150.JPG,DSCF0150.JPG,4Z/108MEDIA,0,Other_Amphibian,0.5954,3217.1,1952.2,3350.0,2096.9
/srv/shared_leopard_toad/2025/Documents/06.10-13.10.2025/4Z/108MEDIA/DSCF0150.JPG,DSCF0150.JPG,4Z/108MEDIA,0,Other_Amphibian,0.5194,3223.1,1952.1,3350.6,2095.8
/srv/shared_leopard_toad/2025/Documents/06.10-13.10.2025/4Z/108MEDIA/DSCF0510.JPG,DSCF0510.JPG,4Z/108MEDIA,0,Other_Amphibian,0.2648,2970.7,2470.3,3105.5,2625.8
/srv/shared_leopard_toad/2025/Documents/06.10-13.10.2025/4Z/108MEDIA/DSCF0510.JPG,DSCF0510.JPG,4Z/108MEDIA,0,Other_Amphibian,0.2160,3656.2,1647.2,3929.0,1919.0
/srv/shared_leopard_toad/2025/Documents/06.10-13.10.2025/4Z/108MEDIA/DSCF0510.JPG,DSCF0510.JPG,4Z/108MEDIA,0,Other_Amphibian,0.2048,2977.0,2461.2,3101.7,2626.3
/srv/shared_leopard_toad/2025/Documents/06.10-13.10.2025/4Z/108MEDIA/DSCF0643.JPG,DSCF0643.JPG,4Z/108MEDIA,0,Other_Amphibian,0.3132,2969.8,2465.8,3100.0,2622.5
/srv/shared_leopard_toad/2025/Documents/06.10-13.10.2025/4Z/108MEDIA/DSCF0643.JPG,DSCF0643.JPG,4Z/108MEDIA,0,Other_Amphibian,0.3032,2980.0,2458.6,3101.8,2621.7
/srv/shared_leopard_toad/2025/Documents/06.10-13.10.2025/4Z/108MEDIA/DSCF0643.JPG,DSCF0643.JPG,4Z/108MEDIA,0,Other_Amphibian,0.2726,3217.9,1954.3,3346.1,2098.9
/srv/shared_leopard_toad/2025/Documents/06.10-13.10.2025/4Z/108MEDIA/DSCF0643.JPG,DSCF0643.JPG,4Z/108MEDIA,0,Other_Amphibian,0.2553,3218.5,1955.7,3351.2,2099.0
/srv/shared_leopard_toad/2025/Documents/06.10-13.10.2025/4Z/108MEDIA/DSCF0643.JPG,DSCF0643.JPG,4Z/108MEDIA,0,Other_Amphibian,0.2464,3653.3,1646.8,3927.4,1917.3
/srv/shared_leopard_toad/2025/Documents/06.10-13.10.2025/4Z/108MEDIA/DSCF0323.JPG,DSCF0323.JPG,4Z/108MEDIA,0,Other_Amphibian,0.4864,3219.7,1972.1,3367.9,2137.9
/srv/shared_leopard_toad/2025/Documents/06.10-13.10.2025/4Z/108MEDIA/DSCF0323.JPG,DSCF0323.JPG,4Z/108MEDIA,0,Other_Amphibian,0.4432,3224.4,1973.9,3366.6,2133.0
/srv/shared_leopard_toad/2025/Documents/06.10-13.10.2025/4Z/108MEDIA/DSCF0323.JPG,DSCF0323.JPG,4Z/108MEDIA,2,Western_Leopard_Toad,0.2587,3644.7,1663.9,3924.1,1923.5
/srv/shared_leopard_toad/2025/Documents/06.10-13.10.2025/4Z/108MEDIA/DSCF0013.JPG,DSCF0013.JPG,4Z/108MEDIA,0,Other_Amphibian,0.5526,3217.1,1952.6,3347.8,2092.8
/srv/shared_leopard_toad/2025/Documents/06.10-13.10.2025/4Z/108MEDIA/DSCF0013.JPG,DSCF0013.JPG,4Z/108MEDIA,0,Other_Amphibian,0.4402,3226.9,1953.0,3352.4,2094.1
/srv/shared_leopard_toad/2025/Documents/06.10-13.10.2025/4Z/108MEDIA/DSCF0108.JPG,DSCF0108.JPG,4Z/108MEDIA,0,Other_Amphibian,0.5507,3217.2,1953.5,3348.0,2093.2
/srv/shared_leopard_toad/2025/Documents/06.10-13.10.2025/4Z/108MEDIA/DSCF0108.JPG,DSCF0108.JPG,4Z/108MEDIA,0,Other_Amphibian,0.4254,3227.2,1953.8,3352.7,2093.9
/srv/shared_leopard_toad/2025/Documents/06.10-13.10.2025/4Z/108MEDIA/DSCF0277.JPG,DSCF0277.JPG,4Z/108MEDIA,2,Western_Leopard_Toad,0.8363,3653.0,1660.4,3927.0,1917.6
/srv/shared_leopard_toad/2025/Documents/06.10-13.10.2025/4Z/108MEDIA/DSCF0277.JPG,DSCF0277.JPG,4Z/108MEDIA,0,Other_Amphibian,0.2594,3219.9,1971.6,3375.2,2138.8
/srv/shared_leopard_toad/2025/Documents/06.10-13.10.2025/4Z/108MEDIA/DSCF0901.JPG,DSCF0901.JPG,4Z/108MEDIA,0,Other_Amphibian,0.2453,2973.1,2491.3,3099.0,2621.6
/srv/shared_leopard_toad/2025/Documents/06.10-13.10.2025/4Z/108MEDIA/DSCF0153.JPG,DSCF0153.JPG,4Z/108MEDIA,0,Other_Amphibian,0.5523,3217.9,1951.0,3351.4,2094.2
/srv/shared_leopard_toad/2025/Documents/06.10-13.10.2025/4Z/108MEDIA/DSCF0153.JPG,DSCF0153.JPG,4Z/108MEDIA,0,Other_Amphibian,0.4790,3224.7,1951.1,3354.2,2093.3
/srv/shared_leopard_toad/2025/Documents/06.10-13.10.2025/4Z/108MEDIA/DSCF0747.JPG,DSCF0747.JPG,4Z/108MEDIA,0,Other_Amphibian,0.2696,3218.0,1955.0,3348.7,2097.3
/srv/shared_leopard_toad/2025/Documents/06.10-13.10.2025/4Z/108MEDIA/DSCF0747.JPG,DSCF0747.JPG,4Z/108MEDIA,0,Other_Amphibian,0.2491,3220.4,1954.3,3344.9,2098.1
/srv/shared_leopard_toad/2025/Documents/06.10-13.10.2025/4Z/108MEDIA/DSCF0747.JPG,DSCF0747.JPG,4Z/108MEDIA,2,Western_Leopard_Toad,0.2273,3655.6,1646.6,3929.9,1919.0
/srv/shared_leopard_toad/2025/Documents/06.10-13.10.2025/4Z/108MEDIA/DSCF0079.JPG,DSCF0079.JPG,4Z/108MEDIA,0,Other_Amphibian,0.5342,3217.4,1951.4,3350.0,2096.4
/srv/shared_leopard_toad/2025/Documents/06.10-13.10.2025/4Z/108MEDIA/DSCF0079.JPG,DSCF0079.JPG,4Z/108MEDIA,0,Other_Amphibian,0.4475,3226.0,1951.2,3355.5,2096.1
/srv/shared_leopard_toad/2025/Documents/06.10-13.10.2025/4Z/108MEDIA/DSCF0079.JPG,DSCF0079.JPG,4Z/108MEDIA,2,Western_Leopard_Toad,0.2051,3656.2,1647.3,3930.3,1917.2
/srv/shared_leopard_toad/2025/Documents/06.10-13.10.2025/4Z/108MEDIA/DSCF0996.JPG,DSCF0996.JPG,4Z/108MEDIA,0,Other_Amphibian,0.3771,2970.1,2476.0,3105.7,2621.7
/srv/shared_leopard_toad/2025/Documents/06.10-13.10.2025/4Z/108MEDIA/DSCF0996.JPG,DSCF0996.JPG,4Z/108MEDIA,0,Other_Amphibian,0.3524,2980.8,2464.8,3106.9,2621.3
/srv/shared_leopard_toad/2025/Documents/06.10-13.10.2025/4Z/108MEDIA/DSCF0610.JPG,DSCF0610.JPG,4Z/108MEDIA,0,Other_Amphibian,0.3071,2971.0,2461.8,3106.7,2624.7
/srv/shared_leopard_toad/2025/Documents/06.10-13.10.2025/4Z/108MEDIA/DSCF0610.JPG,DSCF0610.JPG,4Z/108MEDIA,0,Other_Amphibian,0.2766,2978.7,2456.9,3106.5,2624.3
/srv/shared_leopard_toad/2025/Documents/06.10-13.10.2025/4Z/108MEDIA/DSCF0610.JPG,DSCF0610.JPG,4Z/108MEDIA,0,Other_Amphibian,0.2339,3218.1,1953.7,3342.9,2098.9
/srv/shared_leopard_toad/2025/Documents/06.10-13.10.2025/4Z/108MEDIA/DSCF0610.JPG,DSCF0610.JPG,4Z/108MEDIA,0,Other_Amphibian,0.2323,3219.1,1955.2,3350.4,2099.2
/srv/shared_leopard_toad/2025/Documents/06.10-13.10.2025/4Z/108MEDIA/DSCF0692.JPG,DSCF0692.JPG,4Z/108MEDIA,0,Other_Amphibian,0.3290,2969.5,2475.4,3103.5,2625.6
/srv/shared_leopard_toad/2025/Documents/06.10-13.10.2025/4Z/108MEDIA/DSCF0692.JPG,DSCF0692.JPG,4Z/108MEDIA,0,Other_Amphibian,0.2546,2981.1,2465.6,3105.2,2625.1
/srv/shared_leopard_toad/2025/Documents/06.10-13.10.2025/4Z/108MEDIA/DSCF0708.JPG,DSCF0708.JPG,4Z/108MEDIA,0,Other_Amphibian,0.2653,3215.9,1953.3,3343.9,2099.1
/srv/shared_leopard_toad/2025/Documents/06.10-13.10.2025/4Z/108MEDIA/DSCF0708.JPG,DSCF0708.JPG,4Z/108MEDIA,0,Other_Amphibian,0.2518,2973.2,2478.1,3102.7,2620.4
/srv/shared_leopard_toad/2025/Documents/06.10-13.10.2025/4Z/108MEDIA/DSCF0708.JPG,DSCF0708.JPG,4Z/108MEDIA,0,Other_Amphibian,0.2208,3218.4,1955.0,3352.6,2099.8
/srv/shared_leopard_toad/2025/Documents/06.10-13.10.2025/4Z/108MEDIA/DSCF0708.JPG,DSCF0708.JPG,4Z/108MEDIA,0,Other_Amphibian,0.2038,2979.0,2471.7,3099.9,2621.0
/srv/shared_leopard_toad/2025/Documents/06.10-13.10.2025/4Z/108MEDIA/DSCF0119.JPG,DSCF0119.JPG,4Z/108MEDIA,0,Other_Amphibian,0.4943,3218.8,1951.7,3347.5,2091.4
/srv/shared_leopard_toad/2025/Documents/06.10-13.10.2025/4Z/108MEDIA/DSCF0119.JPG,DSCF0119.JPG,4Z/108MEDIA,0,Other_Amphibian,0.4109,3227.0,1951.6,3352.5,2091.9
/srv/shared_leopard_toad/2025/Documents/06.10-13.10.2025/4Z/108MEDIA/DSCF0846.JPG,DSCF0846.JPG,4Z/108MEDIA,0,Other_Amphibian,0.3194,2971.6,2468.8,3104.2,2620.8
/srv/shared_leopard_toad/2025/Documents/06.10-13.10.2025/4Z/108MEDIA/DSCF0846.JPG,DSCF0846.JPG,4Z/108MEDIA,0,Other_Amphibian,0.2667,2982.8,2457.0,3104.6,2620.6
/srv/shared_leopard_toad/2025/Documents/06.10-13.10.2025/4Z/108MEDIA/DSCF0469.JPG,DSCF0469.JPG,4Z/108MEDIA,0,Other_Amphibian,0.2188,3218.9,1957.5,3351.1,2099.9
/srv/shared_leopard_toad/2025/Documents/06.10-13.10.2025/4Z/108MEDIA/DSCF0469.JPG,DSCF0469.JPG,4Z/108MEDIA,0,Other_Amphibian,0.2184,3222.3,1955.5,3346.2,2100.6
/srv/shared_leopard_toad/2025/Documents/06.10-13.10.2025/4Z/108MEDIA/DSCF0469.JPG,DSCF0469.JPG,4Z/108MEDIA,0,Other_Amphibian,0.2004,2973.1,2482.5,3103.1,2625.5
/srv/shared_leopard_toad/2025/Documents/06.10-13.10.2025/4Z/108MEDIA/DSCF0098.JPG,DSCF0098.JPG,4Z/108MEDIA,0,Other_Amphibian,0.5364,3215.7,1951.1,3348.9,2096.2
/srv/shared_leopard_toad/2025/Documents/06.10-13.10.2025/4Z/108MEDIA/DSCF0098.JPG,DSCF0098.JPG,4Z/108MEDIA,0,Other_Amphibian,0.4556,3224.4,1950.9,3352.9,2095.4
/srv/shared_leopard_toad/2025/Documents/06.10-13.10.2025/4Z/108MEDIA/DSCF0098.JPG,DSCF0098.JPG,4Z/108MEDIA,0,Other_Amphibian,0.2941,2981.2,2461.6,3110.2,2617.8
/srv/shared_leopard_toad/2025/Documents/06.10-13.10.2025/4Z/108MEDIA/DSCF0098.JPG,DSCF0098.JPG,4Z/108MEDIA,0,Other_Amphibian,0.2623,2976.4,2463.2,3111.6,2618.1
/srv/shared_leopard_toad/2025/Documents/06.10-13.10.2025/4Z/108MEDIA/DSCF0961.JPG,DSCF0961.JPG,4Z/108MEDIA,0,Other_Amphibian,0.2961,3652.2,1649.1,3930.3,1917.4
/srv/shared_leopard_toad/2025/Documents/06.10-13.10.2025/4Z/108MEDIA/DSCF0214.JPG,DSCF0214.JPG,4Z/108MEDIA,0,Other_Amphibian,0.5316,3217.9,1951.5,3351.3,2094.8
/srv/shared_leopard_toad/2025/Documents/06.10-13.10.2025/4Z/108MEDIA/DSCF0214.JPG,DSCF0214.JPG,4Z/108MEDIA,0,Other_Amphibian,0.4224,3224.7,1952.5,3352.3,2095.4
/srv/shared_leopard_toad/2025/Documents/06.10-13.10.2025/4Z/108MEDIA/DSCF0214.JPG,DSCF0214.JPG,4Z/108MEDIA,0,Other_Amphibian,0.2516,2975.6,2495.5,3103.8,2619.0
/srv/shared_leopard_toad/2025/Documents/06.10-13.10.2025/4Z/108MEDIA/DSCF0804.JPG,DSCF0804.JPG,4Z/108MEDIA,0,Other_Amphibian,0.3057,3218.0,1956.6,3347.8,2097.0
/srv/shared_leopard_toad/2025/Documents/06.10-13.10.2025/4Z/108MEDIA/DSCF0804.JPG,DSCF0804.JPG,4Z/108MEDIA,2,Western_Leopard_Toad,0.2846,3655.3,1647.3,3931.3,1917.2
/srv/shared_leopard_toad/2025/Documents/06.10-13.10.2025/4Z/108MEDIA/DSCF0804.JPG,DSCF0804.JPG,4Z/108MEDIA,0,Other_Amphibian,0.2718,3217.4,1957.3,3342.8,2098.8
/srv/shared_leopard_toad/2025/Documents/06.10-13.10.2025/4Z/108MEDIA/DSCF0804.JPG,DSCF0804.JPG,4Z/108MEDIA,0,Other_Amphibian,0.2560,2970.2,2479.8,3103.6,2623.5
/srv/shared_leopard_toad/2025/Documents/06.10-13.10.2025/4Z/108MEDIA/DSCF0825.JPG,DSCF0825.JPG,4Z/108MEDIA,0,Other_Amphibian,0.2842,2968.4,2460.4,3101.3,2622.4
/srv/shared_leopard_toad/2025/Documents/06.10-13.10.2025/4Z/108MEDIA/DSCF0825.JPG,DSCF0825.JPG,4Z/108MEDIA,0,Other_Amphibian,0.2561,2977.6,2447.2,3102.1,2622.9
/srv/shared_leopard_toad/2025/Documents/06.10-13.10.2025/4Z/108MEDIA/DSCF0825.JPG,DSCF0825.JPG,4Z/108MEDIA,0,Other_Amphibian,0.2210,3219.0,1954.4,3351.0,2098.2
/srv/shared_leopard_toad/2025/Documents/06.10-13.10.2025/4Z/108MEDIA/DSCF0825.JPG,DSCF0825.JPG,4Z/108MEDIA,0,Other_Amphibian,0.2196,3214.9,1953.6,3341.0,2098.8
/srv/shared_leopard_toad/2025/Documents/06.10-13.10.2025/4Z/108MEDIA/DSCF0825.JPG,DSCF0825.JPG,4Z/108MEDIA,0,Other_Amphibian,0.2020,3654.1,1645.1,3930.2,1917.5
/srv/shared_leopard_toad/2025/Documents/06.10-13.10.2025/4Z/108MEDIA/DSCF0915.JPG,DSCF0915.JPG,4Z/108MEDIA,0,Other_Amphibian,0.2861,2969.9,2476.5,3100.5,2626.5
/srv/shared_leopard_toad/2025/Documents/06.10-13.10.2025/4Z/108MEDIA/DSCF0915.JPG,DSCF0915.JPG,4Z/108MEDIA,0,Other_Amphibian,0.2330,2978.2,2466.2,3097.5,2626.0
/srv/shared_leopard_toad/2025/Documents/06.10-13.10.2025/4Z/108MEDIA/DSCF0627.JPG,DSCF0627.JPG,4Z/108MEDIA,0,Other_Amphibian,0.2940,3218.4,1954.0,3349.1,2097.6
/srv/shared_leopard_toad/2025/Documents/06.10-13.10.2025/4Z/108MEDIA/DSCF0627.JPG,DSCF0627.JPG,4Z/108MEDIA,0,Other_Amphibian,0.2553,3220.6,1953.8,3344.9,2098.4
/srv/shared_leopard_toad/2025/Documents/06.10-13.10.2025/4Z/108MEDIA/DSCF0627.JPG,DSCF0627.JPG,4Z/108MEDIA,0,Other_Amphibian,0.2103,3655.5,1647.4,3928.7,1917.2
/srv/shared_leopard_toad/2025/Documents/06.10-13.10.2025/4Z/108MEDIA/DSCF0627.JPG,DSCF0627.JPG,4Z/108MEDIA,0,Other_Amphibian,0.2015,2972.2,2484.1,3099.3,2624.6
/srv/shared_leopard_toad/2025/Documents/06.10-13.10.2025/4Z/108MEDIA/DSCF0425.JPG,DSCF0425.JPG,4Z/108MEDIA,0,Other_Amphibian,0.2579,3221.0,1952.8,3350.0,2099.4
/srv/shared_leopard_toad/2025/Documents/06.10-13.10.2025/4Z/108MEDIA/DSCF0425.JPG,DSCF0425.JPG,4Z/108MEDIA,0,Other_Amphibian,0.2459,3218.2,1955.1,3352.9,2099.9
/srv/shared_leopard_toad/2025/Documents/06.10-13.10.2025/4Z/108MEDIA/DSCF0398.JPG,DSCF0398.JPG,4Z/108MEDIA,0,Other_Amphibian,0.2491,3219.3,1954.2,3346.3,2100.3
/srv/shared_leopard_toad/2025/Documents/06.10-13.10.2025/4Z/108MEDIA/DSCF0398.JPG,DSCF0398.JPG,4Z/108MEDIA,0,Other_Amphibian,0.2374,3219.3,1956.6,3351.7,2100.1
/srv/shared_leopard_toad/2025/Documents/06.10-13.10.2025/4Z/108MEDIA/DSCF0205.JPG,DSCF0205.JPG,4Z/108MEDIA,0,Other_Amphibian,0.5487,3217.4,1951.9,3352.3,2096.0
/srv/shared_leopard_toad/2025/Documents/06.10-13.10.2025/4Z/108MEDIA/DSCF0205.JPG,DSCF0205.JPG,4Z/108MEDIA,0,Other_Amphibian,0.4530,3224.1,1952.0,3355.6,2095.0
/srv/shared_leopard_toad/2025/Documents/06.10-13.10.2025/4Z/108MEDIA/DSCF0540.JPG,DSCF0540.JPG,4Z/108MEDIA,0,Other_Amphibian,0.2407,3216.5,1954.5,3342.8,2099.0
/srv/shared_leopard_toad/2025/Documents/06.10-13.10.2025/4Z/108MEDIA/DSCF0540.JPG,DSCF0540.JPG,4Z/108MEDIA,0,Other_Amphibian,0.2100,2973.2,2480.6,3102.5,2630.1
/srv/shared_leopard_toad/2025/Documents/06.10-13.10.2025/4Z/108MEDIA/DSCF0540.JPG,DSCF0540.JPG,4Z/108MEDIA,0,Other_Amphibian,0.2092,3218.7,1956.7,3351.0,2099.0
/srv/shared_leopard_toad/2025/Documents/06.10-13.10.2025/4Z/108MEDIA/DSCF0540.JPG,DSCF0540.JPG,4Z/108MEDIA,0,Other_Amphibian,0.2056,2976.4,2487.6,3104.6,2623.1
/srv/shared_leopard_toad/2025/Documents/06.10-13.10.2025/4Z/108MEDIA/DSCF0618.JPG,DSCF0618.JPG,4Z/108MEDIA,0,Other_Amphibian,0.2582,3218.9,1956.1,3349.4,2098.4
/srv/shared_leopard_toad/2025/Documents/06.10-13.10.2025/4Z/108MEDIA/DSCF0618.JPG,DSCF0618.JPG,4Z/108MEDIA,0,Other_Amphibian,0.2531,3220.7,1955.2,3344.4,2099.4
/srv/shared_leopard_toad/2025/Documents/06.10-13.10.2025/4Z/108MEDIA/DSCF0112.JPG,DSCF0112.JPG,4Z/108MEDIA,0,Other_Amphibian,0.5756,3217.0,1950.9,3349.4,2094.2
/srv/shared_leopard_toad/2025/Documents/06.10-13.10.2025/4Z/108MEDIA/DSCF0112.JPG,DSCF0112.JPG,4Z/108MEDIA,0,Other_Amphibian,0.5019,3225.1,1951.0,3353.6,2093.6
/srv/shared_leopard_toad/2025/Documents/06.10-13.10.2025/4Z/108MEDIA/DSCF0584.JPG,DSCF0584.JPG,4Z/108MEDIA,0,Other_Amphibian,0.2503,2971.5,2469.7,3104.2,2620.6
/srv/shared_leopard_toad/2025/Documents/06.10-13.10.2025/4Z/108MEDIA/DSCF0584.JPG,DSCF0584.JPG,4Z/108MEDIA,0,Other_Amphibian,0.2059,3219.4,1955.8,3350.2,2099.1
/srv/shared_leopard_toad/2025/Documents/06.10-13.10.2025/4Z/108MEDIA/DSCF0584.JPG,DSCF0584.JPG,4Z/108MEDIA,0,Other_Amphibian,0.2032,2979.0,2461.6,3103.3,2619.5
/srv/shared_leopard_toad/2025/Documents/06.10-13.10.2025/4Z/108MEDIA/DSCF0111.JPG,DSCF0111.JPG,4Z/108MEDIA,0,Other_Amphibian,0.5588,3216.0,1950.8,3348.9,2093.4
/srv/shared_leopard_toad/2025/Documents/06.10-13.10.2025/4Z/108MEDIA/DSCF0111.JPG,DSCF0111.JPG,4Z/108MEDIA,0,Other_Amphibian,0.4979,3226.2,1951.2,3355.9,2093.4
/srv/shared_leopard_toad/2025/Documents/06.10-13.10.2025/4Z/108MEDIA/DSCF0111.JPG,DSCF0111.JPG,4Z/108MEDIA,2,Western_Leopard_Toad,0.2985,3656.9,1648.0,3930.6,1916.6
/srv/shared_leopard_toad/2025/Documents/06.10-13.10.2025/4Z/108MEDIA/DSCF0263.JPG,DSCF0263.JPG,4Z/108MEDIA,0,Other_Amphibian,0.4986,3218.3,1953.4,3343.2,2098.2
/srv/shared_leopard_toad/2025/Documents/06.10-13.10.2025/4Z/108MEDIA/DSCF0263.JPG,DSCF0263.JPG,4Z/108MEDIA,0,Other_Amphibian,0.4066,3226.0,1952.1,3346.1,2097.0
/srv/shared_leopard_toad/2025/Documents/06.10-13.10.2025/4Z/108MEDIA/DSCF0586.JPG,DSCF0586.JPG,4Z/108MEDIA,0,Other_Amphibian,0.2158,3216.1,1954.1,3344.2,2099.5
/srv/shared_leopard_toad/2025/Documents/06.10-13.10.2025/4Z/108MEDIA/DSCF0586.JPG,DSCF0586.JPG,4Z/108MEDIA,0,Other_Amphibian,0.2151,3219.3,1955.8,3353.1,2099.4
/srv/shared_leopard_toad/2025/Documents/06.10-13.10.2025/4Z/108MEDIA/DSCF0349.JPG,DSCF0349.JPG,4Z/108MEDIA,2,Western_Leopard_Toad,0.8263,3645.3,1664.2,3928.0,1923.0
/srv/shared_leopard_toad/2025/Documents/06.10-13.10.2025/4Z/108MEDIA/DSCF0828.JPG,DSCF0828.JPG,4Z/108MEDIA,0,Other_Amphibian,0.2470,3656.5,1647.6,3928.8,1918.1
/srv/shared_leopard_toad/2025/Documents/06.10-13.10.2025/4Z/108MEDIA/DSCF0828.JPG,DSCF0828.JPG,4Z/108MEDIA,0,Other_Amphibian,0.2135,3219.8,1956.5,3349.1,2097.5
/srv/shared_leopard_toad/2025/Documents/06.10-13.10.2025/4Z/108MEDIA/DSCF0828.JPG,DSCF0828.JPG,4Z/108MEDIA,0,Other_Amphibian,0.2012,3215.6,1956.2,3338.9,2098.8
/srv/shared_leopard_toad/2025/Documents/06.10-13.10.2025/4Z/108MEDIA/DSCF0555.JPG,DSCF0555.JPG,4Z/108MEDIA,0,Other_Amphibian,0.3852,2971.0,2475.1,3102.8,2621.3
/srv/shared_leopard_toad/2025/Documents/06.10-13.10.2025/4Z/108MEDIA/DSCF0555.JPG,DSCF0555.JPG,4Z/108MEDIA,0,Other_Amphibian,0.3157,2982.5,2467.6,3104.3,2620.7
/srv/shared_leopard_toad/2025/Documents/06.10-13.10.2025/4Z/108MEDIA/DSCF0555.JPG,DSCF0555.JPG,4Z/108MEDIA,0,Other_Amphibian,0.3061,3654.7,1647.5,3931.0,1918.1
/srv/shared_leopard_toad/2025/Documents/06.10-13.10.2025/4Z/108MEDIA/DSCF0555.JPG,DSCF0555.JPG,4Z/108MEDIA,0,Other_Amphibian,0.2670,3218.5,1956.6,3349.4,2097.6
/srv/shared_leopard_toad/2025/Documents/06.10-13.10.2025/4Z/108MEDIA/DSCF0555.JPG,DSCF0555.JPG,4Z/108MEDIA,0,Other_Amphibian,0.2517,3214.4,1955.9,3340.8,2098.3
/srv/shared_leopard_toad/2025/Documents/06.10-13.10.2025/4Z/108MEDIA/DSCF0695.JPG,DSCF0695.JPG,4Z/108MEDIA,0,Other_Amphibian,0.2465,2971.2,2478.2,3101.0,2625.5
/srv/shared_leopard_toad/2025/Documents/06.10-13.10.2025/4Z/108MEDIA/DSCF0764.JPG,DSCF0764.JPG,4Z/108MEDIA,0,Other_Amphibian,0.2727,2971.1,2478.1,3101.5,2621.1
/srv/shared_leopard_toad/2025/Documents/06.10-13.10.2025/4Z/108MEDIA/DSCF0764.JPG,DSCF0764.JPG,4Z/108MEDIA,0,Other_Amphibian,0.2297,3220.4,1956.0,3351.5,2097.4
/srv/shared_leopard_toad/2025/Documents/06.10-13.10.2025/4Z/108MEDIA/DSCF0764.JPG,DSCF0764.JPG,4Z/108MEDIA,0,Other_Amphibian,0.2034,3215.5,1955.6,3341.5,2098.1
/srv/shared_leopard_toad/2025/Documents/06.10-13.10.2025/4Z/108MEDIA/DSCF0229.JPG,DSCF0229.JPG,4Z/108MEDIA,0,Other_Amphibian,0.6000,3216.5,1949.9,3352.6,2095.7
/srv/shared_leopard_toad/2025/Documents/06.10-13.10.2025/4Z/108MEDIA/DSCF0229.JPG,DSCF0229.JPG,4Z/108MEDIA,0,Other_Amphibian,0.5517,3221.3,1950.6,3351.5,2095.2
/srv/shared_leopard_toad/2025/Documents/06.10-13.10.2025/4Z/108MEDIA/DSCF0953.JPG,DSCF0953.JPG,4Z/108MEDIA,0,Other_Amphibian,0.2170,2972.0,2474.2,3100.4,2619.9
/srv/shared_leopard_toad/2025/Documents/06.10-13.10.2025/4Z/108MEDIA/DSCF0953.JPG,DSCF0953.JPG,4Z/108MEDIA,0,Other_Amphibian,0.2157,2980.9,2446.8,3098.8,2619.5
/srv/shared_leopard_toad/2025/Documents/06.10-13.10.2025/4Z/108MEDIA/DSCF0657.JPG,DSCF0657.JPG,4Z/108MEDIA,0,Other_Amphibian,0.2377,3219.7,1955.3,3350.9,2098.1
/srv/shared_leopard_toad/2025/Documents/06.10-13.10.2025/4Z/108MEDIA/DSCF0657.JPG,DSCF0657.JPG,4Z/108MEDIA,0,Other_Amphibian,0.2169,3218.3,1954.7,3343.0,2098.4
/srv/shared_leopard_toad/2025/Documents/06.10-13.10.2025/4Z/108MEDIA/DSCF0163.JPG,DSCF0163.JPG,4Z/108MEDIA,0,Other_Amphibian,0.5658,3217.8,1952.6,3348.8,2094.3
/srv/shared_leopard_toad/2025/Documents/06.10-13.10.2025/4Z/108MEDIA/DSCF0163.JPG,DSCF0163.JPG,4Z/108MEDIA,0,Other_Amphibian,0.5049,3224.5,1952.4,3350.7,2093.9
/srv/shared_leopard_toad/2025/Documents/06.10-13.10.2025/4Z/108MEDIA/DSCF0587.JPG,DSCF0587.JPG,4Z/108MEDIA,0,Other_Amphibian,0.2466,3218.6,1953.6,3341.6,2099.9
/srv/shared_leopard_toad/2025/Documents/06.10-13.10.2025/4Z/108MEDIA/DSCF0587.JPG,DSCF0587.JPG,4Z/108MEDIA,0,Other_Amphibian,0.2418,2969.2,2480.5,3104.6,2632.9
/srv/shared_leopard_toad/2025/Documents/06.10-13.10.2025/4Z/108MEDIA/DSCF0587.JPG,DSCF0587.JPG,4Z/108MEDIA,0,Other_Amphibian,0.2413,3217.7,1954.9,3348.4,2099.3
/srv/shared_leopard_toad/2025/Documents/06.10-13.10.2025/4Z/108MEDIA/DSCF0587.JPG,DSCF0587.JPG,4Z/108MEDIA,0,Other_Amphibian,0.2282,2971.1,2484.1,3104.5,2626.2
/srv/shared_leopard_toad/2025/Documents/06.10-13.10.2025/4Z/108MEDIA/DSCF0711.JPG,DSCF0711.JPG,4Z/108MEDIA,2,Western_Leopard_Toad,0.2670,3656.6,1647.7,3926.5,1917.6
/srv/shared_leopard_toad/2025/Documents/06.10-13.10.2025/4Z/108MEDIA/DSCF0711.JPG,DSCF0711.JPG,4Z/108MEDIA,0,Other_Amphibian,0.2198,3220.4,1955.3,3348.0,2097.6
/srv/shared_leopard_toad/2025/Documents/06.10-13.10.2025/4Z/108MEDIA/DSCF0711.JPG,DSCF0711.JPG,4Z/108MEDIA,0,Other_Amphibian,0.2173,3218.4,1955.0,3340.4,2098.6
/srv/shared_leopard_toad/2025/Documents/06.10-13.10.2025/4Z/108MEDIA/DSCF0563.JPG,DSCF0563.JPG,4Z/108MEDIA,0,Other_Amphibian,0.3202,2969.3,2464.1,3105.9,2620.0
/srv/shared_leopard_toad/2025/Documents/06.10-13.10.2025/4Z/108MEDIA/DSCF0563.JPG,DSCF0563.JPG,4Z/108MEDIA,0,Other_Amphibian,0.2877,2979.2,2451.0,3106.5,2619.9
/srv/shared_leopard_toad/2025/Documents/06.10-13.10.2025/4Z/108MEDIA/DSCF0563.JPG,DSCF0563.JPG,4Z/108MEDIA,0,Other_Amphibian,0.2538,3217.9,1955.0,3341.9,2099.7
/srv/shared_leopard_toad/2025/Documents/06.10-13.10.2025/4Z/108MEDIA/DSCF0563.JPG,DSCF0563.JPG,4Z/108MEDIA,0,Other_Amphibian,0.2452,3218.6,1956.9,3350.0,2099.7
/srv/shared_leopard_toad/2025/Documents/06.10-13.10.2025/4Z/108MEDIA/DSCF0283.JPG,DSCF0283.JPG,4Z/108MEDIA,2,Western_Leopard_Toad,0.5765,3648.0,1658.3,3926.4,1919.1
/srv/shared_leopard_toad/2025/Documents/06.10-13.10.2025/4Z/108MEDIA/DSCF0283.JPG,DSCF0283.JPG,4Z/108MEDIA,0,Other_Amphibian,0.3713,3224.0,1971.7,3369.2,2133.8
/srv/shared_leopard_toad/2025/Documents/06.10-13.10.2025/4Z/108MEDIA/DSCF0283.JPG,DSCF0283.JPG,4Z/108MEDIA,0,Other_Amphibian,0.3126,3227.7,1976.1,3363.6,2131.0
/srv/shared_leopard_toad/2025/Documents/06.10-13.10.2025/4Z/108MEDIA/DSCF0869.JPG,DSCF0869.JPG,4Z/108MEDIA,0,Other_Amphibian,0.3462,2969.8,2469.7,3104.0,2629.7
/srv/shared_leopard_toad/2025/Documents/06.10-13.10.2025/4Z/108MEDIA/DSCF0869.JPG,DSCF0869.JPG,4Z/108MEDIA,0,Other_Amphibian,0.2778,2981.6,2461.5,3106.9,2629.0
/srv/shared_leopard_toad/2025/Documents/06.10-13.10.2025/4Z/108MEDIA/DSCF0869.JPG,DSCF0869.JPG,4Z/108MEDIA,0,Other_Amphibian,0.2605,2971.6,2464.0,3106.0,2634.1
/srv/shared_leopard_toad/2025/Documents/06.10-13.10.2025/4Z/108MEDIA/DSCF0470.JPG,DSCF0470.JPG,4Z/108MEDIA,0,Other_Amphibian,0.2192,3221.3,1957.8,3352.3,2099.3
/srv/shared_leopard_toad/2025/Documents/06.10-13.10.2025/4Z/108MEDIA/DSCF0470.JPG,DSCF0470.JPG,4Z/108MEDIA,0,Other_Amphibian,0.2171,2970.7,2474.7,3103.2,2626.2
/srv/shared_leopard_toad/2025/Documents/06.10-13.10.2025/4Z/108MEDIA/DSCF0470.JPG,DSCF0470.JPG,4Z/108MEDIA,0,Other_Amphibian,0.2140,3216.5,1956.4,3340.9,2099.4
/srv/shared_leopard_toad/2025/Documents/06.10-13.10.2025/4Z/108MEDIA/DSCF0710.JPG,DSCF0710.JPG,4Z/108MEDIA,0,Other_Amphibian,0.2816,3217.8,1954.3,3349.6,2097.1
/srv/shared_leopard_toad/2025/Documents/06.10-13.10.2025/4Z/108MEDIA/DSCF0710.JPG,DSCF0710.JPG,4Z/108MEDIA,2,Western_Leopard_Toad,0.2690,3655.2,1648.4,3928.8,1918.2
/srv/shared_leopard_toad/2025/Documents/06.10-13.10.2025/4Z/108MEDIA/DSCF0710.JPG,DSCF0710.JPG,4Z/108MEDIA,0,Other_Amphibian,0.2542,3216.8,1955.4,3342.3,2099.7
/srv/shared_leopard_toad/2025/Documents/06.10-13.10.2025/4Z/108MEDIA/DSCF0406.JPG,DSCF0406.JPG,4Z/108MEDIA,0,Other_Amphibian,0.2500,3657.1,1648.7,3928.4,1917.8
/srv/shared_leopard_toad/2025/Documents/06.10-13.10.2025/4Z/108MEDIA/DSCF0406.JPG,DSCF0406.JPG,4Z/108MEDIA,0,Other_Amphibian,0.2041,3215.7,1959.6,3343.3,2103.4
/srv/shared_leopard_toad/2025/Documents/06.10-13.10.2025/4Z/108MEDIA/DSCF0863.JPG,DSCF0863.JPG,4Z/108MEDIA,0,Other_Amphibian,0.2058,3220.9,1957.5,3351.4,2098.9
/srv/shared_leopard_toad/2025/Documents/06.10-13.10.2025/4Z/108MEDIA/DSCF0128.JPG,DSCF0128.JPG,4Z/108MEDIA,0,Other_Amphibian,0.5382,3217.4,1952.2,3348.2,2091.6
/srv/shared_leopard_toad/2025/Documents/06.10-13.10.2025/4Z/108MEDIA/DSCF0128.JPG,DSCF0128.JPG,4Z/108MEDIA,0,Other_Amphibian,0.4270,3225.4,1952.6,3351.7,2091.5
/srv/shared_leopard_toad/2025/Documents/06.10-13.10.2025/4Z/108MEDIA/DSCF0265.JPG,DSCF0265.JPG,4Z/108MEDIA,0,Other_Amphibian,0.5480,3218.7,1952.9,3344.5,2096.1
/srv/shared_leopard_toad/2025/Documents/06.10-13.10.2025/4Z/108MEDIA/DSCF0265.JPG,DSCF0265.JPG,4Z/108MEDIA,0,Other_Amphibian,0.4548,3224.7,1951.0,3346.4,2094.4
/srv/shared_leopard_toad/2025/Documents/06.10-13.10.2025/4Z/108MEDIA/DSCF0850.JPG,DSCF0850.JPG,4Z/108MEDIA,0,Other_Amphibian,0.2614,3220.8,1956.7,3349.5,2098.6
/srv/shared_leopard_toad/2025/Documents/06.10-13.10.2025/4Z/108MEDIA/DSCF0850.JPG,DSCF0850.JPG,4Z/108MEDIA,0,Other_Amphibian,0.2373,3220.2,1956.3,3342.1,2099.5
/srv/shared_leopard_toad/2025/Documents/06.10-13.10.2025/4Z/108MEDIA/DSCF0850.JPG,DSCF0850.JPG,4Z/108MEDIA,0,Other_Amphibian,0.2082,2972.5,2478.3,3101.1,2626.8
/srv/shared_leopard_toad/2025/Documents/06.10-13.10.2025/4Z/108MEDIA/DSCF0022.JPG,DSCF0022.JPG,4Z/108MEDIA,0,Other_Amphibian,0.5865,3215.5,1951.6,3349.3,2095.4
/srv/shared_leopard_toad/2025/Documents/06.10-13.10.2025/4Z/108MEDIA/DSCF0022.JPG,DSCF0022.JPG,4Z/108MEDIA,0,Other_Amphibian,0.5237,3223.6,1951.4,3353.1,2094.6
/srv/shared_leopard_toad/2025/Documents/06.10-13.10.2025/4Z/108MEDIA/DSCF0389.JPG,DSCF0389.JPG,4Z/108MEDIA,2,Western_Leopard_Toad,0.7765,3644.7,1657.1,3931.5,1926.2
/srv/shared_leopard_toad/2025/Documents/06.10-13.10.2025/4Z/108MEDIA/DSCF0198.JPG,DSCF0198.JPG,4Z/108MEDIA,0,Other_Amphibian,0.5389,3217.6,1951.8,3352.2,2100.4
/srv/shared_leopard_toad/2025/Documents/06.10-13.10.2025/4Z/108MEDIA/DSCF0198.JPG,DSCF0198.JPG,4Z/108MEDIA,0,Other_Amphibian,0.4380,3223.4,1952.8,3354.1,2100.7
/srv/shared_leopard_toad/2025/Documents/06.10-13.10.2025/4Z/108MEDIA/DSCF0198.JPG,DSCF0198.JPG,4Z/108MEDIA,0,Other_Amphibian,0.2135,2968.6,2457.0,3116.6,2646.6
/srv/shared_leopard_toad/2025/Documents/06.10-13.10.2025/4Z/108MEDIA/DSCF0379.JPG,DSCF0379.JPG,4Z/108MEDIA,2,Western_Leopard_Toad,0.8537,3652.2,1660.8,3929.3,1922.8
/srv/shared_leopard_toad/2025/Documents/06.10-13.10.2025/4Z/108MEDIA/DSCF0395.JPG,DSCF0395.JPG,4Z/108MEDIA,0,Other_Amphibian,0.2945,3219.8,1955.4,3350.5,2098.4
/srv/shared_leopard_toad/2025/Documents/06.10-13.10.2025/4Z/108MEDIA/DSCF0395.JPG,DSCF0395.JPG,4Z/108MEDIA,0,Other_Amphibian,0.2649,3221.4,1954.9,3347.2,2100.3
/srv/shared_leopard_toad/2025/Documents/06.10-13.10.2025/4Z/108MEDIA/DSCF0395.JPG,DSCF0395.JPG,4Z/108MEDIA,2,Western_Leopard_Toad,0.2243,3654.4,1648.8,3927.6,1917.4
/srv/shared_leopard_toad/2025/Documents/06.10-13.10.2025/4Z/108MEDIA/DSCF0011.JPG,DSCF0011.JPG,4Z/108MEDIA,0,Other_Amphibian,0.5235,3217.2,1950.7,3349.3,2095.3
/srv/shared_leopard_toad/2025/Documents/06.10-13.10.2025/4Z/108MEDIA/DSCF0011.JPG,DSCF0011.JPG,4Z/108MEDIA,0,Other_Amphibian,0.4136,3225.2,1951.7,3352.6,2096.2
/srv/shared_leopard_toad/2025/Documents/06.10-13.10.2025/4Z/108MEDIA/DSCF0570.JPG,DSCF0570.JPG,4Z/108MEDIA,0,Other_Amphibian,0.2155,2972.0,2487.7,3102.4,2636.4
/srv/shared_leopard_toad/2025/Documents/06.10-13.10.2025/4Z/108MEDIA/DSCF0570.JPG,DSCF0570.JPG,4Z/108MEDIA,0,Other_Amphibian,0.2024,3655.8,1647.2,3928.1,1918.8
/srv/shared_leopard_toad/2025/Documents/06.10-13.10.2025/4Z/108MEDIA/DSCF0785.JPG,DSCF0785.JPG,4Z/108MEDIA,0,Other_Amphibian,0.2344,2974.3,2485.7,3104.1,2622.0
/srv/shared_leopard_toad/2025/Documents/06.10-13.10.2025/4Z/108MEDIA/DSCF0785.JPG,DSCF0785.JPG,4Z/108MEDIA,0,Other_Amphibian,0.2310,3216.5,1953.4,3341.8,2099.4
/srv/shared_leopard_toad/2025/Documents/06.10-13.10.2025/4Z/108MEDIA/DSCF0785.JPG,DSCF0785.JPG,4Z/108MEDIA,2,Western_Leopard_Toad,0.2131,3654.9,1647.3,3929.3,1918.8
/srv/shared_leopard_toad/2025/Documents/06.10-13.10.2025/4Z/108MEDIA/DSCF0785.JPG,DSCF0785.JPG,4Z/108MEDIA,0,Other_Amphibian,0.2079,3220.0,1955.0,3352.7,2100.4
/srv/shared_leopard_toad/2025/Documents/06.10-13.10.2025/4Z/108MEDIA/DSCF0073.JPG,DSCF0073.JPG,4Z/108MEDIA,0,Other_Amphibian,0.5699,3217.0,1951.8,3348.7,2093.8
/srv/shared_leopard_toad/2025/Documents/06.10-13.10.2025/4Z/108MEDIA/DSCF0073.JPG,DSCF0073.JPG,4Z/108MEDIA,0,Other_Amphibian,0.4942,3225.0,1951.7,3352.7,2093.7
/srv/shared_leopard_toad/2025/Documents/06.10-13.10.2025/4Z/108MEDIA/DSCF0999.JPG,DSCF0999.JPG,4Z/108MEDIA,2,Western_Leopard_Toad,0.2233,3653.8,1648.7,3930.0,1917.8
/srv/shared_leopard_toad/2025/Documents/06.10-13.10.2025/4Z/108MEDIA/DSCF0999.JPG,DSCF0999.JPG,4Z/108MEDIA,0,Other_Amphibian,0.2066,2975.5,2453.7,3098.8,2620.7
/srv/shared_leopard_toad/2025/Documents/06.10-13.10.2025/4Z/108MEDIA/DSCF0183.JPG,DSCF0183.JPG,4Z/108MEDIA,0,Other_Amphibian,0.5577,3215.9,1952.7,3351.2,2096.9
/srv/shared_leopard_toad/2025/Documents/06.10-13.10.2025/4Z/108MEDIA/DSCF0183.JPG,DSCF0183.JPG,4Z/108MEDIA,0,Other_Amphibian,0.4340,3223.7,1953.6,3353.0,2096.9
/srv/shared_leopard_toad/2025/Documents/06.10-13.10.2025/4Z/108MEDIA/DSCF0183.JPG,DSCF0183.JPG,4Z/108MEDIA,0,Other_Amphibian,0.3480,2967.0,2474.7,3113.2,2656.0
/srv/shared_leopard_toad/2025/Documents/06.10-13.10.2025/4Z/108MEDIA/DSCF0687.JPG,DSCF0687.JPG,4Z/108MEDIA,0,Other_Amphibian,0.3560,3218.1,1954.1,3348.4,2096.1
/srv/shared_leopard_toad/2025/Documents/06.10-13.10.2025/4Z/108MEDIA/DSCF0687.JPG,DSCF0687.JPG,4Z/108MEDIA,0,Other_Amphibian,0.3190,3223.3,1954.0,3348.0,2097.3
/srv/shared_leopard_toad/2025/Documents/06.10-13.10.2025/4Z/108MEDIA/DSCF0687.JPG,DSCF0687.JPG,4Z/108MEDIA,2,Western_Leopard_Toad,0.2191,3657.1,1647.9,3926.2,1917.7
/srv/shared_leopard_toad/2025/Documents/06.10-13.10.2025/4Z/108MEDIA/DSCF0894.JPG,DSCF0894.JPG,4Z/108MEDIA,0,Other_Amphibian,0.2779,3656.4,1647.4,3929.9,1917.9
/srv/shared_leopard_toad/2025/Documents/06.10-13.10.2025/4Z/108MEDIA/DSCF0894.JPG,DSCF0894.JPG,4Z/108MEDIA,0,Other_Amphibian,0.2566,2969.5,2479.9,3102.3,2622.6
/srv/shared_leopard_toad/2025/Documents/06.10-13.10.2025/4Z/108MEDIA/DSCF0894.JPG,DSCF0894.JPG,4Z/108MEDIA,0,Other_Amphibian,0.2355,2980.6,2470.0,3101.8,2621.8
/srv/shared_leopard_toad/2025/Documents/06.10-13.10.2025/4Z/108MEDIA/DSCF0370.JPG,DSCF0370.JPG,4Z/108MEDIA,2,Western_Leopard_Toad,0.8605,3646.1,1659.3,3933.6,1921.8
/srv/shared_leopard_toad/2025/Documents/06.10-13.10.2025/4Z/108MEDIA/DSCF0370.JPG,DSCF0370.JPG,4Z/108MEDIA,0,Other_Amphibian,0.2326,4768.5,1346.3,4951.5,1537.6
/srv/shared_leopard_toad/2025/Documents/06.10-13.10.2025/4Z/108MEDIA/DSCF0289.JPG,DSCF0289.JPG,4Z/108MEDIA,2,Western_Leopard_Toad,0.5877,3640.6,1660.8,3925.9,1922.5
/srv/shared_leopard_toad/2025/Documents/06.10-13.10.2025/4Z/108MEDIA/DSCF0289.JPG,DSCF0289.JPG,4Z/108MEDIA,0,Other_Amphibian,0.3909,3221.8,1960.0,3371.6,2128.4
/srv/shared_leopard_toad/2025/Documents/06.10-13.10.2025/4Z/108MEDIA/DSCF0718.JPG,DSCF0718.JPG,4Z/108MEDIA,0,Other_Amphibian,0.2661,3218.5,1953.8,3349.9,2097.1
/srv/shared_leopard_toad/2025/Documents/06.10-13.10.2025/4Z/108MEDIA/DSCF0718.JPG,DSCF0718.JPG,4Z/108MEDIA,0,Other_Amphibian,0.2364,3217.2,1953.9,3341.5,2097.7
/srv/shared_leopard_toad/2025/Documents/06.10-13.10.2025/4Z/108MEDIA/DSCF0718.JPG,DSCF0718.JPG,4Z/108MEDIA,0,Other_Amphibian,0.2117,2976.7,2444.6,3098.8,2620.9
/srv/shared_leopard_toad/2025/Documents/06.10-13.10.2025/4Z/108MEDIA/DSCF0718.JPG,DSCF0718.JPG,4Z/108MEDIA,0,Other_Amphibian,0.2051,2971.0,2459.1,3100.8,2617.6
/srv/shared_leopard_toad/2025/Documents/06.10-13.10.2025/4Z/108MEDIA/DSCF0017.JPG,DSCF0017.JPG,4Z/108MEDIA,0,Other_Amphibian,0.6023,3216.0,1951.6,3350.8,2095.2
/srv/shared_leopard_toad/2025/Documents/06.10-13.10.2025/4Z/108MEDIA/DSCF0017.JPG,DSCF0017.JPG,4Z/108MEDIA,0,Other_Amphibian,0.5349,3224.3,1951.8,3356.0,2094.7
/srv/shared_leopard_toad/2025/Documents/06.10-13.10.2025/4Z/108MEDIA/DSCF0726.JPG,DSCF0726.JPG,4Z/108MEDIA,0,Other_Amphibian,0.2220,3219.3,1955.4,3348.7,2097.5
/srv/shared_leopard_toad/2025/Documents/06.10-13.10.2025/4Z/108MEDIA/DSCF0726.JPG,DSCF0726.JPG,4Z/108MEDIA,0,Other_Amphibian,0.2193,3218.7,1954.8,3340.9,2098.4
/srv/shared_leopard_toad/2025/Documents/06.10-13.10.2025/4Z/108MEDIA/DSCF0783.JPG,DSCF0783.JPG,4Z/108MEDIA,0,Other_Amphibian,0.3159,3217.8,1954.7,3349.4,2097.3
/srv/shared_leopard_toad/2025/Documents/06.10-13.10.2025/4Z/108MEDIA/DSCF0783.JPG,DSCF0783.JPG,4Z/108MEDIA,0,Other_Amphibian,0.3126,2971.1,2456.4,3104.7,2620.2
/srv/shared_leopard_toad/2025/Documents/06.10-13.10.2025/4Z/108MEDIA/DSCF0783.JPG,DSCF0783.JPG,4Z/108MEDIA,0,Other_Amphibian,0.3060,2980.1,2448.0,3104.2,2619.9
/srv/shared_leopard_toad/2025/Documents/06.10-13.10.2025/4Z/108MEDIA/DSCF0783.JPG,DSCF0783.JPG,4Z/108MEDIA,0,Other_Amphibian,0.2744,3221.8,1954.7,3345.8,2098.4
/srv/shared_leopard_toad/2025/Documents/06.10-13.10.2025/4Z/108MEDIA/DSCF0440.JPG,DSCF0440.JPG,4Z/108MEDIA,0,Other_Amphibian,0.6490,2233.1,2380.5,2382.0,2538.6
/srv/shared_leopard_toad/2025/Documents/06.10-13.10.2025/4Z/108MEDIA/DSCF0857.JPG,DSCF0857.JPG,4Z/108MEDIA,0,Other_Amphibian,0.3093,3217.1,1954.0,3352.0,2096.7
/srv/shared_leopard_toad/2025/Documents/06.10-13.10.2025/4Z/108MEDIA/DSCF0857.JPG,DSCF0857.JPG,4Z/108MEDIA,0,Other_Amphibian,0.2830,3216.7,1953.8,3346.2,2097.6
/srv/shared_leopard_toad/2025/Documents/06.10-13.10.2025/4Z/108MEDIA/DSCF0703.JPG,DSCF0703.JPG,4Z/108MEDIA,0,Other_Amphibian,0.3783,2971.3,2463.7,3105.8,2622.1
/srv/shared_leopard_toad/2025/Documents/06.10-13.10.2025/4Z/108MEDIA/DSCF0703.JPG,DSCF0703.JPG,4Z/108MEDIA,0,Other_Amphibian,0.3192,2981.1,2459.2,3106.2,2622.0
/srv/shared_leopard_toad/2025/Documents/06.10-13.10.2025/4Z/108MEDIA/DSCF0703.JPG,DSCF0703.JPG,4Z/108MEDIA,0,Other_Amphibian,0.2401,3217.4,1954.4,3343.7,2098.2
/srv/shared_leopard_toad/2025/Documents/06.10-13.10.2025/4Z/108MEDIA/DSCF0703.JPG,DSCF0703.JPG,4Z/108MEDIA,0,Other_Amphibian,0.2293,3219.6,1956.4,3351.5,2098.5
/srv/shared_leopard_toad/2025/Documents/06.10-13.10.2025/4Z/108MEDIA/DSCF0881.JPG,DSCF0881.JPG,4Z/108MEDIA,0,Other_Amphibian,0.3181,2969.8,2469.5,3103.5,2631.8
/srv/shared_leopard_toad/2025/Documents/06.10-13.10.2025/4Z/108MEDIA/DSCF0881.JPG,DSCF0881.JPG,4Z/108MEDIA,0,Other_Amphibian,0.2752,2980.5,2454.1,3103.6,2630.5
/srv/shared_leopard_toad/2025/Documents/06.10-13.10.2025/4Z/108MEDIA/DSCF0881.JPG,DSCF0881.JPG,4Z/108MEDIA,2,Western_Leopard_Toad,0.2172,3654.6,1647.9,3929.4,1918.5
/srv/shared_leopard_toad/2025/Documents/06.10-13.10.2025/4Z/108MEDIA/DSCF0075.JPG,DSCF0075.JPG,4Z/108MEDIA,0,Other_Amphibian,0.5537,3216.1,1951.9,3351.4,2094.2
/srv/shared_leopard_toad/2025/Documents/06.10-13.10.2025/4Z/108MEDIA/DSCF0075.JPG,DSCF0075.JPG,4Z/108MEDIA,0,Other_Amphibian,0.4454,3223.0,1952.5,3354.3,2094.6
/srv/shared_leopard_toad/2025/Documents/06.10-13.10.2025/4Z/108MEDIA/DSCF0571.JPG,DSCF0571.JPG,4Z/108MEDIA,0,Other_Amphibian,0.2478,2970.2,2485.2,3104.3,2625.0
/srv/shared_leopard_toad/2025/Documents/06.10-13.10.2025/4Z/108MEDIA/DSCF0571.JPG,DSCF0571.JPG,4Z/108MEDIA,0,Other_Amphibian,0.2301,2970.7,2478.9,3103.8,2628.6
/srv/shared_leopard_toad/2025/Documents/06.10-13.10.2025/4Z/108MEDIA/DSCF0571.JPG,DSCF0571.JPG,4Z/108MEDIA,0,Other_Amphibian,0.2288,3221.0,1956.7,3354.1,2099.9
/srv/shared_leopard_toad/2025/Documents/06.10-13.10.2025/4Z/108MEDIA/DSCF0571.JPG,DSCF0571.JPG,4Z/108MEDIA,0,Other_Amphibian,0.2264,3216.9,1955.4,3343.9,2100.1
/srv/shared_leopard_toad/2025/Documents/06.10-13.10.2025/4Z/108MEDIA/DSCF0958.JPG,DSCF0958.JPG,4Z/108MEDIA,0,Other_Amphibian,0.3163,2967.9,2465.9,3102.5,2624.7
/srv/shared_leopard_toad/2025/Documents/06.10-13.10.2025/4Z/108MEDIA/DSCF0958.JPG,DSCF0958.JPG,4Z/108MEDIA,0,Other_Amphibian,0.2936,2978.7,2446.7,3102.6,2623.5
/srv/shared_leopard_toad/2025/Documents/06.10-13.10.2025/4Z/108MEDIA/DSCF0958.JPG,DSCF0958.JPG,4Z/108MEDIA,0,Other_Amphibian,0.2643,3655.1,1647.3,3929.7,1917.8
/srv/shared_leopard_toad/2025/Documents/06.10-13.10.2025/4Z/108MEDIA/DSCF0375.JPG,DSCF0375.JPG,4Z/108MEDIA,2,Western_Leopard_Toad,0.8709,3645.5,1658.3,3932.0,1923.6
/srv/shared_leopard_toad/2025/Documents/06.10-13.10.2025/4Z/108MEDIA/DSCF0375.JPG,DSCF0375.JPG,4Z/108MEDIA,0,Other_Amphibian,0.3083,4764.3,1347.8,4942.0,1539.8
/srv/shared_leopard_toad/2025/Documents/06.10-13.10.2025/4Z/108MEDIA/DSCF0929.JPG,DSCF0929.JPG,4Z/108MEDIA,0,Other_Amphibian,0.2351,2974.0,2475.1,3104.1,2626.6
/srv/shared_leopard_toad/2025/Documents/06.10-13.10.2025/4Z/108MEDIA/DSCF0929.JPG,DSCF0929.JPG,4Z/108MEDIA,2,Western_Leopard_Toad,0.2293,3653.7,1648.4,3929.2,1917.9
/srv/shared_leopard_toad/2025/Documents/06.10-13.10.2025/4Z/108MEDIA/DSCF0929.JPG,DSCF0929.JPG,4Z/108MEDIA,0,Other_Amphibian,0.2167,2983.1,2459.5,3101.9,2626.0
/srv/shared_leopard_toad/2025/Documents/06.10-13.10.2025/4Z/108MEDIA/DSCF0337.JPG,DSCF0337.JPG,4Z/108MEDIA,2,Western_Leopard_Toad,0.8202,3643.2,1662.0,3927.8,1923.6
/srv/shared_leopard_toad/2025/Documents/06.10-13.10.2025/4Z/108MEDIA/DSCF0639.JPG,DSCF0639.JPG,4Z/108MEDIA,0,Other_Amphibian,0.3179,2970.2,2470.6,3099.7,2621.8
/srv/shared_leopard_toad/2025/Documents/06.10-13.10.2025/4Z/108MEDIA/DSCF0639.JPG,DSCF0639.JPG,4Z/108MEDIA,0,Other_Amphibian,0.2469,2978.6,2463.5,3098.2,2620.5
/srv/shared_leopard_toad/2025/Documents/06.10-13.10.2025/4Z/108MEDIA/DSCF0104.JPG,DSCF0104.JPG,4Z/108MEDIA,0,Other_Amphibian,0.5815,3216.8,1952.1,3349.8,2095.7
/srv/shared_leopard_toad/2025/Documents/06.10-13.10.2025/4Z/108MEDIA/DSCF0104.JPG,DSCF0104.JPG,4Z/108MEDIA,0,Other_Amphibian,0.4884,3226.1,1952.3,3354.6,2095.4
/srv/shared_leopard_toad/2025/Documents/06.10-13.10.2025/4Z/108MEDIA/DSCF0972.JPG,DSCF0972.JPG,4Z/108MEDIA,0,Other_Amphibian,0.2890,2972.1,2487.9,3102.6,2624.7
/srv/shared_leopard_toad/2025/Documents/06.10-13.10.2025/4Z/108MEDIA/DSCF0972.JPG,DSCF0972.JPG,4Z/108MEDIA,0,Other_Amphibian,0.2350,3653.4,1647.5,3928.3,1917.5
/srv/shared_leopard_toad/2025/Documents/06.10-13.10.2025/4Z/108MEDIA/DSCF0972.JPG,DSCF0972.JPG,4Z/108MEDIA,0,Other_Amphibian,0.2239,2981.1,2458.6,3100.2,2623.2
/srv/shared_leopard_toad/2025/Documents/06.10-13.10.2025/4Z/108MEDIA/DSCF0316.JPG,DSCF0316.JPG,4Z/108MEDIA,2,Western_Leopard_Toad,0.6273,3638.3,1663.4,3925.7,1921.6
/srv/shared_leopard_toad/2025/Documents/06.10-13.10.2025/4Z/108MEDIA/DSCF0316.JPG,DSCF0316.JPG,4Z/108MEDIA,0,Other_Amphibian,0.3759,3219.7,1960.0,3368.1,2136.6
/srv/shared_leopard_toad/2025/Documents/06.10-13.10.2025/4Z/108MEDIA/DSCF0043.JPG,DSCF0043.JPG,4Z/108MEDIA,0,Other_Amphibian,0.5614,3217.0,1953.2,3349.5,2097.5
/srv/shared_leopard_toad/2025/Documents/06.10-13.10.2025/4Z/108MEDIA/DSCF0043.JPG,DSCF0043.JPG,4Z/108MEDIA,0,Other_Amphibian,0.4447,3225.6,1953.1,3351.8,2097.4
/srv/shared_leopard_toad/2025/Documents/06.10-13.10.2025/4Z/108MEDIA/DSCF0275.JPG,DSCF0275.JPG,4Z/108MEDIA,2,Western_Leopard_Toad,0.8406,3646.5,1660.6,3932.4,1922.0
/srv/shared_leopard_toad/2025/Documents/06.10-13.10.2025/4Z/108MEDIA/DSCF0245.JPG,DSCF0245.JPG,4Z/108MEDIA,0,Other_Amphibian,0.5456,3217.8,1950.9,3351.2,2096.2
/srv/shared_leopard_toad/2025/Documents/06.10-13.10.2025/4Z/108MEDIA/DSCF0245.JPG,DSCF0245.JPG,4Z/108MEDIA,0,Other_Amphibian,0.4859,3223.5,1951.4,3353.5,2095.8
/srv/shared_leopard_toad/2025/Documents/06.10-13.10.2025/4Z/108MEDIA/DSCF0603.JPG,DSCF0603.JPG,4Z/108MEDIA,0,Other_Amphibian,0.2093,3216.5,1954.8,3342.7,2100.0
/srv/shared_leopard_toad/2025/Documents/06.10-13.10.2025/4Z/108MEDIA/DSCF0603.JPG,DSCF0603.JPG,4Z/108MEDIA,0,Other_Amphibian,0.2010,3221.3,1956.6,3352.8,2100.0
/srv/shared_leopard_toad/2025/Documents/06.10-13.10.2025/4Z/108MEDIA/DSCF0492.JPG,DSCF0492.JPG,4Z/108MEDIA,0,Other_Amphibian,0.2198,2969.6,2471.1,3102.9,2628.0
/srv/shared_leopard_toad/2025/Documents/06.10-13.10.2025/4Z/108MEDIA/DSCF0530.JPG,DSCF0530.JPG,4Z/108MEDIA,0,Other_Amphibian,0.2782,3218.3,1955.6,3348.7,2098.5
/srv/shared_leopard_toad/2025/Documents/06.10-13.10.2025/4Z/108MEDIA/DSCF0530.JPG,DSCF0530.JPG,4Z/108MEDIA,0,Other_Amphibian,0.2706,3219.6,1954.7,3342.6,2099.3
/srv/shared_leopard_toad/2025/Documents/06.10-13.10.2025/4Z/108MEDIA/DSCF0654.JPG,DSCF0654.JPG,4Z/108MEDIA,0,Other_Amphibian,0.2513,3218.9,1955.8,3349.6,2097.8
/srv/shared_leopard_toad/2025/Documents/06.10-13.10.2025/4Z/108MEDIA/DSCF0654.JPG,DSCF0654.JPG,4Z/108MEDIA,0,Other_Amphibian,0.2509,3217.9,1954.7,3342.3,2098.1
/srv/shared_leopard_toad/2025/Documents/06.10-13.10.2025/4Z/108MEDIA/DSCF0887.JPG,DSCF0887.JPG,4Z/108MEDIA,0,Other_Amphibian,0.3132,2977.0,2448.6,3100.2,2622.3
/srv/shared_leopard_toad/2025/Documents/06.10-13.10.2025/4Z/108MEDIA/DSCF0887.JPG,DSCF0887.JPG,4Z/108MEDIA,2,Western_Leopard_Toad,0.2802,3655.2,1647.4,3932.3,1918.1
/srv/shared_leopard_toad/2025/Documents/06.10-13.10.2025/4Z/108MEDIA/DSCF0887.JPG,DSCF0887.JPG,4Z/108MEDIA,0,Other_Amphibian,0.2800,2970.9,2457.7,3102.2,2622.7
/srv/shared_leopard_toad/2025/Documents/06.10-13.10.2025/4Z/108MEDIA/DSCF0132.JPG,DSCF0132.JPG,4Z/108MEDIA,0,Other_Amphibian,0.5496,3219.7,1950.6,3350.7,2093.6
/srv/shared_leopard_toad/2025/Documents/06.10-13.10.2025/4Z/108MEDIA/DSCF0132.JPG,DSCF0132.JPG,4Z/108MEDIA,0,Other_Amphibian,0.4882,3225.6,1950.8,3353.8,2092.9
/srv/shared_leopard_toad/2025/Documents/06.10-13.10.2025/4Z/108MEDIA/DSCF0457.JPG,DSCF0457.JPG,4Z/108MEDIA,0,Other_Amphibian,0.2561,3219.3,1955.3,3349.3,2099.1
/srv/shared_leopard_toad/2025/Documents/06.10-13.10.2025/4Z/108MEDIA/DSCF0457.JPG,DSCF0457.JPG,4Z/108MEDIA,0,Other_Amphibian,0.2370,3220.2,1954.9,3343.4,2100.2
/srv/shared_leopard_toad/2025/Documents/06.10-13.10.2025/4Z/108MEDIA/DSCF0126.JPG,DSCF0126.JPG,4Z/108MEDIA,0,Other_Amphibian,0.5381,3219.0,1950.2,3350.5,2096.3
/srv/shared_leopard_toad/2025/Documents/06.10-13.10.2025/4Z/108MEDIA/DSCF0126.JPG,DSCF0126.JPG,4Z/108MEDIA,0,Other_Amphibian,0.4509,3226.1,1950.4,3353.8,2095.7
/srv/shared_leopard_toad/2025/Documents/06.10-13.10.2025/4Z/108MEDIA/DSCF0954.JPG,DSCF0954.JPG,4Z/108MEDIA,0,Other_Amphibian,0.3677,3656.9,1646.4,3931.4,1917.9
/srv/shared_leopard_toad/2025/Documents/06.10-13.10.2025/4Z/108MEDIA/DSCF0954.JPG,DSCF0954.JPG,4Z/108MEDIA,0,Other_Amphibian,0.3402,2979.3,2457.1,3102.1,2619.6
/srv/shared_leopard_toad/2025/Documents/06.10-13.10.2025/4Z/108MEDIA/DSCF0954.JPG,DSCF0954.JPG,4Z/108MEDIA,0,Other_Amphibian,0.2812,2971.1,2464.0,3102.7,2620.0
/srv/shared_leopard_toad/2025/Documents/06.10-13.10.2025/4Z/108MEDIA/DSCF0799.JPG,DSCF0799.JPG,4Z/108MEDIA,2,Western_Leopard_Toad,0.2253,3654.7,1647.7,3927.8,1918.0
/srv/shared_leopard_toad/2025/Documents/06.10-13.10.2025/4Z/108MEDIA/DSCF0799.JPG,DSCF0799.JPG,4Z/108MEDIA,0,Other_Amphibian,0.2206,3220.4,1954.1,3349.6,2098.6
/srv/shared_leopard_toad/2025/Documents/06.10-13.10.2025/4Z/108MEDIA/DSCF0799.JPG,DSCF0799.JPG,4Z/108MEDIA,0,Other_Amphibian,0.2014,3217.2,1954.0,3339.6,2099.5
/srv/shared_leopard_toad/2025/Documents/06.10-13.10.2025/4Z/108MEDIA/DSCF0249.JPG,DSCF0249.JPG,4Z/108MEDIA,0,Other_Amphibian,0.5234,3218.3,1952.2,3351.2,2097.4
/srv/shared_leopard_toad/2025/Documents/06.10-13.10.2025/4Z/108MEDIA/DSCF0249.JPG,DSCF0249.JPG,4Z/108MEDIA,0,Other_Amphibian,0.4184,3226.8,1952.8,3352.8,2097.7
/srv/shared_leopard_toad/2025/Documents/06.10-13.10.2025/4Z/108MEDIA/DSCF0093.JPG,DSCF0093.JPG,4Z/108MEDIA,0,Other_Amphibian,0.5634,3216.5,1952.6,3347.9,2095.0
/srv/shared_leopard_toad/2025/Documents/06.10-13.10.2025/4Z/108MEDIA/DSCF0093.JPG,DSCF0093.JPG,4Z/108MEDIA,0,Other_Amphibian,0.4713,3227.1,1951.4,3354.3,2093.9
/srv/shared_leopard_toad/2025/Documents/06.10-13.10.2025/4Z/108MEDIA/DSCF0355.JPG,DSCF0355.JPG,4Z/108MEDIA,2,Western_Leopard_Toad,0.7778,3640.1,1663.3,3925.4,1928.5
/srv/shared_leopard_toad/2025/Documents/06.10-13.10.2025/4Z/108MEDIA/DSCF0083.JPG,DSCF0083.JPG,4Z/108MEDIA,0,Other_Amphibian,0.5825,3215.5,1951.3,3349.6,2094.8
/srv/shared_leopard_toad/2025/Documents/06.10-13.10.2025/4Z/108MEDIA/DSCF0083.JPG,DSCF0083.JPG,4Z/108MEDIA,0,Other_Amphibian,0.5028,3223.8,1951.2,3353.7,2094.2
/srv/shared_leopard_toad/2025/Documents/06.10-13.10.2025/4Z/108MEDIA/DSCF0682.JPG,DSCF0682.JPG,4Z/108MEDIA,0,Other_Amphibian,0.2541,2973.8,2490.0,3105.4,2635.8
/srv/shared_leopard_toad/2025/Documents/06.10-13.10.2025/4Z/108MEDIA/DSCF0682.JPG,DSCF0682.JPG,4Z/108MEDIA,0,Other_Amphibian,0.2496,3217.0,1954.4,3341.8,2097.8
/srv/shared_leopard_toad/2025/Documents/06.10-13.10.2025/4Z/108MEDIA/DSCF0682.JPG,DSCF0682.JPG,4Z/108MEDIA,0,Other_Amphibian,0.2355,3218.1,1956.1,3348.3,2098.0
/srv/shared_leopard_toad/2025/Documents/06.10-13.10.2025/4Z/108MEDIA/DSCF0535.JPG,DSCF0535.JPG,4Z/108MEDIA,0,Other_Amphibian,0.2386,3218.2,1953.5,3345.6,2098.3
/srv/shared_leopard_toad/2025/Documents/06.10-13.10.2025/4Z/108MEDIA/DSCF0535.JPG,DSCF0535.JPG,4Z/108MEDIA,0,Other_Amphibian,0.2257,3219.3,1955.3,3352.7,2098.6
/srv/shared_leopard_toad/2025/Documents/06.10-13.10.2025/4Z/108MEDIA/DSCF0535.JPG,DSCF0535.JPG,4Z/108MEDIA,0,Other_Amphibian,0.2042,2971.9,2470.0,3105.1,2630.7
/srv/shared_leopard_toad/2025/Documents/06.10-13.10.2025/4Z/108MEDIA/DSCF0285.JPG,DSCF0285.JPG,4Z/108MEDIA,2,Western_Leopard_Toad,0.5256,3646.4,1663.9,3923.5,1925.3
/srv/shared_leopard_toad/2025/Documents/06.10-13.10.2025/4Z/108MEDIA/DSCF0285.JPG,DSCF0285.JPG,4Z/108MEDIA,0,Other_Amphibian,0.2767,3222.2,1966.9,3365.4,2133.5
/srv/shared_leopard_toad/2025/Documents/06.10-13.10.2025/4Z/108MEDIA/DSCF0787.JPG,DSCF0787.JPG,4Z/108MEDIA,0,Other_Amphibian,0.2373,3217.3,1955.1,3350.4,2098.6
/srv/shared_leopard_toad/2025/Documents/06.10-13.10.2025/4Z/108MEDIA/DSCF0787.JPG,DSCF0787.JPG,4Z/108MEDIA,0,Other_Amphibian,0.2250,3218.1,1954.6,3343.7,2099.3
/srv/shared_leopard_toad/2025/Documents/06.10-13.10.2025/4Z/108MEDIA/DSCF0756.JPG,DSCF0756.JPG,4Z/108MEDIA,0,Other_Amphibian,0.2153,3215.9,1952.1,3342.7,2098.2
/srv/shared_leopard_toad/2025/Documents/06.10-13.10.2025/4Z/108MEDIA/DSCF0199.JPG,DSCF0199.JPG,4Z/108MEDIA,0,Other_Amphibian,0.5527,3216.8,1950.7,3351.7,2096.1
/srv/shared_leopard_toad/2025/Documents/06.10-13.10.2025/4Z/108MEDIA/DSCF0199.JPG,DSCF0199.JPG,4Z/108MEDIA,0,Other_Amphibian,0.4651,3223.7,1951.3,3354.0,2095.4
/srv/shared_leopard_toad/2025/Documents/06.10-13.10.2025/4Z/108MEDIA/DSCF0199.JPG,DSCF0199.JPG,4Z/108MEDIA,2,Western_Leopard_Toad,0.2920,3656.4,1648.0,3932.4,1918.2
/srv/shared_leopard_toad/2025/Documents/06.10-13.10.2025/4Z/108MEDIA/DSCF0199.JPG,DSCF0199.JPG,4Z/108MEDIA,0,Other_Amphibian,0.2148,2968.5,2471.8,3114.5,2646.1
/srv/shared_leopard_toad/2025/Documents/06.10-13.10.2025/4Z/108MEDIA/DSCF0517.JPG,DSCF0517.JPG,4Z/108MEDIA,0,Other_Amphibian,0.2609,3219.0,1955.7,3350.0,2099.5
/srv/shared_leopard_toad/2025/Documents/06.10-13.10.2025/4Z/108MEDIA/DSCF0517.JPG,DSCF0517.JPG,4Z/108MEDIA,2,Western_Leopard_Toad,0.2488,3657.4,1649.3,3930.8,1918.1
/srv/shared_leopard_toad/2025/Documents/06.10-13.10.2025/4Z/108MEDIA/DSCF0517.JPG,DSCF0517.JPG,4Z/108MEDIA,0,Other_Amphibian,0.2476,3221.6,1956.4,3345.3,2102.0
/srv/shared_leopard_toad/2025/Documents/06.10-13.10.2025/4Z/108MEDIA/DSCF0281.JPG,DSCF0281.JPG,4Z/108MEDIA,2,Western_Leopard_Toad,0.3107,3644.9,1662.1,3922.0,1926.2
/srv/shared_leopard_toad/2025/Documents/06.10-13.10.2025/4Z/108MEDIA/DSCF0614.JPG,DSCF0614.JPG,4Z/108MEDIA,0,Other_Amphibian,0.2259,2974.4,2484.6,3104.6,2627.0
/srv/shared_leopard_toad/2025/Documents/06.10-13.10.2025/4Z/108MEDIA/DSCF0614.JPG,DSCF0614.JPG,4Z/108MEDIA,2,Western_Leopard_Toad,0.2107,3656.1,1647.4,3927.0,1917.0
/srv/shared_leopard_toad/2025/Documents/06.10-13.10.2025/4Z/108MEDIA/DSCF0674.JPG,DSCF0674.JPG,4Z/108MEDIA,0,Other_Amphibian,0.2060,3215.3,1954.6,3341.0,2099.3
/srv/shared_leopard_toad/2025/Documents/06.10-13.10.2025/4Z/108MEDIA/DSCF0674.JPG,DSCF0674.JPG,4Z/108MEDIA,2,Western_Leopard_Toad,0.2019,3655.9,1646.5,3926.5,1919.3
/srv/shared_leopard_toad/2025/Documents/06.10-13.10.2025/4Z/108MEDIA/DSCF0597.JPG,DSCF0597.JPG,4Z/108MEDIA,0,Other_Amphibian,0.2708,3218.5,1955.2,3350.9,2098.3
/srv/shared_leopard_toad/2025/Documents/06.10-13.10.2025/4Z/108MEDIA/DSCF0597.JPG,DSCF0597.JPG,4Z/108MEDIA,0,Other_Amphibian,0.2362,3217.3,1954.5,3344.3,2098.8
/srv/shared_leopard_toad/2025/Documents/06.10-13.10.2025/4Z/108MEDIA/DSCF0120.JPG,DSCF0120.JPG,4Z/108MEDIA,0,Other_Amphibian,0.5503,3216.8,1951.6,3348.7,2093.4
/srv/shared_leopard_toad/2025/Documents/06.10-13.10.2025/4Z/108MEDIA/DSCF0120.JPG,DSCF0120.JPG,4Z/108MEDIA,0,Other_Amphibian,0.4572,3225.8,1952.3,3353.9,2094.2
/srv/shared_leopard_toad/2025/Documents/06.10-13.10.2025/4Z/108MEDIA/DSCF0715.JPG,DSCF0715.JPG,4Z/108MEDIA,2,Western_Leopard_Toad,0.2220,3656.2,1647.8,3928.1,1919.2
/srv/shared_leopard_toad/2025/Documents/06.10-13.10.2025/4Z/108MEDIA/DSCF0364.JPG,DSCF0364.JPG,4Z/108MEDIA,2,Western_Leopard_Toad,0.8508,3642.6,1662.1,3928.6,1924.6
/srv/shared_leopard_toad/2025/Documents/06.10-13.10.2025/4Z/108MEDIA/DSCF0364.JPG,DSCF0364.JPG,4Z/108MEDIA,0,Other_Amphibian,0.4451,4766.6,1345.5,4954.1,1537.4
/srv/shared_leopard_toad/2025/Documents/06.10-13.10.2025/4Z/108MEDIA/DSCF0673.JPG,DSCF0673.JPG,4Z/108MEDIA,0,Other_Amphibian,0.2474,2972.2,2477.2,3099.8,2619.3
/srv/shared_leopard_toad/2025/Documents/06.10-13.10.2025/4Z/108MEDIA/DSCF0673.JPG,DSCF0673.JPG,4Z/108MEDIA,0,Other_Amphibian,0.2455,3218.6,1957.1,3350.5,2098.4
/srv/shared_leopard_toad/2025/Documents/06.10-13.10.2025/4Z/108MEDIA/DSCF0673.JPG,DSCF0673.JPG,4Z/108MEDIA,0,Other_Amphibian,0.2128,3215.5,1957.1,3342.4,2099.7
/srv/shared_leopard_toad/2025/Documents/06.10-13.10.2025/4Z/108MEDIA/DSCF0255.JPG,DSCF0255.JPG,4Z/108MEDIA,0,Other_Amphibian,0.5155,3219.2,1951.1,3348.6,2096.7
/srv/shared_leopard_toad/2025/Documents/06.10-13.10.2025/4Z/108MEDIA/DSCF0255.JPG,DSCF0255.JPG,4Z/108MEDIA,0,Other_Amphibian,0.4405,3225.8,1950.9,3351.5,2096.0
/srv/shared_leopard_toad/2025/Documents/06.10-13.10.2025/4Z/108MEDIA/DSCF0255.JPG,DSCF0255.JPG,4Z/108MEDIA,0,Other_Amphibian,0.2034,2980.2,2486.2,3126.1,2627.8
/srv/shared_leopard_toad/2025/Documents/06.10-13.10.2025/4Z/108MEDIA/DSCF0477.JPG,DSCF0477.JPG,4Z/108MEDIA,0,Other_Amphibian,0.3340,2970.3,2473.2,3102.9,2620.5
/srv/shared_leopard_toad/2025/Documents/06.10-13.10.2025/4Z/108MEDIA/DSCF0477.JPG,DSCF0477.JPG,4Z/108MEDIA,0,Other_Amphibian,0.2456,2979.6,2466.0,3101.7,2620.5
/srv/shared_leopard_toad/2025/Documents/06.10-13.10.2025/4Z/108MEDIA/DSCF0477.JPG,DSCF0477.JPG,4Z/108MEDIA,0,Other_Amphibian,0.2184,3219.1,1955.8,3351.9,2099.0
/srv/shared_leopard_toad/2025/Documents/06.10-13.10.2025/4Z/108MEDIA/DSCF0477.JPG,DSCF0477.JPG,4Z/108MEDIA,0,Other_Amphibian,0.2032,3215.9,1954.9,3341.5,2099.5
/srv/shared_leopard_toad/2025/Documents/06.10-13.10.2025/4Z/108MEDIA/DSCF0166.JPG,DSCF0166.JPG,4Z/108MEDIA,0,Other_Amphibian,0.5772,3216.5,1954.9,3347.8,2094.7
/srv/shared_leopard_toad/2025/Documents/06.10-13.10.2025/4Z/108MEDIA/DSCF0166.JPG,DSCF0166.JPG,4Z/108MEDIA,0,Other_Amphibian,0.4646,3225.6,1954.4,3352.3,2094.2
/srv/shared_leopard_toad/2025/Documents/06.10-13.10.2025/4Z/108MEDIA/DSCF0166.JPG,DSCF0166.JPG,4Z/108MEDIA,0,Other_Amphibian,0.2868,2975.2,2472.1,3141.7,2637.7
/srv/shared_leopard_toad/2025/Documents/06.10-13.10.2025/4Z/108MEDIA/DSCF0441.JPG,DSCF0441.JPG,4Z/108MEDIA,0,Other_Amphibian,0.2614,3216.3,1954.8,3349.3,2099.7
/srv/shared_leopard_toad/2025/Documents/06.10-13.10.2025/4Z/108MEDIA/DSCF0441.JPG,DSCF0441.JPG,4Z/108MEDIA,0,Other_Amphibian,0.2493,3219.1,1954.2,3343.5,2100.6
/srv/shared_leopard_toad/2025/Documents/06.10-13.10.2025/4Z/108MEDIA/DSCF0810.JPG,DSCF0810.JPG,4Z/108MEDIA,0,Other_Amphibian,0.3025,2967.3,2471.5,3101.4,2627.0
/srv/shared_leopard_toad/2025/Documents/06.10-13.10.2025/4Z/108MEDIA/DSCF0810.JPG,DSCF0810.JPG,4Z/108MEDIA,0,Other_Amphibian,0.2358,2978.8,2456.1,3102.1,2626.2
/srv/shared_leopard_toad/2025/Documents/06.10-13.10.2025/4Z/108MEDIA/DSCF0810.JPG,DSCF0810.JPG,4Z/108MEDIA,0,Other_Amphibian,0.2079,3220.4,1956.4,3349.6,2098.4
/srv/shared_leopard_toad/2025/Documents/06.10-13.10.2025/4Z/108MEDIA/DSCF0810.JPG,DSCF0810.JPG,4Z/108MEDIA,2,Western_Leopard_Toad,0.2026,3657.6,1648.5,3927.6,1917.3
/srv/shared_leopard_toad/2025/Documents/06.10-13.10.2025/4Z/108MEDIA/DSCF0976.JPG,DSCF0976.JPG,4Z/108MEDIA,0,Other_Amphibian,0.3718,2976.3,2449.4,3104.5,2620.9
/srv/shared_leopard_toad/2025/Documents/06.10-13.10.2025/4Z/108MEDIA/DSCF0976.JPG,DSCF0976.JPG,4Z/108MEDIA,0,Other_Amphibian,0.2149,2975.6,2451.9,3108.0,2619.5
/srv/shared_leopard_toad/2025/Documents/06.10-13.10.2025/4Z/108MEDIA/DSCF0814.JPG,DSCF0814.JPG,4Z/108MEDIA,0,Other_Amphibian,0.3177,3217.9,1955.1,3349.0,2097.3
/srv/shared_leopard_toad/2025/Documents/06.10-13.10.2025/4Z/108MEDIA/DSCF0814.JPG,DSCF0814.JPG,4Z/108MEDIA,0,Other_Amphibian,0.2836,3220.3,1955.0,3346.4,2098.6
/srv/shared_leopard_toad/2025/Documents/06.10-13.10.2025/4Z/108MEDIA/DSCF0698.JPG,DSCF0698.JPG,4Z/108MEDIA,0,Other_Amphibian,0.2825,3219.3,1954.6,3348.7,2096.4
/srv/shared_leopard_toad/2025/Documents/06.10-13.10.2025/4Z/108MEDIA/DSCF0698.JPG,DSCF0698.JPG,4Z/108MEDIA,0,Other_Amphibian,0.2702,2972.4,2484.1,3100.8,2619.5
/srv/shared_leopard_toad/2025/Documents/06.10-13.10.2025/4Z/108MEDIA/DSCF0698.JPG,DSCF0698.JPG,4Z/108MEDIA,0,Other_Amphibian,0.2481,3219.2,1954.1,3342.9,2097.3
/srv/shared_leopard_toad/2025/Documents/06.10-13.10.2025/4Z/108MEDIA/DSCF0475.JPG,DSCF0475.JPG,4Z/108MEDIA,0,Other_Amphibian,0.2364,3220.0,1955.6,3344.6,2098.5
/srv/shared_leopard_toad/2025/Documents/06.10-13.10.2025/4Z/108MEDIA/DSCF0219.JPG,DSCF0219.JPG,4Z/108MEDIA,0,Other_Amphibian,0.5717,3216.8,1952.4,3349.8,2094.9
/srv/shared_leopard_toad/2025/Documents/06.10-13.10.2025/4Z/108MEDIA/DSCF0219.JPG,DSCF0219.JPG,4Z/108MEDIA,0,Other_Amphibian,0.4732,3224.8,1952.9,3352.2,2094.8
/srv/shared_leopard_toad/2025/Documents/06.10-13.10.2025/4Z/108MEDIA/DSCF0480.JPG,DSCF0480.JPG,4Z/108MEDIA,0,Other_Amphibian,0.2691,2969.4,2472.9,3102.4,2623.0
/srv/shared_leopard_toad/2025/Documents/06.10-13.10.2025/4Z/108MEDIA/DSCF0480.JPG,DSCF0480.JPG,4Z/108MEDIA,0,Other_Amphibian,0.2625,3216.1,1955.9,3345.0,2100.1
/srv/shared_leopard_toad/2025/Documents/06.10-13.10.2025/4Z/108MEDIA/DSCF0480.JPG,DSCF0480.JPG,4Z/108MEDIA,0,Other_Amphibian,0.2546,3219.1,1956.9,3352.5,2099.3
/srv/shared_leopard_toad/2025/Documents/06.10-13.10.2025/4Z/108MEDIA/DSCF0480.JPG,DSCF0480.JPG,4Z/108MEDIA,0,Other_Amphibian,0.2216,2975.3,2455.2,3097.9,2622.3
/srv/shared_leopard_toad/2025/Documents/06.10-13.10.2025/4Z/108MEDIA/DSCF0737.JPG,DSCF0737.JPG,4Z/108MEDIA,0,Other_Amphibian,0.3510,3215.8,1956.3,3351.7,2096.8
/srv/shared_leopard_toad/2025/Documents/06.10-13.10.2025/4Z/108MEDIA/DSCF0737.JPG,DSCF0737.JPG,4Z/108MEDIA,0,Other_Amphibian,0.3357,3220.8,1955.5,3349.8,2097.2
/srv/shared_leopard_toad/2025/Documents/06.10-13.10.2025/4Z/108MEDIA/DSCF0330.JPG,DSCF0330.JPG,4Z/108MEDIA,2,Western_Leopard_Toad,0.8108,3640.4,1663.8,3926.7,1923.5
/srv/shared_leopard_toad/2025/Documents/06.10-13.10.2025/4Z/108MEDIA/DSCF0428.JPG,DSCF0428.JPG,4Z/108MEDIA,0,Other_Amphibian,0.3115,2967.4,2471.6,3102.4,2621.3
/srv/shared_leopard_toad/2025/Documents/06.10-13.10.2025/4Z/108MEDIA/DSCF0428.JPG,DSCF0428.JPG,4Z/108MEDIA,0,Other_Amphibian,0.2521,2978.7,2464.4,3103.4,2620.3
/srv/shared_leopard_toad/2025/Documents/06.10-13.10.2025/4Z/108MEDIA/DSCF0428.JPG,DSCF0428.JPG,4Z/108MEDIA,0,Other_Amphibian,0.2113,3221.5,1958.3,3351.6,2100.2
/srv/shared_leopard_toad/2025/Documents/06.10-13.10.2025/4Z/108MEDIA/DSCF0749.JPG,DSCF0749.JPG,4Z/108MEDIA,0,Other_Amphibian,0.3181,3218.0,1955.8,3349.7,2096.3
/srv/shared_leopard_toad/2025/Documents/06.10-13.10.2025/4Z/108MEDIA/DSCF0749.JPG,DSCF0749.JPG,4Z/108MEDIA,0,Other_Amphibian,0.2830,3219.3,1955.6,3344.2,2097.2
/srv/shared_leopard_toad/2025/Documents/06.10-13.10.2025/4Z/108MEDIA/DSCF0684.JPG,DSCF0684.JPG,4Z/108MEDIA,0,Other_Amphibian,0.2066,2976.7,2485.1,3105.0,2628.5
/srv/shared_leopard_toad/2025/Documents/06.10-13.10.2025/4Z/108MEDIA/DSCF0546.JPG,DSCF0546.JPG,4Z/108MEDIA,0,Other_Amphibian,0.3947,3217.4,1955.6,3349.1,2098.0
/srv/shared_leopard_toad/2025/Documents/06.10-13.10.2025/4Z/108MEDIA/DSCF0546.JPG,DSCF0546.JPG,4Z/108MEDIA,0,Other_Amphibian,0.3445,3224.2,1955.0,3349.1,2098.7
/srv/shared_leopard_toad/2025/Documents/06.10-13.10.2025/4Z/108MEDIA/DSCF0177.JPG,DSCF0177.JPG,4Z/108MEDIA,0,Other_Amphibian,0.5091,3218.0,1952.0,3349.6,2095.4
/srv/shared_leopard_toad/2025/Documents/06.10-13.10.2025/4Z/108MEDIA/DSCF0177.JPG,DSCF0177.JPG,4Z/108MEDIA,0,Other_Amphibian,0.4087,3225.8,1952.5,3351.7,2095.5
/srv/shared_leopard_toad/2025/Documents/06.10-13.10.2025/4Z/108MEDIA/DSCF0296.JPG,DSCF0296.JPG,4Z/108MEDIA,2,Western_Leopard_Toad,0.4184,3646.1,1661.5,3922.8,1923.3
/srv/shared_leopard_toad/2025/Documents/06.10-13.10.2025/4Z/108MEDIA/DSCF0296.JPG,DSCF0296.JPG,4Z/108MEDIA,0,Other_Amphibian,0.3565,3224.6,1970.6,3361.7,2127.0
/srv/shared_leopard_toad/2025/Documents/06.10-13.10.2025/4Z/108MEDIA/DSCF0427.JPG,DSCF0427.JPG,4Z/108MEDIA,0,Other_Amphibian,0.3164,2974.7,2444.4,3102.8,2623.4
/srv/shared_leopard_toad/2025/Documents/06.10-13.10.2025/4Z/108MEDIA/DSCF0427.JPG,DSCF0427.JPG,4Z/108MEDIA,0,Other_Amphibian,0.2612,3657.3,1647.1,3932.9,1919.1
/srv/shared_leopard_toad/2025/Documents/06.10-13.10.2025/4Z/108MEDIA/DSCF0743.JPG,DSCF0743.JPG,4Z/108MEDIA,0,Other_Amphibian,0.2375,3219.4,1954.0,3350.5,2099.4
/srv/shared_leopard_toad/2025/Documents/06.10-13.10.2025/4Z/108MEDIA/DSCF0743.JPG,DSCF0743.JPG,4Z/108MEDIA,0,Other_Amphibian,0.2330,2972.5,2484.5,3101.9,2621.7
/srv/shared_leopard_toad/2025/Documents/06.10-13.10.2025/4Z/108MEDIA/DSCF0743.JPG,DSCF0743.JPG,4Z/108MEDIA,0,Other_Amphibian,0.2149,3217.4,1953.5,3341.5,2099.8
/srv/shared_leopard_toad/2025/Documents/06.10-13.10.2025/4Z/108MEDIA/DSCF0046.JPG,DSCF0046.JPG,4Z/108MEDIA,0,Other_Amphibian,0.5885,3216.9,1951.4,3349.4,2092.0
/srv/shared_leopard_toad/2025/Documents/06.10-13.10.2025/4Z/108MEDIA/DSCF0046.JPG,DSCF0046.JPG,4Z/108MEDIA,0,Other_Amphibian,0.5231,3225.5,1952.3,3354.7,2092.7
/srv/shared_leopard_toad/2025/Documents/06.10-13.10.2025/4Z/108MEDIA/DSCF0071.JPG,DSCF0071.JPG,4Z/108MEDIA,0,Other_Amphibian,0.5091,3218.2,1950.9,3351.2,2093.8
/srv/shared_leopard_toad/2025/Documents/06.10-13.10.2025/4Z/108MEDIA/DSCF0071.JPG,DSCF0071.JPG,4Z/108MEDIA,0,Other_Amphibian,0.4440,3224.7,1951.4,3355.1,2094.1
/srv/shared_leopard_toad/2025/Documents/06.10-13.10.2025/4Z/108MEDIA/DSCF0028.JPG,DSCF0028.JPG,4Z/108MEDIA,0,Other_Amphibian,0.3399,3223.4,1953.2,3365.7,2102.8
/srv/shared_leopard_toad/2025/Documents/06.10-13.10.2025/4Z/108MEDIA/DSCF0028.JPG,DSCF0028.JPG,4Z/108MEDIA,0,Other_Amphibian,0.3258,3223.8,1952.8,3367.5,2103.8
/srv/shared_leopard_toad/2025/Documents/06.10-13.10.2025/4Z/108MEDIA/DSCF0437.JPG,DSCF0437.JPG,4Z/108MEDIA,0,Other_Amphibian,0.2324,2974.7,2441.8,3098.6,2620.9
/srv/shared_leopard_toad/2025/Documents/06.10-13.10.2025/4Z/108MEDIA/DSCF0437.JPG,DSCF0437.JPG,4Z/108MEDIA,0,Other_Amphibian,0.2166,3220.7,1956.9,3351.4,2099.9
/srv/shared_leopard_toad/2025/Documents/06.10-13.10.2025/4Z/108MEDIA/DSCF0437.JPG,DSCF0437.JPG,4Z/108MEDIA,0,Other_Amphibian,0.2003,3217.1,1956.5,3341.2,2101.3
/srv/shared_leopard_toad/2025/Documents/06.10-13.10.2025/4Z/108MEDIA/DSCF0080.JPG,DSCF0080.JPG,4Z/108MEDIA,0,Other_Amphibian,0.5901,3216.8,1949.8,3349.8,2095.4
/srv/shared_leopard_toad/2025/Documents/06.10-13.10.2025/4Z/108MEDIA/DSCF0080.JPG,DSCF0080.JPG,4Z/108MEDIA,0,Other_Amphibian,0.5161,3224.6,1949.9,3354.0,2094.5
/srv/shared_leopard_toad/2025/Documents/06.10-13.10.2025/4Z/108MEDIA/DSCF0969.JPG,DSCF0969.JPG,4Z/108MEDIA,0,Other_Amphibian,0.2882,2980.0,2456.9,3102.8,2620.9
/srv/shared_leopard_toad/2025/Documents/06.10-13.10.2025/4Z/108MEDIA/DSCF0969.JPG,DSCF0969.JPG,4Z/108MEDIA,0,Other_Amphibian,0.2795,2969.1,2468.4,3102.2,2622.6
/srv/shared_leopard_toad/2025/Documents/06.10-13.10.2025/4Z/108MEDIA/DSCF0032.JPG,DSCF0032.JPG,4Z/108MEDIA,0,Other_Amphibian,0.4945,3217.8,1951.4,3348.0,2094.7
/srv/shared_leopard_toad/2025/Documents/06.10-13.10.2025/4Z/108MEDIA/DSCF0032.JPG,DSCF0032.JPG,4Z/108MEDIA,0,Other_Amphibian,0.4229,3225.7,1951.3,3353.1,2094.9
/srv/shared_leopard_toad/2025/Documents/06.10-13.10.2025/4Z/108MEDIA/DSCF0598.JPG,DSCF0598.JPG,4Z/108MEDIA,2,Western_Leopard_Toad,0.2283,3653.2,1647.9,3930.7,1918.0
/srv/shared_leopard_toad/2025/Documents/06.10-13.10.2025/4Z/108MEDIA/DSCF0598.JPG,DSCF0598.JPG,4Z/108MEDIA,0,Other_Amphibian,0.2088,3215.4,1955.0,3342.2,2099.9
/srv/shared_leopard_toad/2025/Documents/06.10-13.10.2025/4Z/108MEDIA/DSCF0306.JPG,DSCF0306.JPG,4Z/108MEDIA,2,Western_Leopard_Toad,0.7435,3644.9,1664.3,3924.6,1922.4
/srv/shared_leopard_toad/2025/Documents/06.10-13.10.2025/4Z/108MEDIA/DSCF0306.JPG,DSCF0306.JPG,4Z/108MEDIA,0,Other_Amphibian,0.2157,3220.0,1964.7,3363.3,2133.5
/srv/shared_leopard_toad/2025/Documents/06.10-13.10.2025/4Z/108MEDIA/DSCF0131.JPG,DSCF0131.JPG,4Z/108MEDIA,0,Other_Amphibian,0.5301,3220.2,1950.3,3353.0,2095.2
/srv/shared_leopard_toad/2025/Documents/06.10-13.10.2025/4Z/108MEDIA/DSCF0131.JPG,DSCF0131.JPG,4Z/108MEDIA,0,Other_Amphibian,0.4814,3223.7,1950.6,3353.8,2094.6
/srv/shared_leopard_toad/2025/Documents/06.10-13.10.2025/4Z/108MEDIA/DSCF0473.JPG,DSCF0473.JPG,4Z/108MEDIA,0,Other_Amphibian,0.2537,2970.8,2469.6,3101.8,2624.2
/srv/shared_leopard_toad/2025/Documents/06.10-13.10.2025/4Z/108MEDIA/DSCF0473.JPG,DSCF0473.JPG,4Z/108MEDIA,0,Other_Amphibian,0.2333,2977.2,2456.9,3097.5,2623.6
/srv/shared_leopard_toad/2025/Documents/06.10-13.10.2025/4Z/108MEDIA/DSCF0473.JPG,DSCF0473.JPG,4Z/108MEDIA,0,Other_Amphibian,0.2183,3218.0,1954.9,3344.5,2098.7
/srv/shared_leopard_toad/2025/Documents/06.10-13.10.2025/4Z/108MEDIA/DSCF0473.JPG,DSCF0473.JPG,4Z/108MEDIA,0,Other_Amphibian,0.2080,3220.1,1956.7,3352.2,2098.7
/srv/shared_leopard_toad/2025/Documents/06.10-13.10.2025/4Z/108MEDIA/DSCF0176.JPG,DSCF0176.JPG,4Z/108MEDIA,0,Other_Amphibian,0.8759,3067.8,1533.5,3315.1,1789.8
/srv/shared_leopard_toad/2025/Documents/06.10-13.10.2025/4Z/108MEDIA/DSCF0176.JPG,DSCF0176.JPG,4Z/108MEDIA,0,Other_Amphibian,0.5253,3217.6,1952.0,3349.5,2094.1
/srv/shared_leopard_toad/2025/Documents/06.10-13.10.2025/4Z/108MEDIA/DSCF0176.JPG,DSCF0176.JPG,4Z/108MEDIA,0,Other_Amphibian,0.2661,3229.7,1960.7,3352.5,2103.6
/srv/shared_leopard_toad/2025/Documents/06.10-13.10.2025/4Z/108MEDIA/DSCF0932.JPG,DSCF0932.JPG,4Z/108MEDIA,2,Western_Leopard_Toad,0.3388,3655.5,1649.2,3930.9,1917.9
/srv/shared_leopard_toad/2025/Documents/06.10-13.10.2025/4Z/108MEDIA/DSCF0932.JPG,DSCF0932.JPG,4Z/108MEDIA,0,Other_Amphibian,0.2423,2969.4,2478.7,3098.6,2623.9
/srv/shared_leopard_toad/2025/Documents/06.10-13.10.2025/4Z/108MEDIA/DSCF0498.JPG,DSCF0498.JPG,4Z/108MEDIA,0,Other_Amphibian,0.2657,3217.7,1955.5,3350.7,2098.5
/srv/shared_leopard_toad/2025/Documents/06.10-13.10.2025/4Z/108MEDIA/DSCF0498.JPG,DSCF0498.JPG,4Z/108MEDIA,0,Other_Amphibian,0.2400,3217.3,1955.2,3343.4,2099.6
/srv/shared_leopard_toad/2025/Documents/06.10-13.10.2025/4Z/108MEDIA/DSCF0212.JPG,DSCF0212.JPG,4Z/108MEDIA,0,Other_Amphibian,0.5539,3218.9,1952.1,3349.1,2092.7
/srv/shared_leopard_toad/2025/Documents/06.10-13.10.2025/4Z/108MEDIA/DSCF0212.JPG,DSCF0212.JPG,4Z/108MEDIA,0,Other_Amphibian,0.4920,3224.8,1952.1,3351.3,2092.5
/srv/shared_leopard_toad/2025/Documents/06.10-13.10.2025/4Z/108MEDIA/DSCF0928.JPG,DSCF0928.JPG,4Z/108MEDIA,0,Other_Amphibian,0.3700,2968.1,2471.6,3099.0,2621.4
/srv/shared_leopard_toad/2025/Documents/06.10-13.10.2025/4Z/108MEDIA/DSCF0928.JPG,DSCF0928.JPG,4Z/108MEDIA,0,Other_Amphibian,0.3150,2979.7,2454.1,3100.6,2620.5
/srv/shared_leopard_toad/2025/Documents/06.10-13.10.2025/4Z/108MEDIA/DSCF0960.JPG,DSCF0960.JPG,4Z/108MEDIA,0,Other_Amphibian,0.3580,2977.9,2457.7,3102.5,2623.1
/srv/shared_leopard_toad/2025/Documents/06.10-13.10.2025/4Z/108MEDIA/DSCF0960.JPG,DSCF0960.JPG,4Z/108MEDIA,0,Other_Amphibian,0.3406,2968.2,2468.3,3102.2,2624.5
/srv/shared_leopard_toad/2025/Documents/06.10-13.10.2025/4Z/108MEDIA/DSCF0102.JPG,DSCF0102.JPG,4Z/108MEDIA,0,Other_Amphibian,0.5603,3216.3,1953.1,3346.9,2092.5
/srv/shared_leopard_toad/2025/Documents/06.10-13.10.2025/4Z/108MEDIA/DSCF0102.JPG,DSCF0102.JPG,4Z/108MEDIA,0,Other_Amphibian,0.4595,3226.4,1953.7,3352.5,2093.3
/srv/shared_leopard_toad/2025/Documents/06.10-13.10.2025/4Z/108MEDIA/DSCF0770.JPG,DSCF0770.JPG,4Z/108MEDIA,0,Other_Amphibian,0.2399,2970.0,2473.1,3100.9,2624.2
/srv/shared_leopard_toad/2025/Documents/06.10-13.10.2025/4Z/108MEDIA/DSCF0413.JPG,DSCF0413.JPG,4Z/108MEDIA,0,Other_Amphibian,0.2407,3221.0,1956.1,3350.4,2099.1
/srv/shared_leopard_toad/2025/Documents/06.10-13.10.2025/4Z/108MEDIA/DSCF0413.JPG,DSCF0413.JPG,4Z/108MEDIA,0,Other_Amphibian,0.2100,3218.4,1956.7,3342.3,2101.6
/srv/shared_leopard_toad/2025/Documents/06.10-13.10.2025/4Z/108MEDIA/DSCF0438.JPG,DSCF0438.JPG,4Z/108MEDIA,0,Other_Amphibian,0.3174,2970.6,2476.0,3105.0,2622.3
/srv/shared_leopard_toad/2025/Documents/06.10-13.10.2025/4Z/108MEDIA/DSCF0438.JPG,DSCF0438.JPG,4Z/108MEDIA,0,Other_Amphibian,0.2521,2978.2,2468.2,3104.1,2623.2
/srv/shared_leopard_toad/2025/Documents/06.10-13.10.2025/4Z/108MEDIA/DSCF0291.JPG,DSCF0291.JPG,4Z/108MEDIA,2,Western_Leopard_Toad,0.8248,3646.0,1661.5,3929.5,1922.4
/srv/shared_leopard_toad/2025/Documents/06.10-13.10.2025/4Z/108MEDIA/DSCF0291.JPG,DSCF0291.JPG,4Z/108MEDIA,0,Other_Amphibian,0.3708,3225.0,1963.4,3367.2,2133.4
/srv/shared_leopard_toad/2025/Documents/06.10-13.10.2025/4Z/108MEDIA/DSCF0021.JPG,DSCF0021.JPG,4Z/108MEDIA,0,Other_Amphibian,0.5816,3217.2,1949.7,3349.6,2095.4
/srv/shared_leopard_toad/2025/Documents/06.10-13.10.2025/4Z/108MEDIA/DSCF0021.JPG,DSCF0021.JPG,4Z/108MEDIA,0,Other_Amphibian,0.5157,3225.3,1949.8,3354.3,2094.9
/srv/shared_leopard_toad/2025/Documents/06.10-13.10.2025/4Z/108MEDIA/DSCF0227.JPG,DSCF0227.JPG,4Z/108MEDIA,0,Other_Amphibian,0.4805,3218.3,1953.1,3347.5,2095.7
/srv/shared_leopard_toad/2025/Documents/06.10-13.10.2025/4Z/108MEDIA/DSCF0227.JPG,DSCF0227.JPG,4Z/108MEDIA,0,Other_Amphibian,0.3721,3226.8,1953.4,3352.7,2095.6
/srv/shared_leopard_toad/2025/Documents/06.10-13.10.2025/4Z/108MEDIA/DSCF0227.JPG,DSCF0227.JPG,4Z/108MEDIA,2,Western_Leopard_Toad,0.2424,3657.0,1648.1,3931.9,1917.6
/srv/shared_leopard_toad/2025/Documents/06.10-13.10.2025/4Z/108MEDIA/DSCF0054.JPG,DSCF0054.JPG,4Z/108MEDIA,0,Other_Amphibian,0.5760,3215.0,1953.2,3347.9,2094.0
/srv/shared_leopard_toad/2025/Documents/06.10-13.10.2025/4Z/108MEDIA/DSCF0054.JPG,DSCF0054.JPG,4Z/108MEDIA,0,Other_Amphibian,0.4945,3224.1,1952.7,3352.4,2093.2
/srv/shared_leopard_toad/2025/Documents/06.10-13.10.2025/4Z/108MEDIA/DSCF0397.JPG,DSCF0397.JPG,4Z/108MEDIA,0,Other_Amphibian,0.2301,3221.4,1957.3,3351.3,2099.8
/srv/shared_leopard_toad/2025/Documents/06.10-13.10.2025/4Z/108MEDIA/DSCF0397.JPG,DSCF0397.JPG,4Z/108MEDIA,0,Other_Amphibian,0.2181,3219.2,1957.2,3342.1,2101.4
/srv/shared_leopard_toad/2025/Documents/06.10-13.10.2025/4Z/108MEDIA/DSCF0334.JPG,DSCF0334.JPG,4Z/108MEDIA,2,Western_Leopard_Toad,0.8339,3634.8,1663.2,3925.7,1923.8
/srv/shared_leopard_toad/2025/Documents/06.10-13.10.2025/4Z/108MEDIA/DSCF0481.JPG,DSCF0481.JPG,4Z/108MEDIA,0,Other_Amphibian,0.2229,3218.7,1954.4,3348.1,2098.9
/srv/shared_leopard_toad/2025/Documents/06.10-13.10.2025/4Z/108MEDIA/DSCF0481.JPG,DSCF0481.JPG,4Z/108MEDIA,0,Other_Amphibian,0.2097,3219.1,1953.7,3339.9,2100.1
/srv/shared_leopard_toad/2025/Documents/06.10-13.10.2025/4Z/108MEDIA/DSCF0815.JPG,DSCF0815.JPG,4Z/108MEDIA,2,Western_Leopard_Toad,0.3261,3656.2,1648.2,3929.8,1917.4
/srv/shared_leopard_toad/2025/Documents/06.10-13.10.2025/4Z/108MEDIA/DSCF0815.JPG,DSCF0815.JPG,4Z/108MEDIA,0,Other_Amphibian,0.3018,3219.6,1955.0,3349.8,2096.6
/srv/shared_leopard_toad/2025/Documents/06.10-13.10.2025/4Z/108MEDIA/DSCF0815.JPG,DSCF0815.JPG,4Z/108MEDIA,0,Other_Amphibian,0.2627,3217.9,1955.8,3343.0,2099.0
/srv/shared_leopard_toad/2025/Documents/06.10-13.10.2025/4Z/108MEDIA/DSCF0300.JPG,DSCF0300.JPG,4Z/108MEDIA,0,Other_Amphibian,0.4383,3224.3,1965.7,3367.3,2133.0
/srv/shared_leopard_toad/2025/Documents/06.10-13.10.2025/4Z/108MEDIA/DSCF0300.JPG,DSCF0300.JPG,4Z/108MEDIA,0,Other_Amphibian,0.3933,3225.8,1967.3,3368.0,2129.3
/srv/shared_leopard_toad/2025/Documents/06.10-13.10.2025/4Z/108MEDIA/DSCF0300.JPG,DSCF0300.JPG,4Z/108MEDIA,0,Other_Amphibian,0.3271,3228.6,1972.5,3363.1,2128.5
/srv/shared_leopard_toad/2025/Documents/06.10-13.10.2025/4Z/108MEDIA/DSCF0300.JPG,DSCF0300.JPG,4Z/108MEDIA,2,Western_Leopard_Toad,0.2736,3641.6,1661.4,3925.3,1924.3
/srv/shared_leopard_toad/2025/Documents/06.10-13.10.2025/4Z/108MEDIA/DSCF0696.JPG,DSCF0696.JPG,4Z/108MEDIA,0,Other_Amphibian,0.2467,3218.2,1954.4,3344.6,2098.3
/srv/shared_leopard_toad/2025/Documents/06.10-13.10.2025/4Z/108MEDIA/DSCF0696.JPG,DSCF0696.JPG,4Z/108MEDIA,0,Other_Amphibian,0.2439,2978.4,2451.7,3101.4,2623.9
/srv/shared_leopard_toad/2025/Documents/06.10-13.10.2025/4Z/108MEDIA/DSCF0696.JPG,DSCF0696.JPG,4Z/108MEDIA,0,Other_Amphibian,0.2406,2970.4,2458.5,3101.0,2625.0
/srv/shared_leopard_toad/2025/Documents/06.10-13.10.2025/4Z/108MEDIA/DSCF0696.JPG,DSCF0696.JPG,4Z/108MEDIA,0,Other_Amphibian,0.2403,3218.1,1955.7,3350.5,2098.4
/srv/shared_leopard_toad/2025/Documents/06.10-13.10.2025/4Z/108MEDIA/DSCF0136.JPG,DSCF0136.JPG,4Z/108MEDIA,0,Other_Amphibian,0.5619,3217.6,1953.5,3348.6,2095.0
/srv/shared_leopard_toad/2025/Documents/06.10-13.10.2025/4Z/108MEDIA/DSCF0136.JPG,DSCF0136.JPG,4Z/108MEDIA,0,Other_Amphibian,0.4885,3224.7,1953.1,3352.5,2094.2
/srv/shared_leopard_toad/2025/Documents/06.10-13.10.2025/4Z/108MEDIA/DSCF0946.JPG,DSCF0946.JPG,4Z/108MEDIA,0,Other_Amphibian,0.3598,2967.2,2463.1,3105.3,2625.8
/srv/shared_leopard_toad/2025/Documents/06.10-13.10.2025/4Z/108MEDIA/DSCF0946.JPG,DSCF0946.JPG,4Z/108MEDIA,0,Other_Amphibian,0.3508,2975.5,2453.8,3103.5,2624.0
/srv/shared_leopard_toad/2025/Documents/06.10-13.10.2025/4Z/108MEDIA/DSCF0569.JPG,DSCF0569.JPG,4Z/108MEDIA,0,Other_Amphibian,0.3218,3216.8,1954.4,3349.1,2096.4
/srv/shared_leopard_toad/2025/Documents/06.10-13.10.2025/4Z/108MEDIA/DSCF0569.JPG,DSCF0569.JPG,4Z/108MEDIA,0,Other_Amphibian,0.3091,3219.4,1953.6,3344.9,2096.8
/srv/shared_leopard_toad/2025/Documents/06.10-13.10.2025/4Z/108MEDIA/DSCF0569.JPG,DSCF0569.JPG,4Z/108MEDIA,0,Other_Amphibian,0.2515,2980.7,2451.7,3104.5,2623.5
/srv/shared_leopard_toad/2025/Documents/06.10-13.10.2025/4Z/108MEDIA/DSCF0569.JPG,DSCF0569.JPG,4Z/108MEDIA,0,Other_Amphibian,0.2013,2972.6,2468.0,3106.6,2621.6
/srv/shared_leopard_toad/2025/Documents/06.10-13.10.2025/4Z/108MEDIA/DSCF0974.JPG,DSCF0974.JPG,4Z/108MEDIA,0,Other_Amphibian,0.3023,2971.8,2478.2,3103.4,2626.6
/srv/shared_leopard_toad/2025/Documents/06.10-13.10.2025/4Z/108MEDIA/DSCF0974.JPG,DSCF0974.JPG,4Z/108MEDIA,0,Other_Amphibian,0.2611,2984.2,2468.5,3103.6,2624.8
/srv/shared_leopard_toad/2025/Documents/06.10-13.10.2025/4Z/108MEDIA/DSCF0204.JPG,DSCF0204.JPG,4Z/108MEDIA,0,Other_Amphibian,0.5755,3216.8,1950.7,3352.9,2097.5
/srv/shared_leopard_toad/2025/Documents/06.10-13.10.2025/4Z/108MEDIA/DSCF0204.JPG,DSCF0204.JPG,4Z/108MEDIA,0,Other_Amphibian,0.4984,3222.9,1951.1,3355.2,2096.7
/srv/shared_leopard_toad/2025/Documents/06.10-13.10.2025/4Z/108MEDIA/DSCF0122.JPG,DSCF0122.JPG,4Z/108MEDIA,0,Other_Amphibian,0.5577,3216.5,1950.7,3349.9,2097.1
/srv/shared_leopard_toad/2025/Documents/06.10-13.10.2025/4Z/108MEDIA/DSCF0122.JPG,DSCF0122.JPG,4Z/108MEDIA,0,Other_Amphibian,0.4631,3224.7,1950.7,3354.5,2096.1
/srv/shared_leopard_toad/2025/Documents/06.10-13.10.2025/4Z/108MEDIA/DSCF0733.JPG,DSCF0733.JPG,4Z/108MEDIA,0,Other_Amphibian,0.2353,2969.2,2470.9,3102.3,2623.7
/srv/shared_leopard_toad/2025/Documents/06.10-13.10.2025/4Z/108MEDIA/DSCF0733.JPG,DSCF0733.JPG,4Z/108MEDIA,0,Other_Amphibian,0.2333,3218.6,1956.8,3349.5,2097.7
/srv/shared_leopard_toad/2025/Documents/06.10-13.10.2025/4Z/108MEDIA/DSCF0733.JPG,DSCF0733.JPG,4Z/108MEDIA,2,Western_Leopard_Toad,0.2249,3654.2,1647.3,3929.7,1918.4
/srv/shared_leopard_toad/2025/Documents/06.10-13.10.2025/4Z/108MEDIA/DSCF0733.JPG,DSCF0733.JPG,4Z/108MEDIA,0,Other_Amphibian,0.2211,2979.6,2449.1,3101.4,2623.6
/srv/shared_leopard_toad/2025/Documents/06.10-13.10.2025/4Z/108MEDIA/DSCF0733.JPG,DSCF0733.JPG,4Z/108MEDIA,0,Other_Amphibian,0.2164,3216.9,1956.2,3341.5,2098.7
/srv/shared_leopard_toad/2025/Documents/06.10-13.10.2025/4Z/108MEDIA/DSCF0831.JPG,DSCF0831.JPG,4Z/108MEDIA,0,Other_Amphibian,0.3249,3217.5,1955.0,3350.2,2098.0
/srv/shared_leopard_toad/2025/Documents/06.10-13.10.2025/4Z/108MEDIA/DSCF0831.JPG,DSCF0831.JPG,4Z/108MEDIA,0,Other_Amphibian,0.2990,3220.6,1954.9,3346.9,2099.5
/srv/shared_leopard_toad/2025/Documents/06.10-13.10.2025/4Z/108MEDIA/DSCF0831.JPG,DSCF0831.JPG,4Z/108MEDIA,0,Other_Amphibian,0.2041,2973.1,2475.8,3103.6,2624.8
/srv/shared_leopard_toad/2025/Documents/06.10-13.10.2025/4Z/108MEDIA/DSCF0294.JPG,DSCF0294.JPG,4Z/108MEDIA,2,Western_Leopard_Toad,0.4972,3644.4,1662.8,3921.4,1922.3
/srv/shared_leopard_toad/2025/Documents/06.10-13.10.2025/4Z/108MEDIA/DSCF0294.JPG,DSCF0294.JPG,4Z/108MEDIA,0,Other_Amphibian,0.4112,3217.0,1958.5,3356.0,2128.7
/srv/shared_leopard_toad/2025/Documents/06.10-13.10.2025/4Z/108MEDIA/DSCF0276.JPG,DSCF0276.JPG,4Z/108MEDIA,2,Western_Leopard_Toad,0.5809,3646.7,1660.9,3925.3,1918.7
/srv/shared_leopard_toad/2025/Documents/06.10-13.10.2025/4Z/108MEDIA/DSCF0276.JPG,DSCF0276.JPG,4Z/108MEDIA,0,Other_Amphibian,0.5416,3220.3,1967.7,3373.3,2125.1
/srv/shared_leopard_toad/2025/Documents/06.10-13.10.2025/4Z/108MEDIA/DSCF0415.JPG,DSCF0415.JPG,4Z/108MEDIA,0,Other_Amphibian,0.2142,3217.0,1954.2,3341.4,2099.9
/srv/shared_leopard_toad/2025/Documents/06.10-13.10.2025/4Z/108MEDIA/DSCF0415.JPG,DSCF0415.JPG,4Z/108MEDIA,0,Other_Amphibian,0.2011,3220.1,1955.9,3351.2,2099.9
/srv/shared_leopard_toad/2025/Documents/06.10-13.10.2025/4Z/108MEDIA/DSCF0771.JPG,DSCF0771.JPG,4Z/108MEDIA,0,Other_Amphibian,0.2589,3219.5,1953.2,3350.7,2096.9
/srv/shared_leopard_toad/2025/Documents/06.10-13.10.2025/4Z/108MEDIA/DSCF0771.JPG,DSCF0771.JPG,4Z/108MEDIA,0,Other_Amphibian,0.2323,3217.8,1953.5,3343.2,2098.1
/srv/shared_leopard_toad/2025/Documents/06.10-13.10.2025/4Z/108MEDIA/DSCF0771.JPG,DSCF0771.JPG,4Z/108MEDIA,2,Western_Leopard_Toad,0.2015,3656.2,1646.7,3927.2,1917.5
/srv/shared_leopard_toad/2025/Documents/06.10-13.10.2025/4Z/108MEDIA/DSCF0977.JPG,DSCF0977.JPG,4Z/108MEDIA,0,Other_Amphibian,0.2694,2979.4,2460.5,3101.7,2625.3
/srv/shared_leopard_toad/2025/Documents/06.10-13.10.2025/4Z/108MEDIA/DSCF0977.JPG,DSCF0977.JPG,4Z/108MEDIA,0,Other_Amphibian,0.2508,2970.2,2471.9,3101.6,2627.5
/srv/shared_leopard_toad/2025/Documents/06.10-13.10.2025/4Z/108MEDIA/DSCF0977.JPG,DSCF0977.JPG,4Z/108MEDIA,0,Other_Amphibian,0.2365,2971.2,2465.3,3102.1,2630.5
/srv/shared_leopard_toad/2025/Documents/06.10-13.10.2025/4Z/108MEDIA/DSCF0806.JPG,DSCF0806.JPG,4Z/108MEDIA,0,Other_Amphibian,0.2506,3217.7,1955.1,3350.8,2097.7
/srv/shared_leopard_toad/2025/Documents/06.10-13.10.2025/4Z/108MEDIA/DSCF0806.JPG,DSCF0806.JPG,4Z/108MEDIA,0,Other_Amphibian,0.2374,3217.9,1954.9,3343.8,2098.4
/srv/shared_leopard_toad/2025/Documents/06.10-13.10.2025/4Z/108MEDIA/DSCF0142.JPG,DSCF0142.JPG,4Z/108MEDIA,0,Other_Amphibian,0.4760,3219.1,1951.6,3348.7,2095.4
/srv/shared_leopard_toad/2025/Documents/06.10-13.10.2025/4Z/108MEDIA/DSCF0142.JPG,DSCF0142.JPG,4Z/108MEDIA,0,Other_Amphibian,0.3425,3223.5,1953.3,3346.8,2095.8
/srv/shared_leopard_toad/2025/Documents/06.10-13.10.2025/4Z/108MEDIA/DSCF0142.JPG,DSCF0142.JPG,4Z/108MEDIA,0,Other_Amphibian,0.2076,2970.1,2461.3,3108.6,2649.1
/srv/shared_leopard_toad/2025/Documents/06.10-13.10.2025/4Z/108MEDIA/DSCF0552.JPG,DSCF0552.JPG,4Z/108MEDIA,0,Other_Amphibian,0.2615,3219.0,1953.7,3344.9,2099.6
/srv/shared_leopard_toad/2025/Documents/06.10-13.10.2025/4Z/108MEDIA/DSCF0552.JPG,DSCF0552.JPG,4Z/108MEDIA,0,Other_Amphibian,0.2521,3219.4,1955.5,3351.1,2099.8
/srv/shared_leopard_toad/2025/Documents/06.10-13.10.2025/4Z/108MEDIA/DSCF0179.JPG,DSCF0179.JPG,4Z/108MEDIA,0,Other_Amphibian,0.5739,3216.6,1952.4,3348.9,2094.3
/srv/shared_leopard_toad/2025/Documents/06.10-13.10.2025/4Z/108MEDIA/DSCF0179.JPG,DSCF0179.JPG,4Z/108MEDIA,0,Other_Amphibian,0.4693,3222.1,1952.2,3349.9,2093.3
/srv/shared_leopard_toad/2025/Documents/06.10-13.10.2025/4Z/108MEDIA/DSCF0575.JPG,DSCF0575.JPG,4Z/108MEDIA,0,Other_Amphibian,0.2930,3218.6,1955.1,3350.4,2097.7
/srv/shared_leopard_toad/2025/Documents/06.10-13.10.2025/4Z/108MEDIA/DSCF0575.JPG,DSCF0575.JPG,4Z/108MEDIA,0,Other_Amphibian,0.2904,3221.4,1954.3,3347.5,2098.6
/srv/shared_leopard_toad/2025/Documents/06.10-13.10.2025/4Z/108MEDIA/DSCF0066.JPG,DSCF0066.JPG,4Z/108MEDIA,0,Other_Amphibian,0.6029,3214.6,1952.3,3348.8,2095.2
/srv/shared_leopard_toad/2025/Documents/06.10-13.10.2025/4Z/108MEDIA/DSCF0066.JPG,DSCF0066.JPG,4Z/108MEDIA,0,Other_Amphibian,0.4929,3223.8,1952.0,3353.1,2095.0
/srv/shared_leopard_toad/2025/Documents/06.10-13.10.2025/4Z/108MEDIA/DSCF0019.JPG,DSCF0019.JPG,4Z/108MEDIA,0,Other_Amphibian,0.5066,3218.2,1950.5,3349.6,2092.8
/srv/shared_leopard_toad/2025/Documents/06.10-13.10.2025/4Z/108MEDIA/DSCF0019.JPG,DSCF0019.JPG,4Z/108MEDIA,0,Other_Amphibian,0.4123,3225.7,1951.3,3352.5,2093.8
/srv/shared_leopard_toad/2025/Documents/06.10-13.10.2025/4Z/108MEDIA/DSCF0160.JPG,DSCF0160.JPG,4Z/108MEDIA,0,Other_Amphibian,0.5743,3215.8,1950.9,3349.0,2095.2
/srv/shared_leopard_toad/2025/Documents/06.10-13.10.2025/4Z/108MEDIA/DSCF0160.JPG,DSCF0160.JPG,4Z/108MEDIA,0,Other_Amphibian,0.4964,3224.9,1950.8,3353.7,2094.1
/srv/shared_leopard_toad/2025/Documents/06.10-13.10.2025/4Z/108MEDIA/DSCF0034.JPG,DSCF0034.JPG,4Z/108MEDIA,0,Other_Amphibian,0.5111,3217.7,1952.8,3351.2,2094.8
/srv/shared_leopard_toad/2025/Documents/06.10-13.10.2025/4Z/108MEDIA/DSCF0034.JPG,DSCF0034.JPG,4Z/108MEDIA,0,Other_Amphibian,0.4291,3225.1,1952.4,3355.3,2095.0
/srv/shared_leopard_toad/2025/Documents/06.10-13.10.2025/4Z/108MEDIA/DSCF0818.JPG,DSCF0818.JPG,4Z/108MEDIA,0,Other_Amphibian,0.2725,2970.4,2467.1,3102.0,2623.2
/srv/shared_leopard_toad/2025/Documents/06.10-13.10.2025/4Z/108MEDIA/DSCF0818.JPG,DSCF0818.JPG,4Z/108MEDIA,0,Other_Amphibian,0.2186,2974.9,2462.1,3096.5,2622.1
/srv/shared_leopard_toad/2025/Documents/06.10-13.10.2025/4Z/108MEDIA/DSCF0583.JPG,DSCF0583.JPG,4Z/108MEDIA,0,Other_Amphibian,0.2789,3219.6,1954.3,3350.7,2097.6
/srv/shared_leopard_toad/2025/Documents/06.10-13.10.2025/4Z/108MEDIA/DSCF0583.JPG,DSCF0583.JPG,4Z/108MEDIA,0,Other_Amphibian,0.2719,2970.5,2460.1,3104.7,2620.2
/srv/shared_leopard_toad/2025/Documents/06.10-13.10.2025/4Z/108MEDIA/DSCF0583.JPG,DSCF0583.JPG,4Z/108MEDIA,0,Other_Amphibian,0.2469,3218.0,1954.1,3342.9,2098.2
/srv/shared_leopard_toad/2025/Documents/06.10-13.10.2025/4Z/108MEDIA/DSCF0583.JPG,DSCF0583.JPG,4Z/108MEDIA,0,Other_Amphibian,0.2323,2982.0,2452.4,3106.2,2619.6
/srv/shared_leopard_toad/2025/Documents/06.10-13.10.2025/4Z/108MEDIA/DSCF0005.JPG,DSCF0005.JPG,4Z/108MEDIA,0,Other_Amphibian,0.5969,3217.4,1951.5,3350.4,2095.2
/srv/shared_leopard_toad/2025/Documents/06.10-13.10.2025/4Z/108MEDIA/DSCF0005.JPG,DSCF0005.JPG,4Z/108MEDIA,0,Other_Amphibian,0.5023,3226.1,1952.1,3353.9,2095.5
/srv/shared_leopard_toad/2025/Documents/06.10-13.10.2025/4Z/108MEDIA/DSCF0952.JPG,DSCF0952.JPG,4Z/108MEDIA,0,Other_Amphibian,0.3097,2972.0,2484.9,3102.6,2621.9
/srv/shared_leopard_toad/2025/Documents/06.10-13.10.2025/4Z/108MEDIA/DSCF0952.JPG,DSCF0952.JPG,4Z/108MEDIA,0,Other_Amphibian,0.2409,2983.2,2467.1,3103.5,2620.6
/srv/shared_leopard_toad/2025/Documents/06.10-13.10.2025/4Z/108MEDIA/DSCF0172.JPG,DSCF0172.JPG,4Z/108MEDIA,0,Other_Amphibian,0.5813,3216.9,1953.5,3350.2,2095.0
/srv/shared_leopard_toad/2025/Documents/06.10-13.10.2025/4Z/108MEDIA/DSCF0172.JPG,DSCF0172.JPG,4Z/108MEDIA,0,Other_Amphibian,0.4696,3226.1,1953.5,3353.9,2094.8
/srv/shared_leopard_toad/2025/Documents/06.10-13.10.2025/4Z/108MEDIA/DSCF0257.JPG,DSCF0257.JPG,4Z/108MEDIA,0,Other_Amphibian,0.5387,3218.2,1956.0,3344.8,2092.8
/srv/shared_leopard_toad/2025/Documents/06.10-13.10.2025/4Z/108MEDIA/DSCF0257.JPG,DSCF0257.JPG,4Z/108MEDIA,0,Other_Amphibian,0.4217,3225.6,1954.8,3346.5,2092.5
/srv/shared_leopard_toad/2025/Documents/06.10-13.10.2025/4Z/108MEDIA/DSCF0382.JPG,DSCF0382.JPG,4Z/108MEDIA,2,Western_Leopard_Toad,0.8511,3647.1,1659.4,3933.7,1920.6
/srv/shared_leopard_toad/2025/Documents/06.10-13.10.2025/4Z/108MEDIA/DSCF0467.JPG,DSCF0467.JPG,4Z/108MEDIA,0,Other_Amphibian,0.2402,3220.7,1957.2,3351.3,2098.7
/srv/shared_leopard_toad/2025/Documents/06.10-13.10.2025/4Z/108MEDIA/DSCF0467.JPG,DSCF0467.JPG,4Z/108MEDIA,0,Other_Amphibian,0.2339,3219.9,1956.5,3344.1,2099.6
/srv/shared_leopard_toad/2025/Documents/06.10-13.10.2025/4Z/108MEDIA/DSCF0162.JPG,DSCF0162.JPG,4Z/108MEDIA,0,Other_Amphibian,0.5279,3218.6,1953.3,3350.6,2094.6
/srv/shared_leopard_toad/2025/Documents/06.10-13.10.2025/4Z/108MEDIA/DSCF0162.JPG,DSCF0162.JPG,4Z/108MEDIA,0,Other_Amphibian,0.4559,3226.1,1952.9,3353.7,2093.9
/srv/shared_leopard_toad/2025/Documents/06.10-13.10.2025/4Z/108MEDIA/DSCF0274.JPG,DSCF0274.JPG,4Z/108MEDIA,2,Western_Leopard_Toad,0.7881,3646.7,1659.3,3928.9,1918.2
/srv/shared_leopard_toad/2025/Documents/06.10-13.10.2025/4Z/108MEDIA/DSCF0274.JPG,DSCF0274.JPG,4Z/108MEDIA,2,Western_Leopard_Toad,0.2149,5150.0,12.4,5372.0,713.7
/srv/shared_leopard_toad/2025/Documents/06.10-13.10.2025/4Z/108MEDIA/DSCF0259.JPG,DSCF0259.JPG,4Z/108MEDIA,0,Other_Amphibian,0.5639,3216.7,1954.2,3345.4,2098.3
/srv/shared_leopard_toad/2025/Documents/06.10-13.10.2025/4Z/108MEDIA/DSCF0259.JPG,DSCF0259.JPG,4Z/108MEDIA,0,Other_Amphibian,0.4721,3224.4,1952.9,3347.6,2096.7
/srv/shared_leopard_toad/2025/Documents/06.10-13.10.2025/4Z/108MEDIA/DSCF0259.JPG,DSCF0259.JPG,4Z/108MEDIA,2,Western_Leopard_Toad,0.2029,3655.5,1651.0,3932.0,1916.9
/srv/shared_leopard_toad/2025/Documents/06.10-13.10.2025/4Z/108MEDIA/DSCF0797.JPG,DSCF0797.JPG,4Z/108MEDIA,0,Other_Amphibian,0.2688,3221.3,1955.9,3350.0,2097.3
/srv/shared_leopard_toad/2025/Documents/06.10-13.10.2025/4Z/108MEDIA/DSCF0797.JPG,DSCF0797.JPG,4Z/108MEDIA,0,Other_Amphibian,0.2484,3217.3,1956.5,3339.4,2099.1
/srv/shared_leopard_toad/2025/Documents/06.10-13.10.2025/4Z/108MEDIA/DSCF0797.JPG,DSCF0797.JPG,4Z/108MEDIA,2,Western_Leopard_Toad,0.2126,3656.0,1648.8,3925.9,1917.9
/srv/shared_leopard_toad/2025/Documents/06.10-13.10.2025/4Z/108MEDIA/DSCF0665.JPG,DSCF0665.JPG,4Z/108MEDIA,0,Other_Amphibian,0.2474,3219.0,1956.5,3352.0,2097.1
/srv/shared_leopard_toad/2025/Documents/06.10-13.10.2025/4Z/108MEDIA/DSCF0665.JPG,DSCF0665.JPG,4Z/108MEDIA,0,Other_Amphibian,0.2389,3214.9,1956.2,3342.8,2098.5
/srv/shared_leopard_toad/2025/Documents/06.10-13.10.2025/4Z/108MEDIA/DSCF0665.JPG,DSCF0665.JPG,4Z/108MEDIA,0,Other_Amphibian,0.2353,2969.2,2465.4,3101.4,2619.9
/srv/shared_leopard_toad/2025/Documents/06.10-13.10.2025/4Z/108MEDIA/DSCF0665.JPG,DSCF0665.JPG,4Z/108MEDIA,0,Other_Amphibian,0.2160,2978.7,2451.1,3101.4,2619.1
/srv/shared_leopard_toad/2025/Documents/06.10-13.10.2025/4Z/108MEDIA/DSCF0665.JPG,DSCF0665.JPG,4Z/108MEDIA,0,Other_Amphibian,0.2051,3653.4,1646.8,3927.8,1919.1
/srv/shared_leopard_toad/2025/Documents/06.10-13.10.2025/4Z/108MEDIA/DSCF0630.JPG,DSCF0630.JPG,4Z/108MEDIA,0,Other_Amphibian,0.2380,3653.4,1646.3,3930.9,1918.4
/srv/shared_leopard_toad/2025/Documents/06.10-13.10.2025/4Z/108MEDIA/DSCF0630.JPG,DSCF0630.JPG,4Z/108MEDIA,0,Other_Amphibian,0.2101,2970.4,2477.2,3101.0,2624.7
/srv/shared_leopard_toad/2025/Documents/06.10-13.10.2025/4Z/108MEDIA/DSCF0776.JPG,DSCF0776.JPG,4Z/108MEDIA,2,Western_Leopard_Toad,0.2832,3654.4,1648.3,3928.3,1918.8
/srv/shared_leopard_toad/2025/Documents/06.10-13.10.2025/4Z/108MEDIA/DSCF0776.JPG,DSCF0776.JPG,4Z/108MEDIA,0,Other_Amphibian,0.2574,3219.0,1955.8,3349.6,2098.1
/srv/shared_leopard_toad/2025/Documents/06.10-13.10.2025/4Z/108MEDIA/DSCF0776.JPG,DSCF0776.JPG,4Z/108MEDIA,0,Other_Amphibian,0.2561,3218.2,1955.3,3343.3,2098.8
/srv/shared_leopard_toad/2025/Documents/06.10-13.10.2025/4Z/108MEDIA/DSCF0957.JPG,DSCF0957.JPG,4Z/108MEDIA,0,Other_Amphibian,0.2989,2976.8,2446.2,3100.0,2622.2
/srv/shared_leopard_toad/2025/Documents/06.10-13.10.2025/4Z/108MEDIA/DSCF0957.JPG,DSCF0957.JPG,4Z/108MEDIA,0,Other_Amphibian,0.2979,2967.8,2464.9,3100.9,2622.8
/srv/shared_leopard_toad/2025/Documents/06.10-13.10.2025/4Z/108MEDIA/DSCF0957.JPG,DSCF0957.JPG,4Z/108MEDIA,0,Other_Amphibian,0.2131,3656.1,1648.6,3928.5,1917.8
/srv/shared_leopard_toad/2025/Documents/06.10-13.10.2025/4Z/108MEDIA/DSCF0557.JPG,DSCF0557.JPG,4Z/108MEDIA,0,Other_Amphibian,0.2681,2979.2,2452.9,3103.0,2620.3
/srv/shared_leopard_toad/2025/Documents/06.10-13.10.2025/4Z/108MEDIA/DSCF0557.JPG,DSCF0557.JPG,4Z/108MEDIA,0,Other_Amphibian,0.2463,2970.2,2460.6,3102.9,2621.5
/srv/shared_leopard_toad/2025/Documents/06.10-13.10.2025/4Z/108MEDIA/DSCF0766.JPG,DSCF0766.JPG,4Z/108MEDIA,0,Other_Amphibian,0.2350,3221.1,1956.0,3351.6,2097.8
/srv/shared_leopard_toad/2025/Documents/06.10-13.10.2025/4Z/108MEDIA/DSCF0766.JPG,DSCF0766.JPG,4Z/108MEDIA,0,Other_Amphibian,0.2107,3214.5,1955.9,3339.8,2099.0
/srv/shared_leopard_toad/2025/Documents/06.10-13.10.2025/4Z/108MEDIA/DSCF0496.JPG,DSCF0496.JPG,4Z/108MEDIA,0,Other_Amphibian,0.2176,2972.4,2465.1,3104.2,2628.0
/srv/shared_leopard_toad/2025/Documents/06.10-13.10.2025/4Z/108MEDIA/DSCF0035.JPG,DSCF0035.JPG,4Z/108MEDIA,0,Other_Amphibian,0.6176,3216.9,1951.3,3352.4,2093.9
/srv/shared_leopard_toad/2025/Documents/06.10-13.10.2025/4Z/108MEDIA/DSCF0035.JPG,DSCF0035.JPG,4Z/108MEDIA,0,Other_Amphibian,0.5384,3223.3,1952.6,3354.7,2094.4
/srv/shared_leopard_toad/2025/Documents/06.10-13.10.2025/4Z/108MEDIA/DSCF0995.JPG,DSCF0995.JPG,4Z/108MEDIA,0,Other_Amphibian,0.2875,2969.0,2484.2,3102.1,2621.5
/srv/shared_leopard_toad/2025/Documents/06.10-13.10.2025/4Z/108MEDIA/DSCF0995.JPG,DSCF0995.JPG,4Z/108MEDIA,0,Other_Amphibian,0.2425,2980.1,2471.4,3101.3,2621.1
/srv/shared_leopard_toad/2025/Documents/06.10-13.10.2025/4Z/108MEDIA/DSCF0004.JPG,DSCF0004.JPG,4Z/108MEDIA,0,Other_Amphibian,0.5696,3216.7,1952.7,3347.4,2092.3
/srv/shared_leopard_toad/2025/Documents/06.10-13.10.2025/4Z/108MEDIA/DSCF0004.JPG,DSCF0004.JPG,4Z/108MEDIA,0,Other_Amphibian,0.4505,3226.4,1952.5,3353.1,2092.9
/srv/shared_leopard_toad/2025/Documents/06.10-13.10.2025/4Z/108MEDIA/DSCF0434.JPG,DSCF0434.JPG,4Z/108MEDIA,0,Other_Amphibian,0.2197,3220.1,1955.9,3352.2,2099.7
/srv/shared_leopard_toad/2025/Documents/06.10-13.10.2025/4Z/108MEDIA/DSCF0434.JPG,DSCF0434.JPG,4Z/108MEDIA,0,Other_Amphibian,0.2072,3217.9,1955.5,3343.6,2101.1
/srv/shared_leopard_toad/2025/Documents/06.10-13.10.2025/4Z/108MEDIA/DSCF0159.JPG,DSCF0159.JPG,4Z/108MEDIA,0,Other_Amphibian,0.5706,3213.0,1953.5,3345.3,2097.5
/srv/shared_leopard_toad/2025/Documents/06.10-13.10.2025/4Z/108MEDIA/DSCF0159.JPG,DSCF0159.JPG,4Z/108MEDIA,0,Other_Amphibian,0.4717,3223.1,1952.6,3349.6,2095.8
/srv/shared_leopard_toad/2025/Documents/06.10-13.10.2025/4Z/108MEDIA/DSCF0313.JPG,DSCF0313.JPG,4Z/108MEDIA,0,Other_Amphibian,0.4078,3219.0,1974.5,3366.1,2141.1
/srv/shared_leopard_toad/2025/Documents/06.10-13.10.2025/4Z/108MEDIA/DSCF0313.JPG,DSCF0313.JPG,4Z/108MEDIA,0,Other_Amphibian,0.3233,3224.5,1980.1,3360.5,2139.7
/srv/shared_leopard_toad/2025/Documents/06.10-13.10.2025/4Z/108MEDIA/DSCF0313.JPG,DSCF0313.JPG,4Z/108MEDIA,2,Western_Leopard_Toad,0.2453,3640.7,1662.1,3923.9,1922.5
/srv/shared_leopard_toad/2025/Documents/06.10-13.10.2025/4Z/108MEDIA/DSCF0297.JPG,DSCF0297.JPG,4Z/108MEDIA,0,Other_Amphibian,0.5944,3217.1,1966.9,3365.6,2137.5
/srv/shared_leopard_toad/2025/Documents/06.10-13.10.2025/4Z/108MEDIA/DSCF0297.JPG,DSCF0297.JPG,4Z/108MEDIA,2,Western_Leopard_Toad,0.5084,3645.3,1663.6,3927.2,1924.7
/srv/shared_leopard_toad/2025/Documents/06.10-13.10.2025/4Z/108MEDIA/DSCF0719.JPG,DSCF0719.JPG,4Z/108MEDIA,0,Other_Amphibian,0.3291,3219.1,1955.7,3349.0,2096.9
/srv/shared_leopard_toad/2025/Documents/06.10-13.10.2025/4Z/108MEDIA/DSCF0719.JPG,DSCF0719.JPG,4Z/108MEDIA,0,Other_Amphibian,0.3148,3221.1,1955.3,3345.0,2097.7
/srv/shared_leopard_toad/2025/Documents/06.10-13.10.2025/4Z/108MEDIA/DSCF0424.JPG,DSCF0424.JPG,4Z/108MEDIA,0,Other_Amphibian,0.2244,3220.7,1955.6,3350.4,2098.9
/srv/shared_leopard_toad/2025/Documents/06.10-13.10.2025/4Z/108MEDIA/DSCF0424.JPG,DSCF0424.JPG,4Z/108MEDIA,0,Other_Amphibian,0.2236,3218.1,1954.6,3341.6,2099.3
/srv/shared_leopard_toad/2025/Documents/06.10-13.10.2025/4Z/108MEDIA/DSCF0170.JPG,DSCF0170.JPG,4Z/108MEDIA,0,Other_Amphibian,0.5947,3215.9,1953.5,3348.9,2095.7
/srv/shared_leopard_toad/2025/Documents/06.10-13.10.2025/4Z/108MEDIA/DSCF0170.JPG,DSCF0170.JPG,4Z/108MEDIA,0,Other_Amphibian,0.4966,3225.2,1953.7,3353.4,2095.5
/srv/shared_leopard_toad/2025/Documents/06.10-13.10.2025/4Z/108MEDIA/DSCF0352.JPG,DSCF0352.JPG,4Z/108MEDIA,2,Western_Leopard_Toad,0.7626,3637.6,1662.7,3925.7,1926.4
/srv/shared_leopard_toad/2025/Documents/06.10-13.10.2025/4Z/108MEDIA/DSCF0352.JPG,DSCF0352.JPG,4Z/108MEDIA,0,Other_Amphibian,0.2816,4769.4,1353.9,4948.0,1536.1
/srv/shared_leopard_toad/2025/Documents/06.10-13.10.2025/4Z/108MEDIA/DSCF0628.JPG,DSCF0628.JPG,4Z/108MEDIA,0,Other_Amphibian,0.3616,3218.0,1955.0,3350.8,2097.2
/srv/shared_leopard_toad/2025/Documents/06.10-13.10.2025/4Z/108MEDIA/DSCF0628.JPG,DSCF0628.JPG,4Z/108MEDIA,0,Other_Amphibian,0.3548,3223.0,1953.6,3350.5,2097.0
/srv/shared_leopard_toad/2025/Documents/06.10-13.10.2025/4Z/108MEDIA/DSCF0628.JPG,DSCF0628.JPG,4Z/108MEDIA,0,Other_Amphibian,0.2363,2981.2,2470.4,3104.3,2623.5
/srv/shared_leopard_toad/2025/Documents/06.10-13.10.2025/4Z/108MEDIA/DSCF0628.JPG,DSCF0628.JPG,4Z/108MEDIA,2,Western_Leopard_Toad,0.2253,3655.3,1649.0,3932.8,1918.4
/srv/shared_leopard_toad/2025/Documents/06.10-13.10.2025/4Z/108MEDIA/DSCF0793.JPG,DSCF0793.JPG,4Z/108MEDIA,0,Other_Amphibian,0.2610,3219.4,1953.6,3342.7,2099.2
/srv/shared_leopard_toad/2025/Documents/06.10-13.10.2025/4Z/108MEDIA/DSCF0793.JPG,DSCF0793.JPG,4Z/108MEDIA,0,Other_Amphibian,0.2597,2972.5,2479.0,3106.7,2634.8
/srv/shared_leopard_toad/2025/Documents/06.10-13.10.2025/4Z/108MEDIA/DSCF0793.JPG,DSCF0793.JPG,4Z/108MEDIA,0,Other_Amphibian,0.2572,3218.7,1954.2,3349.7,2098.8
/srv/shared_leopard_toad/2025/Documents/06.10-13.10.2025/4Z/108MEDIA/DSCF0793.JPG,DSCF0793.JPG,4Z/108MEDIA,0,Other_Amphibian,0.2516,2971.8,2485.1,3105.8,2630.8
/srv/shared_leopard_toad/2025/Documents/06.10-13.10.2025/4Z/108MEDIA/DSCF0879.JPG,DSCF0879.JPG,4Z/108MEDIA,0,Other_Amphibian,0.3248,2972.1,2481.3,3106.8,2632.2
/srv/shared_leopard_toad/2025/Documents/06.10-13.10.2025/4Z/108MEDIA/DSCF0879.JPG,DSCF0879.JPG,4Z/108MEDIA,0,Other_Amphibian,0.3168,2969.9,2486.6,3104.8,2627.9
/srv/shared_leopard_toad/2025/Documents/06.10-13.10.2025/4Z/108MEDIA/DSCF0879.JPG,DSCF0879.JPG,4Z/108MEDIA,0,Other_Amphibian,0.2592,2979.9,2479.6,3104.3,2629.5
/srv/shared_leopard_toad/2025/Documents/06.10-13.10.2025/4Z/108MEDIA/DSCF0879.JPG,DSCF0879.JPG,4Z/108MEDIA,2,Western_Leopard_Toad,0.2320,3654.1,1648.0,3929.1,1918.3
/srv/shared_leopard_toad/2025/Documents/06.10-13.10.2025/4Z/108MEDIA/DSCF0646.JPG,DSCF0646.JPG,4Z/108MEDIA,0,Other_Amphibian,0.3377,2967.4,2468.8,3111.1,2652.9
/srv/shared_leopard_toad/2025/Documents/06.10-13.10.2025/4Z/108MEDIA/DSCF0646.JPG,DSCF0646.JPG,4Z/108MEDIA,0,Other_Amphibian,0.2643,3655.4,1647.5,3932.0,1917.6
/srv/shared_leopard_toad/2025/Documents/06.10-13.10.2025/4Z/108MEDIA/DSCF0646.JPG,DSCF0646.JPG,4Z/108MEDIA,0,Other_Amphibian,0.2596,3212.3,1954.6,3345.6,2098.5
/srv/shared_leopard_toad/2025/Documents/06.10-13.10.2025/4Z/108MEDIA/DSCF0646.JPG,DSCF0646.JPG,4Z/108MEDIA,0,Other_Amphibian,0.2147,3220.3,1957.1,3356.4,2099.8
/srv/shared_leopard_toad/2025/Documents/06.10-13.10.2025/4Z/108MEDIA/DSCF0646.JPG,DSCF0646.JPG,4Z/108MEDIA,0,Other_Amphibian,0.2003,2977.0,2458.8,3107.1,2650.3
/srv/shared_leopard_toad/2025/Documents/06.10-13.10.2025/4Z/108MEDIA/DSCF0859.JPG,DSCF0859.JPG,4Z/108MEDIA,0,Other_Amphibian,0.2719,3219.5,1955.2,3351.4,2096.4
/srv/shared_leopard_toad/2025/Documents/06.10-13.10.2025/4Z/108MEDIA/DSCF0859.JPG,DSCF0859.JPG,4Z/108MEDIA,0,Other_Amphibian,0.2596,3221.2,1954.4,3347.0,2097.4
/srv/shared_leopard_toad/2025/Documents/06.10-13.10.2025/4Z/108MEDIA/DSCF0547.JPG,DSCF0547.JPG,4Z/108MEDIA,0,Other_Amphibian,0.2952,3221.5,1954.8,3348.9,2099.2
/srv/shared_leopard_toad/2025/Documents/06.10-13.10.2025/4Z/108MEDIA/DSCF0547.JPG,DSCF0547.JPG,4Z/108MEDIA,0,Other_Amphibian,0.2835,3219.3,1956.7,3353.2,2099.5
/srv/shared_leopard_toad/2025/Documents/06.10-13.10.2025/4Z/108MEDIA/DSCF0161.JPG,DSCF0161.JPG,4Z/108MEDIA,0,Other_Amphibian,0.5694,3217.2,1951.3,3349.9,2095.8
/srv/shared_leopard_toad/2025/Documents/06.10-13.10.2025/4Z/108MEDIA/DSCF0161.JPG,DSCF0161.JPG,4Z/108MEDIA,0,Other_Amphibian,0.4745,3225.7,1951.4,3353.7,2095.2
/srv/shared_leopard_toad/2025/Documents/06.10-13.10.2025/4Z/108MEDIA/DSCF0321.JPG,DSCF0321.JPG,4Z/108MEDIA,2,Western_Leopard_Toad,0.4596,3643.8,1664.0,3926.0,1924.2
/srv/shared_leopard_toad/2025/Documents/06.10-13.10.2025/4Z/108MEDIA/DSCF0321.JPG,DSCF0321.JPG,4Z/108MEDIA,0,Other_Amphibian,0.3950,3220.7,1966.0,3366.7,2134.5
/srv/shared_leopard_toad/2025/Documents/06.10-13.10.2025/4Z/108MEDIA/DSCF0919.JPG,DSCF0919.JPG,4Z/108MEDIA,0,Other_Amphibian,0.3243,2980.9,2462.5,3102.3,2635.2
/srv/shared_leopard_toad/2025/Documents/06.10-13.10.2025/4Z/108MEDIA/DSCF0919.JPG,DSCF0919.JPG,4Z/108MEDIA,0,Other_Amphibian,0.2975,2970.9,2475.0,3101.5,2633.4
/srv/shared_leopard_toad/2025/Documents/06.10-13.10.2025/4Z/108MEDIA/DSCF0919.JPG,DSCF0919.JPG,4Z/108MEDIA,0,Other_Amphibian,0.2878,2969.3,2477.0,3103.4,2634.9
/srv/shared_leopard_toad/2025/Documents/06.10-13.10.2025/4Z/108MEDIA/DSCF0919.JPG,DSCF0919.JPG,4Z/108MEDIA,2,Western_Leopard_Toad,0.2678,3657.1,1649.0,3930.5,1917.4
/srv/shared_leopard_toad/2025/Documents/06.10-13.10.2025/4Z/108MEDIA/DSCF0002.JPG,DSCF0002.JPG,4Z/108MEDIA,0,Other_Amphibian,0.5907,3216.4,1952.0,3351.5,2094.8
/srv/shared_leopard_toad/2025/Documents/06.10-13.10.2025/4Z/108MEDIA/DSCF0002.JPG,DSCF0002.JPG,4Z/108MEDIA,0,Other_Amphibian,0.5143,3224.6,1952.2,3355.5,2094.7
/srv/shared_leopard_toad/2025/Documents/06.10-13.10.2025/4Z/108MEDIA/DSCF0845.JPG,DSCF0845.JPG,4Z/108MEDIA,0,Other_Amphibian,0.2502,3219.1,1954.3,3350.9,2098.4
/srv/shared_leopard_toad/2025/Documents/06.10-13.10.2025/4Z/108MEDIA/DSCF0845.JPG,DSCF0845.JPG,4Z/108MEDIA,0,Other_Amphibian,0.2326,3218.3,1953.9,3344.2,2099.4
/srv/shared_leopard_toad/2025/Documents/06.10-13.10.2025/4Z/108MEDIA/DSCF0845.JPG,DSCF0845.JPG,4Z/108MEDIA,2,Western_Leopard_Toad,0.2097,3655.2,1646.7,3930.0,1918.4
/srv/shared_leopard_toad/2025/Documents/06.10-13.10.2025/4Z/108MEDIA/DSCF0751.JPG,DSCF0751.JPG,4Z/108MEDIA,0,Other_Amphibian,0.2195,3219.6,1955.9,3352.0,2098.2
/srv/shared_leopard_toad/2025/Documents/06.10-13.10.2025/4Z/108MEDIA/DSCF0751.JPG,DSCF0751.JPG,4Z/108MEDIA,0,Other_Amphibian,0.2088,3215.0,1956.0,3341.5,2099.5
/srv/shared_leopard_toad/2025/Documents/06.10-13.10.2025/4Z/108MEDIA/DSCF0578.JPG,DSCF0578.JPG,4Z/108MEDIA,2,Western_Leopard_Toad,0.2092,3655.7,1649.1,3928.2,1918.2
/srv/shared_leopard_toad/2025/Documents/06.10-13.10.2025/4Z/108MEDIA/DSCF0578.JPG,DSCF0578.JPG,4Z/108MEDIA,0,Other_Amphibian,0.2086,3215.6,1955.1,3341.3,2099.0
/srv/shared_leopard_toad/2025/Documents/06.10-13.10.2025/4Z/108MEDIA/DSCF0847.JPG,DSCF0847.JPG,4Z/108MEDIA,0,Other_Amphibian,0.2271,3216.3,1955.3,3344.3,2098.3
/srv/shared_leopard_toad/2025/Documents/06.10-13.10.2025/4Z/108MEDIA/DSCF0847.JPG,DSCF0847.JPG,4Z/108MEDIA,0,Other_Amphibian,0.2233,3220.2,1956.4,3353.3,2097.7
/srv/shared_leopard_toad/2025/Documents/06.10-13.10.2025/4Z/108MEDIA/DSCF0803.JPG,DSCF0803.JPG,4Z/108MEDIA,2,Western_Leopard_Toad,0.2867,3655.4,1648.1,3930.5,1918.0
/srv/shared_leopard_toad/2025/Documents/06.10-13.10.2025/4Z/108MEDIA/DSCF0585.JPG,DSCF0585.JPG,4Z/108MEDIA,0,Other_Amphibian,0.2034,2973.7,2483.4,3102.0,2624.5
/srv/shared_leopard_toad/2025/Documents/06.10-13.10.2025/4Z/108MEDIA/DSCF0228.JPG,DSCF0228.JPG,4Z/108MEDIA,0,Other_Amphibian,0.6314,3216.3,1951.3,3351.7,2097.6
/srv/shared_leopard_toad/2025/Documents/06.10-13.10.2025/4Z/108MEDIA/DSCF0228.JPG,DSCF0228.JPG,4Z/108MEDIA,0,Other_Amphibian,0.5370,3222.5,1952.0,3350.7,2097.2
/srv/shared_leopard_toad/2025/Documents/06.10-13.10.2025/4Z/108MEDIA/DSCF0253.JPG,DSCF0253.JPG,4Z/108MEDIA,0,Other_Amphibian,0.5570,3217.7,1954.7,3348.4,2094.6
/srv/shared_leopard_toad/2025/Documents/06.10-13.10.2025/4Z/108MEDIA/DSCF0253.JPG,DSCF0253.JPG,4Z/108MEDIA,0,Other_Amphibian,0.4596,3226.0,1954.1,3352.5,2093.9
/srv/shared_leopard_toad/2025/Documents/06.10-13.10.2025/4Z/108MEDIA/DSCF0253.JPG,DSCF0253.JPG,4Z/108MEDIA,0,Other_Amphibian,0.2004,2976.3,2478.1,3116.5,2644.6
/srv/shared_leopard_toad/2025/Documents/06.10-13.10.2025/4Z/108MEDIA/DSCF0218.JPG,DSCF0218.JPG,4Z/108MEDIA,0,Other_Amphibian,0.5889,3217.7,1949.8,3351.8,2095.5
/srv/shared_leopard_toad/2025/Documents/06.10-13.10.2025/4Z/108MEDIA/DSCF0218.JPG,DSCF0218.JPG,4Z/108MEDIA,0,Other_Amphibian,0.5111,3223.2,1950.3,3352.7,2094.7
/srv/shared_leopard_toad/2025/Documents/06.10-13.10.2025/4Z/108MEDIA/DSCF0435.JPG,DSCF0435.JPG,4Z/108MEDIA,0,Other_Amphibian,0.2865,2969.5,2460.8,3099.2,2621.6
/srv/shared_leopard_toad/2025/Documents/06.10-13.10.2025/4Z/108MEDIA/DSCF0435.JPG,DSCF0435.JPG,4Z/108MEDIA,0,Other_Amphibian,0.2482,2979.3,2454.5,3100.6,2620.9
/srv/shared_leopard_toad/2025/Documents/06.10-13.10.2025/4Z/108MEDIA/DSCF0435.JPG,DSCF0435.JPG,4Z/108MEDIA,0,Other_Amphibian,0.2319,3219.9,1953.3,3346.2,2100.7
/srv/shared_leopard_toad/2025/Documents/06.10-13.10.2025/4Z/108MEDIA/DSCF0435.JPG,DSCF0435.JPG,4Z/108MEDIA,0,Other_Amphibian,0.2197,3219.1,1955.7,3352.8,2100.9
/srv/shared_leopard_toad/2025/Documents/06.10-13.10.2025/4Z/108MEDIA/DSCF0819.JPG,DSCF0819.JPG,4Z/108MEDIA,0,Other_Amphibian,0.2822,3654.0,1647.9,3928.2,1918.6
/srv/shared_leopard_toad/2025/Documents/06.10-13.10.2025/4Z/108MEDIA/DSCF0819.JPG,DSCF0819.JPG,4Z/108MEDIA,0,Other_Amphibian,0.2022,3220.6,1955.7,3349.7,2097.6
/srv/shared_leopard_toad/2025/Documents/06.10-13.10.2025/4Z/108MEDIA/DSCF0680.JPG,DSCF0680.JPG,4Z/108MEDIA,0,Other_Amphibian,0.2862,3218.9,1952.3,3344.2,2097.7
/srv/shared_leopard_toad/2025/Documents/06.10-13.10.2025/4Z/108MEDIA/DSCF0680.JPG,DSCF0680.JPG,4Z/108MEDIA,0,Other_Amphibian,0.2850,3217.5,1953.0,3348.6,2097.5
/srv/shared_leopard_toad/2025/Documents/06.10-13.10.2025/4Z/108MEDIA/DSCF0260.JPG,DSCF0260.JPG,4Z/108MEDIA,0,Other_Amphibian,0.5678,3219.1,1954.9,3347.1,2096.2
/srv/shared_leopard_toad/2025/Documents/06.10-13.10.2025/4Z/108MEDIA/DSCF0260.JPG,DSCF0260.JPG,4Z/108MEDIA,0,Other_Amphibian,0.4820,3226.2,1953.8,3349.7,2095.3
/srv/shared_leopard_toad/2025/Documents/06.10-13.10.2025/4Z/108MEDIA/DSCF0115.JPG,DSCF0115.JPG,4Z/108MEDIA,0,Other_Amphibian,0.5698,3216.8,1951.7,3349.1,2093.3
/srv/shared_leopard_toad/2025/Documents/06.10-13.10.2025/4Z/108MEDIA/DSCF0115.JPG,DSCF0115.JPG,4Z/108MEDIA,0,Other_Amphibian,0.4797,3225.9,1952.0,3354.2,2093.1
/srv/shared_leopard_toad/2025/Documents/06.10-13.10.2025/4Z/108MEDIA/DSCF0462.JPG,DSCF0462.JPG,4Z/108MEDIA,0,Other_Amphibian,0.3152,3217.1,1955.3,3351.6,2098.2
/srv/shared_leopard_toad/2025/Documents/06.10-13.10.2025/4Z/108MEDIA/DSCF0462.JPG,DSCF0462.JPG,4Z/108MEDIA,0,Other_Amphibian,0.3141,3220.5,1954.3,3349.4,2098.8
/srv/shared_leopard_toad/2025/Documents/06.10-13.10.2025/4Z/108MEDIA/DSCF0037.JPG,DSCF0037.JPG,4Z/108MEDIA,0,Other_Amphibian,0.5239,3217.7,1951.7,3350.5,2097.6
/srv/shared_leopard_toad/2025/Documents/06.10-13.10.2025/4Z/108MEDIA/DSCF0037.JPG,DSCF0037.JPG,4Z/108MEDIA,0,Other_Amphibian,0.4437,3225.0,1952.1,3353.7,2097.1
/srv/shared_leopard_toad/2025/Documents/06.10-13.10.2025/4Z/108MEDIA/DSCF0056.JPG,DSCF0056.JPG,4Z/108MEDIA,0,Other_Amphibian,0.5291,3217.9,1954.0,3348.4,2092.5
/srv/shared_leopard_toad/2025/Documents/06.10-13.10.2025/4Z/108MEDIA/DSCF0056.JPG,DSCF0056.JPG,4Z/108MEDIA,0,Other_Amphibian,0.4384,3226.4,1953.7,3353.0,2093.0
/srv/shared_leopard_toad/2025/Documents/06.10-13.10.2025/4Z/108MEDIA/DSCF0522.JPG,DSCF0522.JPG,4Z/108MEDIA,0,Other_Amphibian,0.2477,2970.1,2476.2,3105.4,2626.4
/srv/shared_leopard_toad/2025/Documents/06.10-13.10.2025/4Z/108MEDIA/DSCF0522.JPG,DSCF0522.JPG,4Z/108MEDIA,0,Other_Amphibian,0.2385,2970.3,2468.9,3106.7,2632.4
/srv/shared_leopard_toad/2025/Documents/06.10-13.10.2025/4Z/108MEDIA/DSCF0641.JPG,DSCF0641.JPG,4Z/108MEDIA,2,Western_Leopard_Toad,0.4003,3654.9,1648.4,3931.2,1918.0
/srv/shared_leopard_toad/2025/Documents/06.10-13.10.2025/4Z/108MEDIA/DSCF0561.JPG,DSCF0561.JPG,4Z/108MEDIA,0,Other_Amphibian,0.2497,3218.2,1956.3,3349.8,2098.8
/srv/shared_leopard_toad/2025/Documents/06.10-13.10.2025/4Z/108MEDIA/DSCF0561.JPG,DSCF0561.JPG,4Z/108MEDIA,0,Other_Amphibian,0.2343,3219.4,1955.6,3343.5,2099.6
/srv/shared_leopard_toad/2025/Documents/06.10-13.10.2025/4Z/108MEDIA/DSCF0561.JPG,DSCF0561.JPG,4Z/108MEDIA,0,Other_Amphibian,0.2180,2971.7,2486.9,3101.4,2625.2
/srv/shared_leopard_toad/2025/Documents/06.10-13.10.2025/4Z/108MEDIA/DSCF0561.JPG,DSCF0561.JPG,4Z/108MEDIA,0,Other_Amphibian,0.2012,3655.6,1646.8,3926.6,1918.5
/srv/shared_leopard_toad/2025/Documents/06.10-13.10.2025/4Z/108MEDIA/DSCF0436.JPG,DSCF0436.JPG,4Z/108MEDIA,0,Other_Amphibian,0.2146,3213.8,1956.5,3341.0,2101.0
/srv/shared_leopard_toad/2025/Documents/06.10-13.10.2025/4Z/108MEDIA/DSCF0436.JPG,DSCF0436.JPG,4Z/108MEDIA,2,Western_Leopard_Toad,0.2035,3656.1,1648.9,3930.3,1918.3
/srv/shared_leopard_toad/2025/Documents/06.10-13.10.2025/4Z/108MEDIA/DSCF0436.JPG,DSCF0436.JPG,4Z/108MEDIA,0,Other_Amphibian,0.2027,3218.3,1957.4,3351.2,2099.8
/srv/shared_leopard_toad/2025/Documents/06.10-13.10.2025/4Z/108MEDIA/DSCF0616.JPG,DSCF0616.JPG,4Z/108MEDIA,0,Other_Amphibian,0.3003,2972.9,2481.0,3106.0,2625.8
/srv/shared_leopard_toad/2025/Documents/06.10-13.10.2025/4Z/108MEDIA/DSCF0616.JPG,DSCF0616.JPG,4Z/108MEDIA,0,Other_Amphibian,0.2396,2979.3,2473.2,3101.9,2626.5
/srv/shared_leopard_toad/2025/Documents/06.10-13.10.2025/4Z/108MEDIA/DSCF0616.JPG,DSCF0616.JPG,4Z/108MEDIA,0,Other_Amphibian,0.2144,3219.1,1955.3,3351.3,2099.3
/srv/shared_leopard_toad/2025/Documents/06.10-13.10.2025/4Z/108MEDIA/DSCF0616.JPG,DSCF0616.JPG,4Z/108MEDIA,0,Other_Amphibian,0.2013,3215.2,1954.9,3340.9,2100.5
/srv/shared_leopard_toad/2025/Documents/06.10-13.10.2025/4Z/108MEDIA/DSCF0829.JPG,DSCF0829.JPG,4Z/108MEDIA,0,Other_Amphibian,0.2702,2969.1,2472.6,3098.3,2624.8
/srv/shared_leopard_toad/2025/Documents/06.10-13.10.2025/4Z/108MEDIA/DSCF0829.JPG,DSCF0829.JPG,4Z/108MEDIA,0,Other_Amphibian,0.2119,2976.0,2461.1,3095.7,2623.4
/srv/shared_leopard_toad/2025/Documents/06.10-13.10.2025/4Z/108MEDIA/DSCF0137.JPG,DSCF0137.JPG,4Z/108MEDIA,0,Other_Amphibian,0.5372,3217.8,1952.5,3348.5,2093.2
/srv/shared_leopard_toad/2025/Documents/06.10-13.10.2025/4Z/108MEDIA/DSCF0137.JPG,DSCF0137.JPG,4Z/108MEDIA,0,Other_Amphibian,0.4709,3224.4,1951.9,3351.6,2092.5
/srv/shared_leopard_toad/2025/Documents/06.10-13.10.2025/4Z/108MEDIA/DSCF0069.JPG,DSCF0069.JPG,4Z/108MEDIA,0,Other_Amphibian,0.5952,3215.5,1952.0,3348.2,2092.3
/srv/shared_leopard_toad/2025/Documents/06.10-13.10.2025/4Z/108MEDIA/DSCF0069.JPG,DSCF0069.JPG,4Z/108MEDIA,0,Other_Amphibian,0.5301,3223.5,1952.4,3351.9,2092.3
/srv/shared_leopard_toad/2025/Documents/06.10-13.10.2025/4Z/108MEDIA/DSCF0821.JPG,DSCF0821.JPG,4Z/108MEDIA,0,Other_Amphibian,0.3072,2968.9,2474.0,3100.0,2624.3
/srv/shared_leopard_toad/2025/Documents/06.10-13.10.2025/4Z/108MEDIA/DSCF0821.JPG,DSCF0821.JPG,4Z/108MEDIA,0,Other_Amphibian,0.2057,2976.0,2464.9,3098.1,2623.8
/srv/shared_leopard_toad/2025/Documents/06.10-13.10.2025/4Z/108MEDIA/DSCF0471.JPG,DSCF0471.JPG,4Z/108MEDIA,0,Other_Amphibian,0.2015,3219.2,1954.2,3341.2,2099.5
/srv/shared_leopard_toad/2025/Documents/06.10-13.10.2025/4Z/108MEDIA/DSCF0609.JPG,DSCF0609.JPG,4Z/108MEDIA,0,Other_Amphibian,0.3065,2973.3,2484.8,3106.4,2621.4
/srv/shared_leopard_toad/2025/Documents/06.10-13.10.2025/4Z/108MEDIA/DSCF0609.JPG,DSCF0609.JPG,4Z/108MEDIA,0,Other_Amphibian,0.2311,2979.8,2476.2,3104.2,2622.6
/srv/shared_leopard_toad/2025/Documents/06.10-13.10.2025/4Z/108MEDIA/DSCF0239.JPG,DSCF0239.JPG,4Z/108MEDIA,0,Other_Amphibian,0.5682,3217.5,1949.9,3352.8,2093.7
/srv/shared_leopard_toad/2025/Documents/06.10-13.10.2025/4Z/108MEDIA/DSCF0239.JPG,DSCF0239.JPG,4Z/108MEDIA,0,Other_Amphibian,0.5008,3224.4,1950.2,3356.0,2093.3
/srv/shared_leopard_toad/2025/Documents/06.10-13.10.2025/4Z/108MEDIA/DSCF0329.JPG,DSCF0329.JPG,4Z/108MEDIA,2,Western_Leopard_Toad,0.7280,3640.4,1663.0,3925.8,1924.4
/srv/shared_leopard_toad/2025/Documents/06.10-13.10.2025/4Z/108MEDIA/DSCF0329.JPG,DSCF0329.JPG,4Z/108MEDIA,0,Other_Amphibian,0.2965,4765.4,1350.4,4946.8,1539.6
/srv/shared_leopard_toad/2025/Documents/06.10-13.10.2025/4Z/108MEDIA/DSCF0129.JPG,DSCF0129.JPG,4Z/108MEDIA,0,Other_Amphibian,0.5782,3217.9,1951.6,3352.6,2094.5
/srv/shared_leopard_toad/2025/Documents/06.10-13.10.2025/4Z/108MEDIA/DSCF0129.JPG,DSCF0129.JPG,4Z/108MEDIA,0,Other_Amphibian,0.5135,3218.8,1951.8,3348.5,2094.6
/srv/shared_leopard_toad/2025/Documents/06.10-13.10.2025/4Z/108MEDIA/DSCF0147.JPG,DSCF0147.JPG,4Z/108MEDIA,0,Other_Amphibian,0.5300,3217.4,1951.7,3349.4,2094.9
/srv/shared_leopard_toad/2025/Documents/06.10-13.10.2025/4Z/108MEDIA/DSCF0147.JPG,DSCF0147.JPG,4Z/108MEDIA,0,Other_Amphibian,0.4512,3225.1,1952.2,3352.6,2094.8
/srv/shared_leopard_toad/2025/Documents/06.10-13.10.2025/4Z/108MEDIA/DSCF0882.JPG,DSCF0882.JPG,4Z/108MEDIA,0,Other_Amphibian,0.2457,2970.4,2476.0,3102.0,2621.5
/srv/shared_leopard_toad/2025/Documents/06.10-13.10.2025/4Z/108MEDIA/DSCF0882.JPG,DSCF0882.JPG,4Z/108MEDIA,0,Other_Amphibian,0.2431,2981.1,2461.6,3101.7,2620.2
/srv/shared_leopard_toad/2025/Documents/06.10-13.10.2025/4Z/108MEDIA/DSCF0261.JPG,DSCF0261.JPG,4Z/108MEDIA,0,Other_Amphibian,0.5948,3217.7,1951.5,3348.4,2098.8
/srv/shared_leopard_toad/2025/Documents/06.10-13.10.2025/4Z/108MEDIA/DSCF0261.JPG,DSCF0261.JPG,4Z/108MEDIA,0,Other_Amphibian,0.4971,3224.3,1951.1,3349.5,2098.5
/srv/shared_leopard_toad/2025/Documents/06.10-13.10.2025/4Z/108MEDIA/DSCF0062.JPG,DSCF0062.JPG,4Z/108MEDIA,0,Other_Amphibian,0.5835,3217.2,1950.8,3349.7,2092.7
/srv/shared_leopard_toad/2025/Documents/06.10-13.10.2025/4Z/108MEDIA/DSCF0062.JPG,DSCF0062.JPG,4Z/108MEDIA,0,Other_Amphibian,0.4837,3225.4,1952.2,3354.5,2093.7
/srv/shared_leopard_toad/2025/Documents/06.10-13.10.2025/4Z/108MEDIA/DSCF0326.JPG,DSCF0326.JPG,4Z/108MEDIA,2,Western_Leopard_Toad,0.8569,3640.9,1662.3,3930.7,1921.6
/srv/shared_leopard_toad/2025/Documents/06.10-13.10.2025/4Z/108MEDIA/DSCF0975.JPG,DSCF0975.JPG,4Z/108MEDIA,0,Other_Amphibian,0.3842,2967.9,2471.2,3106.2,2643.2
/srv/shared_leopard_toad/2025/Documents/06.10-13.10.2025/4Z/108MEDIA/DSCF0975.JPG,DSCF0975.JPG,4Z/108MEDIA,0,Other_Amphibian,0.2532,2972.8,2475.4,3109.1,2629.9
/srv/shared_leopard_toad/2025/Documents/06.10-13.10.2025/4Z/108MEDIA/DSCF0975.JPG,DSCF0975.JPG,4Z/108MEDIA,0,Other_Amphibian,0.2407,2980.2,2471.9,3105.8,2630.7
/srv/shared_leopard_toad/2025/Documents/06.10-13.10.2025/4Z/108MEDIA/DSCF0796.JPG,DSCF0796.JPG,4Z/108MEDIA,0,Other_Amphibian,0.3306,2970.4,2466.3,3103.7,2623.0
/srv/shared_leopard_toad/2025/Documents/06.10-13.10.2025/4Z/108MEDIA/DSCF0796.JPG,DSCF0796.JPG,4Z/108MEDIA,0,Other_Amphibian,0.2807,2979.8,2462.7,3103.1,2622.2
/srv/shared_leopard_toad/2025/Documents/06.10-13.10.2025/4Z/108MEDIA/DSCF0495.JPG,DSCF0495.JPG,4Z/108MEDIA,0,Other_Amphibian,0.2485,3218.8,1956.7,3351.4,2100.2
/srv/shared_leopard_toad/2025/Documents/06.10-13.10.2025/4Z/108MEDIA/DSCF0495.JPG,DSCF0495.JPG,4Z/108MEDIA,0,Other_Amphibian,0.2427,3217.7,1956.4,3343.0,2102.0
/srv/shared_leopard_toad/2025/Documents/06.10-13.10.2025/4Z/108MEDIA/DSCF0590.JPG,DSCF0590.JPG,4Z/108MEDIA,0,Other_Amphibian,0.2513,3217.2,1954.4,3346.6,2098.4
/srv/shared_leopard_toad/2025/Documents/06.10-13.10.2025/4Z/108MEDIA/DSCF0590.JPG,DSCF0590.JPG,4Z/108MEDIA,0,Other_Amphibian,0.2467,3219.5,1955.9,3353.4,2098.9
/srv/shared_leopard_toad/2025/Documents/06.10-13.10.2025/4Z/108MEDIA/DSCF0934.JPG,DSCF0934.JPG,4Z/108MEDIA,0,Other_Amphibian,0.2520,2971.4,2475.0,3101.6,2623.7
/srv/shared_leopard_toad/2025/Documents/06.10-13.10.2025/4Z/108MEDIA/DSCF0934.JPG,DSCF0934.JPG,4Z/108MEDIA,0,Other_Amphibian,0.2514,2977.9,2445.2,3097.7,2623.0
/srv/shared_leopard_toad/2025/Documents/06.10-13.10.2025/4Z/108MEDIA/DSCF0175.JPG,DSCF0175.JPG,4Z/108MEDIA,0,Other_Amphibian,0.5286,3217.2,1951.8,3349.2,2095.9
/srv/shared_leopard_toad/2025/Documents/06.10-13.10.2025/4Z/108MEDIA/DSCF0175.JPG,DSCF0175.JPG,4Z/108MEDIA,0,Other_Amphibian,0.4265,3226.2,1951.9,3352.2,2095.3
/srv/shared_leopard_toad/2025/Documents/06.10-13.10.2025/4Z/108MEDIA/DSCF0951.JPG,DSCF0951.JPG,4Z/108MEDIA,0,Other_Amphibian,0.3505,2971.0,2472.7,3104.8,2628.1
/srv/shared_leopard_toad/2025/Documents/06.10-13.10.2025/4Z/108MEDIA/DSCF0951.JPG,DSCF0951.JPG,4Z/108MEDIA,0,Other_Amphibian,0.3315,2981.4,2466.1,3104.9,2626.3
/srv/shared_leopard_toad/2025/Documents/06.10-13.10.2025/4Z/108MEDIA/DSCF0951.JPG,DSCF0951.JPG,4Z/108MEDIA,0,Other_Amphibian,0.2670,2974.1,2468.2,3106.3,2629.4
/srv/shared_leopard_toad/2025/Documents/06.10-13.10.2025/4Z/108MEDIA/DSCF0647.JPG,DSCF0647.JPG,4Z/108MEDIA,0,Other_Amphibian,0.2163,2971.2,2472.0,3100.1,2620.8
/srv/shared_leopard_toad/2025/Documents/06.10-13.10.2025/4Z/108MEDIA/DSCF0647.JPG,DSCF0647.JPG,4Z/108MEDIA,0,Other_Amphibian,0.2149,3220.1,1954.6,3351.9,2099.9
/srv/shared_leopard_toad/2025/Documents/06.10-13.10.2025/4Z/108MEDIA/DSCF0573.JPG,DSCF0573.JPG,4Z/108MEDIA,0,Other_Amphibian,0.2248,3219.7,1954.5,3352.9,2099.3
/srv/shared_leopard_toad/2025/Documents/06.10-13.10.2025/4Z/108MEDIA/DSCF0573.JPG,DSCF0573.JPG,4Z/108MEDIA,0,Other_Amphibian,0.2156,3218.4,1953.6,3345.0,2099.7
/srv/shared_leopard_toad/2025/Documents/06.10-13.10.2025/4Z/108MEDIA/DSCF0914.JPG,DSCF0914.JPG,4Z/108MEDIA,0,Other_Amphibian,0.2375,2972.8,2472.7,3103.8,2620.0
/srv/shared_leopard_toad/2025/Documents/06.10-13.10.2025/4Z/108MEDIA/DSCF0914.JPG,DSCF0914.JPG,4Z/108MEDIA,0,Other_Amphibian,0.2056,2982.3,2448.5,3102.0,2619.7
/srv/shared_leopard_toad/2025/Documents/06.10-13.10.2025/4Z/108MEDIA/DSCF0914.JPG,DSCF0914.JPG,4Z/108MEDIA,2,Western_Leopard_Toad,0.2026,3654.6,1646.5,3931.3,1918.0
/srv/shared_leopard_toad/2025/Documents/06.10-13.10.2025/4Z/108MEDIA/DSCF0332.JPG,DSCF0332.JPG,4Z/108MEDIA,2,Western_Leopard_Toad,0.6688,3638.2,1664.2,3923.2,1925.4
/srv/shared_leopard_toad/2025/Documents/06.10-13.10.2025/4Z/108MEDIA/DSCF0332.JPG,DSCF0332.JPG,4Z/108MEDIA,0,Other_Amphibian,0.4485,4769.6,1353.0,4949.4,1540.0
/srv/shared_leopard_toad/2025/Documents/06.10-13.10.2025/4Z/108MEDIA/DSCF0203.JPG,DSCF0203.JPG,4Z/108MEDIA,0,Other_Amphibian,0.5555,3218.4,1949.3,3353.1,2095.4
/srv/shared_leopard_toad/2025/Documents/06.10-13.10.2025/4Z/108MEDIA/DSCF0203.JPG,DSCF0203.JPG,4Z/108MEDIA,0,Other_Amphibian,0.4819,3223.4,1950.2,3352.7,2095.3
/srv/shared_leopard_toad/2025/Documents/06.10-13.10.2025/4Z/108MEDIA/DSCF0388.JPG,DSCF0388.JPG,4Z/108MEDIA,2,Western_Leopard_Toad,0.8632,3641.8,1657.5,3935.6,1923.7
/srv/shared_leopard_toad/2025/Documents/06.10-13.10.2025/4Z/108MEDIA/DSCF0920.JPG,DSCF0920.JPG,4Z/108MEDIA,0,Other_Amphibian,0.3609,2977.7,2458.4,3100.9,2621.8
/srv/shared_leopard_toad/2025/Documents/06.10-13.10.2025/4Z/108MEDIA/DSCF0920.JPG,DSCF0920.JPG,4Z/108MEDIA,0,Other_Amphibian,0.3574,2969.8,2464.4,3103.0,2623.2
/srv/shared_leopard_toad/2025/Documents/06.10-13.10.2025/4Z/108MEDIA/DSCF0920.JPG,DSCF0920.JPG,4Z/108MEDIA,2,Western_Leopard_Toad,0.2423,3656.1,1649.8,3928.2,1917.5
/srv/shared_leopard_toad/2025/Documents/06.10-13.10.2025/4Z/108MEDIA/DSCF0039.JPG,DSCF0039.JPG,4Z/108MEDIA,0,Other_Amphibian,0.5548,3217.1,1952.7,3349.0,2095.0
/srv/shared_leopard_toad/2025/Documents/06.10-13.10.2025/4Z/108MEDIA/DSCF0039.JPG,DSCF0039.JPG,4Z/108MEDIA,0,Other_Amphibian,0.4553,3227.0,1952.6,3355.4,2094.9
/srv/shared_leopard_toad/2025/Documents/06.10-13.10.2025/4Z/108MEDIA/DSCF0968.JPG,DSCF0968.JPG,4Z/108MEDIA,2,Western_Leopard_Toad,0.2524,3654.5,1648.8,3930.4,1917.9
/srv/shared_leopard_toad/2025/Documents/06.10-13.10.2025/4Z/108MEDIA/DSCF0070.JPG,DSCF0070.JPG,4Z/108MEDIA,0,Other_Amphibian,0.5493,3216.3,1950.6,3351.6,2095.5
/srv/shared_leopard_toad/2025/Documents/06.10-13.10.2025/4Z/108MEDIA/DSCF0070.JPG,DSCF0070.JPG,4Z/108MEDIA,0,Other_Amphibian,0.4560,3223.7,1951.0,3353.9,2095.3
/srv/shared_leopard_toad/2025/Documents/06.10-13.10.2025/4Z/108MEDIA/DSCF0092.JPG,DSCF0092.JPG,4Z/108MEDIA,0,Other_Amphibian,0.5835,3217.3,1949.6,3350.3,2093.9
/srv/shared_leopard_toad/2025/Documents/06.10-13.10.2025/4Z/108MEDIA/DSCF0092.JPG,DSCF0092.JPG,4Z/108MEDIA,0,Other_Amphibian,0.5441,3225.1,1949.9,3354.6,2093.1
/srv/shared_leopard_toad/2025/Documents/06.10-13.10.2025/4Z/108MEDIA/DSCF0401.JPG,DSCF0401.JPG,4Z/108MEDIA,0,Other_Amphibian,0.2270,3218.8,1955.7,3343.5,2099.6
/srv/shared_leopard_toad/2025/Documents/06.10-13.10.2025/4Z/108MEDIA/DSCF0401.JPG,DSCF0401.JPG,4Z/108MEDIA,0,Other_Amphibian,0.2139,3220.7,1957.7,3351.2,2099.9
/srv/shared_leopard_toad/2025/Documents/06.10-13.10.2025/4Z/108MEDIA/DSCF0401.JPG,DSCF0401.JPG,4Z/108MEDIA,0,Other_Amphibian,0.2025,2980.7,2455.5,3103.0,2618.2
/srv/shared_leopard_toad/2025/Documents/06.10-13.10.2025/4Z/108MEDIA/DSCF0948.JPG,DSCF0948.JPG,4Z/108MEDIA,0,Other_Amphibian,0.2927,2972.7,2483.5,3102.6,2622.4
/srv/shared_leopard_toad/2025/Documents/06.10-13.10.2025/4Z/108MEDIA/DSCF0948.JPG,DSCF0948.JPG,4Z/108MEDIA,0,Other_Amphibian,0.2178,2981.4,2470.1,3101.8,2621.5
/srv/shared_leopard_toad/2025/Documents/06.10-13.10.2025/4Z/108MEDIA/DSCF0599.JPG,DSCF0599.JPG,4Z/108MEDIA,0,Other_Amphibian,0.2327,3218.1,1954.3,3350.2,2097.8
/srv/shared_leopard_toad/2025/Documents/06.10-13.10.2025/4Z/108MEDIA/DSCF0599.JPG,DSCF0599.JPG,4Z/108MEDIA,0,Other_Amphibian,0.2091,3214.9,1954.8,3340.7,2099.4
/srv/shared_leopard_toad/2025/Documents/06.10-13.10.2025/4Z/108MEDIA/DSCF0599.JPG,DSCF0599.JPG,4Z/108MEDIA,0,Other_Amphibian,0.2059,3652.5,1649.4,3929.0,1918.4
/srv/shared_leopard_toad/2025/Documents/06.10-13.10.2025/4Z/108MEDIA/DSCF0491.JPG,DSCF0491.JPG,4Z/108MEDIA,0,Other_Amphibian,0.2640,3217.1,1955.0,3348.0,2098.1
/srv/shared_leopard_toad/2025/Documents/06.10-13.10.2025/4Z/108MEDIA/DSCF0491.JPG,DSCF0491.JPG,4Z/108MEDIA,0,Other_Amphibian,0.2530,3218.8,1954.5,3343.1,2099.0
/srv/shared_leopard_toad/2025/Documents/06.10-13.10.2025/4Z/108MEDIA/DSCF0600.JPG,DSCF0600.JPG,4Z/108MEDIA,0,Other_Amphibian,0.2328,3216.0,1955.7,3343.7,2100.5
/srv/shared_leopard_toad/2025/Documents/06.10-13.10.2025/4Z/108MEDIA/DSCF0600.JPG,DSCF0600.JPG,4Z/108MEDIA,0,Other_Amphibian,0.2278,3218.6,1956.4,3352.0,2099.3
/srv/shared_leopard_toad/2025/Documents/06.10-13.10.2025/4Z/108MEDIA/DSCF0984.JPG,DSCF0984.JPG,4Z/108MEDIA,0,Other_Amphibian,0.3381,2970.9,2469.4,3103.3,2626.6
/srv/shared_leopard_toad/2025/Documents/06.10-13.10.2025/4Z/108MEDIA/DSCF0984.JPG,DSCF0984.JPG,4Z/108MEDIA,0,Other_Amphibian,0.3273,2981.0,2458.4,3104.1,2624.5
/srv/shared_leopard_toad/2025/Documents/06.10-13.10.2025/4Z/108MEDIA/DSCF0984.JPG,DSCF0984.JPG,4Z/108MEDIA,0,Other_Amphibian,0.2961,2972.1,2462.1,3104.4,2631.5
/srv/shared_leopard_toad/2025/Documents/06.10-13.10.2025/4Z/108MEDIA/DSCF0042.JPG,DSCF0042.JPG,4Z/108MEDIA,0,Other_Amphibian,0.5363,3217.7,1951.1,3351.7,2094.6
/srv/shared_leopard_toad/2025/Documents/06.10-13.10.2025/4Z/108MEDIA/DSCF0042.JPG,DSCF0042.JPG,4Z/108MEDIA,0,Other_Amphibian,0.4336,3225.6,1951.9,3355.8,2095.0
/srv/shared_leopard_toad/2025/Documents/06.10-13.10.2025/4Z/108MEDIA/DSCF0921.JPG,DSCF0921.JPG,4Z/108MEDIA,0,Other_Amphibian,0.4537,2969.3,2472.3,3102.4,2617.2
/srv/shared_leopard_toad/2025/Documents/06.10-13.10.2025/4Z/108MEDIA/DSCF0921.JPG,DSCF0921.JPG,4Z/108MEDIA,0,Other_Amphibian,0.3775,2980.9,2460.6,3104.6,2617.2
/srv/shared_leopard_toad/2025/Documents/06.10-13.10.2025/4Z/108MEDIA/DSCF0529.JPG,DSCF0529.JPG,4Z/108MEDIA,0,Other_Amphibian,0.2253,2969.7,2475.0,3101.1,2626.4
/srv/shared_leopard_toad/2025/Documents/06.10-13.10.2025/4Z/108MEDIA/DSCF0529.JPG,DSCF0529.JPG,4Z/108MEDIA,0,Other_Amphibian,0.2235,2969.9,2467.7,3103.3,2635.7
/srv/shared_leopard_toad/2025/Documents/06.10-13.10.2025/4Z/108MEDIA/DSCF0010.JPG,DSCF0010.JPG,4Z/108MEDIA,0,Other_Amphibian,0.5571,3215.6,1953.2,3348.8,2095.1
/srv/shared_leopard_toad/2025/Documents/06.10-13.10.2025/4Z/108MEDIA/DSCF0010.JPG,DSCF0010.JPG,4Z/108MEDIA,0,Other_Amphibian,0.4720,3224.1,1953.0,3352.5,2095.5
/srv/shared_leopard_toad/2025/Documents/06.10-13.10.2025/4Z/108MEDIA/DSCF0835.JPG,DSCF0835.JPG,4Z/108MEDIA,0,Other_Amphibian,0.2907,3218.0,1953.8,3349.5,2096.3
/srv/shared_leopard_toad/2025/Documents/06.10-13.10.2025/4Z/108MEDIA/DSCF0835.JPG,DSCF0835.JPG,4Z/108MEDIA,0,Other_Amphibian,0.2819,3216.3,1953.2,3343.4,2097.1
/srv/shared_leopard_toad/2025/Documents/06.10-13.10.2025/4Z/108MEDIA/DSCF0348.JPG,DSCF0348.JPG,4Z/108MEDIA,2,Western_Leopard_Toad,0.8037,3641.1,1662.3,3927.8,1924.2
/srv/shared_leopard_toad/2025/Documents/06.10-13.10.2025/4Z/108MEDIA/DSCF0078.JPG,DSCF0078.JPG,4Z/108MEDIA,0,Other_Amphibian,0.5360,3218.1,1951.9,3349.6,2095.1
/srv/shared_leopard_toad/2025/Documents/06.10-13.10.2025/4Z/108MEDIA/DSCF0078.JPG,DSCF0078.JPG,4Z/108MEDIA,0,Other_Amphibian,0.4296,3224.6,1952.1,3351.0,2094.9
/srv/shared_leopard_toad/2025/Documents/06.10-13.10.2025/4Z/108MEDIA/DSCF0244.JPG,DSCF0244.JPG,4Z/108MEDIA,0,Other_Amphibian,0.5794,3217.3,1952.3,3351.7,2096.1
/srv/shared_leopard_toad/2025/Documents/06.10-13.10.2025/4Z/108MEDIA/DSCF0244.JPG,DSCF0244.JPG,4Z/108MEDIA,0,Other_Amphibian,0.4771,3223.8,1953.1,3352.3,2096.1
/srv/shared_leopard_toad/2025/Documents/06.10-13.10.2025/4Z/108MEDIA/DSCF0217.JPG,DSCF0217.JPG,4Z/108MEDIA,0,Other_Amphibian,0.5441,3217.4,1950.4,3351.7,2095.8
/srv/shared_leopard_toad/2025/Documents/06.10-13.10.2025/4Z/108MEDIA/DSCF0217.JPG,DSCF0217.JPG,4Z/108MEDIA,0,Other_Amphibian,0.4590,3223.4,1950.9,3352.7,2095.2
/srv/shared_leopard_toad/2025/Documents/06.10-13.10.2025/4Z/108MEDIA/DSCF0242.JPG,DSCF0242.JPG,4Z/108MEDIA,0,Other_Amphibian,0.5621,3218.2,1951.7,3348.7,2093.5
/srv/shared_leopard_toad/2025/Documents/06.10-13.10.2025/4Z/108MEDIA/DSCF0242.JPG,DSCF0242.JPG,4Z/108MEDIA,0,Other_Amphibian,0.4622,3226.5,1952.2,3350.5,2093.9
/srv/shared_leopard_toad/2025/Documents/06.10-13.10.2025/4Z/108MEDIA/DSCF0156.JPG,DSCF0156.JPG,4Z/108MEDIA,0,Other_Amphibian,0.5521,3215.3,1952.3,3346.3,2096.2
/srv/shared_leopard_toad/2025/Documents/06.10-13.10.2025/4Z/108MEDIA/DSCF0156.JPG,DSCF0156.JPG,4Z/108MEDIA,0,Other_Amphibian,0.4446,3224.2,1952.1,3348.5,2095.3
/srv/shared_leopard_toad/2025/Documents/06.10-13.10.2025/4Z/108MEDIA/DSCF0094.JPG,DSCF0094.JPG,4Z/108MEDIA,0,Other_Amphibian,0.5541,3217.2,1951.5,3348.3,2095.9
/srv/shared_leopard_toad/2025/Documents/06.10-13.10.2025/4Z/108MEDIA/DSCF0094.JPG,DSCF0094.JPG,4Z/108MEDIA,0,Other_Amphibian,0.4670,3225.6,1950.8,3353.1,2094.5
/srv/shared_leopard_toad/2025/Documents/06.10-13.10.2025/4Z/108MEDIA/DSCF0190.JPG,DSCF0190.JPG,4Z/108MEDIA,0,Other_Amphibian,0.5761,3215.7,1952.9,3349.8,2095.7
/srv/shared_leopard_toad/2025/Documents/06.10-13.10.2025/4Z/108MEDIA/DSCF0190.JPG,DSCF0190.JPG,4Z/108MEDIA,0,Other_Amphibian,0.4808,3224.3,1953.2,3351.2,2095.8
/srv/shared_leopard_toad/2025/Documents/06.10-13.10.2025/4Z/108MEDIA/DSCF0383.JPG,DSCF0383.JPG,4Z/108MEDIA,2,Western_Leopard_Toad,0.8531,3642.4,1659.7,3926.9,1923.0
/srv/shared_leopard_toad/2025/Documents/06.10-13.10.2025/4Z/108MEDIA/DSCF0383.JPG,DSCF0383.JPG,4Z/108MEDIA,0,Other_Amphibian,0.2426,4770.1,1341.9,4946.0,1534.3
/srv/shared_leopard_toad/2025/Documents/06.10-13.10.2025/4Z/108MEDIA/DSCF0047.JPG,DSCF0047.JPG,4Z/108MEDIA,0,Other_Amphibian,0.5965,3217.5,1951.2,3351.2,2096.9
/srv/shared_leopard_toad/2025/Documents/06.10-13.10.2025/4Z/108MEDIA/DSCF0047.JPG,DSCF0047.JPG,4Z/108MEDIA,0,Other_Amphibian,0.4908,3224.7,1951.7,3351.5,2097.5
/srv/shared_leopard_toad/2025/Documents/06.10-13.10.2025/4Z/108MEDIA/DSCF0213.JPG,DSCF0213.JPG,4Z/108MEDIA,0,Other_Amphibian,0.5602,3217.2,1952.6,3349.1,2095.3
/srv/shared_leopard_toad/2025/Documents/06.10-13.10.2025/4Z/108MEDIA/DSCF0213.JPG,DSCF0213.JPG,4Z/108MEDIA,0,Other_Amphibian,0.4535,3224.1,1953.2,3349.9,2095.3
/srv/shared_leopard_toad/2025/Documents/06.10-13.10.2025/4Z/108MEDIA/DSCF0935.JPG,DSCF0935.JPG,4Z/108MEDIA,0,Other_Amphibian,0.3959,2969.0,2472.7,3100.0,2621.0
/srv/shared_leopard_toad/2025/Documents/06.10-13.10.2025/4Z/108MEDIA/DSCF0935.JPG,DSCF0935.JPG,4Z/108MEDIA,0,Other_Amphibian,0.3443,2980.2,2453.3,3101.2,2619.6
/srv/shared_leopard_toad/2025/Documents/06.10-13.10.2025/4Z/108MEDIA/DSCF0631.JPG,DSCF0631.JPG,4Z/108MEDIA,2,Western_Leopard_Toad,0.2056,3655.2,1648.9,3925.8,1918.9
/srv/shared_leopard_toad/2025/Documents/06.10-13.10.2025/4Z/108MEDIA/DSCF0055.JPG,DSCF0055.JPG,4Z/108MEDIA,0,Other_Amphibian,0.4707,3222.2,1950.5,3352.7,2098.7
/srv/shared_leopard_toad/2025/Documents/06.10-13.10.2025/4Z/108MEDIA/DSCF0055.JPG,DSCF0055.JPG,4Z/108MEDIA,0,Other_Amphibian,0.3990,3225.8,1951.5,3354.1,2100.1
/srv/shared_leopard_toad/2025/Documents/06.10-13.10.2025/4Z/108MEDIA/DSCF0926.JPG,DSCF0926.JPG,4Z/108MEDIA,0,Other_Amphibian,0.3492,2968.9,2474.9,3099.6,2621.4
/srv/shared_leopard_toad/2025/Documents/06.10-13.10.2025/4Z/108MEDIA/DSCF0926.JPG,DSCF0926.JPG,4Z/108MEDIA,0,Other_Amphibian,0.3396,2980.5,2460.5,3100.5,2619.8
/srv/shared_leopard_toad/2025/Documents/06.10-13.10.2025/4Z/108MEDIA/DSCF0926.JPG,DSCF0926.JPG,4Z/108MEDIA,0,Other_Amphibian,0.2476,3655.2,1649.0,3928.6,1918.2
/srv/shared_leopard_toad/2025/Documents/06.10-13.10.2025/4Z/108MEDIA/DSCF0658.JPG,DSCF0658.JPG,4Z/108MEDIA,0,Other_Amphibian,0.4301,2977.3,2453.5,3106.1,2626.3
/srv/shared_leopard_toad/2025/Documents/06.10-13.10.2025/4Z/108MEDIA/DSCF0658.JPG,DSCF0658.JPG,4Z/108MEDIA,0,Other_Amphibian,0.2969,2972.9,2456.1,3109.8,2625.8
/srv/shared_leopard_toad/2025/Documents/06.10-13.10.2025/4Z/108MEDIA/DSCF0658.JPG,DSCF0658.JPG,4Z/108MEDIA,0,Other_Amphibian,0.2082,3220.5,1954.9,3348.7,2097.7
/srv/shared_leopard_toad/2025/Documents/06.10-13.10.2025/4Z/108MEDIA/DSCF0606.JPG,DSCF0606.JPG,4Z/108MEDIA,0,Other_Amphibian,0.3041,2967.3,2459.6,3103.9,2622.4
/srv/shared_leopard_toad/2025/Documents/06.10-13.10.2025/4Z/108MEDIA/DSCF0606.JPG,DSCF0606.JPG,4Z/108MEDIA,0,Other_Amphibian,0.3000,2977.1,2449.2,3104.4,2621.6
/srv/shared_leopard_toad/2025/Documents/06.10-13.10.2025/4Z/108MEDIA/DSCF0606.JPG,DSCF0606.JPG,4Z/108MEDIA,0,Other_Amphibian,0.2175,3213.0,1953.6,3340.8,2098.0
/srv/shared_leopard_toad/2025/Documents/06.10-13.10.2025/4Z/108MEDIA/DSCF0197.JPG,DSCF0197.JPG,4Z/108MEDIA,0,Other_Amphibian,0.4793,3219.3,1951.0,3351.7,2097.5
/srv/shared_leopard_toad/2025/Documents/06.10-13.10.2025/4Z/108MEDIA/DSCF0197.JPG,DSCF0197.JPG,4Z/108MEDIA,0,Other_Amphibian,0.3898,3225.8,1951.8,3354.3,2097.7
/srv/shared_leopard_toad/2025/Documents/06.10-13.10.2025/4Z/108MEDIA/DSCF0197.JPG,DSCF0197.JPG,4Z/108MEDIA,0,Other_Amphibian,0.2864,2968.0,2479.2,3118.5,2649.7
/srv/shared_leopard_toad/2025/Documents/06.10-13.10.2025/4Z/108MEDIA/DSCF0064.JPG,DSCF0064.JPG,4Z/108MEDIA,0,Other_Amphibian,0.5311,3214.9,1951.3,3351.1,2101.8
/srv/shared_leopard_toad/2025/Documents/06.10-13.10.2025/4Z/108MEDIA/DSCF0064.JPG,DSCF0064.JPG,4Z/108MEDIA,0,Other_Amphibian,0.4437,3221.1,1951.7,3351.5,2102.0
/srv/shared_leopard_toad/2025/Documents/06.10-13.10.2025/4Z/108MEDIA/DSCF0351.JPG,DSCF0351.JPG,4Z/108MEDIA,2,Western_Leopard_Toad,0.8230,3636.5,1661.5,3930.2,1923.1
/srv/shared_leopard_toad/2025/Documents/06.10-13.10.2025/4Z/108MEDIA/DSCF0225.JPG,DSCF0225.JPG,4Z/108MEDIA,0,Other_Amphibian,0.4951,3218.6,1950.8,3352.1,2097.3
/srv/shared_leopard_toad/2025/Documents/06.10-13.10.2025/4Z/108MEDIA/DSCF0225.JPG,DSCF0225.JPG,4Z/108MEDIA,0,Other_Amphibian,0.4131,3224.3,1951.8,3353.9,2097.4
/srv/shared_leopard_toad/2025/Documents/06.10-13.10.2025/4Z/108MEDIA/DSCF0354.JPG,DSCF0354.JPG,4Z/108MEDIA,2,Western_Leopard_Toad,0.8362,3645.3,1664.3,3928.0,1921.8
/srv/shared_leopard_toad/2025/Documents/06.10-13.10.2025/4Z/108MEDIA/DSCF0354.JPG,DSCF0354.JPG,4Z/108MEDIA,0,Other_Amphibian,0.2938,4770.6,1352.5,4953.5,1540.5
/srv/shared_leopard_toad/2025/Documents/06.10-13.10.2025/4Z/108MEDIA/DSCF0272.JPG,DSCF0272.JPG,4Z/108MEDIA,2,Western_Leopard_Toad,0.5609,3645.8,1661.2,3927.4,1921.8
/srv/shared_leopard_toad/2025/Documents/06.10-13.10.2025/4Z/108MEDIA/DSCF0272.JPG,DSCF0272.JPG,4Z/108MEDIA,2,Western_Leopard_Toad,0.2598,4778.2,1900.1,5086.2,2347.9
/srv/shared_leopard_toad/2025/Documents/06.10-13.10.2025/4Z/108MEDIA/DSCF0272.JPG,DSCF0272.JPG,4Z/108MEDIA,0,Other_Amphibian,0.2253,3219.2,1965.6,3360.7,2139.5
/srv/shared_leopard_toad/2025/Documents/06.10-13.10.2025/4Z/108MEDIA/DSCF0272.JPG,DSCF0272.JPG,4Z/108MEDIA,2,Western_Leopard_Toad,0.2086,5164.6,7.4,5372.3,692.9
/srv/shared_leopard_toad/2025/Documents/06.10-13.10.2025/4Z/108MEDIA/DSCF0620.JPG,DSCF0620.JPG,4Z/108MEDIA,0,Other_Amphibian,0.2706,2969.7,2470.9,3104.2,2628.9
/srv/shared_leopard_toad/2025/Documents/06.10-13.10.2025/4Z/108MEDIA/DSCF0620.JPG,DSCF0620.JPG,4Z/108MEDIA,0,Other_Amphibian,0.2342,2977.1,2462.2,3101.0,2627.9
/srv/shared_leopard_toad/2025/Documents/06.10-13.10.2025/4Z/108MEDIA/DSCF0620.JPG,DSCF0620.JPG,4Z/108MEDIA,0,Other_Amphibian,0.2256,3653.7,1647.1,3928.3,1919.9
/srv/shared_leopard_toad/2025/Documents/06.10-13.10.2025/4Z/108MEDIA/DSCF0746.JPG,DSCF0746.JPG,4Z/108MEDIA,0,Other_Amphibian,0.2312,3219.4,1955.0,3348.9,2096.8
/srv/shared_leopard_toad/2025/Documents/06.10-13.10.2025/4Z/108MEDIA/DSCF0746.JPG,DSCF0746.JPG,4Z/108MEDIA,2,Western_Leopard_Toad,0.2106,3656.8,1646.4,3927.9,1918.1
/srv/shared_leopard_toad/2025/Documents/06.10-13.10.2025/4Z/108MEDIA/DSCF0746.JPG,DSCF0746.JPG,4Z/108MEDIA,0,Other_Amphibian,0.2052,3216.4,1954.8,3339.6,2097.9
/srv/shared_leopard_toad/2025/Documents/06.10-13.10.2025/4Z/108MEDIA/DSCF0763.JPG,DSCF0763.JPG,4Z/108MEDIA,2,Western_Leopard_Toad,0.2985,3655.8,1648.2,3931.4,1918.4
/srv/shared_leopard_toad/2025/Documents/06.10-13.10.2025/4Z/108MEDIA/DSCF0763.JPG,DSCF0763.JPG,4Z/108MEDIA,0,Other_Amphibian,0.2180,3219.8,1954.8,3350.0,2098.8
/srv/shared_leopard_toad/2025/Documents/06.10-13.10.2025/4Z/108MEDIA/DSCF0763.JPG,DSCF0763.JPG,4Z/108MEDIA,0,Other_Amphibian,0.2067,2972.9,2472.1,3105.2,2621.7
/srv/shared_leopard_toad/2025/Documents/06.10-13.10.2025/4Z/108MEDIA/DSCF0224.JPG,DSCF0224.JPG,4Z/108MEDIA,0,Other_Amphibian,0.5946,3216.3,1951.2,3353.0,2097.3
/srv/shared_leopard_toad/2025/Documents/06.10-13.10.2025/4Z/108MEDIA/DSCF0224.JPG,DSCF0224.JPG,4Z/108MEDIA,0,Other_Amphibian,0.5250,3222.3,1951.6,3353.4,2096.3
/srv/shared_leopard_toad/2025/Documents/06.10-13.10.2025/4Z/108MEDIA/DSCF0591.JPG,DSCF0591.JPG,4Z/108MEDIA,0,Other_Amphibian,0.3399,2970.3,2469.2,3105.7,2625.5
/srv/shared_leopard_toad/2025/Documents/06.10-13.10.2025/4Z/108MEDIA/DSCF0591.JPG,DSCF0591.JPG,4Z/108MEDIA,0,Other_Amphibian,0.2931,2980.7,2462.2,3105.6,2624.5
/srv/shared_leopard_toad/2025/Documents/06.10-13.10.2025/4Z/108MEDIA/DSCF0081.JPG,DSCF0081.JPG,4Z/108MEDIA,0,Other_Amphibian,0.5701,3216.0,1953.2,3349.8,2095.2
/srv/shared_leopard_toad/2025/Documents/06.10-13.10.2025/4Z/108MEDIA/DSCF0081.JPG,DSCF0081.JPG,4Z/108MEDIA,0,Other_Amphibian,0.4629,3224.1,1953.2,3352.7,2095.0
/srv/shared_leopard_toad/2025/Documents/06.10-13.10.2025/4Z/108MEDIA/DSCF0016.JPG,DSCF0016.JPG,4Z/108MEDIA,0,Other_Amphibian,0.5614,3218.0,1951.7,3351.8,2094.4
/srv/shared_leopard_toad/2025/Documents/06.10-13.10.2025/4Z/108MEDIA/DSCF0016.JPG,DSCF0016.JPG,4Z/108MEDIA,0,Other_Amphibian,0.4413,3224.3,1952.6,3353.3,2095.1
/srv/shared_leopard_toad/2025/Documents/06.10-13.10.2025/4Z/108MEDIA/DSCF0241.JPG,DSCF0241.JPG,4Z/108MEDIA,0,Other_Amphibian,0.5539,3216.1,1950.8,3350.2,2095.9
/srv/shared_leopard_toad/2025/Documents/06.10-13.10.2025/4Z/108MEDIA/DSCF0241.JPG,DSCF0241.JPG,4Z/108MEDIA,0,Other_Amphibian,0.4797,3224.3,1950.8,3354.3,2095.0
/srv/shared_leopard_toad/2025/Documents/06.10-13.10.2025/4Z/108MEDIA/DSCF0101.JPG,DSCF0101.JPG,4Z/108MEDIA,0,Other_Amphibian,0.4895,3218.3,1952.0,3345.7,2092.3
/srv/shared_leopard_toad/2025/Documents/06.10-13.10.2025/4Z/108MEDIA/DSCF0101.JPG,DSCF0101.JPG,4Z/108MEDIA,0,Other_Amphibian,0.3956,3224.3,1952.4,3346.6,2093.3
/srv/shared_leopard_toad/2025/Documents/06.10-13.10.2025/4Z/108MEDIA/DSCF0029.JPG,DSCF0029.JPG,4Z/108MEDIA,0,Other_Amphibian,0.5473,3218.3,1950.6,3350.2,2094.0
/srv/shared_leopard_toad/2025/Documents/06.10-13.10.2025/4Z/108MEDIA/DSCF0029.JPG,DSCF0029.JPG,4Z/108MEDIA,0,Other_Amphibian,0.4657,3227.3,1951.1,3355.1,2094.4
/srv/shared_leopard_toad/2025/Documents/06.10-13.10.2025/4Z/108MEDIA/DSCF0728.JPG,DSCF0728.JPG,4Z/108MEDIA,0,Other_Amphibian,0.3208,2972.9,2467.7,3103.1,2622.6
/srv/shared_leopard_toad/2025/Documents/06.10-13.10.2025/4Z/108MEDIA/DSCF0728.JPG,DSCF0728.JPG,4Z/108MEDIA,0,Other_Amphibian,0.2880,3218.1,1955.3,3350.0,2097.8
/srv/shared_leopard_toad/2025/Documents/06.10-13.10.2025/4Z/108MEDIA/DSCF0728.JPG,DSCF0728.JPG,4Z/108MEDIA,0,Other_Amphibian,0.2458,3218.0,1956.5,3343.7,2100.5
/srv/shared_leopard_toad/2025/Documents/06.10-13.10.2025/4Z/108MEDIA/DSCF0728.JPG,DSCF0728.JPG,4Z/108MEDIA,2,Western_Leopard_Toad,0.2410,3655.6,1648.0,3929.1,1917.5
/srv/shared_leopard_toad/2025/Documents/06.10-13.10.2025/4Z/108MEDIA/DSCF0728.JPG,DSCF0728.JPG,4Z/108MEDIA,0,Other_Amphibian,0.2320,2981.8,2462.6,3102.7,2622.3
/srv/shared_leopard_toad/2025/Documents/06.10-13.10.2025/4Z/108MEDIA/DSCF0664.JPG,DSCF0664.JPG,4Z/108MEDIA,0,Other_Amphibian,0.2647,2971.2,2464.9,3100.3,2621.1
/srv/shared_leopard_toad/2025/Documents/06.10-13.10.2025/4Z/108MEDIA/DSCF0664.JPG,DSCF0664.JPG,4Z/108MEDIA,0,Other_Amphibian,0.2478,2982.3,2454.5,3101.6,2620.7
/srv/shared_leopard_toad/2025/Documents/06.10-13.10.2025/4Z/108MEDIA/DSCF0664.JPG,DSCF0664.JPG,4Z/108MEDIA,2,Western_Leopard_Toad,0.2270,3654.5,1648.3,3927.3,1918.5
/srv/shared_leopard_toad/2025/Documents/06.10-13.10.2025/4Z/108MEDIA/DSCF0468.JPG,DSCF0468.JPG,4Z/108MEDIA,0,Other_Amphibian,0.2257,3220.7,1954.4,3349.9,2100.3
/srv/shared_leopard_toad/2025/Documents/06.10-13.10.2025/4Z/108MEDIA/DSCF0468.JPG,DSCF0468.JPG,4Z/108MEDIA,0,Other_Amphibian,0.2206,3658.4,1647.5,3929.2,1918.5
/srv/shared_leopard_toad/2025/Documents/06.10-13.10.2025/4Z/108MEDIA/DSCF0468.JPG,DSCF0468.JPG,4Z/108MEDIA,0,Other_Amphibian,0.2052,3218.8,1954.4,3342.0,2101.9
/srv/shared_leopard_toad/2025/Documents/06.10-13.10.2025/4Z/108MEDIA/DSCF0105.JPG,DSCF0105.JPG,4Z/108MEDIA,0,Other_Amphibian,0.4612,3218.7,1952.9,3348.5,2095.7
/srv/shared_leopard_toad/2025/Documents/06.10-13.10.2025/4Z/108MEDIA/DSCF0105.JPG,DSCF0105.JPG,4Z/108MEDIA,0,Other_Amphibian,0.3687,3226.9,1952.7,3352.5,2096.5
/srv/shared_leopard_toad/2025/Documents/06.10-13.10.2025/4Z/108MEDIA/DSCF0116.JPG,DSCF0116.JPG,4Z/108MEDIA,0,Other_Amphibian,0.5926,3215.8,1949.8,3349.4,2096.1
/srv/shared_leopard_toad/2025/Documents/06.10-13.10.2025/4Z/108MEDIA/DSCF0116.JPG,DSCF0116.JPG,4Z/108MEDIA,0,Other_Amphibian,0.5263,3224.7,1949.8,3353.2,2095.5
/srv/shared_leopard_toad/2025/Documents/06.10-13.10.2025/4Z/108MEDIA/DSCF0865.JPG,DSCF0865.JPG,4Z/108MEDIA,0,Other_Amphibian,0.3292,3218.4,1954.5,3347.9,2096.8
/srv/shared_leopard_toad/2025/Documents/06.10-13.10.2025/4Z/108MEDIA/DSCF0865.JPG,DSCF0865.JPG,4Z/108MEDIA,0,Other_Amphibian,0.2883,3656.7,1646.7,3929.5,1917.6
/srv/shared_leopard_toad/2025/Documents/06.10-13.10.2025/4Z/108MEDIA/DSCF0865.JPG,DSCF0865.JPG,4Z/108MEDIA,0,Other_Amphibian,0.2871,3220.7,1954.6,3345.1,2098.0
/srv/shared_leopard_toad/2025/Documents/06.10-13.10.2025/4Z/108MEDIA/DSCF0865.JPG,DSCF0865.JPG,4Z/108MEDIA,0,Other_Amphibian,0.2076,2971.4,2470.4,3104.1,2622.9
/srv/shared_leopard_toad/2025/Documents/06.10-13.10.2025/4Z/108MEDIA/DSCF0085.JPG,DSCF0085.JPG,4Z/108MEDIA,0,Other_Amphibian,0.5459,3218.1,1951.6,3350.1,2095.9
/srv/shared_leopard_toad/2025/Documents/06.10-13.10.2025/4Z/108MEDIA/DSCF0085.JPG,DSCF0085.JPG,4Z/108MEDIA,0,Other_Amphibian,0.4222,3225.2,1951.6,3351.9,2096.0
/srv/shared_leopard_toad/2025/Documents/06.10-13.10.2025/4Z/108MEDIA/DSCF0808.JPG,DSCF0808.JPG,4Z/108MEDIA,0,Other_Amphibian,0.2797,3218.2,1954.3,3352.7,2096.5
/srv/shared_leopard_toad/2025/Documents/06.10-13.10.2025/4Z/108MEDIA/DSCF0808.JPG,DSCF0808.JPG,4Z/108MEDIA,0,Other_Amphibian,0.2707,3216.7,1953.5,3346.0,2096.9
/srv/shared_leopard_toad/2025/Documents/06.10-13.10.2025/4Z/108MEDIA/DSCF0808.JPG,DSCF0808.JPG,4Z/108MEDIA,0,Other_Amphibian,0.2019,2981.2,2458.7,3103.1,2626.7
/srv/shared_leopard_toad/2025/Documents/06.10-13.10.2025/4Z/108MEDIA/DSCF0027.JPG,DSCF0027.JPG,4Z/108MEDIA,0,Other_Amphibian,0.4907,3217.7,1952.2,3347.2,2093.6
/srv/shared_leopard_toad/2025/Documents/06.10-13.10.2025/4Z/108MEDIA/DSCF0027.JPG,DSCF0027.JPG,4Z/108MEDIA,0,Other_Amphibian,0.3895,3222.7,1951.9,3349.3,2093.8
/srv/shared_leopard_toad/2025/Documents/06.10-13.10.2025/4Z/108MEDIA/DSCF0027.JPG,DSCF0027.JPG,4Z/108MEDIA,2,Western_Leopard_Toad,0.3388,3654.3,1647.5,3931.8,1917.2
/srv/shared_leopard_toad/2025/Documents/06.10-13.10.2025/4Z/108MEDIA/DSCF0800.JPG,DSCF0800.JPG,4Z/108MEDIA,2,Western_Leopard_Toad,0.2678,3653.5,1648.6,3927.3,1918.7
/srv/shared_leopard_toad/2025/Documents/06.10-13.10.2025/4Z/108MEDIA/DSCF0800.JPG,DSCF0800.JPG,4Z/108MEDIA,0,Other_Amphibian,0.2534,3216.0,1955.3,3342.3,2096.9
/srv/shared_leopard_toad/2025/Documents/06.10-13.10.2025/4Z/108MEDIA/DSCF0800.JPG,DSCF0800.JPG,4Z/108MEDIA,0,Other_Amphibian,0.2382,3220.3,1956.5,3350.8,2096.8
/srv/shared_leopard_toad/2025/Documents/06.10-13.10.2025/4Z/108MEDIA/DSCF0367.JPG,DSCF0367.JPG,4Z/108MEDIA,2,Western_Leopard_Toad,0.8535,3642.5,1662.4,3930.0,1922.6
/srv/shared_leopard_toad/2025/Documents/06.10-13.10.2025/4Z/108MEDIA/DSCF0832.JPG,DSCF0832.JPG,4Z/108MEDIA,0,Other_Amphibian,0.2725,3219.0,1954.7,3345.2,2099.2
/srv/shared_leopard_toad/2025/Documents/06.10-13.10.2025/4Z/108MEDIA/DSCF0832.JPG,DSCF0832.JPG,4Z/108MEDIA,0,Other_Amphibian,0.2461,3218.0,1956.1,3350.7,2098.6
/srv/shared_leopard_toad/2025/Documents/06.10-13.10.2025/4Z/108MEDIA/DSCF0331.JPG,DSCF0331.JPG,4Z/108MEDIA,2,Western_Leopard_Toad,0.8051,3644.5,1661.4,3928.5,1922.8
/srv/shared_leopard_toad/2025/Documents/06.10-13.10.2025/4Z/108MEDIA/DSCF0331.JPG,DSCF0331.JPG,4Z/108MEDIA,0,Other_Amphibian,0.4873,4766.4,1349.2,4951.5,1533.3
/srv/shared_leopard_toad/2025/Documents/06.10-13.10.2025/4Z/108MEDIA/DSCF0082.JPG,DSCF0082.JPG,4Z/108MEDIA,0,Other_Amphibian,0.5783,3215.4,1952.5,3348.9,2097.2
/srv/shared_leopard_toad/2025/Documents/06.10-13.10.2025/4Z/108MEDIA/DSCF0082.JPG,DSCF0082.JPG,4Z/108MEDIA,0,Other_Amphibian,0.4986,3224.6,1952.0,3351.4,2096.8
/srv/shared_leopard_toad/2025/Documents/06.10-13.10.2025/4Z/108MEDIA/DSCF0990.JPG,DSCF0990.JPG,4Z/108MEDIA,0,Other_Amphibian,0.2912,2973.9,2489.2,3102.4,2620.4
/srv/shared_leopard_toad/2025/Documents/06.10-13.10.2025/4Z/108MEDIA/DSCF0990.JPG,DSCF0990.JPG,4Z/108MEDIA,0,Other_Amphibian,0.2166,2981.9,2473.5,3099.7,2621.0
/srv/shared_leopard_toad/2025/Documents/06.10-13.10.2025/4Z/108MEDIA/DSCF0789.JPG,DSCF0789.JPG,4Z/108MEDIA,2,Western_Leopard_Toad,0.2169,3656.0,1646.1,3928.3,1917.9
/srv/shared_leopard_toad/2025/Documents/06.10-13.10.2025/4Z/108MEDIA/DSCF0941.JPG,DSCF0941.JPG,4Z/108MEDIA,0,Other_Amphibian,0.3144,2970.3,2481.3,3102.6,2626.6
/srv/shared_leopard_toad/2025/Documents/06.10-13.10.2025/4Z/108MEDIA/DSCF0941.JPG,DSCF0941.JPG,4Z/108MEDIA,0,Other_Amphibian,0.2436,2980.5,2462.7,3102.4,2625.6
/srv/shared_leopard_toad/2025/Documents/06.10-13.10.2025/4Z/108MEDIA/DSCF0602.JPG,DSCF0602.JPG,4Z/108MEDIA,0,Other_Amphibian,0.2205,3220.4,1954.7,3353.9,2099.0
/srv/shared_leopard_toad/2025/Documents/06.10-13.10.2025/4Z/108MEDIA/DSCF0602.JPG,DSCF0602.JPG,4Z/108MEDIA,0,Other_Amphibian,0.2086,3216.9,1953.0,3345.7,2098.4
/srv/shared_leopard_toad/2025/Documents/06.10-13.10.2025/4Z/108MEDIA/DSCF0688.JPG,DSCF0688.JPG,4Z/108MEDIA,0,Other_Amphibian,0.2617,3219.3,1955.8,3351.6,2097.6
/srv/shared_leopard_toad/2025/Documents/06.10-13.10.2025/4Z/108MEDIA/DSCF0688.JPG,DSCF0688.JPG,4Z/108MEDIA,0,Other_Amphibian,0.2363,3216.3,1955.6,3343.4,2098.8
/srv/shared_leopard_toad/2025/Documents/06.10-13.10.2025/4Z/108MEDIA/DSCF0688.JPG,DSCF0688.JPG,4Z/108MEDIA,0,Other_Amphibian,0.2350,2979.6,2453.7,3104.2,2626.4
/srv/shared_leopard_toad/2025/Documents/06.10-13.10.2025/4Z/108MEDIA/DSCF0347.JPG,DSCF0347.JPG,4Z/108MEDIA,2,Western_Leopard_Toad,0.8294,3638.6,1663.4,3925.6,1926.3
/srv/shared_leopard_toad/2025/Documents/06.10-13.10.2025/4Z/108MEDIA/DSCF0347.JPG,DSCF0347.JPG,4Z/108MEDIA,0,Other_Amphibian,0.2028,4767.8,1350.8,4952.3,1542.4
/srv/shared_leopard_toad/2025/Documents/06.10-13.10.2025/4Z/108MEDIA/DSCF0109.JPG,DSCF0109.JPG,4Z/108MEDIA,0,Other_Amphibian,0.5658,3216.5,1952.8,3350.5,2095.9
/srv/shared_leopard_toad/2025/Documents/06.10-13.10.2025/4Z/108MEDIA/DSCF0109.JPG,DSCF0109.JPG,4Z/108MEDIA,0,Other_Amphibian,0.4793,3224.4,1952.6,3354.5,2095.6
/srv/shared_leopard_toad/2025/Documents/06.10-13.10.2025/4Z/108MEDIA/DSCF0357.JPG,DSCF0357.JPG,4Z/108MEDIA,2,Western_Leopard_Toad,0.7562,3643.7,1663.3,3925.3,1926.1
/srv/shared_leopard_toad/2025/Documents/06.10-13.10.2025/4Z/108MEDIA/DSCF0357.JPG,DSCF0357.JPG,4Z/108MEDIA,0,Other_Amphibian,0.2739,4761.2,1344.0,4949.1,1536.9
/srv/shared_leopard_toad/2025/Documents/06.10-13.10.2025/4Z/108MEDIA/DSCF0843.JPG,DSCF0843.JPG,4Z/108MEDIA,0,Other_Amphibian,0.2429,2973.4,2474.2,3104.8,2625.7
/srv/shared_leopard_toad/2025/Documents/06.10-13.10.2025/4Z/108MEDIA/DSCF0843.JPG,DSCF0843.JPG,4Z/108MEDIA,0,Other_Amphibian,0.2068,2979.7,2465.7,3100.9,2626.3
/srv/shared_leopard_toad/2025/Documents/06.10-13.10.2025/4Z/108MEDIA/DSCF0309.JPG,DSCF0309.JPG,4Z/108MEDIA,0,Other_Amphibian,0.5988,3223.0,1977.5,3365.7,2135.1
/srv/shared_leopard_toad/2025/Documents/06.10-13.10.2025/4Z/108MEDIA/DSCF0309.JPG,DSCF0309.JPG,4Z/108MEDIA,0,Other_Amphibian,0.4404,3221.1,1975.0,3363.1,2141.2
/srv/shared_leopard_toad/2025/Documents/06.10-13.10.2025/4Z/108MEDIA/DSCF0309.JPG,DSCF0309.JPG,4Z/108MEDIA,2,Western_Leopard_Toad,0.4363,3643.3,1661.5,3927.7,1920.6
/srv/shared_leopard_toad/2025/Documents/06.10-13.10.2025/4Z/108MEDIA/DSCF0910.JPG,DSCF0910.JPG,4Z/108MEDIA,0,Other_Amphibian,0.3607,2972.1,2484.6,3103.4,2621.4
/srv/shared_leopard_toad/2025/Documents/06.10-13.10.2025/4Z/108MEDIA/DSCF0910.JPG,DSCF0910.JPG,4Z/108MEDIA,0,Other_Amphibian,0.3090,2983.3,2474.5,3104.2,2621.7
/srv/shared_leopard_toad/2025/Documents/06.10-13.10.2025/4Z/108MEDIA/DSCF0340.JPG,DSCF0340.JPG,4Z/108MEDIA,2,Western_Leopard_Toad,0.8075,3644.8,1661.7,3926.6,1923.1
/srv/shared_leopard_toad/2025/Documents/06.10-13.10.2025/4Z/108MEDIA/DSCF0340.JPG,DSCF0340.JPG,4Z/108MEDIA,0,Other_Amphibian,0.2969,4771.2,1348.4,4953.7,1537.0
/srv/shared_leopard_toad/2025/Documents/06.10-13.10.2025/4Z/108MEDIA/DSCF0611.JPG,DSCF0611.JPG,4Z/108MEDIA,0,Other_Amphibian,0.2354,3219.5,1954.8,3349.9,2098.6
/srv/shared_leopard_toad/2025/Documents/06.10-13.10.2025/4Z/108MEDIA/DSCF0611.JPG,DSCF0611.JPG,4Z/108MEDIA,0,Other_Amphibian,0.2222,3219.7,1954.3,3343.3,2099.5
/srv/shared_leopard_toad/2025/Documents/06.10-13.10.2025/4Z/108MEDIA/DSCF0460.JPG,DSCF0460.JPG,4Z/108MEDIA,0,Other_Amphibian,0.2642,2972.1,2472.5,3103.9,2618.0
/srv/shared_leopard_toad/2025/Documents/06.10-13.10.2025/4Z/108MEDIA/DSCF0460.JPG,DSCF0460.JPG,4Z/108MEDIA,0,Other_Amphibian,0.2204,2980.2,2464.9,3101.7,2617.8
/srv/shared_leopard_toad/2025/Documents/06.10-13.10.2025/4Z/108MEDIA/DSCF0855.JPG,DSCF0855.JPG,4Z/108MEDIA,0,Other_Amphibian,0.2784,2967.5,2469.3,3100.0,2621.8
/srv/shared_leopard_toad/2025/Documents/06.10-13.10.2025/4Z/108MEDIA/DSCF0855.JPG,DSCF0855.JPG,4Z/108MEDIA,0,Other_Amphibian,0.2490,3219.8,1957.2,3350.4,2097.6
/srv/shared_leopard_toad/2025/Documents/06.10-13.10.2025/4Z/108MEDIA/DSCF0855.JPG,DSCF0855.JPG,4Z/108MEDIA,0,Other_Amphibian,0.2393,2976.2,2453.6,3099.0,2621.7
/srv/shared_leopard_toad/2025/Documents/06.10-13.10.2025/4Z/108MEDIA/DSCF0855.JPG,DSCF0855.JPG,4Z/108MEDIA,0,Other_Amphibian,0.2288,3219.1,1956.8,3343.1,2099.0
/srv/shared_leopard_toad/2025/Documents/06.10-13.10.2025/4Z/108MEDIA/DSCF0024.JPG,DSCF0024.JPG,4Z/108MEDIA,0,Other_Amphibian,0.5501,3217.5,1951.7,3351.1,2100.8
/srv/shared_leopard_toad/2025/Documents/06.10-13.10.2025/4Z/108MEDIA/DSCF0024.JPG,DSCF0024.JPG,4Z/108MEDIA,0,Other_Amphibian,0.4172,3223.7,1950.1,3351.0,2105.1
/srv/shared_leopard_toad/2025/Documents/06.10-13.10.2025/4Z/108MEDIA/DSCF0852.JPG,DSCF0852.JPG,4Z/108MEDIA,0,Other_Amphibian,0.2708,3216.3,1954.0,3347.8,2097.4
/srv/shared_leopard_toad/2025/Documents/06.10-13.10.2025/4Z/108MEDIA/DSCF0852.JPG,DSCF0852.JPG,4Z/108MEDIA,2,Western_Leopard_Toad,0.2592,3653.2,1647.4,3928.1,1917.8
/srv/shared_leopard_toad/2025/Documents/06.10-13.10.2025/4Z/108MEDIA/DSCF0852.JPG,DSCF0852.JPG,4Z/108MEDIA,0,Other_Amphibian,0.2446,3219.0,1954.0,3343.8,2098.5
/srv/shared_leopard_toad/2025/Documents/06.10-13.10.2025/4Z/108MEDIA/DSCF0318.JPG,DSCF0318.JPG,4Z/108MEDIA,2,Western_Leopard_Toad,0.6741,3644.6,1662.2,3925.8,1921.4
/srv/shared_leopard_toad/2025/Documents/06.10-13.10.2025/4Z/108MEDIA/DSCF0318.JPG,DSCF0318.JPG,4Z/108MEDIA,0,Other_Amphibian,0.3504,3225.4,1976.4,3361.5,2133.0
/srv/shared_leopard_toad/2025/Documents/06.10-13.10.2025/4Z/108MEDIA/DSCF0318.JPG,DSCF0318.JPG,4Z/108MEDIA,0,Other_Amphibian,0.3209,3222.5,1971.4,3366.5,2139.4
/srv/shared_leopard_toad/2025/Documents/06.10-13.10.2025/4Z/108MEDIA/DSCF0939.JPG,DSCF0939.JPG,4Z/108MEDIA,0,Other_Amphibian,0.4176,2966.2,2467.0,3099.4,2619.7
/srv/shared_leopard_toad/2025/Documents/06.10-13.10.2025/4Z/108MEDIA/DSCF0939.JPG,DSCF0939.JPG,4Z/108MEDIA,0,Other_Amphibian,0.3881,2977.1,2451.2,3101.2,2619.2
/srv/shared_leopard_toad/2025/Documents/06.10-13.10.2025/4Z/108MEDIA/DSCF0392.JPG,DSCF0392.JPG,4Z/108MEDIA,2,Western_Leopard_Toad,0.8029,3646.1,1660.6,3927.8,1922.5
/srv/shared_leopard_toad/2025/Documents/06.10-13.10.2025/4Z/108MEDIA/DSCF0392.JPG,DSCF0392.JPG,4Z/108MEDIA,0,Other_Amphibian,0.2703,4766.1,1348.5,4941.5,1534.4
/srv/shared_leopard_toad/2025/Documents/06.10-13.10.2025/4Z/108MEDIA/DSCF0617.JPG,DSCF0617.JPG,4Z/108MEDIA,0,Other_Amphibian,0.2069,3218.5,1955.1,3350.4,2098.4
/srv/shared_leopard_toad/2025/Documents/06.10-13.10.2025/4Z/108MEDIA/DSCF0617.JPG,DSCF0617.JPG,4Z/108MEDIA,0,Other_Amphibian,0.2033,3217.3,1953.7,3342.9,2098.3
/srv/shared_leopard_toad/2025/Documents/06.10-13.10.2025/4Z/108MEDIA/DSCF0235.JPG,DSCF0235.JPG,4Z/108MEDIA,0,Other_Amphibian,0.5975,3216.0,1951.3,3349.1,2096.5
/srv/shared_leopard_toad/2025/Documents/06.10-13.10.2025/4Z/108MEDIA/DSCF0235.JPG,DSCF0235.JPG,4Z/108MEDIA,0,Other_Amphibian,0.5187,3223.5,1951.1,3350.1,2095.5
/srv/shared_leopard_toad/2025/Documents/06.10-13.10.2025/4Z/108MEDIA/DSCF0671.JPG,DSCF0671.JPG,4Z/108MEDIA,0,Other_Amphibian,0.2139,3215.7,1954.7,3341.8,2098.9
/srv/shared_leopard_toad/2025/Documents/06.10-13.10.2025/4Z/108MEDIA/DSCF0671.JPG,DSCF0671.JPG,4Z/108MEDIA,2,Western_Leopard_Toad,0.2099,3656.9,1646.9,3929.3,1916.8
/srv/shared_leopard_toad/2025/Documents/06.10-13.10.2025/4Z/108MEDIA/DSCF0671.JPG,DSCF0671.JPG,4Z/108MEDIA,0,Other_Amphibian,0.2092,3217.9,1955.3,3349.9,2097.8
/srv/shared_leopard_toad/2025/Documents/06.10-13.10.2025/4Z/108MEDIA/DSCF0328.JPG,DSCF0328.JPG,4Z/108MEDIA,2,Western_Leopard_Toad,0.7425,3641.4,1661.7,3922.9,1927.6
/srv/shared_leopard_toad/2025/Documents/06.10-13.10.2025/4Z/108MEDIA/DSCF0328.JPG,DSCF0328.JPG,4Z/108MEDIA,0,Other_Amphibian,0.3303,4771.5,1341.5,4950.8,1535.2
/srv/shared_leopard_toad/2025/Documents/06.10-13.10.2025/4Z/108MEDIA/DSCF0328.JPG,DSCF0328.JPG,4Z/108MEDIA,2,Western_Leopard_Toad,0.2476,837.2,1681.2,1018.8,1985.7
/srv/shared_leopard_toad/2025/Documents/06.10-13.10.2025/4Z/108MEDIA/DSCF0202.JPG,DSCF0202.JPG,4Z/108MEDIA,0,Other_Amphibian,0.5476,3216.6,1950.8,3349.3,2095.6
/srv/shared_leopard_toad/2025/Documents/06.10-13.10.2025/4Z/108MEDIA/DSCF0202.JPG,DSCF0202.JPG,4Z/108MEDIA,0,Other_Amphibian,0.4313,3225.5,1950.7,3353.4,2094.4
/srv/shared_leopard_toad/2025/Documents/06.10-13.10.2025/4Z/108MEDIA/DSCF0202.JPG,DSCF0202.JPG,4Z/108MEDIA,2,Western_Leopard_Toad,0.3238,3655.2,1646.6,3932.7,1918.1
/srv/shared_leopard_toad/2025/Documents/06.10-13.10.2025/4Z/108MEDIA/DSCF0595.JPG,DSCF0595.JPG,4Z/108MEDIA,0,Other_Amphibian,0.3396,3655.7,1646.3,3930.8,1918.5
/srv/shared_leopard_toad/2025/Documents/06.10-13.10.2025/4Z/108MEDIA/DSCF0595.JPG,DSCF0595.JPG,4Z/108MEDIA,0,Other_Amphibian,0.3130,2981.2,2461.1,3109.2,2627.5
/srv/shared_leopard_toad/2025/Documents/06.10-13.10.2025/4Z/108MEDIA/DSCF0595.JPG,DSCF0595.JPG,4Z/108MEDIA,0,Other_Amphibian,0.2923,2974.2,2466.8,3109.6,2628.3
/srv/shared_leopard_toad/2025/Documents/06.10-13.10.2025/4Z/108MEDIA/DSCF0595.JPG,DSCF0595.JPG,4Z/108MEDIA,0,Other_Amphibian,0.2780,2972.7,2471.8,3112.8,2626.9
/srv/shared_leopard_toad/2025/Documents/06.10-13.10.2025/4Z/108MEDIA/DSCF0595.JPG,DSCF0595.JPG,4Z/108MEDIA,0,Other_Amphibian,0.2481,3219.8,1956.6,3349.8,2097.4
/srv/shared_leopard_toad/2025/Documents/06.10-13.10.2025/4Z/108MEDIA/DSCF0595.JPG,DSCF0595.JPG,4Z/108MEDIA,0,Other_Amphibian,0.2113,3215.9,1956.5,3339.8,2098.5
/srv/shared_leopard_toad/2025/Documents/06.10-13.10.2025/4Z/108MEDIA/DSCF0226.JPG,DSCF0226.JPG,4Z/108MEDIA,0,Other_Amphibian,0.5970,3217.1,1950.4,3352.7,2093.1
/srv/shared_leopard_toad/2025/Documents/06.10-13.10.2025/4Z/108MEDIA/DSCF0226.JPG,DSCF0226.JPG,4Z/108MEDIA,0,Other_Amphibian,0.5324,3220.7,1951.1,3352.0,2092.7
/srv/shared_leopard_toad/2025/Documents/06.10-13.10.2025/4Z/108MEDIA/DSCF0310.JPG,DSCF0310.JPG,4Z/108MEDIA,0,Other_Amphibian,0.5375,3224.3,1976.7,3365.0,2130.8
/srv/shared_leopard_toad/2025/Documents/06.10-13.10.2025/4Z/108MEDIA/DSCF0310.JPG,DSCF0310.JPG,4Z/108MEDIA,0,Other_Amphibian,0.4446,3222.7,1974.3,3370.2,2136.8
/srv/shared_leopard_toad/2025/Documents/06.10-13.10.2025/4Z/108MEDIA/DSCF0310.JPG,DSCF0310.JPG,4Z/108MEDIA,2,Western_Leopard_Toad,0.2757,3642.9,1661.4,3925.3,1922.6
/srv/shared_leopard_toad/2025/Documents/06.10-13.10.2025/4Z/108MEDIA/DSCF0374.JPG,DSCF0374.JPG,4Z/108MEDIA,2,Western_Leopard_Toad,0.8692,3640.9,1661.7,3931.9,1923.2
/srv/shared_leopard_toad/2025/Documents/06.10-13.10.2025/4Z/108MEDIA/DSCF0371.JPG,DSCF0371.JPG,4Z/108MEDIA,2,Western_Leopard_Toad,0.8592,3641.4,1661.3,3933.5,1923.8
/srv/shared_leopard_toad/2025/Documents/06.10-13.10.2025/4Z/108MEDIA/DSCF0317.JPG,DSCF0317.JPG,4Z/108MEDIA,2,Western_Leopard_Toad,0.5795,3648.4,1663.4,3925.4,1922.3
/srv/shared_leopard_toad/2025/Documents/06.10-13.10.2025/4Z/108MEDIA/DSCF0317.JPG,DSCF0317.JPG,4Z/108MEDIA,0,Other_Amphibian,0.3899,3226.8,1969.4,3367.8,2132.4
/srv/shared_leopard_toad/2025/Documents/06.10-13.10.2025/4Z/108MEDIA/DSCF0317.JPG,DSCF0317.JPG,4Z/108MEDIA,0,Other_Amphibian,0.2036,3236.9,1983.1,3363.5,2134.4
/srv/shared_leopard_toad/2025/Documents/06.10-13.10.2025/4Z/108MEDIA/DSCF0210.JPG,DSCF0210.JPG,4Z/108MEDIA,0,Other_Amphibian,0.5934,3217.9,1950.5,3352.7,2094.9
/srv/shared_leopard_toad/2025/Documents/06.10-13.10.2025/4Z/108MEDIA/DSCF0210.JPG,DSCF0210.JPG,4Z/108MEDIA,0,Other_Amphibian,0.5097,3223.7,1951.3,3353.0,2094.9
/srv/shared_leopard_toad/2025/Documents/06.10-13.10.2025/4Z/108MEDIA/DSCF0234.JPG,DSCF0234.JPG,4Z/108MEDIA,0,Other_Amphibian,0.5369,3219.6,1951.3,3352.0,2094.4
/srv/shared_leopard_toad/2025/Documents/06.10-13.10.2025/4Z/108MEDIA/DSCF0234.JPG,DSCF0234.JPG,4Z/108MEDIA,0,Other_Amphibian,0.4740,3225.1,1951.5,3354.1,2094.8
/srv/shared_leopard_toad/2025/Documents/06.10-13.10.2025/4Z/108MEDIA/DSCF0893.JPG,DSCF0893.JPG,4Z/108MEDIA,0,Other_Amphibian,0.3101,2979.6,2459.4,3101.1,2625.8
/srv/shared_leopard_toad/2025/Documents/06.10-13.10.2025/4Z/108MEDIA/DSCF0893.JPG,DSCF0893.JPG,4Z/108MEDIA,0,Other_Amphibian,0.2986,2969.3,2471.8,3101.7,2627.2
/srv/shared_leopard_toad/2025/Documents/06.10-13.10.2025/4Z/108MEDIA/DSCF0860.JPG,DSCF0860.JPG,4Z/108MEDIA,0,Other_Amphibian,0.2440,2982.8,2453.1,3105.2,2629.5
/srv/shared_leopard_toad/2025/Documents/06.10-13.10.2025/4Z/108MEDIA/DSCF0860.JPG,DSCF0860.JPG,4Z/108MEDIA,0,Other_Amphibian,0.2129,2972.8,2464.8,3106.3,2628.3
/srv/shared_leopard_toad/2025/Documents/06.10-13.10.2025/4Z/108MEDIA/DSCF0860.JPG,DSCF0860.JPG,4Z/108MEDIA,2,Western_Leopard_Toad,0.2080,3655.3,1648.2,3929.2,1917.8
/srv/shared_leopard_toad/2025/Documents/06.10-13.10.2025/4Z/108MEDIA/DSCF0465.JPG,DSCF0465.JPG,4Z/108MEDIA,0,Other_Amphibian,0.2659,2978.1,2455.7,3109.5,2630.5
/srv/shared_leopard_toad/2025/Documents/06.10-13.10.2025/4Z/108MEDIA/DSCF0465.JPG,DSCF0465.JPG,4Z/108MEDIA,0,Other_Amphibian,0.2365,2971.3,2461.3,3110.5,2628.9
/srv/shared_leopard_toad/2025/Documents/06.10-13.10.2025/4Z/108MEDIA/DSCF0465.JPG,DSCF0465.JPG,4Z/108MEDIA,0,Other_Amphibian,0.2139,2972.4,2456.4,3112.3,2631.9
/srv/shared_leopard_toad/2025/Documents/06.10-13.10.2025/4Z/108MEDIA/DSCF0604.JPG,DSCF0604.JPG,4Z/108MEDIA,0,Other_Amphibian,0.2579,2970.7,2476.1,3106.0,2623.7
/srv/shared_leopard_toad/2025/Documents/06.10-13.10.2025/4Z/108MEDIA/DSCF0604.JPG,DSCF0604.JPG,4Z/108MEDIA,0,Other_Amphibian,0.2148,2978.4,2461.5,3101.9,2623.1
/srv/shared_leopard_toad/2025/Documents/06.10-13.10.2025/4Z/108MEDIA/DSCF0270.JPG,DSCF0270.JPG,4Z/108MEDIA,2,Western_Leopard_Toad,0.7588,3642.5,1662.6,3925.9,1920.3
/srv/shared_leopard_toad/2025/Documents/06.10-13.10.2025/4Z/108MEDIA/DSCF0090.JPG,DSCF0090.JPG,4Z/108MEDIA,0,Other_Amphibian,0.5895,3216.6,1951.5,3350.6,2092.9
/srv/shared_leopard_toad/2025/Documents/06.10-13.10.2025/4Z/108MEDIA/DSCF0090.JPG,DSCF0090.JPG,4Z/108MEDIA,0,Other_Amphibian,0.5252,3223.5,1951.2,3355.8,2092.5
/srv/shared_leopard_toad/2025/Documents/06.10-13.10.2025/4Z/108MEDIA/DSCF0450.JPG,DSCF0450.JPG,4Z/108MEDIA,0,Other_Amphibian,0.2605,3656.0,1648.6,3930.2,1918.3
/srv/shared_leopard_toad/2025/Documents/06.10-13.10.2025/4Z/108MEDIA/DSCF0450.JPG,DSCF0450.JPG,4Z/108MEDIA,0,Other_Amphibian,0.2540,3217.6,1956.2,3350.8,2099.5
/srv/shared_leopard_toad/2025/Documents/06.10-13.10.2025/4Z/108MEDIA/DSCF0450.JPG,DSCF0450.JPG,4Z/108MEDIA,0,Other_Amphibian,0.2512,3217.4,1956.2,3344.4,2101.2
/srv/shared_leopard_toad/2025/Documents/06.10-13.10.2025/4Z/108MEDIA/DSCF0450.JPG,DSCF0450.JPG,4Z/108MEDIA,0,Other_Amphibian,0.2277,2969.9,2468.9,3100.6,2620.7
/srv/shared_leopard_toad/2025/Documents/06.10-13.10.2025/4Z/108MEDIA/DSCF0677.JPG,DSCF0677.JPG,4Z/108MEDIA,0,Other_Amphibian,0.2764,3219.8,1955.5,3344.5,2099.1
/srv/shared_leopard_toad/2025/Documents/06.10-13.10.2025/4Z/108MEDIA/DSCF0677.JPG,DSCF0677.JPG,4Z/108MEDIA,0,Other_Amphibian,0.2726,3217.2,1956.6,3349.1,2098.2
/srv/shared_leopard_toad/2025/Documents/06.10-13.10.2025/4Z/108MEDIA/DSCF0677.JPG,DSCF0677.JPG,4Z/108MEDIA,0,Other_Amphibian,0.2249,2970.5,2464.4,3102.4,2627.7
/srv/shared_leopard_toad/2025/Documents/06.10-13.10.2025/4Z/108MEDIA/DSCF0677.JPG,DSCF0677.JPG,4Z/108MEDIA,0,Other_Amphibian,0.2045,2979.1,2448.3,3103.2,2628.5
/srv/shared_leopard_toad/2025/Documents/06.10-13.10.2025/4Z/108MEDIA/DSCF0884.JPG,DSCF0884.JPG,4Z/108MEDIA,0,Other_Amphibian,0.2936,2971.6,2478.2,3104.0,2620.9
/srv/shared_leopard_toad/2025/Documents/06.10-13.10.2025/4Z/108MEDIA/DSCF0884.JPG,DSCF0884.JPG,4Z/108MEDIA,0,Other_Amphibian,0.2746,2982.5,2464.9,3104.0,2620.4
/srv/shared_leopard_toad/2025/Documents/06.10-13.10.2025/4Z/108MEDIA/DSCF0356.JPG,DSCF0356.JPG,4Z/108MEDIA,2,Western_Leopard_Toad,0.8148,3651.8,1661.9,3928.9,1921.8
/srv/shared_leopard_toad/2025/Documents/06.10-13.10.2025/4Z/108MEDIA/DSCF0444.JPG,DSCF0444.JPG,4Z/108MEDIA,0,Other_Amphibian,0.2341,3219.0,1954.9,3344.6,2099.5
/srv/shared_leopard_toad/2025/Documents/06.10-13.10.2025/4Z/108MEDIA/DSCF0444.JPG,DSCF0444.JPG,4Z/108MEDIA,0,Other_Amphibian,0.2291,3221.2,1956.2,3353.1,2099.4
/srv/shared_leopard_toad/2025/Documents/06.10-13.10.2025/4Z/108MEDIA/DSCF0638.JPG,DSCF0638.JPG,4Z/108MEDIA,0,Other_Amphibian,0.2635,3219.4,1955.1,3349.2,2098.2
/srv/shared_leopard_toad/2025/Documents/06.10-13.10.2025/4Z/108MEDIA/DSCF0638.JPG,DSCF0638.JPG,4Z/108MEDIA,0,Other_Amphibian,0.2488,2973.4,2484.3,3104.5,2625.7
/srv/shared_leopard_toad/2025/Documents/06.10-13.10.2025/4Z/108MEDIA/DSCF0638.JPG,DSCF0638.JPG,4Z/108MEDIA,0,Other_Amphibian,0.2301,3217.1,1955.3,3341.5,2099.7
/srv/shared_leopard_toad/2025/Documents/06.10-13.10.2025/4Z/108MEDIA/DSCF0638.JPG,DSCF0638.JPG,4Z/108MEDIA,0,Other_Amphibian,0.2149,2971.0,2477.7,3103.3,2632.0
/srv/shared_leopard_toad/2025/Documents/06.10-13.10.2025/4Z/108MEDIA/DSCF0485.JPG,DSCF0485.JPG,4Z/108MEDIA,0,Other_Amphibian,0.2177,2971.5,2481.3,3102.0,2622.2
/srv/shared_leopard_toad/2025/Documents/06.10-13.10.2025/4Z/108MEDIA/DSCF0236.JPG,DSCF0236.JPG,4Z/108MEDIA,0,Other_Amphibian,0.5747,3218.4,1952.2,3351.7,2095.8
/srv/shared_leopard_toad/2025/Documents/06.10-13.10.2025/4Z/108MEDIA/DSCF0236.JPG,DSCF0236.JPG,4Z/108MEDIA,0,Other_Amphibian,0.4926,3226.1,1952.5,3352.8,2095.7
/srv/shared_leopard_toad/2025/Documents/06.10-13.10.2025/4Z/108MEDIA/DSCF0322.JPG,DSCF0322.JPG,4Z/108MEDIA,0,Other_Amphibian,0.4466,3225.5,1978.7,3358.9,2131.8
/srv/shared_leopard_toad/2025/Documents/06.10-13.10.2025/4Z/108MEDIA/DSCF0322.JPG,DSCF0322.JPG,4Z/108MEDIA,0,Other_Amphibian,0.3460,3224.0,1971.6,3365.5,2138.0
/srv/shared_leopard_toad/2025/Documents/06.10-13.10.2025/4Z/108MEDIA/DSCF0322.JPG,DSCF0322.JPG,4Z/108MEDIA,2,Western_Leopard_Toad,0.2971,3643.4,1664.0,3925.5,1924.1
/srv/shared_leopard_toad/2025/Documents/06.10-13.10.2025/4Z/108MEDIA/DSCF0084.JPG,DSCF0084.JPG,4Z/108MEDIA,0,Other_Amphibian,0.5653,3216.3,1952.0,3350.4,2094.2
/srv/shared_leopard_toad/2025/Documents/06.10-13.10.2025/4Z/108MEDIA/DSCF0084.JPG,DSCF0084.JPG,4Z/108MEDIA,0,Other_Amphibian,0.4877,3221.5,1952.1,3351.4,2093.9
/srv/shared_leopard_toad/2025/Documents/06.10-13.10.2025/4Z/108MEDIA/DSCF0124.JPG,DSCF0124.JPG,4Z/108MEDIA,0,Other_Amphibian,0.5385,3218.4,1951.7,3349.1,2093.0
/srv/shared_leopard_toad/2025/Documents/06.10-13.10.2025/4Z/108MEDIA/DSCF0124.JPG,DSCF0124.JPG,4Z/108MEDIA,0,Other_Amphibian,0.4408,3227.8,1951.8,3354.0,2093.3
/srv/shared_leopard_toad/2025/Documents/06.10-13.10.2025/4Z/108MEDIA/DSCF0138.JPG,DSCF0138.JPG,4Z/108MEDIA,0,Other_Amphibian,0.5342,3216.5,1951.6,3348.3,2095.6
/srv/shared_leopard_toad/2025/Documents/06.10-13.10.2025/4Z/108MEDIA/DSCF0138.JPG,DSCF0138.JPG,4Z/108MEDIA,0,Other_Amphibian,0.4473,3225.5,1951.1,3351.2,2094.6
/srv/shared_leopard_toad/2025/Documents/06.10-13.10.2025/4Z/108MEDIA/DSCF0014.JPG,DSCF0014.JPG,4Z/108MEDIA,0,Other_Amphibian,0.5738,3215.2,1950.6,3350.0,2095.6
/srv/shared_leopard_toad/2025/Documents/06.10-13.10.2025/4Z/108MEDIA/DSCF0014.JPG,DSCF0014.JPG,4Z/108MEDIA,0,Other_Amphibian,0.4630,3224.1,1951.0,3353.0,2096.1
/srv/shared_leopard_toad/2025/Documents/06.10-13.10.2025/4Z/108MEDIA/DSCF0520.JPG,DSCF0520.JPG,4Z/108MEDIA,0,Other_Amphibian,0.2591,2971.0,2482.1,3102.1,2621.0
/srv/shared_leopard_toad/2025/Documents/06.10-13.10.2025/4Z/108MEDIA/DSCF0520.JPG,DSCF0520.JPG,4Z/108MEDIA,0,Other_Amphibian,0.2035,3216.3,1954.8,3342.9,2099.4
/srv/shared_leopard_toad/2025/Documents/06.10-13.10.2025/4Z/108MEDIA/DSCF0200.JPG,DSCF0200.JPG,4Z/108MEDIA,0,Other_Amphibian,0.5672,3217.8,1952.0,3352.2,2095.0
/srv/shared_leopard_toad/2025/Documents/06.10-13.10.2025/4Z/108MEDIA/DSCF0200.JPG,DSCF0200.JPG,4Z/108MEDIA,0,Other_Amphibian,0.4580,3224.2,1953.1,3353.8,2095.2
/srv/shared_leopard_toad/2025/Documents/06.10-13.10.2025/4Z/108MEDIA/DSCF0200.JPG,DSCF0200.JPG,4Z/108MEDIA,0,Other_Amphibian,0.3781,2969.7,2483.3,3118.3,2646.0
/srv/shared_leopard_toad/2025/Documents/06.10-13.10.2025/4Z/108MEDIA/DSCF0744.JPG,DSCF0744.JPG,4Z/108MEDIA,0,Other_Amphibian,0.3540,3216.4,1954.2,3347.5,2097.8
/srv/shared_leopard_toad/2025/Documents/06.10-13.10.2025/4Z/108MEDIA/DSCF0744.JPG,DSCF0744.JPG,4Z/108MEDIA,0,Other_Amphibian,0.3378,3221.8,1954.0,3345.8,2099.3
/srv/shared_leopard_toad/2025/Documents/06.10-13.10.2025/4Z/108MEDIA/DSCF0744.JPG,DSCF0744.JPG,4Z/108MEDIA,0,Other_Amphibian,0.2031,3656.5,1646.5,3929.2,1918.1
/srv/shared_leopard_toad/2025/Documents/06.10-13.10.2025/4Z/108MEDIA/DSCF0359.JPG,DSCF0359.JPG,4Z/108MEDIA,2,Western_Leopard_Toad,0.7764,3637.7,1661.5,3929.3,1924.5
/srv/shared_leopard_toad/2025/Documents/06.10-13.10.2025/4Z/108MEDIA/DSCF0359.JPG,DSCF0359.JPG,4Z/108MEDIA,0,Other_Amphibian,0.4022,4762.0,1342.9,4949.8,1538.4
/srv/shared_leopard_toad/2025/Documents/06.10-13.10.2025/4Z/108MEDIA/DSCF0009.JPG,DSCF0009.JPG,4Z/108MEDIA,0,Other_Amphibian,0.4949,3217.3,1952.2,3348.3,2096.1
/srv/shared_leopard_toad/2025/Documents/06.10-13.10.2025/4Z/108MEDIA/DSCF0009.JPG,DSCF0009.JPG,4Z/108MEDIA,0,Other_Amphibian,0.3999,3226.3,1951.7,3352.4,2096.1
/srv/shared_leopard_toad/2025/Documents/06.10-13.10.2025/4Z/108MEDIA/DSCF0447.JPG,DSCF0447.JPG,4Z/108MEDIA,0,Other_Amphibian,0.2819,2973.6,2487.7,3107.4,2624.8
/srv/shared_leopard_toad/2025/Documents/06.10-13.10.2025/4Z/108MEDIA/DSCF0447.JPG,DSCF0447.JPG,4Z/108MEDIA,0,Other_Amphibian,0.2385,2971.5,2482.6,3105.5,2628.7
/srv/shared_leopard_toad/2025/Documents/06.10-13.10.2025/4Z/108MEDIA/DSCF0447.JPG,DSCF0447.JPG,4Z/108MEDIA,0,Other_Amphibian,0.2302,3218.9,1954.3,3343.0,2099.9
/srv/shared_leopard_toad/2025/Documents/06.10-13.10.2025/4Z/108MEDIA/DSCF0447.JPG,DSCF0447.JPG,4Z/108MEDIA,0,Other_Amphibian,0.2130,3219.5,1956.9,3350.5,2101.1
/srv/shared_leopard_toad/2025/Documents/06.10-13.10.2025/4Z/108MEDIA/DSCF0140.JPG,DSCF0140.JPG,4Z/108MEDIA,0,Other_Amphibian,0.5472,3217.8,1951.9,3344.6,2093.7
/srv/shared_leopard_toad/2025/Documents/06.10-13.10.2025/4Z/108MEDIA/DSCF0140.JPG,DSCF0140.JPG,4Z/108MEDIA,0,Other_Amphibian,0.4335,3226.2,1951.4,3347.4,2092.8
/srv/shared_leopard_toad/2025/Documents/06.10-13.10.2025/4Z/108MEDIA/DSCF0243.JPG,DSCF0243.JPG,4Z/108MEDIA,0,Other_Amphibian,0.5879,3218.5,1950.7,3351.3,2093.5
/srv/shared_leopard_toad/2025/Documents/06.10-13.10.2025/4Z/108MEDIA/DSCF0243.JPG,DSCF0243.JPG,4Z/108MEDIA,0,Other_Amphibian,0.5227,3223.7,1951.1,3352.4,2092.9
/srv/shared_leopard_toad/2025/Documents/06.10-13.10.2025/4Z/108MEDIA/DSCF0717.JPG,DSCF0717.JPG,4Z/108MEDIA,0,Other_Amphibian,0.2193,3220.6,1955.4,3351.4,2097.6
/srv/shared_leopard_toad/2025/Documents/06.10-13.10.2025/4Z/108MEDIA/DSCF0717.JPG,DSCF0717.JPG,4Z/108MEDIA,0,Other_Amphibian,0.2148,3214.4,1955.4,3339.4,2099.0
/srv/shared_leopard_toad/2025/Documents/06.10-13.10.2025/4Z/108MEDIA/DSCF0717.JPG,DSCF0717.JPG,4Z/108MEDIA,0,Other_Amphibian,0.2120,2981.8,2459.0,3104.2,2622.2
/srv/shared_leopard_toad/2025/Documents/06.10-13.10.2025/4Z/108MEDIA/DSCF0717.JPG,DSCF0717.JPG,4Z/108MEDIA,0,Other_Amphibian,0.2076,2973.6,2463.6,3105.1,2623.5
/srv/shared_leopard_toad/2025/Documents/06.10-13.10.2025/4Z/108MEDIA/DSCF0410.JPG,DSCF0410.JPG,4Z/108MEDIA,0,Other_Amphibian,0.2533,3218.8,1956.3,3344.9,2099.9
/srv/shared_leopard_toad/2025/Documents/06.10-13.10.2025/4Z/108MEDIA/DSCF0410.JPG,DSCF0410.JPG,4Z/108MEDIA,0,Other_Amphibian,0.2491,3219.5,1957.8,3351.1,2099.6
/srv/shared_leopard_toad/2025/Documents/06.10-13.10.2025/4Z/108MEDIA/DSCF0410.JPG,DSCF0410.JPG,4Z/108MEDIA,0,Other_Amphibian,0.2186,2979.4,2456.2,3099.8,2619.8
/srv/shared_leopard_toad/2025/Documents/06.10-13.10.2025/4Z/108MEDIA/DSCF0579.JPG,DSCF0579.JPG,4Z/108MEDIA,0,Other_Amphibian,0.2897,2968.8,2450.9,3106.0,2622.2
/srv/shared_leopard_toad/2025/Documents/06.10-13.10.2025/4Z/108MEDIA/DSCF0579.JPG,DSCF0579.JPG,4Z/108MEDIA,0,Other_Amphibian,0.2886,2976.5,2442.2,3106.2,2623.7
/srv/shared_leopard_toad/2025/Documents/06.10-13.10.2025/4Z/108MEDIA/DSCF0579.JPG,DSCF0579.JPG,4Z/108MEDIA,0,Other_Amphibian,0.2640,3217.9,1954.6,3352.7,2099.8
/srv/shared_leopard_toad/2025/Documents/06.10-13.10.2025/4Z/108MEDIA/DSCF0579.JPG,DSCF0579.JPG,4Z/108MEDIA,0,Other_Amphibian,0.2571,3217.1,1954.6,3346.0,2101.1
/srv/shared_leopard_toad/2025/Documents/06.10-13.10.2025/4Z/108MEDIA/DSCF0361.JPG,DSCF0361.JPG,4Z/108MEDIA,2,Western_Leopard_Toad,0.8423,3643.5,1661.3,3930.5,1922.2
/srv/shared_leopard_toad/2025/Documents/06.10-13.10.2025/4Z/108MEDIA/DSCF0361.JPG,DSCF0361.JPG,4Z/108MEDIA,0,Other_Amphibian,0.2355,4765.9,1349.9,4952.9,1536.5
/srv/shared_leopard_toad/2025/Documents/06.10-13.10.2025/4Z/108MEDIA/DSCF0201.JPG,DSCF0201.JPG,4Z/108MEDIA,0,Other_Amphibian,0.5451,3217.8,1951.7,3351.9,2095.9
/srv/shared_leopard_toad/2025/Documents/06.10-13.10.2025/4Z/108MEDIA/DSCF0201.JPG,DSCF0201.JPG,4Z/108MEDIA,0,Other_Amphibian,0.4679,3222.8,1952.4,3352.7,2095.8
/srv/shared_leopard_toad/2025/Documents/06.10-13.10.2025/4Z/108MEDIA/DSCF0201.JPG,DSCF0201.JPG,4Z/108MEDIA,0,Other_Amphibian,0.2520,2970.2,2476.1,3114.2,2644.7
/srv/shared_leopard_toad/2025/Documents/06.10-13.10.2025/4Z/108MEDIA/DSCF0642.JPG,DSCF0642.JPG,4Z/108MEDIA,0,Other_Amphibian,0.3131,2970.4,2472.4,3101.8,2622.3
/srv/shared_leopard_toad/2025/Documents/06.10-13.10.2025/4Z/108MEDIA/DSCF0642.JPG,DSCF0642.JPG,4Z/108MEDIA,0,Other_Amphibian,0.2456,2977.9,2465.3,3100.1,2621.8
/srv/shared_leopard_toad/2025/Documents/06.10-13.10.2025/4Z/108MEDIA/DSCF0642.JPG,DSCF0642.JPG,4Z/108MEDIA,0,Other_Amphibian,0.2252,3221.5,1954.0,3347.7,2099.8
/srv/shared_leopard_toad/2025/Documents/06.10-13.10.2025/4Z/108MEDIA/DSCF0642.JPG,DSCF0642.JPG,4Z/108MEDIA,0,Other_Amphibian,0.2073,3220.0,1956.6,3352.7,2101.2
/srv/shared_leopard_toad/2025/Documents/06.10-13.10.2025/4Z/108MEDIA/DSCF0762.JPG,DSCF0762.JPG,4Z/108MEDIA,2,Western_Leopard_Toad,0.2283,3653.4,1647.1,3929.3,1918.1
/srv/shared_leopard_toad/2025/Documents/06.10-13.10.2025/4Z/108MEDIA/DSCF0762.JPG,DSCF0762.JPG,4Z/108MEDIA,0,Other_Amphibian,0.2172,3221.7,1955.4,3353.0,2099.9
/srv/shared_leopard_toad/2025/Documents/06.10-13.10.2025/4Z/108MEDIA/DSCF0762.JPG,DSCF0762.JPG,4Z/108MEDIA,0,Other_Amphibian,0.2158,3217.3,1955.0,3342.9,2100.6
/srv/shared_leopard_toad/2025/Documents/06.10-13.10.2025/4Z/108MEDIA/DSCF0762.JPG,DSCF0762.JPG,4Z/108MEDIA,0,Other_Amphibian,0.2133,2968.6,2480.3,3098.6,2625.0
/srv/shared_leopard_toad/2025/Documents/06.10-13.10.2025/4Z/108MEDIA/DSCF0992.JPG,DSCF0992.JPG,4Z/108MEDIA,0,Other_Amphibian,0.3239,2970.7,2472.4,3101.5,2622.3
/srv/shared_leopard_toad/2025/Documents/06.10-13.10.2025/4Z/108MEDIA/DSCF0992.JPG,DSCF0992.JPG,4Z/108MEDIA,0,Other_Amphibian,0.2647,2982.0,2458.2,3102.2,2621.4
/srv/shared_leopard_toad/2025/Documents/06.10-13.10.2025/4Z/108MEDIA/DSCF0513.JPG,DSCF0513.JPG,4Z/108MEDIA,0,Other_Amphibian,0.2659,3218.0,1955.3,3349.2,2098.7
/srv/shared_leopard_toad/2025/Documents/06.10-13.10.2025/4Z/108MEDIA/DSCF0513.JPG,DSCF0513.JPG,4Z/108MEDIA,0,Other_Amphibian,0.2369,3217.9,1956.1,3342.3,2101.0
/srv/shared_leopard_toad/2025/Documents/06.10-13.10.2025/4Z/108MEDIA/DSCF0513.JPG,DSCF0513.JPG,4Z/108MEDIA,2,Western_Leopard_Toad,0.2019,3657.8,1647.3,3928.4,1918.2
/srv/shared_leopard_toad/2025/Documents/06.10-13.10.2025/4Z/108MEDIA/DSCF0707.JPG,DSCF0707.JPG,4Z/108MEDIA,0,Other_Amphibian,0.2858,3218.4,1954.5,3351.4,2098.5
/srv/shared_leopard_toad/2025/Documents/06.10-13.10.2025/4Z/108MEDIA/DSCF0707.JPG,DSCF0707.JPG,4Z/108MEDIA,0,Other_Amphibian,0.2681,3219.0,1954.0,3346.2,2098.9
/srv/shared_leopard_toad/2025/Documents/06.10-13.10.2025/4Z/108MEDIA/DSCF0707.JPG,DSCF0707.JPG,4Z/108MEDIA,0,Other_Amphibian,0.2015,2972.7,2474.4,3104.3,2623.6
/srv/shared_leopard_toad/2025/Documents/06.10-13.10.2025/4Z/101MEDIA/DSCF0135.JPG,DSCF0135.JPG,4Z/101MEDIA,0,Other_Amphibian,0.3050,2638.3,2245.1,2788.5,2409.6
/srv/shared_leopard_toad/2025/Documents/06.10-13.10.2025/4Z/101MEDIA/DSCF0993.JPG,DSCF0993.JPG,4Z/101MEDIA,0,Other_Amphibian,0.3575,2692.5,2428.1,2822.6,2558.8
/srv/shared_leopard_toad/2025/Documents/06.10-13.10.2025/4Z/101MEDIA/DSCF0993.JPG,DSCF0993.JPG,4Z/101MEDIA,0,Other_Amphibian,0.2624,2683.3,2427.0,2814.9,2563.8
/srv/shared_leopard_toad/2025/Documents/06.10-13.10.2025/4Z/101MEDIA/DSCF0993.JPG,DSCF0993.JPG,4Z/101MEDIA,0,Other_Amphibian,0.2504,2636.1,2244.5,2786.4,2413.2
/srv/shared_leopard_toad/2025/Documents/06.10-13.10.2025/4Z/101MEDIA/DSCF0537.JPG,DSCF0537.JPG,4Z/101MEDIA,0,Other_Amphibian,0.3002,2634.4,2247.2,2787.7,2412.7
/srv/shared_leopard_toad/2025/Documents/06.10-13.10.2025/4Z/101MEDIA/DSCF0012.JPG,DSCF0012.JPG,4Z/101MEDIA,0,Other_Amphibian,0.3259,2640.3,2245.4,2789.0,2408.8
/srv/shared_leopard_toad/2025/Documents/06.10-13.10.2025/4Z/101MEDIA/DSCF0488.JPG,DSCF0488.JPG,4Z/101MEDIA,0,Other_Amphibian,0.2188,2692.5,2430.2,2823.8,2561.2
/srv/shared_leopard_toad/2025/Documents/06.10-13.10.2025/4Z/101MEDIA/DSCF0488.JPG,DSCF0488.JPG,4Z/101MEDIA,0,Other_Amphibian,0.2133,2622.1,2251.2,2781.8,2419.1
/srv/shared_leopard_toad/2025/Documents/06.10-13.10.2025/4Z/101MEDIA/DSCF0541.JPG,DSCF0541.JPG,4Z/101MEDIA,0,Other_Amphibian,0.2432,2628.6,2249.9,2779.6,2417.2
/srv/shared_leopard_toad/2025/Documents/06.10-13.10.2025/4Z/101MEDIA/DSCF0519.JPG,DSCF0519.JPG,4Z/101MEDIA,0,Other_Amphibian,0.3947,2691.6,2428.2,2823.8,2563.2
/srv/shared_leopard_toad/2025/Documents/06.10-13.10.2025/4Z/101MEDIA/DSCF0519.JPG,DSCF0519.JPG,4Z/101MEDIA,0,Other_Amphibian,0.3289,2690.3,2427.2,2822.4,2568.3
/srv/shared_leopard_toad/2025/Documents/06.10-13.10.2025/4Z/101MEDIA/DSCF0519.JPG,DSCF0519.JPG,4Z/101MEDIA,0,Other_Amphibian,0.2479,2630.2,2251.1,2784.2,2414.7
/srv/shared_leopard_toad/2025/Documents/06.10-13.10.2025/4Z/101MEDIA/DSCF0589.JPG,DSCF0589.JPG,4Z/101MEDIA,0,Other_Amphibian,0.2585,2632.7,2248.9,2785.1,2412.8
/srv/shared_leopard_toad/2025/Documents/06.10-13.10.2025/4Z/101MEDIA/DSCF0466.JPG,DSCF0466.JPG,4Z/101MEDIA,0,Other_Amphibian,0.2571,2629.7,2249.9,2782.4,2416.3
/srv/shared_leopard_toad/2025/Documents/06.10-13.10.2025/4Z/101MEDIA/DSCF0911.JPG,DSCF0911.JPG,4Z/101MEDIA,0,Other_Amphibian,0.2324,2692.0,2428.3,2821.2,2558.2
/srv/shared_leopard_toad/2025/Documents/06.10-13.10.2025/4Z/101MEDIA/DSCF0911.JPG,DSCF0911.JPG,4Z/101MEDIA,0,Other_Amphibian,0.2185,2639.6,2245.8,2783.0,2409.7
/srv/shared_leopard_toad/2025/Documents/06.10-13.10.2025/4Z/101MEDIA/DSCF0215.JPG,DSCF0215.JPG,4Z/101MEDIA,0,Other_Amphibian,0.3416,2630.4,2243.3,2786.3,2410.1
/srv/shared_leopard_toad/2025/Documents/06.10-13.10.2025/4Z/101MEDIA/DSCF0173.JPG,DSCF0173.JPG,4Z/101MEDIA,0,Other_Amphibian,0.3084,2641.9,2243.4,2790.4,2409.8
/srv/shared_leopard_toad/2025/Documents/06.10-13.10.2025/4Z/101MEDIA/DSCF0279.JPG,DSCF0279.JPG,4Z/101MEDIA,0,Other_Amphibian,0.2732,2634.0,2245.8,2786.8,2410.0
/srv/shared_leopard_toad/2025/Documents/06.10-13.10.2025/4Z/101MEDIA/DSCF0464.JPG,DSCF0464.JPG,4Z/101MEDIA,0,Other_Amphibian,0.2158,2637.6,2250.8,2787.4,2414.9
/srv/shared_leopard_toad/2025/Documents/06.10-13.10.2025/4Z/101MEDIA/DSCF0455.JPG,DSCF0455.JPG,4Z/101MEDIA,0,Other_Amphibian,0.2419,2691.2,2429.7,2823.0,2565.4
/srv/shared_leopard_toad/2025/Documents/06.10-13.10.2025/4Z/101MEDIA/DSCF0001.JPG,DSCF0001.JPG,4Z/101MEDIA,0,Other_Amphibian,0.2908,2636.3,2245.1,2787.2,2408.5
/srv/shared_leopard_toad/2025/Documents/06.10-13.10.2025/4Z/101MEDIA/DSCF0407.JPG,DSCF0407.JPG,4Z/101MEDIA,0,Other_Amphibian,0.2920,5132.3,1542.5,5261.8,1723.2
/srv/shared_leopard_toad/2025/Documents/06.10-13.10.2025/4Z/101MEDIA/DSCF0922.JPG,DSCF0922.JPG,4Z/101MEDIA,0,Other_Amphibian,0.3436,2693.4,2428.4,2823.8,2558.0
/srv/shared_leopard_toad/2025/Documents/06.10-13.10.2025/4Z/101MEDIA/DSCF0922.JPG,DSCF0922.JPG,4Z/101MEDIA,0,Other_Amphibian,0.2255,2684.0,2427.4,2816.6,2562.4
/srv/shared_leopard_toad/2025/Documents/06.10-13.10.2025/4Z/101MEDIA/DSCF0922.JPG,DSCF0922.JPG,4Z/101MEDIA,0,Other_Amphibian,0.2191,2632.5,2248.0,2788.4,2413.1
/srv/shared_leopard_toad/2025/Documents/06.10-13.10.2025/4Z/101MEDIA/DSCF0678.JPG,DSCF0678.JPG,4Z/101MEDIA,0,Other_Amphibian,0.2467,2697.1,2429.0,2822.5,2559.6
/srv/shared_leopard_toad/2025/Documents/06.10-13.10.2025/4Z/101MEDIA/DSCF0678.JPG,DSCF0678.JPG,4Z/101MEDIA,0,Other_Amphibian,0.2235,2631.0,2248.7,2784.9,2414.8
/srv/shared_leopard_toad/2025/Documents/06.10-13.10.2025/4Z/101MEDIA/DSCF0651.JPG,DSCF0651.JPG,4Z/101MEDIA,0,Other_Amphibian,0.2661,2633.7,2251.0,2784.8,2414.7
/srv/shared_leopard_toad/2025/Documents/06.10-13.10.2025/4Z/101MEDIA/DSCF0651.JPG,DSCF0651.JPG,4Z/101MEDIA,0,Other_Amphibian,0.2649,2694.8,2428.5,2823.7,2561.9
/srv/shared_leopard_toad/2025/Documents/06.10-13.10.2025/4Z/101MEDIA/DSCF0514.JPG,DSCF0514.JPG,4Z/101MEDIA,0,Other_Amphibian,0.3663,2627.6,2250.2,2781.2,2414.6
/srv/shared_leopard_toad/2025/Documents/06.10-13.10.2025/4Z/101MEDIA/DSCF0767.JPG,DSCF0767.JPG,4Z/101MEDIA,0,Other_Amphibian,0.2421,2696.0,2427.7,2824.5,2561.6
/srv/shared_leopard_toad/2025/Documents/06.10-13.10.2025/4Z/101MEDIA/DSCF0767.JPG,DSCF0767.JPG,4Z/101MEDIA,0,Other_Amphibian,0.2307,2632.7,2246.8,2785.7,2411.2
/srv/shared_leopard_toad/2025/Documents/06.10-13.10.2025/4Z/101MEDIA/DSCF0774.JPG,DSCF0774.JPG,4Z/101MEDIA,0,Other_Amphibian,0.2376,2636.1,2246.8,2782.8,2412.2
/srv/shared_leopard_toad/2025/Documents/06.10-13.10.2025/4Z/101MEDIA/DSCF0298.JPG,DSCF0298.JPG,4Z/101MEDIA,0,Other_Amphibian,0.3012,2634.6,2246.2,2787.1,2409.1
/srv/shared_leopard_toad/2025/Documents/06.10-13.10.2025/4Z/101MEDIA/DSCF0784.JPG,DSCF0784.JPG,4Z/101MEDIA,0,Other_Amphibian,0.2804,2692.7,2428.1,2823.0,2560.3
/srv/shared_leopard_toad/2025/Documents/06.10-13.10.2025/4Z/101MEDIA/DSCF0784.JPG,DSCF0784.JPG,4Z/101MEDIA,0,Other_Amphibian,0.2157,2636.5,2247.7,2784.8,2410.2
/srv/shared_leopard_toad/2025/Documents/06.10-13.10.2025/4Z/101MEDIA/DSCF0933.JPG,DSCF0933.JPG,4Z/101MEDIA,0,Other_Amphibian,0.2427,2635.6,2245.9,2786.1,2411.6
/srv/shared_leopard_toad/2025/Documents/06.10-13.10.2025/4Z/101MEDIA/DSCF0933.JPG,DSCF0933.JPG,4Z/101MEDIA,0,Other_Amphibian,0.2231,2693.8,2428.2,2824.1,2560.4
/srv/shared_leopard_toad/2025/Documents/06.10-13.10.2025/4Z/101MEDIA/DSCF0543.JPG,DSCF0543.JPG,4Z/101MEDIA,0,Other_Amphibian,0.2517,2631.5,2248.5,2784.7,2415.6
/srv/shared_leopard_toad/2025/Documents/06.10-13.10.2025/4Z/101MEDIA/DSCF0325.JPG,DSCF0325.JPG,4Z/101MEDIA,0,Other_Amphibian,0.3069,2637.9,2244.6,2786.5,2408.8
/srv/shared_leopard_toad/2025/Documents/06.10-13.10.2025/4Z/101MEDIA/DSCF0325.JPG,DSCF0325.JPG,4Z/101MEDIA,0,Other_Amphibian,0.2296,2697.8,2426.4,2821.3,2553.1
/srv/shared_leopard_toad/2025/Documents/06.10-13.10.2025/4Z/101MEDIA/DSCF0107.JPG,DSCF0107.JPG,4Z/101MEDIA,0,Other_Amphibian,0.2981,2637.9,2244.7,2783.1,2406.0
/srv/shared_leopard_toad/2025/Documents/06.10-13.10.2025/4Z/101MEDIA/DSCF0562.JPG,DSCF0562.JPG,4Z/101MEDIA,0,Other_Amphibian,0.3328,2625.7,2249.4,2782.4,2416.1
/srv/shared_leopard_toad/2025/Documents/06.10-13.10.2025/4Z/101MEDIA/DSCF0562.JPG,DSCF0562.JPG,4Z/101MEDIA,0,Other_Amphibian,0.2488,2694.7,2428.2,2824.6,2563.5
/srv/shared_leopard_toad/2025/Documents/06.10-13.10.2025/4Z/101MEDIA/DSCF0446.JPG,DSCF0446.JPG,4Z/101MEDIA,2,Western_Leopard_Toad,0.5355,5066.0,9.0,5372.9,469.4
/srv/shared_leopard_toad/2025/Documents/06.10-13.10.2025/4Z/101MEDIA/DSCF0512.JPG,DSCF0512.JPG,4Z/101MEDIA,0,Other_Amphibian,0.2933,2692.1,2430.0,2823.7,2561.2
/srv/shared_leopard_toad/2025/Documents/06.10-13.10.2025/4Z/101MEDIA/DSCF0512.JPG,DSCF0512.JPG,4Z/101MEDIA,0,Other_Amphibian,0.2915,2627.6,2248.2,2784.4,2417.1
/srv/shared_leopard_toad/2025/Documents/06.10-13.10.2025/4Z/101MEDIA/DSCF0282.JPG,DSCF0282.JPG,4Z/101MEDIA,0,Other_Amphibian,0.3195,2635.3,2244.9,2788.6,2409.5
/srv/shared_leopard_toad/2025/Documents/06.10-13.10.2025/4Z/101MEDIA/DSCF0765.JPG,DSCF0765.JPG,4Z/101MEDIA,0,Other_Amphibian,0.2776,2697.0,2428.2,2824.0,2561.6
/srv/shared_leopard_toad/2025/Documents/06.10-13.10.2025/4Z/101MEDIA/DSCF0765.JPG,DSCF0765.JPG,4Z/101MEDIA,0,Other_Amphibian,0.2460,2630.8,2248.6,2784.9,2412.7
/srv/shared_leopard_toad/2025/Documents/06.10-13.10.2025/4Z/101MEDIA/DSCF0594.JPG,DSCF0594.JPG,4Z/101MEDIA,0,Other_Amphibian,0.2875,2696.4,2428.6,2822.9,2558.6
/srv/shared_leopard_toad/2025/Documents/06.10-13.10.2025/4Z/101MEDIA/DSCF0594.JPG,DSCF0594.JPG,4Z/101MEDIA,0,Other_Amphibian,0.2338,2625.4,2251.3,2782.7,2416.8
/srv/shared_leopard_toad/2025/Documents/06.10-13.10.2025/4Z/101MEDIA/DSCF0956.JPG,DSCF0956.JPG,4Z/101MEDIA,0,Other_Amphibian,0.3089,2691.4,2429.0,2820.6,2559.5
/srv/shared_leopard_toad/2025/Documents/06.10-13.10.2025/4Z/101MEDIA/DSCF0956.JPG,DSCF0956.JPG,4Z/101MEDIA,0,Other_Amphibian,0.2739,2682.3,2426.5,2812.4,2564.9
/srv/shared_leopard_toad/2025/Documents/06.10-13.10.2025/4Z/101MEDIA/DSCF0956.JPG,DSCF0956.JPG,4Z/101MEDIA,0,Other_Amphibian,0.2020,2632.0,2245.4,2786.3,2413.4
/srv/shared_leopard_toad/2025/Documents/06.10-13.10.2025/4Z/101MEDIA/DSCF0221.JPG,DSCF0221.JPG,4Z/101MEDIA,0,Other_Amphibian,0.3450,2642.8,2243.1,2789.6,2409.6
/srv/shared_leopard_toad/2025/Documents/06.10-13.10.2025/4Z/101MEDIA/DSCF0442.JPG,DSCF0442.JPG,4Z/101MEDIA,2,Western_Leopard_Toad,0.2808,5067.7,8.1,5373.0,467.1
/srv/shared_leopard_toad/2025/Documents/06.10-13.10.2025/4Z/101MEDIA/DSCF0812.JPG,DSCF0812.JPG,4Z/101MEDIA,0,Other_Amphibian,0.2640,2632.0,2244.4,2787.2,2409.7
/srv/shared_leopard_toad/2025/Documents/06.10-13.10.2025/4Z/101MEDIA/DSCF0311.JPG,DSCF0311.JPG,4Z/101MEDIA,0,Other_Amphibian,0.3342,2639.9,2242.4,2787.9,2408.8
/srv/shared_leopard_toad/2025/Documents/06.10-13.10.2025/4Z/101MEDIA/DSCF0362.JPG,DSCF0362.JPG,4Z/101MEDIA,2,Western_Leopard_Toad,0.3088,12.8,2280.2,1049.7,2862.9
/srv/shared_leopard_toad/2025/Documents/06.10-13.10.2025/4Z/101MEDIA/DSCF0362.JPG,DSCF0362.JPG,4Z/101MEDIA,2,Western_Leopard_Toad,0.2902,4676.7,1832.5,5084.6,2140.0
/srv/shared_leopard_toad/2025/Documents/06.10-13.10.2025/4Z/101MEDIA/DSCF0565.JPG,DSCF0565.JPG,4Z/101MEDIA,0,Other_Amphibian,0.2558,2628.4,2251.5,2780.3,2415.7
/srv/shared_leopard_toad/2025/Documents/06.10-13.10.2025/4Z/101MEDIA/DSCF0868.JPG,DSCF0868.JPG,4Z/101MEDIA,0,Other_Amphibian,0.3295,2620.9,2246.8,2783.1,2414.9
/srv/shared_leopard_toad/2025/Documents/06.10-13.10.2025/4Z/101MEDIA/DSCF0868.JPG,DSCF0868.JPG,4Z/101MEDIA,0,Other_Amphibian,0.2608,2691.4,2427.7,2821.8,2559.8
/srv/shared_leopard_toad/2025/Documents/06.10-13.10.2025/4Z/101MEDIA/DSCF0868.JPG,DSCF0868.JPG,4Z/101MEDIA,0,Other_Amphibian,0.2084,2681.8,2425.1,2814.5,2566.8
/srv/shared_leopard_toad/2025/Documents/06.10-13.10.2025/4Z/101MEDIA/DSCF0668.JPG,DSCF0668.JPG,4Z/101MEDIA,0,Other_Amphibian,0.2168,2693.2,2428.3,2824.1,2564.4
/srv/shared_leopard_toad/2025/Documents/06.10-13.10.2025/4Z/101MEDIA/DSCF0187.JPG,DSCF0187.JPG,4Z/101MEDIA,0,Other_Amphibian,0.2139,2637.8,2245.2,2787.5,2409.5
/srv/shared_leopard_toad/2025/Documents/06.10-13.10.2025/4Z/101MEDIA/DSCF0061.JPG,DSCF0061.JPG,4Z/101MEDIA,0,Other_Amphibian,0.4212,2639.4,2245.4,2788.6,2407.6
/srv/shared_leopard_toad/2025/Documents/06.10-13.10.2025/4Z/101MEDIA/DSCF0980.JPG,DSCF0980.JPG,4Z/101MEDIA,0,Other_Amphibian,0.4028,2691.7,2428.7,2823.1,2557.9
/srv/shared_leopard_toad/2025/Documents/06.10-13.10.2025/4Z/101MEDIA/DSCF0980.JPG,DSCF0980.JPG,4Z/101MEDIA,0,Other_Amphibian,0.3793,2689.6,2427.4,2821.2,2562.4
/srv/shared_leopard_toad/2025/Documents/06.10-13.10.2025/4Z/101MEDIA/DSCF0752.JPG,DSCF0752.JPG,4Z/101MEDIA,0,Other_Amphibian,0.3487,2694.8,2428.2,2823.5,2557.4
/srv/shared_leopard_toad/2025/Documents/06.10-13.10.2025/4Z/101MEDIA/DSCF0752.JPG,DSCF0752.JPG,4Z/101MEDIA,0,Other_Amphibian,0.3053,2626.4,2246.6,2784.4,2413.5
/srv/shared_leopard_toad/2025/Documents/06.10-13.10.2025/4Z/101MEDIA/DSCF0193.JPG,DSCF0193.JPG,4Z/101MEDIA,0,Other_Amphibian,0.2426,2634.7,2245.5,2785.8,2409.8
/srv/shared_leopard_toad/2025/Documents/06.10-13.10.2025/4Z/101MEDIA/DSCF0640.JPG,DSCF0640.JPG,4Z/101MEDIA,0,Other_Amphibian,0.2679,2637.7,2249.0,2786.6,2413.0
/srv/shared_leopard_toad/2025/Documents/06.10-13.10.2025/4Z/101MEDIA/DSCF0734.JPG,DSCF0734.JPG,4Z/101MEDIA,0,Other_Amphibian,0.2981,2694.1,2427.7,2822.8,2558.1
/srv/shared_leopard_toad/2025/Documents/06.10-13.10.2025/4Z/101MEDIA/DSCF0518.JPG,DSCF0518.JPG,4Z/101MEDIA,0,Other_Amphibian,0.2141,2640.2,2251.5,2787.5,2414.6
/srv/shared_leopard_toad/2025/Documents/06.10-13.10.2025/4Z/101MEDIA/DSCF0777.JPG,DSCF0777.JPG,4Z/101MEDIA,0,Other_Amphibian,0.2887,2629.5,2246.8,2783.2,2411.9
/srv/shared_leopard_toad/2025/Documents/06.10-13.10.2025/4Z/101MEDIA/DSCF0167.JPG,DSCF0167.JPG,4Z/101MEDIA,0,Other_Amphibian,0.2909,2638.1,2245.2,2786.7,2409.6
/srv/shared_leopard_toad/2025/Documents/06.10-13.10.2025/4Z/101MEDIA/DSCF0273.JPG,DSCF0273.JPG,4Z/101MEDIA,0,Other_Amphibian,0.2750,2632.3,2244.0,2787.4,2411.9
/srv/shared_leopard_toad/2025/Documents/06.10-13.10.2025/4Z/101MEDIA/DSCF0038.JPG,DSCF0038.JPG,4Z/101MEDIA,0,Other_Amphibian,0.2531,2643.5,2247.2,2787.5,2409.6
/srv/shared_leopard_toad/2025/Documents/06.10-13.10.2025/4Z/101MEDIA/DSCF0891.JPG,DSCF0891.JPG,4Z/101MEDIA,0,Other_Amphibian,0.2941,2635.6,2243.8,2783.8,2410.4
/srv/shared_leopard_toad/2025/Documents/06.10-13.10.2025/4Z/101MEDIA/DSCF0891.JPG,DSCF0891.JPG,4Z/101MEDIA,0,Other_Amphibian,0.2467,2694.4,2429.7,2823.9,2560.4
/srv/shared_leopard_toad/2025/Documents/06.10-13.10.2025/4Z/101MEDIA/DSCF0636.JPG,DSCF0636.JPG,4Z/101MEDIA,0,Other_Amphibian,0.2643,2636.1,2249.1,2785.5,2413.5
/srv/shared_leopard_toad/2025/Documents/06.10-13.10.2025/4Z/101MEDIA/DSCF0089.JPG,DSCF0089.JPG,4Z/101MEDIA,0,Other_Amphibian,0.3215,2637.4,2243.1,2789.5,2407.8
/srv/shared_leopard_toad/2025/Documents/06.10-13.10.2025/4Z/101MEDIA/DSCF0827.JPG,DSCF0827.JPG,4Z/101MEDIA,0,Other_Amphibian,0.2500,2694.0,2428.1,2822.2,2562.5
/srv/shared_leopard_toad/2025/Documents/06.10-13.10.2025/4Z/101MEDIA/DSCF0827.JPG,DSCF0827.JPG,4Z/101MEDIA,0,Other_Amphibian,0.2062,2632.5,2244.8,2781.9,2412.1
/srv/shared_leopard_toad/2025/Documents/06.10-13.10.2025/4Z/101MEDIA/DSCF0560.JPG,DSCF0560.JPG,4Z/101MEDIA,0,Other_Amphibian,0.2476,2632.2,2247.6,2785.1,2414.3
/srv/shared_leopard_toad/2025/Documents/06.10-13.10.2025/4Z/101MEDIA/DSCF0560.JPG,DSCF0560.JPG,4Z/101MEDIA,0,Other_Amphibian,0.2202,2697.7,2430.0,2822.8,2558.3
/srv/shared_leopard_toad/2025/Documents/06.10-13.10.2025/4Z/101MEDIA/DSCF0802.JPG,DSCF0802.JPG,4Z/101MEDIA,0,Other_Amphibian,0.2636,2630.8,2246.4,2786.7,2412.1
/srv/shared_leopard_toad/2025/Documents/06.10-13.10.2025/4Z/101MEDIA/DSCF0802.JPG,DSCF0802.JPG,4Z/101MEDIA,0,Other_Amphibian,0.2346,2693.1,2427.5,2822.3,2562.1
/srv/shared_leopard_toad/2025/Documents/06.10-13.10.2025/4Z/101MEDIA/DSCF0720.JPG,DSCF0720.JPG,4Z/101MEDIA,0,Other_Amphibian,0.2903,2695.0,2428.6,2824.3,2560.8
/srv/shared_leopard_toad/2025/Documents/06.10-13.10.2025/4Z/101MEDIA/DSCF0720.JPG,DSCF0720.JPG,4Z/101MEDIA,0,Other_Amphibian,0.2440,2635.0,2248.4,2786.0,2413.1
/srv/shared_leopard_toad/2025/Documents/06.10-13.10.2025/4Z/101MEDIA/DSCF0164.JPG,DSCF0164.JPG,4Z/101MEDIA,0,Other_Amphibian,0.3243,2635.2,2245.2,2787.3,2409.0
/srv/shared_leopard_toad/2025/Documents/06.10-13.10.2025/4Z/101MEDIA/DSCF0983.JPG,DSCF0983.JPG,4Z/101MEDIA,0,Other_Amphibian,0.3887,2689.2,2428.4,2823.5,2560.0
/srv/shared_leopard_toad/2025/Documents/06.10-13.10.2025/4Z/101MEDIA/DSCF0983.JPG,DSCF0983.JPG,4Z/101MEDIA,0,Other_Amphibian,0.3570,2685.5,2427.0,2818.3,2563.2
/srv/shared_leopard_toad/2025/Documents/06.10-13.10.2025/4Z/101MEDIA/DSCF0336.JPG,DSCF0336.JPG,4Z/101MEDIA,0,Other_Amphibian,0.3532,2631.0,2244.8,2787.2,2408.2
/srv/shared_leopard_toad/2025/Documents/06.10-13.10.2025/4Z/101MEDIA/DSCF0458.JPG,DSCF0458.JPG,4Z/101MEDIA,0,Other_Amphibian,0.2708,2630.7,2251.2,2782.0,2415.0
/srv/shared_leopard_toad/2025/Documents/06.10-13.10.2025/4Z/101MEDIA/DSCF0344.JPG,DSCF0344.JPG,4Z/101MEDIA,0,Other_Amphibian,0.2612,2642.5,2244.7,2789.6,2408.2
/srv/shared_leopard_toad/2025/Documents/06.10-13.10.2025/4Z/101MEDIA/DSCF0194.JPG,DSCF0194.JPG,4Z/101MEDIA,0,Other_Amphibian,0.3578,2636.1,2244.9,2785.4,2408.6
/srv/shared_leopard_toad/2025/Documents/06.10-13.10.2025/4Z/101MEDIA/DSCF0712.JPG,DSCF0712.JPG,4Z/101MEDIA,0,Other_Amphibian,0.3127,2694.2,2427.8,2822.7,2562.3
/srv/shared_leopard_toad/2025/Documents/06.10-13.10.2025/4Z/101MEDIA/DSCF0712.JPG,DSCF0712.JPG,4Z/101MEDIA,0,Other_Amphibian,0.2600,2626.4,2250.1,2780.9,2415.2
/srv/shared_leopard_toad/2025/Documents/06.10-13.10.2025/4Z/101MEDIA/DSCF0712.JPG,DSCF0712.JPG,4Z/101MEDIA,0,Other_Amphibian,0.2278,2683.6,2425.4,2811.5,2566.1
/srv/shared_leopard_toad/2025/Documents/06.10-13.10.2025/4Z/101MEDIA/DSCF0501.JPG,DSCF0501.JPG,4Z/101MEDIA,0,Other_Amphibian,0.2713,2686.0,2428.4,2823.2,2565.3
/srv/shared_leopard_toad/2025/Documents/06.10-13.10.2025/4Z/101MEDIA/DSCF0501.JPG,DSCF0501.JPG,4Z/101MEDIA,0,Other_Amphibian,0.2287,2679.9,2427.7,2818.2,2572.3
/srv/shared_leopard_toad/2025/Documents/06.10-13.10.2025/4Z/101MEDIA/DSCF0233.JPG,DSCF0233.JPG,4Z/101MEDIA,0,Other_Amphibian,0.2554,2633.2,2245.5,2788.0,2410.2
/srv/shared_leopard_toad/2025/Documents/06.10-13.10.2025/4Z/101MEDIA/DSCF0489.JPG,DSCF0489.JPG,4Z/101MEDIA,0,Other_Amphibian,0.3808,2626.3,2248.0,2784.1,2416.4
/srv/shared_leopard_toad/2025/Documents/06.10-13.10.2025/4Z/101MEDIA/DSCF0553.JPG,DSCF0553.JPG,4Z/101MEDIA,0,Other_Amphibian,0.2467,2626.6,2250.5,2783.8,2415.4
/srv/shared_leopard_toad/2025/Documents/06.10-13.10.2025/4Z/101MEDIA/DSCF0553.JPG,DSCF0553.JPG,4Z/101MEDIA,0,Other_Amphibian,0.2065,2692.6,2429.0,2823.3,2562.0
/srv/shared_leopard_toad/2025/Documents/06.10-13.10.2025/4Z/101MEDIA/DSCF0077.JPG,DSCF0077.JPG,4Z/101MEDIA,0,Other_Amphibian,0.3286,2628.4,2244.7,2785.3,2410.7
/srv/shared_leopard_toad/2025/Documents/06.10-13.10.2025/4Z/101MEDIA/DSCF0350.JPG,DSCF0350.JPG,4Z/101MEDIA,0,Other_Amphibian,0.2539,2644.8,2244.3,2785.3,2406.0
/srv/shared_leopard_toad/2025/Documents/06.10-13.10.2025/4Z/101MEDIA/DSCF0185.JPG,DSCF0185.JPG,4Z/101MEDIA,0,Other_Amphibian,0.3986,2639.5,2244.6,2789.2,2408.5
/srv/shared_leopard_toad/2025/Documents/06.10-13.10.2025/4Z/101MEDIA/DSCF0539.JPG,DSCF0539.JPG,4Z/101MEDIA,0,Other_Amphibian,0.2453,2639.4,2247.4,2786.8,2413.6
/srv/shared_leopard_toad/2025/Documents/06.10-13.10.2025/4Z/101MEDIA/DSCF0539.JPG,DSCF0539.JPG,4Z/101MEDIA,0,Other_Amphibian,0.2372,2692.8,2430.1,2823.0,2561.2
/srv/shared_leopard_toad/2025/Documents/06.10-13.10.2025/4Z/101MEDIA/DSCF0051.JPG,DSCF0051.JPG,4Z/101MEDIA,0,Other_Amphibian,0.3626,2631.9,2247.1,2785.7,2409.5
/srv/shared_leopard_toad/2025/Documents/06.10-13.10.2025/4Z/101MEDIA/DSCF0286.JPG,DSCF0286.JPG,4Z/101MEDIA,0,Other_Amphibian,0.3035,2635.9,2244.3,2788.4,2409.2
/srv/shared_leopard_toad/2025/Documents/06.10-13.10.2025/4Z/101MEDIA/DSCF0429.JPG,DSCF0429.JPG,4Z/101MEDIA,2,Western_Leopard_Toad,0.3457,5059.3,7.4,5373.5,472.0
/srv/shared_leopard_toad/2025/Documents/06.10-13.10.2025/4Z/101MEDIA/DSCF0429.JPG,DSCF0429.JPG,4Z/101MEDIA,2,Western_Leopard_Toad,0.2449,4672.7,1813.7,5355.0,2854.3
/srv/shared_leopard_toad/2025/Documents/06.10-13.10.2025/4Z/101MEDIA/DSCF0431.JPG,DSCF0431.JPG,4Z/101MEDIA,2,Western_Leopard_Toad,0.2022,5078.5,1531.3,5364.0,1825.9
/srv/shared_leopard_toad/2025/Documents/06.10-13.10.2025/4Z/101MEDIA/DSCF0834.JPG,DSCF0834.JPG,4Z/101MEDIA,0,Other_Amphibian,0.2871,2688.4,2428.3,2824.4,2564.0
/srv/shared_leopard_toad/2025/Documents/06.10-13.10.2025/4Z/101MEDIA/DSCF0834.JPG,DSCF0834.JPG,4Z/101MEDIA,0,Other_Amphibian,0.2591,2683.0,2427.2,2817.2,2570.7
/srv/shared_leopard_toad/2025/Documents/06.10-13.10.2025/4Z/101MEDIA/DSCF0822.JPG,DSCF0822.JPG,4Z/101MEDIA,0,Other_Amphibian,0.3513,2689.2,2428.3,2823.4,2562.4
/srv/shared_leopard_toad/2025/Documents/06.10-13.10.2025/4Z/101MEDIA/DSCF0822.JPG,DSCF0822.JPG,4Z/101MEDIA,0,Other_Amphibian,0.3332,2686.6,2426.8,2821.7,2569.3
/srv/shared_leopard_toad/2025/Documents/06.10-13.10.2025/4Z/101MEDIA/DSCF0792.JPG,DSCF0792.JPG,4Z/101MEDIA,0,Other_Amphibian,0.2583,2691.2,2428.1,2822.7,2560.7
/srv/shared_leopard_toad/2025/Documents/06.10-13.10.2025/4Z/101MEDIA/DSCF0807.JPG,DSCF0807.JPG,4Z/101MEDIA,0,Other_Amphibian,0.2791,2631.1,2246.0,2782.7,2410.5
/srv/shared_leopard_toad/2025/Documents/06.10-13.10.2025/4Z/101MEDIA/DSCF0341.JPG,DSCF0341.JPG,4Z/101MEDIA,0,Other_Amphibian,0.2415,2636.0,2245.0,2786.9,2409.2
/srv/shared_leopard_toad/2025/Documents/06.10-13.10.2025/4Z/101MEDIA/DSCF0304.JPG,DSCF0304.JPG,4Z/101MEDIA,0,Other_Amphibian,0.2801,2641.1,2243.7,2788.3,2409.6
/srv/shared_leopard_toad/2025/Documents/06.10-13.10.2025/4Z/101MEDIA/DSCF0304.JPG,DSCF0304.JPG,4Z/101MEDIA,0,Other_Amphibian,0.2283,2688.6,2427.3,2822.9,2556.9
/srv/shared_leopard_toad/2025/Documents/06.10-13.10.2025/4Z/101MEDIA/DSCF0507.JPG,DSCF0507.JPG,4Z/101MEDIA,0,Other_Amphibian,0.2679,2622.3,2251.0,2779.3,2417.4
/srv/shared_leopard_toad/2025/Documents/06.10-13.10.2025/4Z/101MEDIA/DSCF0507.JPG,DSCF0507.JPG,4Z/101MEDIA,0,Other_Amphibian,0.2021,2692.6,2429.2,2823.1,2564.5
/srv/shared_leopard_toad/2025/Documents/06.10-13.10.2025/4Z/101MEDIA/DSCF0681.JPG,DSCF0681.JPG,4Z/101MEDIA,0,Other_Amphibian,0.3448,2625.4,2248.4,2783.8,2414.1
/srv/shared_leopard_toad/2025/Documents/06.10-13.10.2025/4Z/101MEDIA/DSCF0592.JPG,DSCF0592.JPG,4Z/101MEDIA,0,Other_Amphibian,0.2473,2626.1,2251.2,2782.9,2418.1
/srv/shared_leopard_toad/2025/Documents/06.10-13.10.2025/4Z/101MEDIA/DSCF0574.JPG,DSCF0574.JPG,4Z/101MEDIA,0,Other_Amphibian,0.2586,2692.4,2428.0,2823.7,2562.3
/srv/shared_leopard_toad/2025/Documents/06.10-13.10.2025/4Z/101MEDIA/DSCF0574.JPG,DSCF0574.JPG,4Z/101MEDIA,0,Other_Amphibian,0.2076,2628.7,2250.5,2783.4,2416.6
/srv/shared_leopard_toad/2025/Documents/06.10-13.10.2025/4Z/101MEDIA/DSCF0574.JPG,DSCF0574.JPG,4Z/101MEDIA,0,Other_Amphibian,0.2068,2684.1,2426.0,2815.8,2568.6
/srv/shared_leopard_toad/2025/Documents/06.10-13.10.2025/4Z/101MEDIA/DSCF0795.JPG,DSCF0795.JPG,4Z/101MEDIA,0,Other_Amphibian,0.3622,2691.8,2427.6,2823.7,2560.3
/srv/shared_leopard_toad/2025/Documents/06.10-13.10.2025/4Z/101MEDIA/DSCF0795.JPG,DSCF0795.JPG,4Z/101MEDIA,0,Other_Amphibian,0.2856,2685.3,2426.4,2815.7,2565.1
/srv/shared_leopard_toad/2025/Documents/06.10-13.10.2025/4Z/101MEDIA/DSCF0266.JPG,DSCF0266.JPG,4Z/101MEDIA,0,Other_Amphibian,0.2015,2692.6,2425.3,2820.1,2554.5
/srv/shared_leopard_toad/2025/Documents/06.10-13.10.2025/4Z/101MEDIA/DSCF0003.JPG,DSCF0003.JPG,4Z/101MEDIA,0,Other_Amphibian,0.3001,2638.8,2245.4,2787.8,2408.5
/srv/shared_leopard_toad/2025/Documents/06.10-13.10.2025/4Z/101MEDIA/DSCF0207.JPG,DSCF0207.JPG,4Z/101MEDIA,0,Other_Amphibian,0.2909,2640.3,2244.7,2785.2,2409.1
/srv/shared_leopard_toad/2025/Documents/06.10-13.10.2025/4Z/101MEDIA/DSCF0780.JPG,DSCF0780.JPG,4Z/101MEDIA,0,Other_Amphibian,0.3194,2699.3,2427.0,2823.3,2559.1
/srv/shared_leopard_toad/2025/Documents/06.10-13.10.2025/4Z/101MEDIA/DSCF0986.JPG,DSCF0986.JPG,4Z/101MEDIA,0,Other_Amphibian,0.2574,2634.7,2247.1,2788.8,2412.1
/srv/shared_leopard_toad/2025/Documents/06.10-13.10.2025/4Z/101MEDIA/DSCF0986.JPG,DSCF0986.JPG,4Z/101MEDIA,0,Other_Amphibian,0.2362,2695.2,2428.2,2820.7,2556.3
/srv/shared_leopard_toad/2025/Documents/06.10-13.10.2025/4Z/101MEDIA/DSCF0981.JPG,DSCF0981.JPG,4Z/101MEDIA,0,Other_Amphibian,0.3252,2688.1,2427.9,2822.3,2560.3
/srv/shared_leopard_toad/2025/Documents/06.10-13.10.2025/4Z/101MEDIA/DSCF0981.JPG,DSCF0981.JPG,4Z/101MEDIA,0,Other_Amphibian,0.2594,2679.3,2426.7,2811.8,2563.8
/srv/shared_leopard_toad/2025/Documents/06.10-13.10.2025/4Z/101MEDIA/DSCF0895.JPG,DSCF0895.JPG,4Z/101MEDIA,0,Other_Amphibian,0.3463,2689.7,2427.5,2824.2,2560.2
/srv/shared_leopard_toad/2025/Documents/06.10-13.10.2025/4Z/101MEDIA/DSCF0895.JPG,DSCF0895.JPG,4Z/101MEDIA,0,Other_Amphibian,0.2841,2682.8,2426.3,2818.1,2563.9
/srv/shared_leopard_toad/2025/Documents/06.10-13.10.2025/4Z/101MEDIA/DSCF0490.JPG,DSCF0490.JPG,4Z/101MEDIA,0,Other_Amphibian,0.3146,2634.7,2248.8,2785.1,2413.5
/srv/shared_leopard_toad/2025/Documents/06.10-13.10.2025/4Z/101MEDIA/DSCF0490.JPG,DSCF0490.JPG,4Z/101MEDIA,0,Other_Amphibian,0.2492,2694.2,2429.1,2822.8,2562.1
/srv/shared_leopard_toad/2025/Documents/06.10-13.10.2025/4Z/101MEDIA/DSCF0490.JPG,DSCF0490.JPG,4Z/101MEDIA,0,Other_Amphibian,0.2030,2635.0,2255.9,2784.5,2415.4
/srv/shared_leopard_toad/2025/Documents/06.10-13.10.2025/4Z/101MEDIA/DSCF0422.JPG,DSCF0422.JPG,4Z/101MEDIA,2,Western_Leopard_Toad,0.2276,4884.2,2377.1,5368.8,2865.6
/srv/shared_leopard_toad/2025/Documents/06.10-13.10.2025/4Z/101MEDIA/DSCF0817.JPG,DSCF0817.JPG,4Z/101MEDIA,0,Other_Amphibian,0.3100,2634.9,2243.8,2784.7,2409.3
/srv/shared_leopard_toad/2025/Documents/06.10-13.10.2025/4Z/101MEDIA/DSCF0817.JPG,DSCF0817.JPG,4Z/101MEDIA,0,Other_Amphibian,0.2407,2693.2,2429.4,2824.4,2563.7
/srv/shared_leopard_toad/2025/Documents/06.10-13.10.2025/4Z/101MEDIA/DSCF0817.JPG,DSCF0817.JPG,4Z/101MEDIA,0,Other_Amphibian,0.2088,2682.9,2426.6,2815.3,2568.0
/srv/shared_leopard_toad/2025/Documents/06.10-13.10.2025/4Z/101MEDIA/DSCF0649.JPG,DSCF0649.JPG,4Z/101MEDIA,0,Other_Amphibian,0.3851,2695.2,2428.5,2824.0,2561.4
/srv/shared_leopard_toad/2025/Documents/06.10-13.10.2025/4Z/101MEDIA/DSCF0649.JPG,DSCF0649.JPG,4Z/101MEDIA,0,Other_Amphibian,0.2713,2685.8,2427.5,2814.7,2564.4
/srv/shared_leopard_toad/2025/Documents/06.10-13.10.2025/4Z/101MEDIA/DSCF0649.JPG,DSCF0649.JPG,4Z/101MEDIA,0,Other_Amphibian,0.2029,2631.0,2250.1,2786.4,2416.6
/srv/shared_leopard_toad/2025/Documents/06.10-13.10.2025/4Z/101MEDIA/DSCF0912.JPG,DSCF0912.JPG,4Z/101MEDIA,0,Other_Amphibian,0.3496,2693.4,2428.1,2823.0,2557.7
/srv/shared_leopard_toad/2025/Documents/06.10-13.10.2025/4Z/101MEDIA/DSCF0912.JPG,DSCF0912.JPG,4Z/101MEDIA,0,Other_Amphibian,0.2504,2684.6,2426.5,2814.5,2560.8
/srv/shared_leopard_toad/2025/Documents/06.10-13.10.2025/4Z/101MEDIA/DSCF0899.JPG,DSCF0899.JPG,4Z/101MEDIA,0,Other_Amphibian,0.3549,2693.3,2427.2,2823.6,2561.4
/srv/shared_leopard_toad/2025/Documents/06.10-13.10.2025/4Z/101MEDIA/DSCF0899.JPG,DSCF0899.JPG,4Z/101MEDIA,0,Other_Amphibian,0.3016,2684.6,2425.7,2815.3,2566.2
/srv/shared_leopard_toad/2025/Documents/06.10-13.10.2025/4Z/101MEDIA/DSCF0899.JPG,DSCF0899.JPG,4Z/101MEDIA,0,Other_Amphibian,0.2496,2625.5,2248.8,2782.5,2413.7
/srv/shared_leopard_toad/2025/Documents/06.10-13.10.2025/4Z/101MEDIA/DSCF0759.JPG,DSCF0759.JPG,4Z/101MEDIA,0,Other_Amphibian,0.3104,2695.0,2428.6,2823.1,2559.0
/srv/shared_leopard_toad/2025/Documents/06.10-13.10.2025/4Z/101MEDIA/DSCF0759.JPG,DSCF0759.JPG,4Z/101MEDIA,0,Other_Amphibian,0.2270,2631.5,2249.7,2783.3,2414.4
/srv/shared_leopard_toad/2025/Documents/06.10-13.10.2025/4Z/101MEDIA/DSCF0476.JPG,DSCF0476.JPG,4Z/101MEDIA,0,Other_Amphibian,0.3924,2616.8,2250.0,2781.0,2417.2
/srv/shared_leopard_toad/2025/Documents/06.10-13.10.2025/4Z/101MEDIA/DSCF0713.JPG,DSCF0713.JPG,4Z/101MEDIA,0,Other_Amphibian,0.2851,2696.0,2427.3,2822.5,2561.6
/srv/shared_leopard_toad/2025/Documents/06.10-13.10.2025/4Z/101MEDIA/DSCF0699.JPG,DSCF0699.JPG,4Z/101MEDIA,0,Other_Amphibian,0.3184,2633.3,2247.1,2784.7,2411.8
/srv/shared_leopard_toad/2025/Documents/06.10-13.10.2025/4Z/101MEDIA/DSCF0699.JPG,DSCF0699.JPG,4Z/101MEDIA,0,Other_Amphibian,0.3111,2689.8,2428.5,2822.6,2562.8
/srv/shared_leopard_toad/2025/Documents/06.10-13.10.2025/4Z/101MEDIA/DSCF0699.JPG,DSCF0699.JPG,4Z/101MEDIA,0,Other_Amphibian,0.2375,2679.9,2426.8,2813.6,2567.7
/srv/shared_leopard_toad/2025/Documents/06.10-13.10.2025/4Z/101MEDIA/DSCF0566.JPG,DSCF0566.JPG,4Z/101MEDIA,0,Other_Amphibian,0.2976,2625.6,2248.1,2782.2,2415.7
/srv/shared_leopard_toad/2025/Documents/06.10-13.10.2025/4Z/101MEDIA/DSCF0566.JPG,DSCF0566.JPG,4Z/101MEDIA,0,Other_Amphibian,0.2106,2692.2,2429.9,2824.2,2562.0
/srv/shared_leopard_toad/2025/Documents/06.10-13.10.2025/4Z/101MEDIA/DSCF0559.JPG,DSCF0559.JPG,4Z/101MEDIA,0,Other_Amphibian,0.2345,2696.7,2429.7,2824.3,2562.3
/srv/shared_leopard_toad/2025/Documents/06.10-13.10.2025/4Z/101MEDIA/DSCF0445.JPG,DSCF0445.JPG,4Z/101MEDIA,2,Western_Leopard_Toad,0.6657,3629.9,1661.1,3925.6,1935.7
/srv/shared_leopard_toad/2025/Documents/06.10-13.10.2025/4Z/101MEDIA/DSCF0656.JPG,DSCF0656.JPG,4Z/101MEDIA,0,Other_Amphibian,0.2272,2635.9,2248.8,2786.0,2414.1
/srv/shared_leopard_toad/2025/Documents/06.10-13.10.2025/4Z/101MEDIA/DSCF0994.JPG,DSCF0994.JPG,4Z/101MEDIA,0,Other_Amphibian,0.3490,2688.4,2428.0,2823.0,2558.4
/srv/shared_leopard_toad/2025/Documents/06.10-13.10.2025/4Z/101MEDIA/DSCF0994.JPG,DSCF0994.JPG,4Z/101MEDIA,0,Other_Amphibian,0.3274,2635.9,2245.6,2789.6,2411.9
/srv/shared_leopard_toad/2025/Documents/06.10-13.10.2025/4Z/101MEDIA/DSCF0994.JPG,DSCF0994.JPG,4Z/101MEDIA,0,Other_Amphibian,0.2539,2679.2,2426.1,2812.6,2560.7
/srv/shared_leopard_toad/2025/Documents/06.10-13.10.2025/4Z/101MEDIA/DSCF0366.JPG,DSCF0366.JPG,4Z/101MEDIA,2,Western_Leopard_Toad,0.2091,11.6,2276.5,1018.6,2859.2
/srv/shared_leopard_toad/2025/Documents/06.10-13.10.2025/4Z/101MEDIA/DSCF0439.JPG,DSCF0439.JPG,4Z/101MEDIA,2,Western_Leopard_Toad,0.2793,4665.2,1831.5,5355.5,2853.4
/srv/shared_leopard_toad/2025/Documents/06.10-13.10.2025/4Z/101MEDIA/DSCF0755.JPG,DSCF0755.JPG,4Z/101MEDIA,0,Other_Amphibian,0.2172,2641.4,2246.4,2784.7,2409.4
/srv/shared_leopard_toad/2025/Documents/06.10-13.10.2025/4Z/101MEDIA/DSCF0755.JPG,DSCF0755.JPG,4Z/101MEDIA,0,Other_Amphibian,0.2069,2698.0,2427.6,2821.8,2560.8
/srv/shared_leopard_toad/2025/Documents/06.10-13.10.2025/4Z/101MEDIA/DSCF0067.JPG,DSCF0067.JPG,4Z/101MEDIA,0,Other_Amphibian,0.3172,2638.4,2244.8,2787.3,2408.3
/srv/shared_leopard_toad/2025/Documents/06.10-13.10.2025/4Z/101MEDIA/DSCF0372.JPG,DSCF0372.JPG,4Z/101MEDIA,2,Western_Leopard_Toad,0.2364,14.6,2299.5,1038.0,2860.8
/srv/shared_leopard_toad/2025/Documents/06.10-13.10.2025/4Z/101MEDIA/DSCF0372.JPG,DSCF0372.JPG,4Z/101MEDIA,2,Western_Leopard_Toad,0.2057,4698.4,1802.8,5080.0,2132.8
/srv/shared_leopard_toad/2025/Documents/06.10-13.10.2025/4Z/101MEDIA/DSCF0250.JPG,DSCF0250.JPG,4Z/101MEDIA,0,Other_Amphibian,0.2698,2640.0,2245.6,2790.4,2409.6
/srv/shared_leopard_toad/2025/Documents/06.10-13.10.2025/4Z/101MEDIA/DSCF0342.JPG,DSCF0342.JPG,4Z/101MEDIA,0,Other_Amphibian,0.2526,2639.7,2246.0,2788.2,2410.9
/srv/shared_leopard_toad/2025/Documents/06.10-13.10.2025/4Z/101MEDIA/DSCF0979.JPG,DSCF0979.JPG,4Z/101MEDIA,0,Other_Amphibian,0.3491,2689.2,2429.0,2820.6,2559.4
/srv/shared_leopard_toad/2025/Documents/06.10-13.10.2025/4Z/101MEDIA/DSCF0979.JPG,DSCF0979.JPG,4Z/101MEDIA,0,Other_Amphibian,0.2701,2682.6,2427.0,2813.7,2565.0
/srv/shared_leopard_toad/2025/Documents/06.10-13.10.2025/4Z/101MEDIA/DSCF0979.JPG,DSCF0979.JPG,4Z/101MEDIA,0,Other_Amphibian,0.2692,2631.0,2244.4,2782.8,2409.3
/srv/shared_leopard_toad/2025/Documents/06.10-13.10.2025/4Z/101MEDIA/DSCF0305.JPG,DSCF0305.JPG,4Z/101MEDIA,0,Other_Amphibian,0.2878,2636.1,2244.4,2788.2,2408.9
/srv/shared_leopard_toad/2025/Documents/06.10-13.10.2025/4Z/101MEDIA/DSCF0305.JPG,DSCF0305.JPG,4Z/101MEDIA,0,Other_Amphibian,0.2003,2689.9,2427.3,2818.9,2554.3
/srv/shared_leopard_toad/2025/Documents/06.10-13.10.2025/4Z/101MEDIA/DSCF0880.JPG,DSCF0880.JPG,4Z/101MEDIA,0,Other_Amphibian,0.2202,2638.9,2246.4,2786.9,2410.7
/srv/shared_leopard_toad/2025/Documents/06.10-13.10.2025/4Z/101MEDIA/DSCF0938.JPG,DSCF0938.JPG,4Z/101MEDIA,0,Other_Amphibian,0.3543,2693.3,2427.7,2822.6,2557.6
/srv/shared_leopard_toad/2025/Documents/06.10-13.10.2025/4Z/101MEDIA/DSCF0938.JPG,DSCF0938.JPG,4Z/101MEDIA,0,Other_Amphibian,0.2804,2633.7,2245.2,2786.3,2411.1
/srv/shared_leopard_toad/2025/Documents/06.10-13.10.2025/4Z/101MEDIA/DSCF0938.JPG,DSCF0938.JPG,4Z/101MEDIA,0,Other_Amphibian,0.2445,2683.2,2425.8,2812.9,2560.3
/srv/shared_leopard_toad/2025/Documents/06.10-13.10.2025/4Z/101MEDIA/DSCF0033.JPG,DSCF0033.JPG,4Z/101MEDIA,0,Other_Amphibian,0.3409,2637.2,2246.7,2786.1,2408.1
/srv/shared_leopard_toad/2025/Documents/06.10-13.10.2025/4Z/101MEDIA/DSCF0487.JPG,DSCF0487.JPG,4Z/101MEDIA,0,Other_Amphibian,0.3142,2630.4,2249.8,2781.1,2413.7
/srv/shared_leopard_toad/2025/Documents/06.10-13.10.2025/4Z/101MEDIA/DSCF0709.JPG,DSCF0709.JPG,4Z/101MEDIA,0,Other_Amphibian,0.3183,2692.4,2429.0,2823.3,2561.0
/srv/shared_leopard_toad/2025/Documents/06.10-13.10.2025/4Z/101MEDIA/DSCF0709.JPG,DSCF0709.JPG,4Z/101MEDIA,0,Other_Amphibian,0.2428,2634.3,2248.7,2784.3,2414.5
/srv/shared_leopard_toad/2025/Documents/06.10-13.10.2025/4Z/101MEDIA/DSCF0709.JPG,DSCF0709.JPG,4Z/101MEDIA,0,Other_Amphibian,0.2238,2682.7,2427.8,2815.5,2565.9
/srv/shared_leopard_toad/2025/Documents/06.10-13.10.2025/4Z/101MEDIA/DSCF0168.JPG,DSCF0168.JPG,4Z/101MEDIA,0,Other_Amphibian,0.2434,2626.9,2244.0,2784.0,2408.5
/srv/shared_leopard_toad/2025/Documents/06.10-13.10.2025/4Z/101MEDIA/DSCF0670.JPG,DSCF0670.JPG,4Z/101MEDIA,0,Other_Amphibian,0.2756,2689.9,2428.0,2824.0,2564.6
/srv/shared_leopard_toad/2025/Documents/06.10-13.10.2025/4Z/101MEDIA/DSCF0670.JPG,DSCF0670.JPG,4Z/101MEDIA,0,Other_Amphibian,0.2423,2683.2,2426.7,2815.5,2572.0
/srv/shared_leopard_toad/2025/Documents/06.10-13.10.2025/4Z/101MEDIA/DSCF0870.JPG,DSCF0870.JPG,4Z/101MEDIA,0,Other_Amphibian,0.3191,2686.4,2427.9,2821.3,2561.5
/srv/shared_leopard_toad/2025/Documents/06.10-13.10.2025/4Z/101MEDIA/DSCF0870.JPG,DSCF0870.JPG,4Z/101MEDIA,0,Other_Amphibian,0.2732,2680.1,2426.1,2813.4,2566.0
/srv/shared_leopard_toad/2025/Documents/06.10-13.10.2025/4Z/101MEDIA/DSCF0676.JPG,DSCF0676.JPG,4Z/101MEDIA,0,Other_Amphibian,0.2988,2694.6,2428.6,2821.6,2560.1
/srv/shared_leopard_toad/2025/Documents/06.10-13.10.2025/4Z/101MEDIA/DSCF0676.JPG,DSCF0676.JPG,4Z/101MEDIA,0,Other_Amphibian,0.2060,2683.7,2427.0,2812.2,2565.1
/srv/shared_leopard_toad/2025/Documents/06.10-13.10.2025/4Z/101MEDIA/DSCF0531.JPG,DSCF0531.JPG,4Z/101MEDIA,0,Other_Amphibian,0.3153,2632.0,2248.1,2785.2,2413.5
/srv/shared_leopard_toad/2025/Documents/06.10-13.10.2025/4Z/101MEDIA/DSCF0531.JPG,DSCF0531.JPG,4Z/101MEDIA,0,Other_Amphibian,0.2323,2693.0,2429.1,2824.3,2563.3
/srv/shared_leopard_toad/2025/Documents/06.10-13.10.2025/4Z/101MEDIA/DSCF0411.JPG,DSCF0411.JPG,4Z/101MEDIA,0,Other_Amphibian,0.2303,5125.4,1535.7,5263.9,1734.5
/srv/shared_leopard_toad/2025/Documents/06.10-13.10.2025/4Z/101MEDIA/DSCF0700.JPG,DSCF0700.JPG,4Z/101MEDIA,0,Other_Amphibian,0.2514,2632.5,2248.2,2785.7,2411.7
/srv/shared_leopard_toad/2025/Documents/06.10-13.10.2025/4Z/101MEDIA/DSCF0700.JPG,DSCF0700.JPG,4Z/101MEDIA,0,Other_Amphibian,0.2409,2697.2,2427.0,2824.1,2559.5
/srv/shared_leopard_toad/2025/Documents/06.10-13.10.2025/4Z/101MEDIA/DSCF0230.JPG,DSCF0230.JPG,4Z/101MEDIA,0,Other_Amphibian,0.3007,2638.9,2245.0,2789.1,2409.0
/srv/shared_leopard_toad/2025/Documents/06.10-13.10.2025/4Z/101MEDIA/DSCF0007.JPG,DSCF0007.JPG,4Z/101MEDIA,0,Other_Amphibian,0.3467,2637.7,2245.3,2789.1,2408.7
/srv/shared_leopard_toad/2025/Documents/06.10-13.10.2025/4Z/101MEDIA/DSCF0923.JPG,DSCF0923.JPG,4Z/101MEDIA,0,Other_Amphibian,0.3736,2692.7,2428.2,2822.4,2557.1
/srv/shared_leopard_toad/2025/Documents/06.10-13.10.2025/4Z/101MEDIA/DSCF0923.JPG,DSCF0923.JPG,4Z/101MEDIA,0,Other_Amphibian,0.2542,2639.9,2245.4,2784.3,2411.3
/srv/shared_leopard_toad/2025/Documents/06.10-13.10.2025/4Z/101MEDIA/DSCF0923.JPG,DSCF0923.JPG,4Z/101MEDIA,0,Other_Amphibian,0.2322,2685.2,2427.1,2814.8,2560.0
/srv/shared_leopard_toad/2025/Documents/06.10-13.10.2025/4Z/101MEDIA/DSCF0936.JPG,DSCF0936.JPG,4Z/101MEDIA,0,Other_Amphibian,0.3877,2689.6,2428.0,2822.7,2557.7
/srv/shared_leopard_toad/2025/Documents/06.10-13.10.2025/4Z/101MEDIA/DSCF0936.JPG,DSCF0936.JPG,4Z/101MEDIA,0,Other_Amphibian,0.3184,2628.5,2245.3,2785.8,2411.6
/srv/shared_leopard_toad/2025/Documents/06.10-13.10.2025/4Z/101MEDIA/DSCF0936.JPG,DSCF0936.JPG,4Z/101MEDIA,0,Other_Amphibian,0.2936,2682.1,2426.4,2814.8,2561.7
/srv/shared_leopard_toad/2025/Documents/06.10-13.10.2025/4Z/101MEDIA/DSCF0324.JPG,DSCF0324.JPG,4Z/101MEDIA,0,Other_Amphibian,0.3419,2627.9,2245.5,2786.2,2408.4
/srv/shared_leopard_toad/2025/Documents/06.10-13.10.2025/4Z/101MEDIA/DSCF0524.JPG,DSCF0524.JPG,4Z/101MEDIA,0,Other_Amphibian,0.2372,2636.6,2251.0,2785.4,2414.7
/srv/shared_leopard_toad/2025/Documents/06.10-13.10.2025/4Z/101MEDIA/DSCF0866.JPG,DSCF0866.JPG,4Z/101MEDIA,0,Other_Amphibian,0.2560,2632.2,2245.9,2785.8,2413.1
/srv/shared_leopard_toad/2025/Documents/06.10-13.10.2025/4Z/101MEDIA/DSCF0866.JPG,DSCF0866.JPG,4Z/101MEDIA,0,Other_Amphibian,0.2310,2695.1,2428.3,2821.9,2559.4
/srv/shared_leopard_toad/2025/Documents/06.10-13.10.2025/4Z/101MEDIA/DSCF0044.JPG,DSCF0044.JPG,4Z/101MEDIA,0,Other_Amphibian,0.2771,2647.3,2246.5,2790.7,2409.0
/srv/shared_leopard_toad/2025/Documents/06.10-13.10.2025/4Z/101MEDIA/DSCF0581.JPG,DSCF0581.JPG,4Z/101MEDIA,0,Other_Amphibian,0.3253,2623.4,2250.2,2780.0,2416.1
/srv/shared_leopard_toad/2025/Documents/06.10-13.10.2025/4Z/101MEDIA/DSCF0486.JPG,DSCF0486.JPG,4Z/101MEDIA,0,Other_Amphibian,0.3365,2624.2,2249.8,2780.6,2415.1
/srv/shared_leopard_toad/2025/Documents/06.10-13.10.2025/4Z/101MEDIA/DSCF0026.JPG,DSCF0026.JPG,4Z/101MEDIA,0,Other_Amphibian,0.2040,2640.7,2245.2,2785.3,2409.8
/srv/shared_leopard_toad/2025/Documents/06.10-13.10.2025/4Z/101MEDIA/DSCF0526.JPG,DSCF0526.JPG,4Z/101MEDIA,0,Other_Amphibian,0.2221,2681.4,2427.9,2817.0,2571.2
/srv/shared_leopard_toad/2025/Documents/06.10-13.10.2025/4Z/101MEDIA/DSCF0526.JPG,DSCF0526.JPG,4Z/101MEDIA,0,Other_Amphibian,0.2195,2632.2,2249.3,2786.5,2415.7
/srv/shared_leopard_toad/2025/Documents/06.10-13.10.2025/4Z/101MEDIA/DSCF0526.JPG,DSCF0526.JPG,4Z/101MEDIA,0,Other_Amphibian,0.2180,2691.1,2430.3,2825.5,2565.1
/srv/shared_leopard_toad/2025/Documents/06.10-13.10.2025/4Z/101MEDIA/DSCF0568.JPG,DSCF0568.JPG,4Z/101MEDIA,0,Other_Amphibian,0.3257,2691.6,2429.2,2825.8,2562.1
/srv/shared_leopard_toad/2025/Documents/06.10-13.10.2025/4Z/101MEDIA/DSCF0568.JPG,DSCF0568.JPG,4Z/101MEDIA,0,Other_Amphibian,0.2756,2688.5,2428.8,2822.9,2566.4
/srv/shared_leopard_toad/2025/Documents/06.10-13.10.2025/4Z/101MEDIA/DSCF0568.JPG,DSCF0568.JPG,4Z/101MEDIA,0,Other_Amphibian,0.2056,2630.2,2252.1,2785.2,2417.7
/srv/shared_leopard_toad/2025/Documents/06.10-13.10.2025/4Z/101MEDIA/DSCF0982.JPG,DSCF0982.JPG,4Z/101MEDIA,0,Other_Amphibian,0.3489,2690.8,2428.5,2822.5,2559.4
/srv/shared_leopard_toad/2025/Documents/06.10-13.10.2025/4Z/101MEDIA/DSCF0982.JPG,DSCF0982.JPG,4Z/101MEDIA,0,Other_Amphibian,0.3028,2686.0,2427.0,2817.4,2563.4
/srv/shared_leopard_toad/2025/Documents/06.10-13.10.2025/4Z/101MEDIA/DSCF0854.JPG,DSCF0854.JPG,4Z/101MEDIA,0,Other_Amphibian,0.2901,2693.9,2428.6,2822.8,2558.9
/srv/shared_leopard_toad/2025/Documents/06.10-13.10.2025/4Z/101MEDIA/DSCF0851.JPG,DSCF0851.JPG,4Z/101MEDIA,0,Other_Amphibian,0.2240,2638.6,2245.6,2783.1,2410.1
/srv/shared_leopard_toad/2025/Documents/06.10-13.10.2025/4Z/101MEDIA/DSCF0851.JPG,DSCF0851.JPG,4Z/101MEDIA,0,Other_Amphibian,0.2109,2689.2,2427.4,2821.0,2562.0
/srv/shared_leopard_toad/2025/Documents/06.10-13.10.2025/4Z/101MEDIA/DSCF0343.JPG,DSCF0343.JPG,4Z/101MEDIA,0,Other_Amphibian,0.2255,2637.2,2245.0,2783.4,2409.9
/srv/shared_leopard_toad/2025/Documents/06.10-13.10.2025/4Z/101MEDIA/DSCF0906.JPG,DSCF0906.JPG,4Z/101MEDIA,0,Other_Amphibian,0.2792,2635.6,2246.4,2785.9,2410.7
/srv/shared_leopard_toad/2025/Documents/06.10-13.10.2025/4Z/101MEDIA/DSCF0906.JPG,DSCF0906.JPG,4Z/101MEDIA,0,Other_Amphibian,0.2311,2695.1,2428.3,2819.9,2557.4
/srv/shared_leopard_toad/2025/Documents/06.10-13.10.2025/4Z/101MEDIA/DSCF0572.JPG,DSCF0572.JPG,4Z/101MEDIA,0,Other_Amphibian,0.2609,2701.4,2429.4,2826.3,2558.4
/srv/shared_leopard_toad/2025/Documents/06.10-13.10.2025/4Z/101MEDIA/DSCF0572.JPG,DSCF0572.JPG,4Z/101MEDIA,0,Other_Amphibian,0.2038,2633.3,2250.6,2784.8,2417.6
/srv/shared_leopard_toad/2025/Documents/06.10-13.10.2025/4Z/101MEDIA/DSCF0301.JPG,DSCF0301.JPG,4Z/101MEDIA,0,Other_Amphibian,0.3098,2636.0,2245.9,2786.8,2409.1
/srv/shared_leopard_toad/2025/Documents/06.10-13.10.2025/4Z/101MEDIA/DSCF0544.JPG,DSCF0544.JPG,4Z/101MEDIA,0,Other_Amphibian,0.2657,2694.5,2428.3,2824.2,2561.8
/srv/shared_leopard_toad/2025/Documents/06.10-13.10.2025/4Z/101MEDIA/DSCF0544.JPG,DSCF0544.JPG,4Z/101MEDIA,0,Other_Amphibian,0.2436,2631.4,2251.5,2784.1,2415.5
/srv/shared_leopard_toad/2025/Documents/06.10-13.10.2025/4Z/101MEDIA/DSCF0769.JPG,DSCF0769.JPG,4Z/101MEDIA,0,Other_Amphibian,0.3609,2696.1,2429.1,2825.0,2559.0
/srv/shared_leopard_toad/2025/Documents/06.10-13.10.2025/4Z/101MEDIA/DSCF0769.JPG,DSCF0769.JPG,4Z/101MEDIA,0,Other_Amphibian,0.2660,2636.4,2246.5,2782.8,2412.0
/srv/shared_leopard_toad/2025/Documents/06.10-13.10.2025/4Z/101MEDIA/DSCF0769.JPG,DSCF0769.JPG,4Z/101MEDIA,0,Other_Amphibian,0.2378,2687.3,2427.9,2816.6,2563.5
/srv/shared_leopard_toad/2025/Documents/06.10-13.10.2025/4Z/101MEDIA/DSCF0596.JPG,DSCF0596.JPG,4Z/101MEDIA,0,Other_Amphibian,0.2194,2637.8,2252.1,2783.6,2415.3
/srv/shared_leopard_toad/2025/Documents/06.10-13.10.2025/4Z/101MEDIA/DSCF0596.JPG,DSCF0596.JPG,4Z/101MEDIA,0,Other_Amphibian,0.2182,2690.9,2429.2,2825.8,2560.7
/srv/shared_leopard_toad/2025/Documents/06.10-13.10.2025/4Z/101MEDIA/DSCF0924.JPG,DSCF0924.JPG,4Z/101MEDIA,0,Other_Amphibian,0.2659,2691.9,2428.7,2822.9,2561.7
/srv/shared_leopard_toad/2025/Documents/06.10-13.10.2025/4Z/101MEDIA/DSCF0924.JPG,DSCF0924.JPG,4Z/101MEDIA,0,Other_Amphibian,0.2352,2633.2,2246.5,2784.5,2410.9
/srv/shared_leopard_toad/2025/Documents/06.10-13.10.2025/4Z/101MEDIA/DSCF0924.JPG,DSCF0924.JPG,4Z/101MEDIA,0,Other_Amphibian,0.2275,2679.8,2425.4,2811.6,2565.5
/srv/shared_leopard_toad/2025/Documents/06.10-13.10.2025/4Z/101MEDIA/DSCF0184.JPG,DSCF0184.JPG,4Z/101MEDIA,0,Other_Amphibian,0.3693,2636.0,2245.1,2787.1,2409.0
/srv/shared_leopard_toad/2025/Documents/06.10-13.10.2025/4Z/101MEDIA/DSCF0237.JPG,DSCF0237.JPG,4Z/101MEDIA,0,Other_Amphibian,0.3198,2632.6,2245.4,2785.6,2410.5
/srv/shared_leopard_toad/2025/Documents/06.10-13.10.2025/4Z/101MEDIA/DSCF0871.JPG,DSCF0871.JPG,4Z/101MEDIA,0,Other_Amphibian,0.2686,2695.9,2428.2,2823.7,2561.5
/srv/shared_leopard_toad/2025/Documents/06.10-13.10.2025/4Z/101MEDIA/DSCF0871.JPG,DSCF0871.JPG,4Z/101MEDIA,0,Other_Amphibian,0.2129,2683.1,2424.5,2812.9,2564.7
/srv/shared_leopard_toad/2025/Documents/06.10-13.10.2025/4Z/101MEDIA/DSCF0118.JPG,DSCF0118.JPG,4Z/101MEDIA,0,Other_Amphibian,0.2618,2634.9,2245.2,2786.9,2410.2
/srv/shared_leopard_toad/2025/Documents/06.10-13.10.2025/4Z/101MEDIA/DSCF0118.JPG,DSCF0118.JPG,4Z/101MEDIA,0,Other_Amphibian,0.2179,2690.0,2425.7,2818.4,2554.3
/srv/shared_leopard_toad/2025/Documents/06.10-13.10.2025/4Z/101MEDIA/DSCF0944.JPG,DSCF0944.JPG,4Z/101MEDIA,0,Other_Amphibian,0.3041,2694.4,2427.8,2823.8,2559.5
/srv/shared_leopard_toad/2025/Documents/06.10-13.10.2025/4Z/101MEDIA/DSCF0944.JPG,DSCF0944.JPG,4Z/101MEDIA,0,Other_Amphibian,0.2445,2633.2,2244.4,2784.2,2409.2
/srv/shared_leopard_toad/2025/Documents/06.10-13.10.2025/4Z/101MEDIA/DSCF0580.JPG,DSCF0580.JPG,4Z/101MEDIA,0,Other_Amphibian,0.3416,2629.0,2247.9,2787.7,2414.4
/srv/shared_leopard_toad/2025/Documents/06.10-13.10.2025/4Z/101MEDIA/DSCF0060.JPG,DSCF0060.JPG,4Z/101MEDIA,0,Other_Amphibian,0.2719,2635.2,2246.5,2786.2,2409.1
/srv/shared_leopard_toad/2025/Documents/06.10-13.10.2025/4Z/101MEDIA/DSCF0949.JPG,DSCF0949.JPG,4Z/101MEDIA,0,Other_Amphibian,0.2596,2692.9,2427.7,2822.3,2560.2
/srv/shared_leopard_toad/2025/Documents/06.10-13.10.2025/4Z/101MEDIA/DSCF0949.JPG,DSCF0949.JPG,4Z/101MEDIA,0,Other_Amphibian,0.2196,2637.4,2245.4,2788.4,2410.8
/srv/shared_leopard_toad/2025/Documents/06.10-13.10.2025/4Z/101MEDIA/DSCF0736.JPG,DSCF0736.JPG,4Z/101MEDIA,0,Other_Amphibian,0.2758,2694.0,2429.3,2823.7,2561.5
/srv/shared_leopard_toad/2025/Documents/06.10-13.10.2025/4Z/101MEDIA/DSCF0736.JPG,DSCF0736.JPG,4Z/101MEDIA,0,Other_Amphibian,0.2062,2684.4,2427.9,2815.8,2567.5
/srv/shared_leopard_toad/2025/Documents/06.10-13.10.2025/4Z/101MEDIA/DSCF0943.JPG,DSCF0943.JPG,4Z/101MEDIA,0,Other_Amphibian,0.3704,2688.1,2428.3,2822.4,2560.9
/srv/shared_leopard_toad/2025/Documents/06.10-13.10.2025/4Z/101MEDIA/DSCF0943.JPG,DSCF0943.JPG,4Z/101MEDIA,0,Other_Amphibian,0.3483,2686.3,2426.8,2819.6,2565.9
/srv/shared_leopard_toad/2025/Documents/06.10-13.10.2025/4Z/101MEDIA/DSCF0873.JPG,DSCF0873.JPG,4Z/101MEDIA,0,Other_Amphibian,0.3470,2690.9,2428.0,2824.9,2559.2
/srv/shared_leopard_toad/2025/Documents/06.10-13.10.2025/4Z/101MEDIA/DSCF0873.JPG,DSCF0873.JPG,4Z/101MEDIA,0,Other_Amphibian,0.2937,2685.1,2426.9,2818.2,2563.0
/srv/shared_leopard_toad/2025/Documents/06.10-13.10.2025/4Z/101MEDIA/DSCF0873.JPG,DSCF0873.JPG,4Z/101MEDIA,0,Other_Amphibian,0.2336,2633.6,2244.5,2785.1,2412.9
/srv/shared_leopard_toad/2025/Documents/06.10-13.10.2025/4Z/101MEDIA/DSCF0917.JPG,DSCF0917.JPG,4Z/101MEDIA,0,Other_Amphibian,0.3464,2692.5,2427.9,2823.8,2557.8
/srv/shared_leopard_toad/2025/Documents/06.10-13.10.2025/4Z/101MEDIA/DSCF0917.JPG,DSCF0917.JPG,4Z/101MEDIA,0,Other_Amphibian,0.2619,2632.2,2245.4,2785.1,2412.3
/srv/shared_leopard_toad/2025/Documents/06.10-13.10.2025/4Z/101MEDIA/DSCF0917.JPG,DSCF0917.JPG,4Z/101MEDIA,0,Other_Amphibian,0.2302,2684.4,2426.6,2814.8,2561.2
/srv/shared_leopard_toad/2025/Documents/06.10-13.10.2025/4Z/101MEDIA/DSCF0505.JPG,DSCF0505.JPG,4Z/101MEDIA,0,Other_Amphibian,0.2954,2630.8,2249.7,2784.4,2413.9
/srv/shared_leopard_toad/2025/Documents/06.10-13.10.2025/4Z/101MEDIA/DSCF0672.JPG,DSCF0672.JPG,4Z/101MEDIA,0,Other_Amphibian,0.2671,2693.1,2429.0,2823.9,2561.7
/srv/shared_leopard_toad/2025/Documents/06.10-13.10.2025/4Z/101MEDIA/DSCF0672.JPG,DSCF0672.JPG,4Z/101MEDIA,0,Other_Amphibian,0.2230,2684.3,2427.9,2814.5,2567.8
/srv/shared_leopard_toad/2025/Documents/06.10-13.10.2025/4Z/101MEDIA/DSCF0662.JPG,DSCF0662.JPG,4Z/101MEDIA,0,Other_Amphibian,0.2922,2698.9,2428.7,2825.0,2559.4
/srv/shared_leopard_toad/2025/Documents/06.10-13.10.2025/4Z/101MEDIA/DSCF0662.JPG,DSCF0662.JPG,4Z/101MEDIA,0,Other_Amphibian,0.2364,2634.0,2249.2,2785.4,2412.8
/srv/shared_leopard_toad/2025/Documents/06.10-13.10.2025/4Z/101MEDIA/DSCF0143.JPG,DSCF0143.JPG,4Z/101MEDIA,0,Other_Amphibian,0.2337,2638.4,2245.9,2786.9,2409.9
/srv/shared_leopard_toad/2025/Documents/06.10-13.10.2025/4Z/101MEDIA/DSCF0998.JPG,DSCF0998.JPG,4Z/101MEDIA,0,Other_Amphibian,0.2889,2634.6,2244.6,2788.4,2410.4
/srv/shared_leopard_toad/2025/Documents/06.10-13.10.2025/4Z/101MEDIA/DSCF0998.JPG,DSCF0998.JPG,4Z/101MEDIA,0,Other_Amphibian,0.2012,2693.4,2429.2,2823.8,2558.7
/srv/shared_leopard_toad/2025/Documents/06.10-13.10.2025/4Z/101MEDIA/DSCF0308.JPG,DSCF0308.JPG,4Z/101MEDIA,0,Other_Amphibian,0.2479,2640.3,2246.3,2787.9,2408.8
/srv/shared_leopard_toad/2025/Documents/06.10-13.10.2025/4Z/101MEDIA/DSCF0433.JPG,DSCF0433.JPG,4Z/101MEDIA,2,Western_Leopard_Toad,0.2010,4676.9,1844.7,5354.8,2859.0
/srv/shared_leopard_toad/2025/Documents/06.10-13.10.2025/4Z/101MEDIA/DSCF0312.JPG,DSCF0312.JPG,4Z/101MEDIA,0,Other_Amphibian,0.2441,2694.4,2426.7,2822.4,2556.9
/srv/shared_leopard_toad/2025/Documents/06.10-13.10.2025/4Z/101MEDIA/DSCF0312.JPG,DSCF0312.JPG,4Z/101MEDIA,0,Other_Amphibian,0.2206,2635.8,2247.6,2786.0,2411.0
/srv/shared_leopard_toad/2025/Documents/06.10-13.10.2025/4Z/101MEDIA/DSCF0151.JPG,DSCF0151.JPG,4Z/101MEDIA,0,Other_Amphibian,0.3135,2632.2,2245.5,2787.7,2410.8
/srv/shared_leopard_toad/2025/Documents/06.10-13.10.2025/4Z/101MEDIA/DSCF0426.JPG,DSCF0426.JPG,4Z/101MEDIA,2,Western_Leopard_Toad,0.2936,4655.2,1849.0,5356.8,2850.9
/srv/shared_leopard_toad/2025/Documents/06.10-13.10.2025/4Z/101MEDIA/DSCF0254.JPG,DSCF0254.JPG,4Z/101MEDIA,0,Other_Amphibian,0.2302,2692.4,2426.5,2818.9,2553.5
/srv/shared_leopard_toad/2025/Documents/06.10-13.10.2025/4Z/101MEDIA/DSCF0970.JPG,DSCF0970.JPG,4Z/101MEDIA,0,Other_Amphibian,0.4120,2629.8,2243.3,2785.5,2409.6
/srv/shared_leopard_toad/2025/Documents/06.10-13.10.2025/4Z/101MEDIA/DSCF0970.JPG,DSCF0970.JPG,4Z/101MEDIA,0,Other_Amphibian,0.2418,2693.7,2428.8,2823.1,2561.2
/srv/shared_leopard_toad/2025/Documents/06.10-13.10.2025/4Z/101MEDIA/DSCF0509.JPG,DSCF0509.JPG,4Z/101MEDIA,0,Other_Amphibian,0.3118,2625.5,2250.7,2780.6,2415.6
/srv/shared_leopard_toad/2025/Documents/06.10-13.10.2025/4Z/101MEDIA/DSCF0509.JPG,DSCF0509.JPG,4Z/101MEDIA,0,Other_Amphibian,0.2335,2691.4,2430.0,2823.8,2564.3
/srv/shared_leopard_toad/2025/Documents/06.10-13.10.2025/4Z/101MEDIA/DSCF0157.JPG,DSCF0157.JPG,4Z/101MEDIA,0,Other_Amphibian,0.3317,2635.7,2246.0,2787.9,2410.1
/srv/shared_leopard_toad/2025/Documents/06.10-13.10.2025/4Z/101MEDIA/DSCF0732.JPG,DSCF0732.JPG,4Z/101MEDIA,0,Other_Amphibian,0.3446,2692.2,2427.8,2824.5,2558.4
/srv/shared_leopard_toad/2025/Documents/06.10-13.10.2025/4Z/101MEDIA/DSCF0732.JPG,DSCF0732.JPG,4Z/101MEDIA,0,Other_Amphibian,0.2176,2684.8,2427.4,2817.4,2564.4
/srv/shared_leopard_toad/2025/Documents/06.10-13.10.2025/4Z/101MEDIA/DSCF0781.JPG,DSCF0781.JPG,4Z/101MEDIA,0,Other_Amphibian,0.3104,2695.2,2428.4,2823.9,2561.5
/srv/shared_leopard_toad/2025/Documents/06.10-13.10.2025/4Z/101MEDIA/DSCF0781.JPG,DSCF0781.JPG,4Z/101MEDIA,0,Other_Amphibian,0.2633,2628.0,2247.2,2783.2,2414.5
/srv/shared_leopard_toad/2025/Documents/06.10-13.10.2025/4Z/101MEDIA/DSCF0781.JPG,DSCF0781.JPG,4Z/101MEDIA,0,Other_Amphibian,0.2614,2686.9,2426.8,2816.5,2567.1
/srv/shared_leopard_toad/2025/Documents/06.10-13.10.2025/4Z/101MEDIA/DSCF0634.JPG,DSCF0634.JPG,4Z/101MEDIA,0,Other_Amphibian,0.3112,2694.0,2430.1,2822.2,2559.0
/srv/shared_leopard_toad/2025/Documents/06.10-13.10.2025/4Z/101MEDIA/DSCF0634.JPG,DSCF0634.JPG,4Z/101MEDIA,0,Other_Amphibian,0.2244,2635.3,2250.8,2785.5,2414.9
/srv/shared_leopard_toad/2025/Documents/06.10-13.10.2025/4Z/101MEDIA/DSCF0896.JPG,DSCF0896.JPG,4Z/101MEDIA,0,Other_Amphibian,0.3534,2689.1,2427.8,2823.2,2561.3
/srv/shared_leopard_toad/2025/Documents/06.10-13.10.2025/4Z/101MEDIA/DSCF0896.JPG,DSCF0896.JPG,4Z/101MEDIA,0,Other_Amphibian,0.3277,2683.4,2425.9,2816.9,2565.0
/srv/shared_leopard_toad/2025/Documents/06.10-13.10.2025/4Z/101MEDIA/DSCF0896.JPG,DSCF0896.JPG,4Z/101MEDIA,0,Other_Amphibian,0.2342,2632.9,2247.3,2785.5,2412.2
/srv/shared_leopard_toad/2025/Documents/06.10-13.10.2025/4Z/101MEDIA/DSCF0925.JPG,DSCF0925.JPG,4Z/101MEDIA,0,Other_Amphibian,0.3928,2686.4,2426.3,2824.0,2566.0
/srv/shared_leopard_toad/2025/Documents/06.10-13.10.2025/4Z/101MEDIA/DSCF0925.JPG,DSCF0925.JPG,4Z/101MEDIA,0,Other_Amphibian,0.3415,2687.3,2429.2,2826.3,2560.9
/srv/shared_leopard_toad/2025/Documents/06.10-13.10.2025/4Z/101MEDIA/DSCF0528.JPG,DSCF0528.JPG,4Z/101MEDIA,0,Other_Amphibian,0.2831,2633.4,2250.1,2783.7,2414.6
/srv/shared_leopard_toad/2025/Documents/06.10-13.10.2025/4Z/101MEDIA/DSCF0528.JPG,DSCF0528.JPG,4Z/101MEDIA,0,Other_Amphibian,0.2182,2694.6,2430.1,2823.8,2561.0
/srv/shared_leopard_toad/2025/Documents/06.10-13.10.2025/4Z/101MEDIA/DSCF0008.JPG,DSCF0008.JPG,4Z/101MEDIA,0,Other_Amphibian,0.2569,2640.9,2246.9,2788.5,2409.0
/srv/shared_leopard_toad/2025/Documents/06.10-13.10.2025/4Z/101MEDIA/DSCF0564.JPG,DSCF0564.JPG,4Z/101MEDIA,0,Other_Amphibian,0.2668,2693.5,2429.6,2822.9,2560.9
/srv/shared_leopard_toad/2025/Documents/06.10-13.10.2025/4Z/101MEDIA/DSCF0564.JPG,DSCF0564.JPG,4Z/101MEDIA,0,Other_Amphibian,0.2229,2630.0,2250.1,2785.1,2416.4
/srv/shared_leopard_toad/2025/Documents/06.10-13.10.2025/4Z/101MEDIA/DSCF0303.JPG,DSCF0303.JPG,4Z/101MEDIA,0,Other_Amphibian,0.2657,2639.6,2245.8,2784.5,2407.5
/srv/shared_leopard_toad/2025/Documents/06.10-13.10.2025/4Z/101MEDIA/DSCF0155.JPG,DSCF0155.JPG,4Z/101MEDIA,0,Other_Amphibian,0.2650,2640.0,2245.2,2786.2,2410.0
/srv/shared_leopard_toad/2025/Documents/06.10-13.10.2025/4Z/101MEDIA/DSCF0644.JPG,DSCF0644.JPG,4Z/101MEDIA,0,Other_Amphibian,0.2590,2696.1,2429.7,2820.5,2558.4
/srv/shared_leopard_toad/2025/Documents/06.10-13.10.2025/4Z/101MEDIA/DSCF0644.JPG,DSCF0644.JPG,4Z/101MEDIA,0,Other_Amphibian,0.2476,2632.1,2248.4,2785.1,2414.2
/srv/shared_leopard_toad/2025/Documents/06.10-13.10.2025/4Z/101MEDIA/DSCF0220.JPG,DSCF0220.JPG,4Z/101MEDIA,0,Other_Amphibian,0.3097,2635.1,2244.8,2789.5,2411.0
/srv/shared_leopard_toad/2025/Documents/06.10-13.10.2025/4Z/101MEDIA/DSCF0515.JPG,DSCF0515.JPG,4Z/101MEDIA,0,Other_Amphibian,0.2796,2619.5,2250.6,2781.2,2419.0
/srv/shared_leopard_toad/2025/Documents/06.10-13.10.2025/4Z/101MEDIA/DSCF0837.JPG,DSCF0837.JPG,4Z/101MEDIA,0,Other_Amphibian,0.3099,2693.2,2427.7,2821.6,2559.3
/srv/shared_leopard_toad/2025/Documents/06.10-13.10.2025/4Z/101MEDIA/DSCF0837.JPG,DSCF0837.JPG,4Z/101MEDIA,0,Other_Amphibian,0.2242,2684.3,2426.1,2812.3,2563.4
/srv/shared_leopard_toad/2025/Documents/06.10-13.10.2025/4Z/101MEDIA/DSCF0125.JPG,DSCF0125.JPG,4Z/101MEDIA,0,Other_Amphibian,0.2814,2639.6,2245.0,2788.7,2409.3
/srv/shared_leopard_toad/2025/Documents/06.10-13.10.2025/4Z/101MEDIA/DSCF0853.JPG,DSCF0853.JPG,4Z/101MEDIA,0,Other_Amphibian,0.3036,2694.3,2427.9,2821.5,2560.5
/srv/shared_leopard_toad/2025/Documents/06.10-13.10.2025/4Z/101MEDIA/DSCF0853.JPG,DSCF0853.JPG,4Z/101MEDIA,0,Other_Amphibian,0.2382,2682.6,2425.1,2810.5,2564.3
/srv/shared_leopard_toad/2025/Documents/06.10-13.10.2025/4Z/101MEDIA/DSCF0661.JPG,DSCF0661.JPG,4Z/101MEDIA,0,Other_Amphibian,0.2749,2691.1,2428.7,2824.6,2562.7
/srv/shared_leopard_toad/2025/Documents/06.10-13.10.2025/4Z/101MEDIA/DSCF0661.JPG,DSCF0661.JPG,4Z/101MEDIA,0,Other_Amphibian,0.2238,2686.2,2428.0,2819.5,2571.9
/srv/shared_leopard_toad/2025/Documents/06.10-13.10.2025/4Z/101MEDIA/DSCF0858.JPG,DSCF0858.JPG,4Z/101MEDIA,0,Other_Amphibian,0.3547,2688.7,2425.8,2820.8,2567.3
/srv/shared_leopard_toad/2025/Documents/06.10-13.10.2025/4Z/101MEDIA/DSCF0858.JPG,DSCF0858.JPG,4Z/101MEDIA,0,Other_Amphibian,0.3527,2690.8,2428.3,2823.5,2560.8
/srv/shared_leopard_toad/2025/Documents/06.10-13.10.2025/4Z/101MEDIA/DSCF0722.JPG,DSCF0722.JPG,4Z/101MEDIA,0,Other_Amphibian,0.4017,2690.2,2428.8,2822.7,2559.7
/srv/shared_leopard_toad/2025/Documents/06.10-13.10.2025/4Z/101MEDIA/DSCF0722.JPG,DSCF0722.JPG,4Z/101MEDIA,0,Other_Amphibian,0.3432,2688.8,2426.9,2821.0,2564.9
/srv/shared_leopard_toad/2025/Documents/06.10-13.10.2025/4Z/101MEDIA/DSCF0988.JPG,DSCF0988.JPG,4Z/101MEDIA,0,Other_Amphibian,0.3544,2684.9,2424.8,2819.4,2569.1
/srv/shared_leopard_toad/2025/Documents/06.10-13.10.2025/4Z/101MEDIA/DSCF0988.JPG,DSCF0988.JPG,4Z/101MEDIA,0,Other_Amphibian,0.3399,2689.1,2427.7,2824.4,2563.1
/srv/shared_leopard_toad/2025/Documents/06.10-13.10.2025/4Z/101MEDIA/DSCF0006.JPG,DSCF0006.JPG,4Z/101MEDIA,0,Other_Amphibian,0.3483,2633.3,2245.7,2787.9,2408.6
/srv/shared_leopard_toad/2025/Documents/06.10-13.10.2025/4Z/101MEDIA/DSCF0959.JPG,DSCF0959.JPG,4Z/101MEDIA,0,Other_Amphibian,0.3593,2685.5,2426.4,2820.7,2563.2
/srv/shared_leopard_toad/2025/Documents/06.10-13.10.2025/4Z/101MEDIA/DSCF0959.JPG,DSCF0959.JPG,4Z/101MEDIA,0,Other_Amphibian,0.3531,2687.2,2427.9,2823.8,2560.2
/srv/shared_leopard_toad/2025/Documents/06.10-13.10.2025/4Z/101MEDIA/DSCF0508.JPG,DSCF0508.JPG,4Z/101MEDIA,0,Other_Amphibian,0.2701,2626.3,2249.6,2782.7,2416.2
/srv/shared_leopard_toad/2025/Documents/06.10-13.10.2025/4Z/101MEDIA/DSCF0508.JPG,DSCF0508.JPG,4Z/101MEDIA,0,Other_Amphibian,0.2654,2692.7,2428.6,2821.3,2560.0
/srv/shared_leopard_toad/2025/Documents/06.10-13.10.2025/4Z/101MEDIA/DSCF0608.JPG,DSCF0608.JPG,4Z/101MEDIA,0,Other_Amphibian,0.3117,2621.6,2249.4,2782.7,2416.6
/srv/shared_leopard_toad/2025/Documents/06.10-13.10.2025/4Z/101MEDIA/DSCF0451.JPG,DSCF0451.JPG,4Z/101MEDIA,0,Other_Amphibian,0.2352,2629.2,2249.4,2779.0,2415.6
/srv/shared_leopard_toad/2025/Documents/06.10-13.10.2025/4Z/101MEDIA/DSCF0532.JPG,DSCF0532.JPG,4Z/101MEDIA,0,Other_Amphibian,0.2697,2632.6,2249.4,2784.0,2414.7
/srv/shared_leopard_toad/2025/Documents/06.10-13.10.2025/4Z/101MEDIA/DSCF0290.JPG,DSCF0290.JPG,4Z/101MEDIA,0,Other_Amphibian,0.2537,2638.7,2246.5,2785.2,2410.2
/srv/shared_leopard_toad/2025/Documents/06.10-13.10.2025/4Z/101MEDIA/DSCF0556.JPG,DSCF0556.JPG,4Z/101MEDIA,0,Other_Amphibian,0.2636,2693.7,2429.5,2823.2,2563.0
/srv/shared_leopard_toad/2025/Documents/06.10-13.10.2025/4Z/101MEDIA/DSCF0556.JPG,DSCF0556.JPG,4Z/101MEDIA,0,Other_Amphibian,0.2242,2631.6,2249.0,2783.3,2415.5
/srv/shared_leopard_toad/2025/Documents/06.10-13.10.2025/4Z/101MEDIA/DSCF0862.JPG,DSCF0862.JPG,4Z/101MEDIA,0,Other_Amphibian,0.3125,2691.8,2428.0,2822.6,2559.8
/srv/shared_leopard_toad/2025/Documents/06.10-13.10.2025/4Z/101MEDIA/DSCF0862.JPG,DSCF0862.JPG,4Z/101MEDIA,0,Other_Amphibian,0.3089,2632.9,2244.6,2782.4,2410.1
/srv/shared_leopard_toad/2025/Documents/06.10-13.10.2025/4Z/101MEDIA/DSCF0862.JPG,DSCF0862.JPG,4Z/101MEDIA,0,Other_Amphibian,0.2111,2681.9,2426.7,2813.2,2564.5
/srv/shared_leopard_toad/2025/Documents/06.10-13.10.2025/4Z/101MEDIA/DSCF0057.JPG,DSCF0057.JPG,4Z/101MEDIA,0,Other_Amphibian,0.3456,2641.6,2246.2,2790.3,2409.1
/srv/shared_leopard_toad/2025/Documents/06.10-13.10.2025/4Z/101MEDIA/DSCF0758.JPG,DSCF0758.JPG,4Z/101MEDIA,0,Other_Amphibian,0.2992,2689.7,2429.7,2822.1,2562.0
/srv/shared_leopard_toad/2025/Documents/06.10-13.10.2025/4Z/101MEDIA/DSCF0758.JPG,DSCF0758.JPG,4Z/101MEDIA,0,Other_Amphibian,0.2654,2636.4,2247.4,2784.4,2411.7
/srv/shared_leopard_toad/2025/Documents/06.10-13.10.2025/4Z/101MEDIA/DSCF0758.JPG,DSCF0758.JPG,4Z/101MEDIA,0,Other_Amphibian,0.2179,2678.5,2426.8,2812.4,2564.2
/srv/shared_leopard_toad/2025/Documents/06.10-13.10.2025/4Z/101MEDIA/DSCF0652.JPG,DSCF0652.JPG,4Z/101MEDIA,0,Other_Amphibian,0.2971,2628.2,2248.2,2781.8,2412.6
/srv/shared_leopard_toad/2025/Documents/06.10-13.10.2025/4Z/101MEDIA/DSCF0652.JPG,DSCF0652.JPG,4Z/101MEDIA,0,Other_Amphibian,0.2390,2698.2,2429.0,2823.6,2562.7
/srv/shared_leopard_toad/2025/Documents/06.10-13.10.2025/4Z/101MEDIA/DSCF0165.JPG,DSCF0165.JPG,4Z/101MEDIA,0,Other_Amphibian,0.3387,2642.0,2243.8,2790.5,2408.1
/srv/shared_leopard_toad/2025/Documents/06.10-13.10.2025/4Z/101MEDIA/DSCF0615.JPG,DSCF0615.JPG,4Z/101MEDIA,0,Other_Amphibian,0.2732,2693.5,2429.1,2821.5,2559.0
/srv/shared_leopard_toad/2025/Documents/06.10-13.10.2025/4Z/101MEDIA/DSCF0615.JPG,DSCF0615.JPG,4Z/101MEDIA,0,Other_Amphibian,0.2278,2636.5,2252.3,2784.6,2416.3
/srv/shared_leopard_toad/2025/Documents/06.10-13.10.2025/4Z/101MEDIA/DSCF0258.JPG,DSCF0258.JPG,4Z/101MEDIA,0,Other_Amphibian,0.4119,2642.2,2243.4,2788.5,2406.5
/srv/shared_leopard_toad/2025/Documents/06.10-13.10.2025/4Z/101MEDIA/DSCF0346.JPG,DSCF0346.JPG,4Z/101MEDIA,0,Other_Amphibian,0.2869,2646.4,2245.1,2789.5,2408.5
/srv/shared_leopard_toad/2025/Documents/06.10-13.10.2025/4Z/101MEDIA/DSCF0723.JPG,DSCF0723.JPG,4Z/101MEDIA,0,Other_Amphibian,0.3476,2691.6,2428.4,2821.9,2560.9
/srv/shared_leopard_toad/2025/Documents/06.10-13.10.2025/4Z/101MEDIA/DSCF0723.JPG,DSCF0723.JPG,4Z/101MEDIA,0,Other_Amphibian,0.2608,2682.7,2426.8,2812.6,2566.4
/srv/shared_leopard_toad/2025/Documents/06.10-13.10.2025/4Z/101MEDIA/DSCF0878.JPG,DSCF0878.JPG,4Z/101MEDIA,0,Other_Amphibian,0.3477,2692.1,2428.4,2823.7,2560.9
/srv/shared_leopard_toad/2025/Documents/06.10-13.10.2025/4Z/101MEDIA/DSCF0878.JPG,DSCF0878.JPG,4Z/101MEDIA,0,Other_Amphibian,0.2698,2684.1,2427.4,2814.5,2565.1
/srv/shared_leopard_toad/2025/Documents/06.10-13.10.2025/4Z/101MEDIA/DSCF0174.JPG,DSCF0174.JPG,4Z/101MEDIA,0,Other_Amphibian,0.2970,2638.9,2245.9,2789.3,2410.0
/srv/shared_leopard_toad/2025/Documents/06.10-13.10.2025/4Z/101MEDIA/DSCF0864.JPG,DSCF0864.JPG,4Z/101MEDIA,0,Other_Amphibian,0.2667,2694.0,2428.4,2820.6,2558.3
/srv/shared_leopard_toad/2025/Documents/06.10-13.10.2025/4Z/101MEDIA/DSCF0864.JPG,DSCF0864.JPG,4Z/101MEDIA,0,Other_Amphibian,0.2270,2638.8,2246.7,2785.5,2408.6
/srv/shared_leopard_toad/2025/Documents/06.10-13.10.2025/4Z/101MEDIA/DSCF0697.JPG,DSCF0697.JPG,4Z/101MEDIA,0,Other_Amphibian,0.2800,2697.8,2427.4,2823.2,2558.5
/srv/shared_leopard_toad/2025/Documents/06.10-13.10.2025/4Z/101MEDIA/DSCF0697.JPG,DSCF0697.JPG,4Z/101MEDIA,0,Other_Amphibian,0.2449,2636.1,2247.9,2784.7,2412.4
/srv/shared_leopard_toad/2025/Documents/06.10-13.10.2025/4Z/101MEDIA/DSCF0761.JPG,DSCF0761.JPG,4Z/101MEDIA,0,Other_Amphibian,0.2451,2636.3,2247.1,2783.6,2413.4
/srv/shared_leopard_toad/2025/Documents/06.10-13.10.2025/4Z/101MEDIA/DSCF0248.JPG,DSCF0248.JPG,4Z/101MEDIA,0,Other_Amphibian,0.2176,2637.7,2246.6,2789.4,2409.8
/srv/shared_leopard_toad/2025/Documents/06.10-13.10.2025/4Z/101MEDIA/DSCF0117.JPG,DSCF0117.JPG,4Z/101MEDIA,0,Other_Amphibian,0.2509,2638.2,2245.5,2786.0,2408.7
/srv/shared_leopard_toad/2025/Documents/06.10-13.10.2025/4Z/101MEDIA/DSCF0833.JPG,DSCF0833.JPG,4Z/101MEDIA,0,Other_Amphibian,0.2795,2690.2,2428.9,2822.5,2561.6
/srv/shared_leopard_toad/2025/Documents/06.10-13.10.2025/4Z/101MEDIA/DSCF0833.JPG,DSCF0833.JPG,4Z/101MEDIA,0,Other_Amphibian,0.2287,2681.4,2427.0,2814.7,2569.0
/srv/shared_leopard_toad/2025/Documents/06.10-13.10.2025/4Z/101MEDIA/DSCF0945.JPG,DSCF0945.JPG,4Z/101MEDIA,0,Other_Amphibian,0.2871,2695.4,2428.7,2823.0,2560.4
/srv/shared_leopard_toad/2025/Documents/06.10-13.10.2025/4Z/101MEDIA/DSCF0945.JPG,DSCF0945.JPG,4Z/101MEDIA,0,Other_Amphibian,0.2447,2683.0,2426.3,2810.5,2563.9
/srv/shared_leopard_toad/2025/Documents/06.10-13.10.2025/4Z/101MEDIA/DSCF0063.JPG,DSCF0063.JPG,4Z/101MEDIA,0,Other_Amphibian,0.2066,2639.7,2245.4,2786.9,2410.4
/srv/shared_leopard_toad/2025/Documents/06.10-13.10.2025/4Z/101MEDIA/DSCF0412.JPG,DSCF0412.JPG,4Z/101MEDIA,2,Western_Leopard_Toad,0.2581,5122.5,1531.2,5361.7,1736.6
/srv/shared_leopard_toad/2025/Documents/06.10-13.10.2025/4Z/101MEDIA/DSCF0152.JPG,DSCF0152.JPG,4Z/101MEDIA,0,Other_Amphibian,0.3067,2636.2,2245.9,2789.9,2409.5
/srv/shared_leopard_toad/2025/Documents/06.10-13.10.2025/4Z/101MEDIA/DSCF0989.JPG,DSCF0989.JPG,4Z/101MEDIA,0,Other_Amphibian,0.3634,2688.6,2428.9,2824.3,2558.9
/srv/shared_leopard_toad/2025/Documents/06.10-13.10.2025/4Z/101MEDIA/DSCF0989.JPG,DSCF0989.JPG,4Z/101MEDIA,0,Other_Amphibian,0.3516,2685.0,2427.1,2819.3,2562.3
/srv/shared_leopard_toad/2025/Documents/06.10-13.10.2025/4Z/101MEDIA/DSCF0036.JPG,DSCF0036.JPG,4Z/101MEDIA,0,Other_Amphibian,0.3478,2630.2,2244.5,2785.1,2409.2
/srv/shared_leopard_toad/2025/Documents/06.10-13.10.2025/4Z/101MEDIA/DSCF0052.JPG,DSCF0052.JPG,4Z/101MEDIA,0,Other_Amphibian,0.2642,2638.6,2246.9,2785.8,2409.2
/srv/shared_leopard_toad/2025/Documents/06.10-13.10.2025/4Z/101MEDIA/DSCF0754.JPG,DSCF0754.JPG,4Z/101MEDIA,0,Other_Amphibian,0.2705,2632.6,2247.7,2784.2,2411.3
/srv/shared_leopard_toad/2025/Documents/06.10-13.10.2025/4Z/101MEDIA/DSCF0754.JPG,DSCF0754.JPG,4Z/101MEDIA,0,Other_Amphibian,0.2263,2692.1,2428.5,2822.6,2565.4
/srv/shared_leopard_toad/2025/Documents/06.10-13.10.2025/4Z/101MEDIA/DSCF0754.JPG,DSCF0754.JPG,4Z/101MEDIA,0,Other_Amphibian,0.2038,2681.3,2424.7,2812.6,2575.6
/srv/shared_leopard_toad/2025/Documents/06.10-13.10.2025/4Z/101MEDIA/DSCF0838.JPG,DSCF0838.JPG,4Z/101MEDIA,0,Other_Amphibian,0.3021,2689.2,2428.6,2824.0,2561.6
/srv/shared_leopard_toad/2025/Documents/06.10-13.10.2025/4Z/101MEDIA/DSCF0838.JPG,DSCF0838.JPG,4Z/101MEDIA,0,Other_Amphibian,0.2838,2632.6,2244.4,2783.9,2410.0
/srv/shared_leopard_toad/2025/Documents/06.10-13.10.2025/4Z/101MEDIA/DSCF0838.JPG,DSCF0838.JPG,4Z/101MEDIA,0,Other_Amphibian,0.2565,2680.2,2426.9,2814.1,2567.1
/srv/shared_leopard_toad/2025/Documents/06.10-13.10.2025/4Z/101MEDIA/DSCF0189.JPG,DSCF0189.JPG,4Z/101MEDIA,0,Other_Amphibian,0.3471,2633.4,2243.2,2787.9,2409.1
/srv/shared_leopard_toad/2025/Documents/06.10-13.10.2025/4Z/101MEDIA/DSCF0189.JPG,DSCF0189.JPG,4Z/101MEDIA,0,Other_Amphibian,0.2049,2692.7,2427.6,2819.5,2555.2
/srv/shared_leopard_toad/2025/Documents/06.10-13.10.2025/4Z/101MEDIA/DSCF0171.JPG,DSCF0171.JPG,4Z/101MEDIA,0,Other_Amphibian,0.2790,2637.8,2245.4,2785.7,2412.0
/srv/shared_leopard_toad/2025/Documents/06.10-13.10.2025/4Z/101MEDIA/DSCF0040.JPG,DSCF0040.JPG,4Z/101MEDIA,0,Other_Amphibian,0.3321,2644.7,2245.6,2788.2,2408.2
/srv/shared_leopard_toad/2025/Documents/06.10-13.10.2025/4Z/101MEDIA/DSCF0729.JPG,DSCF0729.JPG,4Z/101MEDIA,0,Other_Amphibian,0.2985,2629.9,2248.5,2783.8,2411.3
/srv/shared_leopard_toad/2025/Documents/06.10-13.10.2025/4Z/101MEDIA/DSCF0729.JPG,DSCF0729.JPG,4Z/101MEDIA,0,Other_Amphibian,0.2355,2696.4,2428.1,2823.2,2559.2
/srv/shared_leopard_toad/2025/Documents/06.10-13.10.2025/4Z/101MEDIA/DSCF0315.JPG,DSCF0315.JPG,4Z/101MEDIA,0,Other_Amphibian,0.3258,2634.3,2244.8,2788.7,2408.5
/srv/shared_leopard_toad/2025/Documents/06.10-13.10.2025/4Z/101MEDIA/DSCF0288.JPG,DSCF0288.JPG,4Z/101MEDIA,0,Other_Amphibian,0.2634,2635.6,2245.2,2786.4,2409.2
/srv/shared_leopard_toad/2025/Documents/06.10-13.10.2025/4Z/101MEDIA/DSCF0288.JPG,DSCF0288.JPG,4Z/101MEDIA,0,Other_Amphibian,0.2426,3651.8,1650.3,3918.1,1926.7
/srv/shared_leopard_toad/2025/Documents/06.10-13.10.2025/4Z/101MEDIA/DSCF0045.JPG,DSCF0045.JPG,4Z/101MEDIA,0,Other_Amphibian,0.2959,2639.3,2246.4,2787.5,2409.5
/srv/shared_leopard_toad/2025/Documents/06.10-13.10.2025/4Z/101MEDIA/DSCF0264.JPG,DSCF0264.JPG,4Z/101MEDIA,0,Other_Amphibian,0.2596,2638.0,2244.8,2784.0,2408.3
/srv/shared_leopard_toad/2025/Documents/06.10-13.10.2025/4Z/101MEDIA/DSCF0848.JPG,DSCF0848.JPG,4Z/101MEDIA,0,Other_Amphibian,0.3735,2635.8,2243.6,2787.8,2410.2
/srv/shared_leopard_toad/2025/Documents/06.10-13.10.2025/4Z/101MEDIA/DSCF0848.JPG,DSCF0848.JPG,4Z/101MEDIA,0,Other_Amphibian,0.2343,2694.5,2430.0,2824.3,2560.0
/srv/shared_leopard_toad/2025/Documents/06.10-13.10.2025/4Z/101MEDIA/DSCF0145.JPG,DSCF0145.JPG,4Z/101MEDIA,0,Other_Amphibian,0.2715,2637.5,2246.5,2788.0,2409.5
/srv/shared_leopard_toad/2025/Documents/06.10-13.10.2025/4Z/101MEDIA/DSCF0284.JPG,DSCF0284.JPG,4Z/101MEDIA,0,Other_Amphibian,0.2938,2640.4,2244.7,2787.2,2408.8
/srv/shared_leopard_toad/2025/Documents/06.10-13.10.2025/4Z/101MEDIA/DSCF0504.JPG,DSCF0504.JPG,4Z/101MEDIA,0,Other_Amphibian,0.2885,2631.2,2249.4,2782.6,2413.1
/srv/shared_leopard_toad/2025/Documents/06.10-13.10.2025/4Z/101MEDIA/DSCF0504.JPG,DSCF0504.JPG,4Z/101MEDIA,0,Other_Amphibian,0.2169,2692.7,2429.3,2823.8,2563.2
/srv/shared_leopard_toad/2025/Documents/06.10-13.10.2025/4Z/101MEDIA/DSCF0637.JPG,DSCF0637.JPG,4Z/101MEDIA,0,Other_Amphibian,0.2990,2622.1,2249.0,2783.4,2417.1
/srv/shared_leopard_toad/2025/Documents/06.10-13.10.2025/4Z/101MEDIA/DSCF0637.JPG,DSCF0637.JPG,4Z/101MEDIA,0,Other_Amphibian,0.2352,2695.7,2430.3,2826.2,2563.3
/srv/shared_leopard_toad/2025/Documents/06.10-13.10.2025/4Z/101MEDIA/DSCF0271.JPG,DSCF0271.JPG,4Z/101MEDIA,0,Other_Amphibian,0.2170,2639.8,2245.5,2787.8,2407.9
/srv/shared_leopard_toad/2025/Documents/06.10-13.10.2025/4Z/101MEDIA/DSCF0861.JPG,DSCF0861.JPG,4Z/101MEDIA,0,Other_Amphibian,0.2709,2689.0,2429.1,2822.7,2560.7
/srv/shared_leopard_toad/2025/Documents/06.10-13.10.2025/4Z/101MEDIA/DSCF0861.JPG,DSCF0861.JPG,4Z/101MEDIA,0,Other_Amphibian,0.2648,2680.7,2426.7,2813.0,2565.9
/srv/shared_leopard_toad/2025/Documents/06.10-13.10.2025/4Z/101MEDIA/DSCF0648.JPG,DSCF0648.JPG,4Z/101MEDIA,0,Other_Amphibian,0.2935,2694.7,2427.5,2823.3,2560.5
/srv/shared_leopard_toad/2025/Documents/06.10-13.10.2025/4Z/101MEDIA/DSCF0096.JPG,DSCF0096.JPG,4Z/101MEDIA,0,Other_Amphibian,0.3458,2634.7,2245.8,2787.8,2407.0
/srv/shared_leopard_toad/2025/Documents/06.10-13.10.2025/4Z/101MEDIA/DSCF0295.JPG,DSCF0295.JPG,4Z/101MEDIA,0,Other_Amphibian,0.3348,2635.8,2244.6,2790.5,2409.3
/srv/shared_leopard_toad/2025/Documents/06.10-13.10.2025/4Z/101MEDIA/DSCF0053.JPG,DSCF0053.JPG,4Z/101MEDIA,0,Other_Amphibian,0.2377,2644.0,2246.1,2786.6,2407.6
/srv/shared_leopard_toad/2025/Documents/06.10-13.10.2025/4Z/101MEDIA/DSCF0740.JPG,DSCF0740.JPG,4Z/101MEDIA,0,Other_Amphibian,0.8144,2896.4,1280.8,3130.6,1500.3
/srv/shared_leopard_toad/2025/Documents/06.10-13.10.2025/4Z/101MEDIA/DSCF0740.JPG,DSCF0740.JPG,4Z/101MEDIA,0,Other_Amphibian,0.2084,2632.4,2252.4,2782.1,2417.8
/srv/shared_leopard_toad/2025/Documents/06.10-13.10.2025/4Z/101MEDIA/DSCF0384.JPG,DSCF0384.JPG,4Z/101MEDIA,2,Western_Leopard_Toad,0.2656,4719.6,1827.3,5083.1,2116.9
/srv/shared_leopard_toad/2025/Documents/06.10-13.10.2025/4Z/101MEDIA/DSCF0955.JPG,DSCF0955.JPG,4Z/101MEDIA,0,Other_Amphibian,0.2463,2634.0,2245.3,2787.7,2410.8
/srv/shared_leopard_toad/2025/Documents/06.10-13.10.2025/4Z/101MEDIA/DSCF0955.JPG,DSCF0955.JPG,4Z/101MEDIA,0,Other_Amphibian,0.2235,2694.8,2427.2,2823.2,2558.3
/srv/shared_leopard_toad/2025/Documents/06.10-13.10.2025/4Z/101MEDIA/DSCF0149.JPG,DSCF0149.JPG,4Z/101MEDIA,0,Other_Amphibian,0.2413,2638.9,2245.0,2786.3,2410.8
/srv/shared_leopard_toad/2025/Documents/06.10-13.10.2025/4Z/101MEDIA/DSCF0502.JPG,DSCF0502.JPG,4Z/101MEDIA,0,Other_Amphibian,0.2905,2632.0,2250.2,2782.4,2414.1
/srv/shared_leopard_toad/2025/Documents/06.10-13.10.2025/4Z/101MEDIA/DSCF0231.JPG,DSCF0231.JPG,4Z/101MEDIA,0,Other_Amphibian,0.3753,2637.6,2244.3,2787.5,2408.1
/srv/shared_leopard_toad/2025/Documents/06.10-13.10.2025/4Z/101MEDIA/DSCF0930.JPG,DSCF0930.JPG,4Z/101MEDIA,0,Other_Amphibian,0.3333,2691.2,2428.0,2823.0,2560.7
/srv/shared_leopard_toad/2025/Documents/06.10-13.10.2025/4Z/101MEDIA/DSCF0930.JPG,DSCF0930.JPG,4Z/101MEDIA,0,Other_Amphibian,0.2826,2683.0,2426.5,2814.6,2564.8
/srv/shared_leopard_toad/2025/Documents/06.10-13.10.2025/4Z/101MEDIA/DSCF0320.JPG,DSCF0320.JPG,4Z/101MEDIA,0,Other_Amphibian,0.2668,2642.5,2244.6,2787.5,2408.4
/srv/shared_leopard_toad/2025/Documents/06.10-13.10.2025/4Z/101MEDIA/DSCF0731.JPG,DSCF0731.JPG,4Z/101MEDIA,0,Other_Amphibian,0.2537,2696.0,2427.6,2822.8,2560.6
/srv/shared_leopard_toad/2025/Documents/06.10-13.10.2025/4Z/101MEDIA/DSCF0731.JPG,DSCF0731.JPG,4Z/101MEDIA,0,Other_Amphibian,0.2241,2635.5,2248.6,2786.7,2413.4
/srv/shared_leopard_toad/2025/Documents/06.10-13.10.2025/4Z/101MEDIA/DSCF0479.JPG,DSCF0479.JPG,4Z/101MEDIA,0,Other_Amphibian,0.2240,2635.1,2249.3,2783.9,2414.8
/srv/shared_leopard_toad/2025/Documents/06.10-13.10.2025/4Z/101MEDIA/DSCF0479.JPG,DSCF0479.JPG,4Z/101MEDIA,0,Other_Amphibian,0.2236,2692.7,2429.1,2823.7,2564.3
/srv/shared_leopard_toad/2025/Documents/06.10-13.10.2025/4Z/101MEDIA/DSCF0247.JPG,DSCF0247.JPG,4Z/101MEDIA,0,Other_Amphibian,0.3189,2639.2,2243.9,2789.5,2408.2
/srv/shared_leopard_toad/2025/Documents/06.10-13.10.2025/4Z/101MEDIA/DSCF0898.JPG,DSCF0898.JPG,4Z/101MEDIA,0,Other_Amphibian,0.3251,2632.4,2245.5,2784.0,2409.9
/srv/shared_leopard_toad/2025/Documents/06.10-13.10.2025/4Z/101MEDIA/DSCF0898.JPG,DSCF0898.JPG,4Z/101MEDIA,0,Other_Amphibian,0.2203,2694.0,2428.8,2824.4,2562.5
/srv/shared_leopard_toad/2025/Documents/06.10-13.10.2025/4Z/101MEDIA/DSCF0307.JPG,DSCF0307.JPG,4Z/101MEDIA,0,Other_Amphibian,0.2020,2641.7,2245.8,2788.2,2409.4
/srv/shared_leopard_toad/2025/Documents/06.10-13.10.2025/4Z/101MEDIA/DSCF0268.JPG,DSCF0268.JPG,4Z/101MEDIA,0,Other_Amphibian,0.3162,2638.5,2244.0,2784.2,2409.0
/srv/shared_leopard_toad/2025/Documents/06.10-13.10.2025/4Z/101MEDIA/DSCF0582.JPG,DSCF0582.JPG,4Z/101MEDIA,0,Other_Amphibian,0.2698,2626.8,2251.0,2783.0,2416.5
/srv/shared_leopard_toad/2025/Documents/06.10-13.10.2025/4Z/101MEDIA/DSCF0716.JPG,DSCF0716.JPG,4Z/101MEDIA,0,Other_Amphibian,0.2430,2695.4,2428.2,2822.6,2561.0
/srv/shared_leopard_toad/2025/Documents/06.10-13.10.2025/4Z/101MEDIA/DSCF0716.JPG,DSCF0716.JPG,4Z/101MEDIA,0,Other_Amphibian,0.2004,2630.8,2249.1,2783.6,2414.9
/srv/shared_leopard_toad/2025/Documents/06.10-13.10.2025/4Z/101MEDIA/DSCF0963.JPG,DSCF0963.JPG,4Z/101MEDIA,0,Other_Amphibian,0.3326,2690.7,2428.5,2822.5,2557.3
/srv/shared_leopard_toad/2025/Documents/06.10-13.10.2025/4Z/101MEDIA/DSCF0963.JPG,DSCF0963.JPG,4Z/101MEDIA,0,Other_Amphibian,0.2621,2636.5,2243.9,2785.9,2410.8
/srv/shared_leopard_toad/2025/Documents/06.10-13.10.2025/4Z/101MEDIA/DSCF0963.JPG,DSCF0963.JPG,4Z/101MEDIA,0,Other_Amphibian,0.2315,2682.3,2426.3,2814.6,2561.0
/srv/shared_leopard_toad/2025/Documents/06.10-13.10.2025/4Z/101MEDIA/DSCF0663.JPG,DSCF0663.JPG,4Z/101MEDIA,0,Other_Amphibian,0.3465,2622.0,2250.5,2783.7,2416.0
/srv/shared_leopard_toad/2025/Documents/06.10-13.10.2025/4Z/101MEDIA/DSCF0931.JPG,DSCF0931.JPG,4Z/101MEDIA,0,Other_Amphibian,0.2681,2694.9,2427.7,2820.7,2557.2
/srv/shared_leopard_toad/2025/Documents/06.10-13.10.2025/4Z/101MEDIA/DSCF0931.JPG,DSCF0931.JPG,4Z/101MEDIA,0,Other_Amphibian,0.2201,2640.3,2246.8,2787.2,2412.8
/srv/shared_leopard_toad/2025/Documents/06.10-13.10.2025/4Z/101MEDIA/DSCF0106.JPG,DSCF0106.JPG,4Z/101MEDIA,0,Other_Amphibian,0.2364,2639.0,2246.7,2789.4,2410.6
/srv/shared_leopard_toad/2025/Documents/06.10-13.10.2025/4Z/101MEDIA/DSCF0978.JPG,DSCF0978.JPG,4Z/101MEDIA,0,Other_Amphibian,0.2772,2692.3,2427.6,2821.9,2560.2
/srv/shared_leopard_toad/2025/Documents/06.10-13.10.2025/4Z/101MEDIA/DSCF0978.JPG,DSCF0978.JPG,4Z/101MEDIA,0,Other_Amphibian,0.2347,2680.9,2425.2,2811.4,2564.4
/srv/shared_leopard_toad/2025/Documents/06.10-13.10.2025/4Z/101MEDIA/DSCF0378.JPG,DSCF0378.JPG,4Z/101MEDIA,2,Western_Leopard_Toad,0.2609,4683.6,1836.6,5096.3,2112.9
/srv/shared_leopard_toad/2025/Documents/06.10-13.10.2025/4Z/101MEDIA/DSCF0704.JPG,DSCF0704.JPG,4Z/101MEDIA,0,Other_Amphibian,0.3205,2694.3,2429.1,2823.6,2558.5
/srv/shared_leopard_toad/2025/Documents/06.10-13.10.2025/4Z/101MEDIA/DSCF0704.JPG,DSCF0704.JPG,4Z/101MEDIA,0,Other_Amphibian,0.2210,2631.7,2250.3,2783.4,2417.8
/srv/shared_leopard_toad/2025/Documents/06.10-13.10.2025/4Z/101MEDIA/DSCF0148.JPG,DSCF0148.JPG,4Z/101MEDIA,0,Other_Amphibian,0.2399,2641.4,2246.2,2788.4,2409.0
/srv/shared_leopard_toad/2025/Documents/06.10-13.10.2025/4Z/101MEDIA/DSCF0842.JPG,DSCF0842.JPG,4Z/101MEDIA,0,Other_Amphibian,0.3682,2689.3,2428.3,2823.4,2559.3
/srv/shared_leopard_toad/2025/Documents/06.10-13.10.2025/4Z/101MEDIA/DSCF0842.JPG,DSCF0842.JPG,4Z/101MEDIA,0,Other_Amphibian,0.2917,2681.2,2428.2,2815.6,2562.9
/srv/shared_leopard_toad/2025/Documents/06.10-13.10.2025/4Z/101MEDIA/DSCF0842.JPG,DSCF0842.JPG,4Z/101MEDIA,0,Other_Amphibian,0.2031,2634.2,2245.8,2787.2,2414.7
/srv/shared_leopard_toad/2025/Documents/06.10-13.10.2025/4Z/101MEDIA/DSCF0178.JPG,DSCF0178.JPG,4Z/101MEDIA,0,Other_Amphibian,0.2112,2643.0,2245.9,2787.9,2409.9
/srv/shared_leopard_toad/2025/Documents/06.10-13.10.2025/4Z/101MEDIA/DSCF0738.JPG,DSCF0738.JPG,4Z/101MEDIA,0,Other_Amphibian,0.2703,2696.1,2428.6,2822.7,2561.8
/srv/shared_leopard_toad/2025/Documents/06.10-13.10.2025/4Z/101MEDIA/DSCF0738.JPG,DSCF0738.JPG,4Z/101MEDIA,0,Other_Amphibian,0.2099,2687.1,2427.0,2817.7,2567.6
/srv/shared_leopard_toad/2025/Documents/06.10-13.10.2025/4Z/101MEDIA/DSCF0739.JPG,DSCF0739.JPG,4Z/101MEDIA,0,Other_Amphibian,0.3285,2695.1,2428.4,2825.5,2560.1
/srv/shared_leopard_toad/2025/Documents/06.10-13.10.2025/4Z/101MEDIA/DSCF0739.JPG,DSCF0739.JPG,4Z/101MEDIA,0,Other_Amphibian,0.2637,2686.7,2426.9,2816.3,2566.0
/srv/shared_leopard_toad/2025/Documents/06.10-13.10.2025/4Z/101MEDIA/DSCF0739.JPG,DSCF0739.JPG,4Z/101MEDIA,0,Other_Amphibian,0.2479,2623.8,2250.3,2781.6,2414.6
/srv/shared_leopard_toad/2025/Documents/06.10-13.10.2025/4Z/101MEDIA/DSCF0875.JPG,DSCF0875.JPG,4Z/101MEDIA,0,Other_Amphibian,0.2525,2628.0,2245.6,2782.0,2412.8
/srv/shared_leopard_toad/2025/Documents/06.10-13.10.2025/4Z/101MEDIA/DSCF0875.JPG,DSCF0875.JPG,4Z/101MEDIA,0,Other_Amphibian,0.2224,2675.5,2425.0,2808.6,2577.7
/srv/shared_leopard_toad/2025/Documents/06.10-13.10.2025/4Z/101MEDIA/DSCF0576.JPG,DSCF0576.JPG,4Z/101MEDIA,0,Other_Amphibian,0.2380,2633.5,2251.9,2784.3,2414.6
/srv/shared_leopard_toad/2025/Documents/06.10-13.10.2025/4Z/101MEDIA/DSCF0576.JPG,DSCF0576.JPG,4Z/101MEDIA,0,Other_Amphibian,0.2021,2698.0,2429.1,2822.8,2560.9
/srv/shared_leopard_toad/2025/Documents/06.10-13.10.2025/4Z/101MEDIA/DSCF0607.JPG,DSCF0607.JPG,4Z/101MEDIA,0,Other_Amphibian,0.2132,2633.2,2250.8,2785.4,2415.2
/srv/shared_leopard_toad/2025/Documents/06.10-13.10.2025/4Z/101MEDIA/DSCF0097.JPG,DSCF0097.JPG,4Z/101MEDIA,0,Other_Amphibian,0.4390,2630.5,2244.0,2789.0,2408.3
/srv/shared_leopard_toad/2025/Documents/06.10-13.10.2025/4Z/101MEDIA/DSCF0252.JPG,DSCF0252.JPG,4Z/101MEDIA,0,Other_Amphibian,0.2340,2637.2,2245.7,2786.3,2409.5
/srv/shared_leopard_toad/2025/Documents/06.10-13.10.2025/4Z/101MEDIA/DSCF0472.JPG,DSCF0472.JPG,4Z/101MEDIA,0,Other_Amphibian,0.2683,2632.2,2249.6,2785.0,2415.5
/srv/shared_leopard_toad/2025/Documents/06.10-13.10.2025/4Z/101MEDIA/DSCF0788.JPG,DSCF0788.JPG,4Z/101MEDIA,0,Other_Amphibian,0.2677,2692.1,2429.2,2822.6,2562.2
/srv/shared_leopard_toad/2025/Documents/06.10-13.10.2025/4Z/101MEDIA/DSCF0788.JPG,DSCF0788.JPG,4Z/101MEDIA,0,Other_Amphibian,0.2337,2635.1,2246.1,2781.5,2409.9
/srv/shared_leopard_toad/2025/Documents/06.10-13.10.2025/4Z/101MEDIA/DSCF0927.JPG,DSCF0927.JPG,4Z/101MEDIA,0,Other_Amphibian,0.3681,2687.5,2428.5,2824.2,2561.4
/srv/shared_leopard_toad/2025/Documents/06.10-13.10.2025/4Z/101MEDIA/DSCF0927.JPG,DSCF0927.JPG,4Z/101MEDIA,0,Other_Amphibian,0.3674,2686.0,2426.6,2822.2,2564.8
/srv/shared_leopard_toad/2025/Documents/06.10-13.10.2025/4Z/101MEDIA/DSCF0536.JPG,DSCF0536.JPG,4Z/101MEDIA,0,Other_Amphibian,0.2178,2625.2,2251.2,2782.5,2418.9
/srv/shared_leopard_toad/2025/Documents/06.10-13.10.2025/4Z/101MEDIA/DSCF0448.JPG,DSCF0448.JPG,4Z/101MEDIA,0,Other_Amphibian,0.2150,2636.4,2249.9,2778.5,2414.5
/srv/shared_leopard_toad/2025/Documents/06.10-13.10.2025/4Z/101MEDIA/DSCF0683.JPG,DSCF0683.JPG,4Z/101MEDIA,0,Other_Amphibian,0.2607,2695.4,2429.1,2823.8,2562.3
/srv/shared_leopard_toad/2025/Documents/06.10-13.10.2025/4Z/101MEDIA/DSCF0683.JPG,DSCF0683.JPG,4Z/101MEDIA,0,Other_Amphibian,0.2046,2632.9,2249.7,2784.9,2414.3
/srv/shared_leopard_toad/2025/Documents/06.10-13.10.2025/4Z/101MEDIA/DSCF0449.JPG,DSCF0449.JPG,4Z/101MEDIA,0,Other_Amphibian,0.2265,2628.3,2248.6,2781.9,2417.1
/srv/shared_leopard_toad/2025/Documents/06.10-13.10.2025/4Z/101MEDIA/DSCF0888.JPG,DSCF0888.JPG,4Z/101MEDIA,0,Other_Amphibian,0.2023,2637.8,2245.6,2781.7,2410.0
/srv/shared_leopard_toad/2025/Documents/06.10-13.10.2025/4Z/101MEDIA/DSCF0287.JPG,DSCF0287.JPG,4Z/101MEDIA,0,Other_Amphibian,0.4175,2634.1,2243.8,2789.1,2407.8
/srv/shared_leopard_toad/2025/Documents/06.10-13.10.2025/4Z/101MEDIA/DSCF0494.JPG,DSCF0494.JPG,4Z/101MEDIA,0,Other_Amphibian,0.2543,2630.0,2249.6,2784.2,2415.2
/srv/shared_leopard_toad/2025/Documents/06.10-13.10.2025/4Z/101MEDIA/DSCF0908.JPG,DSCF0908.JPG,4Z/101MEDIA,0,Other_Amphibian,0.2664,2691.1,2427.5,2822.2,2562.2
/srv/shared_leopard_toad/2025/Documents/06.10-13.10.2025/4Z/101MEDIA/DSCF0072.JPG,DSCF0072.JPG,4Z/101MEDIA,0,Other_Amphibian,0.4928,3425.4,1601.5,3643.2,1786.1
/srv/shared_leopard_toad/2025/Documents/06.10-13.10.2025/4Z/101MEDIA/DSCF0072.JPG,DSCF0072.JPG,4Z/101MEDIA,0,Other_Amphibian,0.2870,2641.8,2246.9,2786.4,2409.7
/srv/shared_leopard_toad/2025/Documents/06.10-13.10.2025/4Z/101MEDIA/DSCF0134.JPG,DSCF0134.JPG,4Z/101MEDIA,0,Other_Amphibian,0.2900,2641.8,2245.6,2789.7,2409.2
/srv/shared_leopard_toad/2025/Documents/06.10-13.10.2025/4Z/101MEDIA/DSCF0158.JPG,DSCF0158.JPG,4Z/101MEDIA,0,Other_Amphibian,0.3007,2628.6,2245.7,2784.2,2411.6
/srv/shared_leopard_toad/2025/Documents/06.10-13.10.2025/4Z/101MEDIA/DSCF0474.JPG,DSCF0474.JPG,4Z/101MEDIA,0,Other_Amphibian,0.3192,2621.2,2250.4,2779.9,2417.3
/srv/shared_leopard_toad/2025/Documents/06.10-13.10.2025/4Z/101MEDIA/DSCF0872.JPG,DSCF0872.JPG,4Z/101MEDIA,0,Other_Amphibian,0.2690,2693.0,2428.9,2821.6,2560.5
/srv/shared_leopard_toad/2025/Documents/06.10-13.10.2025/4Z/101MEDIA/DSCF0872.JPG,DSCF0872.JPG,4Z/101MEDIA,0,Other_Amphibian,0.2135,2681.9,2426.3,2812.1,2565.1
/srv/shared_leopard_toad/2025/Documents/06.10-13.10.2025/4Z/101MEDIA/DSCF0499.JPG,DSCF0499.JPG,4Z/101MEDIA,0,Other_Amphibian,0.2262,2692.7,2429.4,2820.9,2560.1
/srv/shared_leopard_toad/2025/Documents/06.10-13.10.2025/4Z/101MEDIA/DSCF0499.JPG,DSCF0499.JPG,4Z/101MEDIA,0,Other_Amphibian,0.2187,2625.5,2250.2,2780.7,2417.8
/srv/shared_leopard_toad/2025/Documents/06.10-13.10.2025/4Z/101MEDIA/DSCF0892.JPG,DSCF0892.JPG,4Z/101MEDIA,0,Other_Amphibian,0.2502,2690.9,2427.9,2820.9,2559.8
/srv/shared_leopard_toad/2025/Documents/06.10-13.10.2025/4Z/101MEDIA/DSCF0900.JPG,DSCF0900.JPG,4Z/101MEDIA,0,Other_Amphibian,0.3008,2633.8,2246.9,2785.2,2411.8
/srv/shared_leopard_toad/2025/Documents/06.10-13.10.2025/4Z/101MEDIA/DSCF0900.JPG,DSCF0900.JPG,4Z/101MEDIA,0,Other_Amphibian,0.2871,2697.3,2428.7,2823.4,2557.4
/srv/shared_leopard_toad/2025/Documents/06.10-13.10.2025/4Z/101MEDIA/DSCF0768.JPG,DSCF0768.JPG,4Z/101MEDIA,0,Other_Amphibian,0.2537,2630.4,2246.7,2784.2,2412.6
/srv/shared_leopard_toad/2025/Documents/06.10-13.10.2025/4Z/101MEDIA/DSCF0335.JPG,DSCF0335.JPG,4Z/101MEDIA,0,Other_Amphibian,0.3435,2644.7,2245.1,2789.1,2406.9
/srv/shared_leopard_toad/2025/Documents/06.10-13.10.2025/4Z/101MEDIA/DSCF0523.JPG,DSCF0523.JPG,4Z/101MEDIA,0,Other_Amphibian,0.4389,2622.1,2248.1,2785.4,2415.3
/srv/shared_leopard_toad/2025/Documents/06.10-13.10.2025/4Z/101MEDIA/DSCF0890.JPG,DSCF0890.JPG,4Z/101MEDIA,0,Other_Amphibian,0.3444,2694.2,2428.8,2821.3,2558.9
/srv/shared_leopard_toad/2025/Documents/06.10-13.10.2025/4Z/101MEDIA/DSCF0890.JPG,DSCF0890.JPG,4Z/101MEDIA,0,Other_Amphibian,0.2605,2632.3,2246.5,2786.4,2411.0
/srv/shared_leopard_toad/2025/Documents/06.10-13.10.2025/4Z/101MEDIA/DSCF0890.JPG,DSCF0890.JPG,4Z/101MEDIA,0,Other_Amphibian,0.2524,2685.5,2427.5,2815.2,2563.4
/srv/shared_leopard_toad/2025/Documents/06.10-13.10.2025/4Z/101MEDIA/DSCF0262.JPG,DSCF0262.JPG,4Z/101MEDIA,0,Other_Amphibian,0.2483,2641.0,2246.1,2785.6,2407.4
/srv/shared_leopard_toad/2025/Documents/06.10-13.10.2025/4Z/101MEDIA/DSCF0655.JPG,DSCF0655.JPG,4Z/101MEDIA,0,Other_Amphibian,0.2505,2633.6,2249.4,2785.7,2414.4
/srv/shared_leopard_toad/2025/Documents/06.10-13.10.2025/4Z/101MEDIA/DSCF0655.JPG,DSCF0655.JPG,4Z/101MEDIA,0,Other_Amphibian,0.2406,2694.6,2428.8,2823.7,2562.1
/srv/shared_leopard_toad/2025/Documents/06.10-13.10.2025/4Z/101MEDIA/DSCF0965.JPG,DSCF0965.JPG,4Z/101MEDIA,0,Other_Amphibian,0.2146,2638.3,2246.5,2784.9,2410.4
/srv/shared_leopard_toad/2025/Documents/06.10-13.10.2025/4Z/101MEDIA/DSCF0750.JPG,DSCF0750.JPG,4Z/101MEDIA,0,Other_Amphibian,0.2286,2694.4,2427.8,2821.2,2564.2
/srv/shared_leopard_toad/2025/Documents/06.10-13.10.2025/4Z/101MEDIA/DSCF0223.JPG,DSCF0223.JPG,4Z/101MEDIA,0,Other_Amphibian,0.2527,2636.0,2247.2,2786.7,2408.4
/srv/shared_leopard_toad/2025/Documents/06.10-13.10.2025/4Z/101MEDIA/DSCF0669.JPG,DSCF0669.JPG,4Z/101MEDIA,0,Other_Amphibian,0.3544,2628.3,2247.9,2785.3,2412.3
/srv/shared_leopard_toad/2025/Documents/06.10-13.10.2025/4Z/101MEDIA/DSCF0669.JPG,DSCF0669.JPG,4Z/101MEDIA,0,Other_Amphibian,0.2399,2697.1,2429.4,2823.4,2561.3
/srv/shared_leopard_toad/2025/Documents/06.10-13.10.2025/4Z/101MEDIA/DSCF0745.JPG,DSCF0745.JPG,4Z/101MEDIA,0,Other_Amphibian,0.3529,2693.4,2429.2,2824.6,2558.7
/srv/shared_leopard_toad/2025/Documents/06.10-13.10.2025/4Z/101MEDIA/DSCF0745.JPG,DSCF0745.JPG,4Z/101MEDIA,0,Other_Amphibian,0.3513,2627.1,2245.4,2784.1,2414.6
/srv/shared_leopard_toad/2025/Documents/06.10-13.10.2025/4Z/101MEDIA/DSCF0745.JPG,DSCF0745.JPG,4Z/101MEDIA,0,Other_Amphibian,0.2511,2684.5,2427.9,2815.9,2561.7
/srv/shared_leopard_toad/2025/Documents/06.10-13.10.2025/4Z/101MEDIA/DSCF0127.JPG,DSCF0127.JPG,4Z/101MEDIA,0,Other_Amphibian,0.3314,2637.1,2245.7,2789.5,2408.0
/srv/shared_leopard_toad/2025/Documents/06.10-13.10.2025/4Z/101MEDIA/DSCF0601.JPG,DSCF0601.JPG,4Z/101MEDIA,0,Other_Amphibian,0.2399,2691.4,2427.8,2823.3,2564.8
/srv/shared_leopard_toad/2025/Documents/06.10-13.10.2025/4Z/101MEDIA/DSCF0601.JPG,DSCF0601.JPG,4Z/101MEDIA,0,Other_Amphibian,0.2334,2631.2,2250.0,2788.1,2416.2
/srv/shared_leopard_toad/2025/Documents/06.10-13.10.2025/4Z/101MEDIA/DSCF0753.JPG,DSCF0753.JPG,4Z/101MEDIA,0,Other_Amphibian,0.3630,2691.2,2427.6,2823.8,2560.4
/srv/shared_leopard_toad/2025/Documents/06.10-13.10.2025/4Z/101MEDIA/DSCF0753.JPG,DSCF0753.JPG,4Z/101MEDIA,0,Other_Amphibian,0.2751,2686.7,2426.8,2819.7,2565.0
/srv/shared_leopard_toad/2025/Documents/06.10-13.10.2025/4Z/101MEDIA/DSCF0753.JPG,DSCF0753.JPG,4Z/101MEDIA,0,Other_Amphibian,0.2463,2629.6,2249.0,2785.0,2414.9
/srv/shared_leopard_toad/2025/Documents/06.10-13.10.2025/4Z/101MEDIA/DSCF0363.JPG,DSCF0363.JPG,4Z/101MEDIA,2,Western_Leopard_Toad,0.4305,4683.9,1812.2,5098.2,2114.9
/srv/shared_leopard_toad/2025/Documents/06.10-13.10.2025/4Z/101MEDIA/DSCF0823.JPG,DSCF0823.JPG,4Z/101MEDIA,0,Other_Amphibian,0.4154,2629.3,2244.5,2787.7,2410.6
/srv/shared_leopard_toad/2025/Documents/06.10-13.10.2025/4Z/101MEDIA/DSCF0154.JPG,DSCF0154.JPG,4Z/101MEDIA,0,Other_Amphibian,0.3278,2644.6,2244.0,2791.0,2407.8
/srv/shared_leopard_toad/2025/Documents/06.10-13.10.2025/4Z/101MEDIA/DSCF0376.JPG,DSCF0376.JPG,4Z/101MEDIA,2,Western_Leopard_Toad,0.2702,4658.8,1800.5,5099.1,2234.2
/srv/shared_leopard_toad/2025/Documents/06.10-13.10.2025/4Z/101MEDIA/DSCF0186.JPG,DSCF0186.JPG,4Z/101MEDIA,0,Other_Amphibian,0.3064,2640.2,2245.0,2789.4,2409.4
/srv/shared_leopard_toad/2025/Documents/06.10-13.10.2025/4Z/101MEDIA/DSCF0196.JPG,DSCF0196.JPG,4Z/101MEDIA,0,Other_Amphibian,0.2283,2692.3,2425.5,2821.0,2555.7
/srv/shared_leopard_toad/2025/Documents/06.10-13.10.2025/4Z/101MEDIA/DSCF0577.JPG,DSCF0577.JPG,4Z/101MEDIA,0,Other_Amphibian,0.2553,2635.8,2248.9,2783.3,2414.1
/srv/shared_leopard_toad/2025/Documents/06.10-13.10.2025/4Z/101MEDIA/DSCF0478.JPG,DSCF0478.JPG,4Z/101MEDIA,0,Other_Amphibian,0.2983,2637.3,2252.2,2784.9,2412.5
/srv/shared_leopard_toad/2025/Documents/06.10-13.10.2025/4Z/101MEDIA/DSCF0123.JPG,DSCF0123.JPG,4Z/101MEDIA,0,Other_Amphibian,0.2428,2636.6,2244.7,2788.5,2410.9
/srv/shared_leopard_toad/2025/Documents/06.10-13.10.2025/4Z/101MEDIA/DSCF0123.JPG,DSCF0123.JPG,4Z/101MEDIA,0,Other_Amphibian,0.2190,2680.6,2427.7,2819.1,2558.0
/srv/shared_leopard_toad/2025/Documents/06.10-13.10.2025/4Z/101MEDIA/DSCF0666.JPG,DSCF0666.JPG,4Z/101MEDIA,0,Other_Amphibian,0.2143,2695.4,2428.4,2822.1,2562.2
/srv/shared_leopard_toad/2025/Documents/06.10-13.10.2025/4Z/101MEDIA/DSCF0280.JPG,DSCF0280.JPG,4Z/101MEDIA,0,Other_Amphibian,0.4213,2631.1,2242.5,2790.9,2408.7
/srv/shared_leopard_toad/2025/Documents/06.10-13.10.2025/4Z/101MEDIA/DSCF0629.JPG,DSCF0629.JPG,4Z/101MEDIA,0,Other_Amphibian,0.2391,2634.3,2249.8,2784.5,2415.8
/srv/shared_leopard_toad/2025/Documents/06.10-13.10.2025/4Z/101MEDIA/DSCF0629.JPG,DSCF0629.JPG,4Z/101MEDIA,0,Other_Amphibian,0.2320,2692.9,2429.4,2824.0,2561.6
/srv/shared_leopard_toad/2025/Documents/06.10-13.10.2025/4Z/101MEDIA/DSCF0675.JPG,DSCF0675.JPG,4Z/101MEDIA,0,Other_Amphibian,0.2973,2628.3,2248.6,2782.2,2413.8
/srv/shared_leopard_toad/2025/Documents/06.10-13.10.2025/4Z/101MEDIA/DSCF0675.JPG,DSCF0675.JPG,4Z/101MEDIA,0,Other_Amphibian,0.2689,2695.5,2428.4,2823.5,2561.1
/srv/shared_leopard_toad/2025/Documents/06.10-13.10.2025/4Z/101MEDIA/DSCF0049.JPG,DSCF0049.JPG,4Z/101MEDIA,0,Other_Amphibian,0.2711,2636.2,2246.4,2786.0,2409.9
/srv/shared_leopard_toad/2025/Documents/06.10-13.10.2025/4Z/101MEDIA/DSCF0208.JPG,DSCF0208.JPG,4Z/101MEDIA,0,Other_Amphibian,0.3378,2642.6,2244.9,2787.3,2408.6
/srv/shared_leopard_toad/2025/Documents/06.10-13.10.2025/4Z/101MEDIA/DSCF0635.JPG,DSCF0635.JPG,4Z/101MEDIA,0,Other_Amphibian,0.2911,2691.8,2428.2,2822.9,2560.1
/srv/shared_leopard_toad/2025/Documents/06.10-13.10.2025/4Z/101MEDIA/DSCF0635.JPG,DSCF0635.JPG,4Z/101MEDIA,0,Other_Amphibian,0.2012,2628.8,2253.5,2783.4,2418.0
/srv/shared_leopard_toad/2025/Documents/06.10-13.10.2025/4Z/101MEDIA/DSCF0065.JPG,DSCF0065.JPG,4Z/101MEDIA,0,Other_Amphibian,0.2284,2639.7,2246.0,2787.9,2409.5
/srv/shared_leopard_toad/2025/Documents/06.10-13.10.2025/4Z/101MEDIA/DSCF0820.JPG,DSCF0820.JPG,4Z/101MEDIA,0,Other_Amphibian,0.3325,2693.1,2427.9,2825.6,2562.3
/srv/shared_leopard_toad/2025/Documents/06.10-13.10.2025/4Z/101MEDIA/DSCF0820.JPG,DSCF0820.JPG,4Z/101MEDIA,0,Other_Amphibian,0.3023,2687.6,2426.1,2819.7,2566.6
/srv/shared_leopard_toad/2025/Documents/06.10-13.10.2025/4Z/101MEDIA/DSCF0782.JPG,DSCF0782.JPG,4Z/101MEDIA,0,Other_Amphibian,0.2190,2692.5,2428.7,2823.1,2560.6
/srv/shared_leopard_toad/2025/Documents/06.10-13.10.2025/4Z/101MEDIA/DSCF0074.JPG,DSCF0074.JPG,4Z/101MEDIA,0,Other_Amphibian,0.8531,2411.4,2043.1,2653.6,2316.0
/srv/shared_leopard_toad/2025/Documents/06.10-13.10.2025/4Z/101MEDIA/DSCF0110.JPG,DSCF0110.JPG,4Z/101MEDIA,0,Other_Amphibian,0.2318,2641.0,2244.0,2787.2,2408.9
/srv/shared_leopard_toad/2025/Documents/06.10-13.10.2025/4Z/101MEDIA/DSCF0907.JPG,DSCF0907.JPG,4Z/101MEDIA,0,Other_Amphibian,0.2985,2695.0,2428.4,2823.9,2559.3
/srv/shared_leopard_toad/2025/Documents/06.10-13.10.2025/4Z/101MEDIA/DSCF0907.JPG,DSCF0907.JPG,4Z/101MEDIA,0,Other_Amphibian,0.2492,2632.5,2246.3,2781.5,2411.5
/srv/shared_leopard_toad/2025/Documents/06.10-13.10.2025/4Z/101MEDIA/DSCF0907.JPG,DSCF0907.JPG,4Z/101MEDIA,0,Other_Amphibian,0.2169,2687.0,2426.7,2816.4,2565.0
/srv/shared_leopard_toad/2025/Documents/06.10-13.10.2025/4Z/101MEDIA/DSCF0533.JPG,DSCF0533.JPG,4Z/101MEDIA,0,Other_Amphibian,0.2709,2691.9,2429.4,2823.3,2564.0
/srv/shared_leopard_toad/2025/Documents/06.10-13.10.2025/4Z/101MEDIA/DSCF0533.JPG,DSCF0533.JPG,4Z/101MEDIA,0,Other_Amphibian,0.2361,2681.8,2426.9,2813.8,2571.3
/srv/shared_leopard_toad/2025/Documents/06.10-13.10.2025/4Z/101MEDIA/DSCF0503.JPG,DSCF0503.JPG,4Z/101MEDIA,0,Other_Amphibian,0.2441,2630.4,2247.4,2785.9,2415.4
/srv/shared_leopard_toad/2025/Documents/06.10-13.10.2025/4Z/101MEDIA/DSCF0885.JPG,DSCF0885.JPG,4Z/101MEDIA,0,Other_Amphibian,0.2888,2695.0,2428.2,2823.7,2560.7
/srv/shared_leopard_toad/2025/Documents/06.10-13.10.2025/4Z/101MEDIA/DSCF0885.JPG,DSCF0885.JPG,4Z/101MEDIA,0,Other_Amphibian,0.2142,2638.2,2246.9,2785.8,2410.6
/srv/shared_leopard_toad/2025/Documents/06.10-13.10.2025/4Z/101MEDIA/DSCF0885.JPG,DSCF0885.JPG,4Z/101MEDIA,0,Other_Amphibian,0.2033,2682.8,2424.7,2812.7,2561.8
/srv/shared_leopard_toad/2025/Documents/06.10-13.10.2025/4Z/101MEDIA/DSCF0622.JPG,DSCF0622.JPG,4Z/101MEDIA,0,Other_Amphibian,0.2642,2689.6,2428.9,2823.8,2564.8
/srv/shared_leopard_toad/2025/Documents/06.10-13.10.2025/4Z/101MEDIA/DSCF0622.JPG,DSCF0622.JPG,4Z/101MEDIA,0,Other_Amphibian,0.2286,2681.7,2427.5,2814.3,2573.0
/srv/shared_leopard_toad/2025/Documents/06.10-13.10.2025/4Z/101MEDIA/DSCF0622.JPG,DSCF0622.JPG,4Z/101MEDIA,0,Other_Amphibian,0.2039,2632.2,2248.8,2784.7,2416.4
/srv/shared_leopard_toad/2025/Documents/06.10-13.10.2025/4Z/101MEDIA/DSCF0211.JPG,DSCF0211.JPG,4Z/101MEDIA,0,Other_Amphibian,0.2316,2642.1,2243.5,2784.4,2407.3
/srv/shared_leopard_toad/2025/Documents/06.10-13.10.2025/4Z/101MEDIA/DSCF0621.JPG,DSCF0621.JPG,4Z/101MEDIA,0,Other_Amphibian,0.2788,2635.9,2250.0,2783.2,2411.4
/srv/shared_leopard_toad/2025/Documents/06.10-13.10.2025/4Z/101MEDIA/DSCF0621.JPG,DSCF0621.JPG,4Z/101MEDIA,0,Other_Amphibian,0.2434,2635.1,2254.4,2782.9,2411.4
/srv/shared_leopard_toad/2025/Documents/06.10-13.10.2025/4Z/101MEDIA/DSCF0030.JPG,DSCF0030.JPG,4Z/101MEDIA,0,Other_Amphibian,0.2608,2641.7,2246.2,2785.9,2409.5
/srv/shared_leopard_toad/2025/Documents/06.10-13.10.2025/4Z/101MEDIA/DSCF0483.JPG,DSCF0483.JPG,4Z/101MEDIA,0,Other_Amphibian,0.2337,2626.2,2251.5,2780.1,2417.2
/srv/shared_leopard_toad/2025/Documents/06.10-13.10.2025/4Z/101MEDIA/DSCF0483.JPG,DSCF0483.JPG,4Z/101MEDIA,0,Other_Amphibian,0.2066,2694.1,2428.6,2820.9,2560.2
/srv/shared_leopard_toad/2025/Documents/06.10-13.10.2025/4Z/101MEDIA/DSCF0121.JPG,DSCF0121.JPG,4Z/101MEDIA,0,Other_Amphibian,0.2267,2636.8,2245.2,2782.9,2409.6
/srv/shared_leopard_toad/2025/Documents/06.10-13.10.2025/4Z/101MEDIA/DSCF0937.JPG,DSCF0937.JPG,4Z/101MEDIA,0,Other_Amphibian,0.3447,2633.6,2243.9,2783.8,2409.7
/srv/shared_leopard_toad/2025/Documents/06.10-13.10.2025/4Z/101MEDIA/DSCF0937.JPG,DSCF0937.JPG,4Z/101MEDIA,0,Other_Amphibian,0.3440,2692.7,2428.4,2822.4,2558.6
/srv/shared_leopard_toad/2025/Documents/06.10-13.10.2025/4Z/101MEDIA/DSCF0937.JPG,DSCF0937.JPG,4Z/101MEDIA,0,Other_Amphibian,0.2242,2684.0,2426.4,2814.3,2561.2
/srv/shared_leopard_toad/2025/Documents/06.10-13.10.2025/4Z/101MEDIA/DSCF0686.JPG,DSCF0686.JPG,4Z/101MEDIA,0,Other_Amphibian,0.3412,2690.8,2428.3,2823.4,2561.1
/srv/shared_leopard_toad/2025/Documents/06.10-13.10.2025/4Z/101MEDIA/DSCF0686.JPG,DSCF0686.JPG,4Z/101MEDIA,0,Other_Amphibian,0.2727,2683.1,2427.8,2814.4,2565.8
/srv/shared_leopard_toad/2025/Documents/06.10-13.10.2025/4Z/101MEDIA/DSCF0790.JPG,DSCF0790.JPG,4Z/101MEDIA,0,Other_Amphibian,0.3336,2692.6,2429.1,2822.1,2559.2
/srv/shared_leopard_toad/2025/Documents/06.10-13.10.2025/4Z/101MEDIA/DSCF0790.JPG,DSCF0790.JPG,4Z/101MEDIA,0,Other_Amphibian,0.2383,2637.8,2247.5,2784.2,2411.1
/srv/shared_leopard_toad/2025/Documents/06.10-13.10.2025/4Z/101MEDIA/DSCF0790.JPG,DSCF0790.JPG,4Z/101MEDIA,0,Other_Amphibian,0.2224,2682.5,2426.2,2810.4,2562.0
/srv/shared_leopard_toad/2025/Documents/06.10-13.10.2025/4Z/101MEDIA/DSCF0333.JPG,DSCF0333.JPG,4Z/101MEDIA,0,Other_Amphibian,0.3410,2635.6,2243.5,2789.5,2409.8
/srv/shared_leopard_toad/2025/Documents/06.10-13.10.2025/4Z/101MEDIA/DSCF0482.JPG,DSCF0482.JPG,4Z/101MEDIA,0,Other_Amphibian,0.3346,2628.1,2250.1,2784.8,2415.1
/srv/shared_leopard_toad/2025/Documents/06.10-13.10.2025/4Z/101MEDIA/DSCF0805.JPG,DSCF0805.JPG,4Z/101MEDIA,0,Other_Amphibian,0.3293,2627.2,2246.2,2783.7,2411.5
/srv/shared_leopard_toad/2025/Documents/06.10-13.10.2025/4Z/101MEDIA/DSCF0805.JPG,DSCF0805.JPG,4Z/101MEDIA,0,Other_Amphibian,0.3183,2693.5,2428.8,2822.5,2559.3
/srv/shared_leopard_toad/2025/Documents/06.10-13.10.2025/4Z/101MEDIA/DSCF0805.JPG,DSCF0805.JPG,4Z/101MEDIA,0,Other_Amphibian,0.2015,2681.8,2426.1,2812.7,2561.9
/srv/shared_leopard_toad/2025/Documents/06.10-13.10.2025/4Z/101MEDIA/DSCF0962.JPG,DSCF0962.JPG,4Z/101MEDIA,0,Other_Amphibian,0.2393,2630.2,2246.3,2785.2,2412.2
/srv/shared_leopard_toad/2025/Documents/06.10-13.10.2025/4Z/101MEDIA/DSCF0962.JPG,DSCF0962.JPG,4Z/101MEDIA,0,Other_Amphibian,0.2349,2688.5,2428.1,2823.3,2563.9
/srv/shared_leopard_toad/2025/Documents/06.10-13.10.2025/4Z/101MEDIA/DSCF0962.JPG,DSCF0962.JPG,4Z/101MEDIA,0,Other_Amphibian,0.2335,2678.1,2425.5,2811.8,2570.9
/srv/shared_leopard_toad/2025/Documents/06.10-13.10.2025/4Z/101MEDIA/DSCF0867.JPG,DSCF0867.JPG,4Z/101MEDIA,0,Other_Amphibian,0.2291,2642.3,2246.2,2786.4,2410.2
/srv/shared_leopard_toad/2025/Documents/06.10-13.10.2025/4Z/101MEDIA/DSCF0867.JPG,DSCF0867.JPG,4Z/101MEDIA,0,Other_Amphibian,0.2181,2696.0,2428.6,2823.1,2559.8
/srv/shared_leopard_toad/2025/Documents/06.10-13.10.2025/4Z/101MEDIA/DSCF0874.JPG,DSCF0874.JPG,4Z/101MEDIA,0,Other_Amphibian,0.4116,2689.9,2428.1,2820.6,2557.3
/srv/shared_leopard_toad/2025/Documents/06.10-13.10.2025/4Z/101MEDIA/DSCF0874.JPG,DSCF0874.JPG,4Z/101MEDIA,0,Other_Amphibian,0.2712,2683.7,2427.8,2813.5,2560.6
/srv/shared_leopard_toad/2025/Documents/06.10-13.10.2025/4Z/101MEDIA/DSCF0548.JPG,DSCF0548.JPG,4Z/101MEDIA,0,Other_Amphibian,0.3067,2630.1,2250.0,2782.2,2415.5
/srv/shared_leopard_toad/2025/Documents/06.10-13.10.2025/4Z/101MEDIA/DSCF0091.JPG,DSCF0091.JPG,4Z/101MEDIA,0,Other_Amphibian,0.2136,2637.6,2245.0,2788.7,2409.6
/srv/shared_leopard_toad/2025/Documents/06.10-13.10.2025/4Z/101MEDIA/DSCF0554.JPG,DSCF0554.JPG,4Z/101MEDIA,0,Other_Amphibian,0.2048,2628.0,2249.5,2783.6,2417.7
/srv/shared_leopard_toad/2025/Documents/06.10-13.10.2025/4Z/101MEDIA/DSCF0942.JPG,DSCF0942.JPG,4Z/101MEDIA,0,Other_Amphibian,0.3455,2694.4,2427.4,2821.0,2560.1
/srv/shared_leopard_toad/2025/Documents/06.10-13.10.2025/4Z/101MEDIA/DSCF0942.JPG,DSCF0942.JPG,4Z/101MEDIA,0,Other_Amphibian,0.2594,2683.7,2425.6,2810.2,2563.8
/srv/shared_leopard_toad/2025/Documents/06.10-13.10.2025/4Z/101MEDIA/DSCF0942.JPG,DSCF0942.JPG,4Z/101MEDIA,0,Other_Amphibian,0.2096,2633.5,2247.2,2785.1,2412.3
/srv/shared_leopard_toad/2025/Documents/06.10-13.10.2025/4Z/101MEDIA/DSCF0991.JPG,DSCF0991.JPG,4Z/101MEDIA,0,Other_Amphibian,0.3201,2635.7,2244.0,2788.9,2411.0
/srv/shared_leopard_toad/2025/Documents/06.10-13.10.2025/4Z/101MEDIA/DSCF0991.JPG,DSCF0991.JPG,4Z/101MEDIA,0,Other_Amphibian,0.3050,2688.4,2428.3,2822.8,2560.9
/srv/shared_leopard_toad/2025/Documents/06.10-13.10.2025/4Z/101MEDIA/DSCF0991.JPG,DSCF0991.JPG,4Z/101MEDIA,0,Other_Amphibian,0.2592,2677.3,2426.4,2810.2,2564.7
/srv/shared_leopard_toad/2025/Documents/06.10-13.10.2025/4Z/101MEDIA/DSCF0130.JPG,DSCF0130.JPG,4Z/101MEDIA,0,Other_Amphibian,0.2002,2642.3,2245.5,2787.2,2409.5
/srv/shared_leopard_toad/2025/Documents/06.10-13.10.2025/4Z/101MEDIA/DSCF0691.JPG,DSCF0691.JPG,4Z/101MEDIA,0,Other_Amphibian,0.2829,2629.9,2249.7,2786.8,2415.6
/srv/shared_leopard_toad/2025/Documents/06.10-13.10.2025/4Z/101MEDIA/DSCF0691.JPG,DSCF0691.JPG,4Z/101MEDIA,0,Other_Amphibian,0.2507,2698.7,2428.6,2825.1,2559.4
/srv/shared_leopard_toad/2025/Documents/06.10-13.10.2025/4Z/101MEDIA/DSCF0742.JPG,DSCF0742.JPG,4Z/101MEDIA,0,Other_Amphibian,0.2787,2685.5,2426.3,2815.7,2570.5
/srv/shared_leopard_toad/2025/Documents/06.10-13.10.2025/4Z/101MEDIA/DSCF0742.JPG,DSCF0742.JPG,4Z/101MEDIA,0,Other_Amphibian,0.2672,2637.2,2246.9,2780.9,2408.3
/srv/shared_leopard_toad/2025/Documents/06.10-13.10.2025/4Z/101MEDIA/DSCF0742.JPG,DSCF0742.JPG,4Z/101MEDIA,0,Other_Amphibian,0.2404,2693.7,2428.3,2825.4,2565.3
/srv/shared_leopard_toad/2025/Documents/06.10-13.10.2025/4Z/101MEDIA/DSCF0966.JPG,DSCF0966.JPG,4Z/101MEDIA,0,Other_Amphibian,0.3150,2694.1,2428.2,2820.7,2559.9
/srv/shared_leopard_toad/2025/Documents/06.10-13.10.2025/4Z/101MEDIA/DSCF0966.JPG,DSCF0966.JPG,4Z/101MEDIA,0,Other_Amphibian,0.2647,2636.6,2244.6,2787.4,2411.2
/srv/shared_leopard_toad/2025/Documents/06.10-13.10.2025/4Z/101MEDIA/DSCF0966.JPG,DSCF0966.JPG,4Z/101MEDIA,0,Other_Amphibian,0.2070,2682.0,2425.4,2810.9,2563.9
/srv/shared_leopard_toad/2025/Documents/06.10-13.10.2025/4Z/101MEDIA/DSCF0632.JPG,DSCF0632.JPG,4Z/101MEDIA,0,Other_Amphibian,0.2624,2631.7,2249.8,2786.1,2417.1
/srv/shared_leopard_toad/2025/Documents/06.10-13.10.2025/4Z/101MEDIA/DSCF0632.JPG,DSCF0632.JPG,4Z/101MEDIA,0,Other_Amphibian,0.2243,2689.8,2429.1,2824.1,2562.5
/srv/shared_leopard_toad/2025/Documents/06.10-13.10.2025/4Z/101MEDIA/DSCF0031.JPG,DSCF0031.JPG,4Z/101MEDIA,0,Other_Amphibian,0.2883,2642.6,2244.8,2785.3,2408.2
/srv/shared_leopard_toad/2025/Documents/06.10-13.10.2025/4Z/101MEDIA/DSCF0985.JPG,DSCF0985.JPG,4Z/101MEDIA,0,Other_Amphibian,0.3469,2690.2,2428.3,2823.4,2557.9
/srv/shared_leopard_toad/2025/Documents/06.10-13.10.2025/4Z/101MEDIA/DSCF0985.JPG,DSCF0985.JPG,4Z/101MEDIA,0,Other_Amphibian,0.3229,2685.1,2426.8,2817.4,2561.4
/srv/shared_leopard_toad/2025/Documents/06.10-13.10.2025/4Z/101MEDIA/DSCF0985.JPG,DSCF0985.JPG,4Z/101MEDIA,0,Other_Amphibian,0.2467,2640.7,2245.5,2788.4,2410.7
/srv/shared_leopard_toad/2025/Documents/06.10-13.10.2025/4Z/101MEDIA/DSCF0841.JPG,DSCF0841.JPG,4Z/101MEDIA,0,Other_Amphibian,0.2640,2693.0,2427.2,2821.2,2559.5
/srv/shared_leopard_toad/2025/Documents/06.10-13.10.2025/4Z/101MEDIA/DSCF0841.JPG,DSCF0841.JPG,4Z/101MEDIA,0,Other_Amphibian,0.2496,2635.6,2244.6,2784.2,2410.6
/srv/shared_leopard_toad/2025/Documents/06.10-13.10.2025/4Z/101MEDIA/DSCF0516.JPG,DSCF0516.JPG,4Z/101MEDIA,0,Other_Amphibian,0.2585,2631.1,2249.4,2785.7,2417.1
/srv/shared_leopard_toad/2025/Documents/06.10-13.10.2025/4Z/101MEDIA/DSCF0191.JPG,DSCF0191.JPG,4Z/101MEDIA,0,Other_Amphibian,0.2231,2638.0,2246.3,2785.9,2411.3
/srv/shared_leopard_toad/2025/Documents/06.10-13.10.2025/4Z/101MEDIA/DSCF0500.JPG,DSCF0500.JPG,4Z/101MEDIA,0,Other_Amphibian,0.2049,2694.3,2429.7,2823.6,2561.3
/srv/shared_leopard_toad/2025/Documents/06.10-13.10.2025/4Z/101MEDIA/DSCF0500.JPG,DSCF0500.JPG,4Z/101MEDIA,0,Other_Amphibian,0.2029,2633.2,2252.3,2782.5,2416.2
/srv/shared_leopard_toad/2025/Documents/06.10-13.10.2025/4Z/101MEDIA/DSCF0058.JPG,DSCF0058.JPG,4Z/101MEDIA,0,Other_Amphibian,0.3381,2633.6,2245.0,2787.0,2408.4
/srv/shared_leopard_toad/2025/Documents/06.10-13.10.2025/4Z/101MEDIA/DSCF0169.JPG,DSCF0169.JPG,4Z/101MEDIA,0,Other_Amphibian,0.2795,2643.6,2245.0,2790.5,2409.2
/srv/shared_leopard_toad/2025/Documents/06.10-13.10.2025/4Z/101MEDIA/DSCF0706.JPG,DSCF0706.JPG,4Z/101MEDIA,0,Other_Amphibian,0.2866,2636.2,2245.5,2787.4,2412.1
/srv/shared_leopard_toad/2025/Documents/06.10-13.10.2025/4Z/101MEDIA/DSCF0525.JPG,DSCF0525.JPG,4Z/101MEDIA,0,Other_Amphibian,0.2478,2696.5,2428.5,2823.0,2564.1
/srv/shared_leopard_toad/2025/Documents/06.10-13.10.2025/4Z/101MEDIA/DSCF0798.JPG,DSCF0798.JPG,4Z/101MEDIA,0,Other_Amphibian,0.2585,2695.1,2427.7,2823.5,2561.6
/srv/shared_leopard_toad/2025/Documents/06.10-13.10.2025/4Z/101MEDIA/DSCF0798.JPG,DSCF0798.JPG,4Z/101MEDIA,0,Other_Amphibian,0.2410,2630.3,2247.0,2784.4,2412.9
/srv/shared_leopard_toad/2025/Documents/06.10-13.10.2025/4Z/101MEDIA/DSCF0757.JPG,DSCF0757.JPG,4Z/101MEDIA,0,Other_Amphibian,0.3822,2694.7,2428.2,2823.2,2556.7
/srv/shared_leopard_toad/2025/Documents/06.10-13.10.2025/4Z/101MEDIA/DSCF0757.JPG,DSCF0757.JPG,4Z/101MEDIA,0,Other_Amphibian,0.2986,2631.9,2245.7,2782.7,2411.0
/srv/shared_leopard_toad/2025/Documents/06.10-13.10.2025/4Z/101MEDIA/DSCF0757.JPG,DSCF0757.JPG,4Z/101MEDIA,0,Other_Amphibian,0.2368,2687.2,2427.7,2815.2,2561.4
/srv/shared_leopard_toad/2025/Documents/06.10-13.10.2025/4Z/101MEDIA/DSCF0144.JPG,DSCF0144.JPG,4Z/101MEDIA,0,Other_Amphibian,0.2079,2636.4,2245.8,2784.5,2410.2
/srv/shared_leopard_toad/2025/Documents/06.10-13.10.2025/4Z/101MEDIA/DSCF0904.JPG,DSCF0904.JPG,4Z/101MEDIA,0,Other_Amphibian,0.3025,2692.0,2427.5,2822.3,2560.3
/srv/shared_leopard_toad/2025/Documents/06.10-13.10.2025/4Z/101MEDIA/DSCF0904.JPG,DSCF0904.JPG,4Z/101MEDIA,0,Other_Amphibian,0.2576,2634.8,2245.7,2783.8,2409.8
/srv/shared_leopard_toad/2025/Documents/06.10-13.10.2025/4Z/101MEDIA/DSCF0904.JPG,DSCF0904.JPG,4Z/101MEDIA,0,Other_Amphibian,0.2217,2681.2,2424.2,2810.4,2563.4
/srv/shared_leopard_toad/2025/Documents/06.10-13.10.2025/4Z/101MEDIA/DSCF0238.JPG,DSCF0238.JPG,4Z/101MEDIA,0,Other_Amphibian,0.2766,2637.5,2246.0,2785.5,2408.4
/srv/shared_leopard_toad/2025/Documents/06.10-13.10.2025/4Z/101MEDIA/DSCF0086.JPG,DSCF0086.JPG,4Z/101MEDIA,0,Other_Amphibian,0.2542,2631.6,2242.3,2788.1,2409.8
/srv/shared_leopard_toad/2025/Documents/06.10-13.10.2025/4Z/101MEDIA/DSCF0735.JPG,DSCF0735.JPG,4Z/101MEDIA,0,Other_Amphibian,0.3172,2626.3,2247.2,2784.9,2413.6
/srv/shared_leopard_toad/2025/Documents/06.10-13.10.2025/4Z/101MEDIA/DSCF0735.JPG,DSCF0735.JPG,4Z/101MEDIA,0,Other_Amphibian,0.2241,2695.7,2428.2,2824.4,2562.7
/srv/shared_leopard_toad/2025/Documents/06.10-13.10.2025/4Z/101MEDIA/DSCF0613.JPG,DSCF0613.JPG,4Z/101MEDIA,0,Other_Amphibian,0.2575,2634.6,2250.0,2783.8,2413.6
/srv/shared_leopard_toad/2025/Documents/06.10-13.10.2025/4Z/101MEDIA/DSCF0551.JPG,DSCF0551.JPG,4Z/101MEDIA,0,Other_Amphibian,0.2210,2631.2,2250.2,2785.5,2417.4
/srv/shared_leopard_toad/2025/Documents/06.10-13.10.2025/4Z/101MEDIA/DSCF0748.JPG,DSCF0748.JPG,4Z/101MEDIA,0,Other_Amphibian,0.3257,2636.2,2245.8,2784.2,2411.7
/srv/shared_leopard_toad/2025/Documents/06.10-13.10.2025/4Z/101MEDIA/DSCF0748.JPG,DSCF0748.JPG,4Z/101MEDIA,0,Other_Amphibian,0.3001,2693.7,2429.2,2823.6,2561.7
/srv/shared_leopard_toad/2025/Documents/06.10-13.10.2025/4Z/101MEDIA/DSCF0748.JPG,DSCF0748.JPG,4Z/101MEDIA,0,Other_Amphibian,0.2178,2681.3,2426.8,2811.0,2563.9
/srv/shared_leopard_toad/2025/Documents/06.10-13.10.2025/4Z/101MEDIA/DSCF0192.JPG,DSCF0192.JPG,4Z/101MEDIA,0,Other_Amphibian,0.2300,2637.4,2244.5,2787.7,2409.6
/srv/shared_leopard_toad/2025/Documents/06.10-13.10.2025/4Z/101MEDIA/DSCF0114.JPG,DSCF0114.JPG,4Z/101MEDIA,0,Other_Amphibian,0.2088,2641.9,2246.3,2787.4,2409.3
/srv/shared_leopard_toad/2025/Documents/06.10-13.10.2025/4Z/101MEDIA/DSCF0182.JPG,DSCF0182.JPG,4Z/101MEDIA,0,Other_Amphibian,0.2481,2641.3,2244.9,2786.9,2408.6
/srv/shared_leopard_toad/2025/Documents/06.10-13.10.2025/4Z/101MEDIA/DSCF0299.JPG,DSCF0299.JPG,4Z/101MEDIA,0,Other_Amphibian,0.3004,2625.2,2245.6,2788.4,2412.6
/srv/shared_leopard_toad/2025/Documents/06.10-13.10.2025/4Z/101MEDIA/DSCF0816.JPG,DSCF0816.JPG,4Z/101MEDIA,0,Other_Amphibian,0.2290,2637.0,2246.3,2785.0,2410.5
/srv/shared_leopard_toad/2025/Documents/06.10-13.10.2025/4Z/101MEDIA/DSCF0816.JPG,DSCF0816.JPG,4Z/101MEDIA,0,Other_Amphibian,0.2033,2695.1,2428.4,2822.8,2561.4
/srv/shared_leopard_toad/2025/Documents/06.10-13.10.2025/4Z/101MEDIA/DSCF0345.JPG,DSCF0345.JPG,4Z/101MEDIA,0,Other_Amphibian,0.2428,2639.9,2245.1,2787.4,2408.3
/srv/shared_leopard_toad/2025/Documents/06.10-13.10.2025/4Z/101MEDIA/DSCF0293.JPG,DSCF0293.JPG,4Z/101MEDIA,0,Other_Amphibian,0.3514,2637.6,2243.7,2787.3,2407.8
/srv/shared_leopard_toad/2025/Documents/06.10-13.10.2025/4Z/101MEDIA/DSCF0020.JPG,DSCF0020.JPG,4Z/101MEDIA,0,Other_Amphibian,0.2566,2637.7,2246.1,2787.8,2410.5
/srv/shared_leopard_toad/2025/Documents/06.10-13.10.2025/4Z/101MEDIA/DSCF0195.JPG,DSCF0195.JPG,4Z/101MEDIA,0,Other_Amphibian,0.3511,2635.8,2242.7,2788.3,2408.8
/srv/shared_leopard_toad/2025/Documents/06.10-13.10.2025/4Z/101MEDIA/DSCF0018.JPG,DSCF0018.JPG,4Z/101MEDIA,0,Other_Amphibian,0.2737,2643.6,2245.9,2787.0,2408.2
/srv/shared_leopard_toad/2025/Documents/06.10-13.10.2025/4Z/101MEDIA/DSCF0794.JPG,DSCF0794.JPG,4Z/101MEDIA,0,Other_Amphibian,0.2475,2691.4,2428.3,2821.5,2560.8
/srv/shared_leopard_toad/2025/Documents/06.10-13.10.2025/4Z/101MEDIA/DSCF0794.JPG,DSCF0794.JPG,4Z/101MEDIA,0,Other_Amphibian,0.2205,2631.9,2246.9,2784.0,2413.6
/srv/shared_leopard_toad/2025/Documents/06.10-13.10.2025/4Z/101MEDIA/DSCF0527.JPG,DSCF0527.JPG,4Z/101MEDIA,0,Other_Amphibian,0.2340,2633.6,2250.2,2780.3,2415.5
/srv/shared_leopard_toad/2025/Documents/06.10-13.10.2025/4Z/101MEDIA/DSCF0338.JPG,DSCF0338.JPG,4Z/101MEDIA,0,Other_Amphibian,0.3101,2639.1,2246.3,2789.0,2409.2
/srv/shared_leopard_toad/2025/Documents/06.10-13.10.2025/4Z/101MEDIA/DSCF0940.JPG,DSCF0940.JPG,4Z/101MEDIA,0,Other_Amphibian,0.4428,2689.8,2427.7,2823.4,2557.3
/srv/shared_leopard_toad/2025/Documents/06.10-13.10.2025/4Z/101MEDIA/DSCF0940.JPG,DSCF0940.JPG,4Z/101MEDIA,0,Other_Amphibian,0.4028,2691.3,2426.4,2824.4,2561.8
/srv/shared_leopard_toad/2025/Documents/06.10-13.10.2025/4Z/101MEDIA/DSCF0360.JPG,DSCF0360.JPG,4Z/101MEDIA,2,Western_Leopard_Toad,0.3091,12.6,2276.2,1037.7,2861.9
/srv/shared_leopard_toad/2025/Documents/06.10-13.10.2025/4Z/101MEDIA/DSCF0902.JPG,DSCF0902.JPG,4Z/101MEDIA,0,Other_Amphibian,0.3256,2692.2,2427.6,2824.5,2560.3
/srv/shared_leopard_toad/2025/Documents/06.10-13.10.2025/4Z/101MEDIA/DSCF0902.JPG,DSCF0902.JPG,4Z/101MEDIA,0,Other_Amphibian,0.2707,2685.1,2425.8,2816.1,2566.5
/srv/shared_leopard_toad/2025/Documents/06.10-13.10.2025/4Z/101MEDIA/DSCF0902.JPG,DSCF0902.JPG,4Z/101MEDIA,0,Other_Amphibian,0.2021,2631.3,2248.4,2784.2,2413.8
/srv/shared_leopard_toad/2025/Documents/06.10-13.10.2025/4Z/101MEDIA/DSCF0778.JPG,DSCF0778.JPG,4Z/101MEDIA,0,Other_Amphibian,0.3570,2693.4,2428.0,2823.1,2560.4
/srv/shared_leopard_toad/2025/Documents/06.10-13.10.2025/4Z/101MEDIA/DSCF0778.JPG,DSCF0778.JPG,4Z/101MEDIA,0,Other_Amphibian,0.2267,2684.0,2426.5,2813.6,2564.7
/srv/shared_leopard_toad/2025/Documents/06.10-13.10.2025/4Z/101MEDIA/DSCF0778.JPG,DSCF0778.JPG,4Z/101MEDIA,0,Other_Amphibian,0.2122,2641.6,2248.1,2783.9,2411.9
/srv/shared_leopard_toad/2025/Documents/06.10-13.10.2025/4Z/101MEDIA/DSCF0883.JPG,DSCF0883.JPG,4Z/101MEDIA,0,Other_Amphibian,0.2994,2632.3,2244.6,2784.6,2409.4
/srv/shared_leopard_toad/2025/Documents/06.10-13.10.2025/4Z/101MEDIA/DSCF0059.JPG,DSCF0059.JPG,4Z/101MEDIA,0,Other_Amphibian,0.3569,2633.0,2244.1,2788.1,2409.8
/srv/shared_leopard_toad/2025/Documents/06.10-13.10.2025/4Z/101MEDIA/DSCF0059.JPG,DSCF0059.JPG,4Z/101MEDIA,0,Other_Amphibian,0.2116,2694.4,2428.1,2822.6,2556.4
/srv/shared_leopard_toad/2025/Documents/06.10-13.10.2025/4Z/101MEDIA/DSCF0180.JPG,DSCF0180.JPG,4Z/101MEDIA,0,Other_Amphibian,0.3033,2636.0,2244.3,2788.3,2408.3
/srv/shared_leopard_toad/2025/Documents/06.10-13.10.2025/4Z/101MEDIA/DSCF0791.JPG,DSCF0791.JPG,4Z/101MEDIA,0,Other_Amphibian,0.3001,2690.7,2429.0,2822.9,2557.9
/srv/shared_leopard_toad/2025/Documents/06.10-13.10.2025/4Z/101MEDIA/DSCF0791.JPG,DSCF0791.JPG,4Z/101MEDIA,0,Other_Amphibian,0.2264,2634.1,2247.3,2782.5,2411.4
/srv/shared_leopard_toad/2025/Documents/06.10-13.10.2025/4Z/101MEDIA/DSCF0558.JPG,DSCF0558.JPG,4Z/101MEDIA,0,Other_Amphibian,0.3280,2693.9,2429.0,2823.8,2559.8
/srv/shared_leopard_toad/2025/Documents/06.10-13.10.2025/4Z/101MEDIA/DSCF0558.JPG,DSCF0558.JPG,4Z/101MEDIA,0,Other_Amphibian,0.2564,2632.0,2248.0,2783.6,2416.1
/srv/shared_leopard_toad/2025/Documents/06.10-13.10.2025/4Z/101MEDIA/DSCF0826.JPG,DSCF0826.JPG,4Z/101MEDIA,0,Other_Amphibian,0.3418,2691.6,2427.7,2821.5,2557.8
/srv/shared_leopard_toad/2025/Documents/06.10-13.10.2025/4Z/101MEDIA/DSCF0826.JPG,DSCF0826.JPG,4Z/101MEDIA,0,Other_Amphibian,0.2326,2683.4,2426.2,2812.9,2561.1
/srv/shared_leopard_toad/2025/Documents/06.10-13.10.2025/4Z/101MEDIA/DSCF0826.JPG,DSCF0826.JPG,4Z/101MEDIA,0,Other_Amphibian,0.2208,2634.2,2245.7,2786.2,2410.8
/srv/shared_leopard_toad/2025/Documents/06.10-13.10.2025/4Z/101MEDIA/DSCF0088.JPG,DSCF0088.JPG,4Z/101MEDIA,0,Other_Amphibian,0.3683,2632.0,2244.3,2787.3,2408.5
/srv/shared_leopard_toad/2025/Documents/06.10-13.10.2025/4Z/101MEDIA/DSCF0775.JPG,DSCF0775.JPG,4Z/101MEDIA,0,Other_Amphibian,0.3160,2635.6,2245.7,2782.5,2410.1
/srv/shared_leopard_toad/2025/Documents/06.10-13.10.2025/4Z/101MEDIA/DSCF0775.JPG,DSCF0775.JPG,4Z/101MEDIA,0,Other_Amphibian,0.2549,2694.5,2429.5,2823.2,2560.8
/srv/shared_leopard_toad/2025/Documents/06.10-13.10.2025/4Z/101MEDIA/DSCF0811.JPG,DSCF0811.JPG,4Z/101MEDIA,0,Other_Amphibian,0.3880,2691.5,2428.9,2823.3,2559.6
/srv/shared_leopard_toad/2025/Documents/06.10-13.10.2025/4Z/101MEDIA/DSCF0811.JPG,DSCF0811.JPG,4Z/101MEDIA,0,Other_Amphibian,0.3230,2686.6,2427.7,2818.2,2563.1
/srv/shared_leopard_toad/2025/Documents/06.10-13.10.2025/4Z/101MEDIA/DSCF0689.JPG,DSCF0689.JPG,4Z/101MEDIA,0,Other_Amphibian,0.2807,2700.4,2427.4,2822.5,2559.5
/srv/shared_leopard_toad/2025/Documents/06.10-13.10.2025/4Z/101MEDIA/DSCF0278.JPG,DSCF0278.JPG,4Z/101MEDIA,0,Other_Amphibian,0.3092,2633.0,2246.7,2789.6,2410.6
/srv/shared_leopard_toad/2025/Documents/06.10-13.10.2025/4Z/101MEDIA/DSCF0625.JPG,DSCF0625.JPG,4Z/101MEDIA,0,Other_Amphibian,0.2481,2632.6,2248.0,2784.2,2414.3
/srv/shared_leopard_toad/2025/Documents/06.10-13.10.2025/4Z/101MEDIA/DSCF0645.JPG,DSCF0645.JPG,4Z/101MEDIA,0,Other_Amphibian,0.2999,2635.6,2249.8,2781.7,2412.3
/srv/shared_leopard_toad/2025/Documents/06.10-13.10.2025/4Z/101MEDIA/DSCF0216.JPG,DSCF0216.JPG,4Z/101MEDIA,0,Other_Amphibian,0.3624,2635.0,2243.8,2784.4,2407.6
/srv/shared_leopard_toad/2025/Documents/06.10-13.10.2025/4Z/101MEDIA/DSCF0099.JPG,DSCF0099.JPG,4Z/101MEDIA,0,Other_Amphibian,0.2888,2641.6,2245.1,2787.4,2409.2
/srv/shared_leopard_toad/2025/Documents/06.10-13.10.2025/4Z/101MEDIA/DSCF0463.JPG,DSCF0463.JPG,4Z/101MEDIA,0,Other_Amphibian,0.2157,2626.5,2250.9,2785.0,2417.7
/srv/shared_leopard_toad/2025/Documents/06.10-13.10.2025/4Z/101MEDIA/DSCF0327.JPG,DSCF0327.JPG,4Z/101MEDIA,0,Other_Amphibian,0.2926,2641.9,2245.5,2787.4,2408.7
/srv/shared_leopard_toad/2025/Documents/06.10-13.10.2025/4Z/101MEDIA/DSCF0327.JPG,DSCF0327.JPG,4Z/101MEDIA,0,Other_Amphibian,0.2241,3655.1,1647.7,3916.6,1925.8
/srv/shared_leopard_toad/2025/Documents/06.10-13.10.2025/4Z/101MEDIA/DSCF0727.JPG,DSCF0727.JPG,4Z/101MEDIA,0,Other_Amphibian,0.3418,2692.7,2428.4,2821.3,2561.0
/srv/shared_leopard_toad/2025/Documents/06.10-13.10.2025/4Z/101MEDIA/DSCF0727.JPG,DSCF0727.JPG,4Z/101MEDIA,0,Other_Amphibian,0.2786,2683.7,2426.3,2811.9,2566.8
/srv/shared_leopard_toad/2025/Documents/06.10-13.10.2025/4Z/101MEDIA/DSCF0909.JPG,DSCF0909.JPG,4Z/101MEDIA,0,Other_Amphibian,0.3044,2634.6,2244.8,2783.1,2409.2
/srv/shared_leopard_toad/2025/Documents/06.10-13.10.2025/4Z/101MEDIA/DSCF0909.JPG,DSCF0909.JPG,4Z/101MEDIA,0,Other_Amphibian,0.2494,2692.5,2429.3,2822.2,2562.4
/srv/shared_leopard_toad/2025/Documents/06.10-13.10.2025/4Z/101MEDIA/DSCF0840.JPG,DSCF0840.JPG,4Z/101MEDIA,0,Other_Amphibian,0.3306,2694.5,2428.5,2822.7,2558.3
/srv/shared_leopard_toad/2025/Documents/06.10-13.10.2025/4Z/101MEDIA/DSCF0840.JPG,DSCF0840.JPG,4Z/101MEDIA,0,Other_Amphibian,0.2074,2687.1,2426.7,2816.4,2562.1
/srv/shared_leopard_toad/2025/Documents/06.10-13.10.2025/4Z/101MEDIA/DSCF0964.JPG,DSCF0964.JPG,4Z/101MEDIA,0,Other_Amphibian,0.2944,2694.8,2427.2,2822.9,2560.8
/srv/shared_leopard_toad/2025/Documents/06.10-13.10.2025/4Z/101MEDIA/DSCF0964.JPG,DSCF0964.JPG,4Z/101MEDIA,0,Other_Amphibian,0.2629,2638.8,2244.9,2787.9,2409.8
/srv/shared_leopard_toad/2025/Documents/06.10-13.10.2025/4Z/101MEDIA/DSCF0964.JPG,DSCF0964.JPG,4Z/101MEDIA,0,Other_Amphibian,0.2338,2682.2,2422.9,2811.4,2562.3
/srv/shared_leopard_toad/2025/Documents/06.10-13.10.2025/4Z/101MEDIA/DSCF0605.JPG,DSCF0605.JPG,4Z/101MEDIA,0,Other_Amphibian,0.2217,2690.3,2429.6,2822.9,2564.2
/srv/shared_leopard_toad/2025/Documents/06.10-13.10.2025/4Z/101MEDIA/DSCF0605.JPG,DSCF0605.JPG,4Z/101MEDIA,0,Other_Amphibian,0.2107,2633.9,2251.0,2783.2,2416.5
/srv/shared_leopard_toad/2025/Documents/06.10-13.10.2025/4Z/101MEDIA/DSCF0605.JPG,DSCF0605.JPG,4Z/101MEDIA,0,Other_Amphibian,0.2057,2681.9,2428.6,2816.3,2571.9
/srv/shared_leopard_toad/2025/Documents/06.10-13.10.2025/4Z/101MEDIA/DSCF0967.JPG,DSCF0967.JPG,4Z/101MEDIA,0,Other_Amphibian,0.3637,2688.2,2428.4,2820.5,2559.4
/srv/shared_leopard_toad/2025/Documents/06.10-13.10.2025/4Z/101MEDIA/DSCF0967.JPG,DSCF0967.JPG,4Z/101MEDIA,0,Other_Amphibian,0.3127,2683.7,2426.9,2815.2,2564.1
/srv/shared_leopard_toad/2025/Documents/06.10-13.10.2025/4Z/101MEDIA/DSCF0087.JPG,DSCF0087.JPG,4Z/101MEDIA,0,Other_Amphibian,0.2537,2639.5,2244.6,2786.9,2408.9
/srv/shared_leopard_toad/2025/Documents/06.10-13.10.2025/4Z/101MEDIA/DSCF0087.JPG,DSCF0087.JPG,4Z/101MEDIA,0,Other_Amphibian,0.2050,2692.7,2427.1,2818.1,2554.6
/srv/shared_leopard_toad/2025/Documents/06.10-13.10.2025/4Z/101MEDIA/DSCF0314.JPG,DSCF0314.JPG,4Z/101MEDIA,0,Other_Amphibian,0.3347,2636.5,2244.6,2788.0,2408.9
/srv/shared_leopard_toad/2025/Documents/06.10-13.10.2025/4Z/101MEDIA/DSCF0760.JPG,DSCF0760.JPG,4Z/101MEDIA,0,Other_Amphibian,0.2771,2634.6,2247.1,2781.8,2410.6
/srv/shared_leopard_toad/2025/Documents/06.10-13.10.2025/4Z/101MEDIA/DSCF0760.JPG,DSCF0760.JPG,4Z/101MEDIA,0,Other_Amphibian,0.2602,2695.2,2428.3,2822.4,2562.6
/srv/shared_leopard_toad/2025/Documents/06.10-13.10.2025/4Z/101MEDIA/DSCF0222.JPG,DSCF0222.JPG,4Z/101MEDIA,0,Other_Amphibian,0.2460,2636.6,2244.0,2787.1,2409.3
/srv/shared_leopard_toad/2025/Documents/06.10-13.10.2025/4Z/101MEDIA/DSCF0593.JPG,DSCF0593.JPG,4Z/101MEDIA,0,Other_Amphibian,0.2314,2694.9,2429.4,2822.2,2560.9
/srv/shared_leopard_toad/2025/Documents/06.10-13.10.2025/4Z/101MEDIA/DSCF0588.JPG,DSCF0588.JPG,4Z/101MEDIA,0,Other_Amphibian,0.3288,2633.5,2248.9,2786.3,2413.0
/srv/shared_leopard_toad/2025/Documents/06.10-13.10.2025/4Z/101MEDIA/DSCF0903.JPG,DSCF0903.JPG,4Z/101MEDIA,0,Other_Amphibian,0.3013,2697.6,2428.2,2820.4,2559.9
/srv/shared_leopard_toad/2025/Documents/06.10-13.10.2025/4Z/101MEDIA/DSCF0903.JPG,DSCF0903.JPG,4Z/101MEDIA,0,Other_Amphibian,0.2502,2637.3,2246.0,2784.9,2411.2
/srv/shared_leopard_toad/2025/Documents/06.10-13.10.2025/4Z/101MEDIA/DSCF0889.JPG,DSCF0889.JPG,4Z/101MEDIA,0,Other_Amphibian,0.3115,2689.8,2427.9,2820.5,2563.0
/srv/shared_leopard_toad/2025/Documents/06.10-13.10.2025/4Z/101MEDIA/DSCF0889.JPG,DSCF0889.JPG,4Z/101MEDIA,0,Other_Amphibian,0.2892,4255.8,2491.8,4489.3,2855.8
/srv/shared_leopard_toad/2025/Documents/06.10-13.10.2025/4Z/101MEDIA/DSCF0889.JPG,DSCF0889.JPG,4Z/101MEDIA,0,Other_Amphibian,0.2774,2686.0,2425.6,2818.2,2568.5
/srv/shared_leopard_toad/2025/Documents/06.10-13.10.2025/4Z/101MEDIA/DSCF0068.JPG,DSCF0068.JPG,4Z/101MEDIA,0,Other_Amphibian,0.2642,2642.8,2244.7,2790.2,2408.5
/srv/shared_leopard_toad/2025/Documents/06.10-13.10.2025/4Z/101MEDIA/DSCF0724.JPG,DSCF0724.JPG,4Z/101MEDIA,0,Other_Amphibian,0.2484,2694.8,2428.6,2819.6,2560.3
/srv/shared_leopard_toad/2025/Documents/06.10-13.10.2025/4Z/101MEDIA/DSCF0619.JPG,DSCF0619.JPG,4Z/101MEDIA,0,Other_Amphibian,0.2223,2639.1,2248.6,2784.3,2413.3
/srv/shared_leopard_toad/2025/Documents/06.10-13.10.2025/4Z/101MEDIA/DSCF0997.JPG,DSCF0997.JPG,4Z/101MEDIA,0,Other_Amphibian,0.3323,2685.0,2427.0,2818.1,2562.7
/srv/shared_leopard_toad/2025/Documents/06.10-13.10.2025/4Z/101MEDIA/DSCF0997.JPG,DSCF0997.JPG,4Z/101MEDIA,0,Other_Amphibian,0.3291,2690.1,2428.5,2823.9,2559.3
/srv/shared_leopard_toad/2025/Documents/06.10-13.10.2025/4Z/101MEDIA/DSCF0997.JPG,DSCF0997.JPG,4Z/101MEDIA,0,Other_Amphibian,0.2148,2634.5,2244.7,2783.0,2411.6
/srv/shared_leopard_toad/2025/Documents/06.10-13.10.2025/4Z/101MEDIA/DSCF0365.JPG,DSCF0365.JPG,4Z/101MEDIA,2,Western_Leopard_Toad,0.3269,4720.8,1831.4,5053.2,2126.9
/srv/shared_leopard_toad/2025/Documents/06.10-13.10.2025/4Z/101MEDIA/DSCF0693.JPG,DSCF0693.JPG,4Z/101MEDIA,0,Other_Amphibian,0.3188,2690.4,2429.1,2825.9,2563.1
/srv/shared_leopard_toad/2025/Documents/06.10-13.10.2025/4Z/101MEDIA/DSCF0693.JPG,DSCF0693.JPG,4Z/101MEDIA,0,Other_Amphibian,0.2775,2686.8,2428.5,2824.0,2568.1
/srv/shared_leopard_toad/2025/Documents/06.10-13.10.2025/4Z/101MEDIA/DSCF0693.JPG,DSCF0693.JPG,4Z/101MEDIA,0,Other_Amphibian,0.2166,2633.2,2251.2,2789.3,2416.7
/srv/shared_leopard_toad/2025/Documents/06.10-13.10.2025/4Z/101MEDIA/DSCF0741.JPG,DSCF0741.JPG,4Z/101MEDIA,0,Other_Amphibian,0.3228,2690.8,2428.9,2823.7,2562.1
/srv/shared_leopard_toad/2025/Documents/06.10-13.10.2025/4Z/101MEDIA/DSCF0741.JPG,DSCF0741.JPG,4Z/101MEDIA,0,Other_Amphibian,0.2778,2686.1,2427.6,2818.0,2566.8
/srv/shared_leopard_toad/2025/Documents/06.10-13.10.2025/4Z/101MEDIA/DSCF0538.JPG,DSCF0538.JPG,4Z/101MEDIA,0,Other_Amphibian,0.2617,2633.8,2247.9,2783.7,2414.3
/srv/shared_leopard_toad/2025/Documents/06.10-13.10.2025/4Z/101MEDIA/DSCF0538.JPG,DSCF0538.JPG,4Z/101MEDIA,0,Other_Amphibian,0.2435,2693.1,2429.1,2822.8,2563.7
/srv/shared_leopard_toad/2025/Documents/06.10-13.10.2025/4Z/101MEDIA/DSCF0538.JPG,DSCF0538.JPG,4Z/101MEDIA,0,Other_Amphibian,0.2075,2682.1,2426.7,2813.9,2569.8
/srv/shared_leopard_toad/2025/Documents/06.10-13.10.2025/4Z/101MEDIA/DSCF0913.JPG,DSCF0913.JPG,4Z/101MEDIA,0,Other_Amphibian,0.4067,2690.1,2428.0,2822.7,2561.9
/srv/shared_leopard_toad/2025/Documents/06.10-13.10.2025/4Z/101MEDIA/DSCF0913.JPG,DSCF0913.JPG,4Z/101MEDIA,0,Other_Amphibian,0.3630,2687.5,2426.0,2817.7,2567.5
/srv/shared_leopard_toad/2025/Documents/06.10-13.10.2025/4Z/101MEDIA/DSCF0188.JPG,DSCF0188.JPG,4Z/101MEDIA,0,Other_Amphibian,0.2224,2637.4,2243.0,2786.0,2409.9
/srv/shared_leopard_toad/2025/Documents/06.10-13.10.2025/4Z/101MEDIA/DSCF0947.JPG,DSCF0947.JPG,4Z/101MEDIA,0,Other_Amphibian,0.3583,2692.7,2428.4,2825.1,2559.4
/srv/shared_leopard_toad/2025/Documents/06.10-13.10.2025/4Z/101MEDIA/DSCF0947.JPG,DSCF0947.JPG,4Z/101MEDIA,0,Other_Amphibian,0.2640,2684.1,2427.7,2816.0,2563.6
/srv/shared_leopard_toad/2025/Documents/06.10-13.10.2025/4Z/101MEDIA/DSCF0772.JPG,DSCF0772.JPG,4Z/101MEDIA,0,Other_Amphibian,0.3057,2696.1,2427.6,2823.3,2561.3
/srv/shared_leopard_toad/2025/Documents/06.10-13.10.2025/4Z/101MEDIA/DSCF0772.JPG,DSCF0772.JPG,4Z/101MEDIA,0,Other_Amphibian,0.2465,2637.0,2247.3,2783.6,2409.6
/srv/shared_leopard_toad/2025/Documents/06.10-13.10.2025/4Z/101MEDIA/DSCF0844.JPG,DSCF0844.JPG,4Z/101MEDIA,0,Other_Amphibian,0.3999,2691.1,2427.9,2822.1,2559.8
/srv/shared_leopard_toad/2025/Documents/06.10-13.10.2025/4Z/101MEDIA/DSCF0844.JPG,DSCF0844.JPG,4Z/101MEDIA,0,Other_Amphibian,0.3064,2684.9,2427.2,2817.2,2563.3
/srv/shared_leopard_toad/2025/Documents/06.10-13.10.2025/4Z/101MEDIA/DSCF0844.JPG,DSCF0844.JPG,4Z/101MEDIA,0,Other_Amphibian,0.2978,2632.6,2245.3,2785.6,2410.7
/srv/shared_leopard_toad/2025/Documents/06.10-13.10.2025/4Z/101MEDIA/DSCF0824.JPG,DSCF0824.JPG,4Z/101MEDIA,0,Other_Amphibian,0.2896,2692.8,2428.6,2821.7,2558.8
/srv/shared_leopard_toad/2025/Documents/06.10-13.10.2025/4Z/101MEDIA/DSCF0824.JPG,DSCF0824.JPG,4Z/101MEDIA,0,Other_Amphibian,0.2005,2684.6,2426.8,2816.7,2564.3
/srv/shared_leopard_toad/2025/Documents/06.10-13.10.2025/4Z/101MEDIA/DSCF0133.JPG,DSCF0133.JPG,4Z/101MEDIA,0,Other_Amphibian,0.2488,2643.3,2245.2,2783.8,2407.0
/srv/shared_leopard_toad/2025/Documents/06.10-13.10.2025/4Z/101MEDIA/DSCF0886.JPG,DSCF0886.JPG,4Z/101MEDIA,0,Other_Amphibian,0.3054,2690.6,2428.5,2821.4,2560.8
/srv/shared_leopard_toad/2025/Documents/06.10-13.10.2025/4Z/101MEDIA/DSCF0886.JPG,DSCF0886.JPG,4Z/101MEDIA,0,Other_Amphibian,0.2397,2680.6,2426.8,2812.0,2564.0
/srv/shared_leopard_toad/2025/Documents/06.10-13.10.2025/4Z/101MEDIA/DSCF0181.JPG,DSCF0181.JPG,4Z/101MEDIA,0,Other_Amphibian,0.2828,2641.0,2243.6,2785.2,2408.3
/srv/shared_leopard_toad/2025/Documents/06.10-13.10.2025/4Z/101MEDIA/DSCF0773.JPG,DSCF0773.JPG,4Z/101MEDIA,0,Other_Amphibian,0.3335,2695.1,2429.4,2823.3,2560.7
/srv/shared_leopard_toad/2025/Documents/06.10-13.10.2025/4Z/101MEDIA/DSCF0773.JPG,DSCF0773.JPG,4Z/101MEDIA,0,Other_Amphibian,0.2533,2685.8,2428.4,2815.3,2564.9
/srv/shared_leopard_toad/2025/Documents/06.10-13.10.2025/4Z/101MEDIA/DSCF0773.JPG,DSCF0773.JPG,4Z/101MEDIA,0,Other_Amphibian,0.2124,2633.3,2248.4,2780.0,2414.6
/srv/shared_leopard_toad/2025/Documents/06.10-13.10.2025/4Z/101MEDIA/DSCF0849.JPG,DSCF0849.JPG,4Z/101MEDIA,0,Other_Amphibian,0.3366,2692.3,2428.2,2822.9,2557.9
/srv/shared_leopard_toad/2025/Documents/06.10-13.10.2025/4Z/101MEDIA/DSCF0849.JPG,DSCF0849.JPG,4Z/101MEDIA,0,Other_Amphibian,0.2310,2636.5,2245.4,2786.9,2411.9
/srv/shared_leopard_toad/2025/Documents/06.10-13.10.2025/4Z/101MEDIA/DSCF0849.JPG,DSCF0849.JPG,4Z/101MEDIA,0,Other_Amphibian,0.2274,2684.3,2426.7,2814.9,2561.1
/srv/shared_leopard_toad/2025/Documents/06.10-13.10.2025/4Z/101MEDIA/DSCF0916.JPG,DSCF0916.JPG,4Z/101MEDIA,0,Other_Amphibian,0.3328,2690.6,2427.3,2822.4,2559.0
/srv/shared_leopard_toad/2025/Documents/06.10-13.10.2025/4Z/101MEDIA/DSCF0916.JPG,DSCF0916.JPG,4Z/101MEDIA,0,Other_Amphibian,0.2598,2630.6,2246.1,2786.9,2411.2
/srv/shared_leopard_toad/2025/Documents/06.10-13.10.2025/4Z/101MEDIA/DSCF0916.JPG,DSCF0916.JPG,4Z/101MEDIA,0,Other_Amphibian,0.2349,2680.5,2425.2,2811.7,2562.3
/srv/shared_leopard_toad/2025/Documents/06.10-13.10.2025/4Z/101MEDIA/DSCF0685.JPG,DSCF0685.JPG,4Z/101MEDIA,0,Other_Amphibian,0.2711,2631.0,2248.0,2784.7,2414.2
/srv/shared_leopard_toad/2025/Documents/06.10-13.10.2025/4Z/101MEDIA/DSCF0209.JPG,DSCF0209.JPG,4Z/101MEDIA,0,Other_Amphibian,0.3366,2633.9,2244.0,2787.1,2409.6
/srv/shared_leopard_toad/2025/Documents/06.10-13.10.2025/4Z/101MEDIA/DSCF0209.JPG,DSCF0209.JPG,4Z/101MEDIA,0,Other_Amphibian,0.2042,2689.8,2427.5,2819.3,2555.3
/srv/shared_leopard_toad/2025/Documents/06.10-13.10.2025/4Z/101MEDIA/DSCF0725.JPG,DSCF0725.JPG,4Z/101MEDIA,0,Other_Amphibian,0.2277,2694.0,2429.5,2822.3,2560.1
/srv/shared_leopard_toad/2025/Documents/06.10-13.10.2025/4Z/101MEDIA/DSCF0550.JPG,DSCF0550.JPG,4Z/101MEDIA,0,Other_Amphibian,0.2142,2637.3,2249.1,2783.4,2411.6
/srv/shared_leopard_toad/2025/Documents/06.10-13.10.2025/4Z/101MEDIA/DSCF0550.JPG,DSCF0550.JPG,4Z/101MEDIA,0,Other_Amphibian,0.2141,2697.9,2428.1,2824.0,2561.4
/srv/shared_leopard_toad/2025/Documents/06.10-13.10.2025/4Z/101MEDIA/DSCF0612.JPG,DSCF0612.JPG,4Z/101MEDIA,0,Other_Amphibian,0.2740,2635.2,2245.7,2788.1,2413.6
/srv/shared_leopard_toad/2025/Documents/06.10-13.10.2025/4Z/101MEDIA/DSCF0633.JPG,DSCF0633.JPG,4Z/101MEDIA,0,Other_Amphibian,0.2872,2696.9,2429.1,2822.5,2559.3
/srv/shared_leopard_toad/2025/Documents/06.10-13.10.2025/4Z/101MEDIA/DSCF0626.JPG,DSCF0626.JPG,4Z/101MEDIA,0,Other_Amphibian,0.2167,2693.9,2428.8,2821.6,2564.1
/srv/shared_leopard_toad/2025/Documents/06.10-13.10.2025/4Z/101MEDIA/DSCF0839.JPG,DSCF0839.JPG,4Z/101MEDIA,0,Other_Amphibian,0.2698,2632.4,2244.5,2786.2,2411.6
/srv/shared_leopard_toad/2025/Documents/06.10-13.10.2025/4Z/101MEDIA/DSCF0839.JPG,DSCF0839.JPG,4Z/101MEDIA,0,Other_Amphibian,0.2304,2695.3,2428.6,2822.3,2560.4
/srv/shared_leopard_toad/2025/Documents/06.10-13.10.2025/4Z/101MEDIA/DSCF0076.JPG,DSCF0076.JPG,4Z/101MEDIA,0,Other_Amphibian,0.3240,2637.2,2245.2,2790.4,2410.4
/srv/shared_leopard_toad/2025/Documents/06.10-13.10.2025/4Z/101MEDIA/DSCF0690.JPG,DSCF0690.JPG,4Z/101MEDIA,0,Other_Amphibian,0.2522,2697.6,2429.0,2822.9,2561.5
/srv/shared_leopard_toad/2025/Documents/06.10-13.10.2025/4Z/101MEDIA/DSCF0690.JPG,DSCF0690.JPG,4Z/101MEDIA,0,Other_Amphibian,0.2278,2631.1,2250.3,2787.8,2414.9
/srv/shared_leopard_toad/2025/Documents/06.10-13.10.2025/4Z/101MEDIA/DSCF0918.JPG,DSCF0918.JPG,4Z/101MEDIA,0,Other_Amphibian,0.2497,2692.9,2428.7,2821.9,2557.5
/srv/shared_leopard_toad/2025/Documents/06.10-13.10.2025/4Z/101MEDIA/DSCF0918.JPG,DSCF0918.JPG,4Z/101MEDIA,0,Other_Amphibian,0.2188,2633.8,2246.5,2784.2,2412.7
/srv/shared_leopard_toad/2025/Documents/06.10-13.10.2025/4Z/101MEDIA/DSCF0240.JPG,DSCF0240.JPG,4Z/101MEDIA,0,Other_Amphibian,0.2382,2638.3,2247.1,2785.5,2409.1
/srv/shared_leopard_toad/2025/Documents/06.10-13.10.2025/4Z/101MEDIA/DSCF0714.JPG,DSCF0714.JPG,4Z/101MEDIA,0,Other_Amphibian,0.2127,2628.1,2250.1,2784.5,2415.8
/srv/shared_leopard_toad/2025/Documents/06.10-13.10.2025/4Z/101MEDIA/DSCF0302.JPG,DSCF0302.JPG,4Z/101MEDIA,0,Other_Amphibian,0.2506,2640.9,2245.0,2790.4,2409.3
/srv/shared_leopard_toad/2025/Documents/06.10-13.10.2025/4Z/101MEDIA/DSCF0801.JPG,DSCF0801.JPG,4Z/101MEDIA,0,Other_Amphibian,0.3031,2695.9,2427.6,2823.0,2559.3
/srv/shared_leopard_toad/2025/Documents/06.10-13.10.2025/4Z/101MEDIA/DSCF0801.JPG,DSCF0801.JPG,4Z/101MEDIA,0,Other_Amphibian,0.2395,2635.6,2246.5,2787.3,2410.9
/srv/shared_leopard_toad/2025/Documents/06.10-13.10.2025/4Z/101MEDIA/DSCF0232.JPG,DSCF0232.JPG,4Z/101MEDIA,0,Other_Amphibian,0.2155,2634.4,2245.4,2787.7,2409.9
/srv/shared_leopard_toad/2025/Documents/06.10-13.10.2025/4Z/101MEDIA/DSCF0545.JPG,DSCF0545.JPG,4Z/101MEDIA,0,Other_Amphibian,0.2657,2638.3,2249.0,2788.0,2412.6
/srv/shared_leopard_toad/2025/Documents/06.10-13.10.2025/4Z/101MEDIA/DSCF0705.JPG,DSCF0705.JPG,4Z/101MEDIA,0,Other_Amphibian,0.3066,2634.5,2248.3,2784.5,2413.6
/srv/shared_leopard_toad/2025/Documents/06.10-13.10.2025/4Z/101MEDIA/DSCF0705.JPG,DSCF0705.JPG,4Z/101MEDIA,0,Other_Amphibian,0.2344,2694.7,2429.9,2823.7,2560.6
/srv/shared_leopard_toad/2025/Documents/06.10-13.10.2025/4Z/101MEDIA/DSCF0813.JPG,DSCF0813.JPG,4Z/101MEDIA,0,Other_Amphibian,0.3054,2694.9,2428.6,2823.5,2558.6
/srv/shared_leopard_toad/2025/Documents/06.10-13.10.2025/4Z/101MEDIA/DSCF0813.JPG,DSCF0813.JPG,4Z/101MEDIA,0,Other_Amphibian,0.2060,2684.7,2426.4,2813.5,2562.7
/srv/shared_leopard_toad/2025/Documents/06.10-13.10.2025/4Z/101MEDIA/DSCF0813.JPG,DSCF0813.JPG,4Z/101MEDIA,0,Other_Amphibian,0.2048,2634.6,2247.7,2786.1,2411.3
/srv/shared_leopard_toad/2025/Documents/06.10-13.10.2025/4Z/101MEDIA/DSCF0830.JPG,DSCF0830.JPG,4Z/101MEDIA,0,Other_Amphibian,0.3459,2632.7,2245.2,2780.5,2409.2
/srv/shared_leopard_toad/2025/Documents/06.10-13.10.2025/4Z/101MEDIA/DSCF0830.JPG,DSCF0830.JPG,4Z/101MEDIA,0,Other_Amphibian,0.2567,2692.6,2427.6,2821.9,2561.5
/srv/shared_leopard_toad/2025/Documents/06.10-13.10.2025/4Z/101MEDIA/DSCF0048.JPG,DSCF0048.JPG,4Z/101MEDIA,0,Other_Amphibian,0.2379,2644.4,2246.5,2788.9,2409.1
/srv/shared_leopard_toad/2025/Documents/06.10-13.10.2025/4Z/101MEDIA/DSCF0267.JPG,DSCF0267.JPG,4Z/101MEDIA,0,Other_Amphibian,0.2224,2637.9,2245.2,2786.8,2410.0
/srv/shared_leopard_toad/2025/Documents/06.10-13.10.2025/4Z/101MEDIA/DSCF0319.JPG,DSCF0319.JPG,4Z/101MEDIA,0,Other_Amphibian,0.2438,2637.2,2246.1,2787.5,2410.9
/srv/shared_leopard_toad/2025/Documents/06.10-13.10.2025/4Z/101MEDIA/DSCF0510.JPG,DSCF0510.JPG,4Z/101MEDIA,0,Other_Amphibian,0.4046,2620.6,2249.9,2780.3,2416.9
/srv/shared_leopard_toad/2025/Documents/06.10-13.10.2025/4Z/101MEDIA/DSCF0510.JPG,DSCF0510.JPG,4Z/101MEDIA,0,Other_Amphibian,0.2297,2696.0,2430.1,2824.6,2562.2
/srv/shared_leopard_toad/2025/Documents/06.10-13.10.2025/4Z/101MEDIA/DSCF0643.JPG,DSCF0643.JPG,4Z/101MEDIA,0,Other_Amphibian,0.2296,2692.9,2428.7,2821.8,2560.9
/srv/shared_leopard_toad/2025/Documents/06.10-13.10.2025/4Z/101MEDIA/DSCF0643.JPG,DSCF0643.JPG,4Z/101MEDIA,0,Other_Amphibian,0.2056,2631.7,2252.8,2782.7,2414.7
/srv/shared_leopard_toad/2025/Documents/06.10-13.10.2025/4Z/101MEDIA/DSCF0323.JPG,DSCF0323.JPG,4Z/101MEDIA,0,Other_Amphibian,0.2692,2635.1,2245.6,2786.6,2409.1
/srv/shared_leopard_toad/2025/Documents/06.10-13.10.2025/4Z/101MEDIA/DSCF0013.JPG,DSCF0013.JPG,4Z/101MEDIA,0,Other_Amphibian,0.2898,2638.4,2245.3,2786.2,2408.5
/srv/shared_leopard_toad/2025/Documents/06.10-13.10.2025/4Z/101MEDIA/DSCF0876.JPG,DSCF0876.JPG,4Z/101MEDIA,0,Other_Amphibian,0.3156,2692.6,2427.7,2822.6,2562.1
/srv/shared_leopard_toad/2025/Documents/06.10-13.10.2025/4Z/101MEDIA/DSCF0876.JPG,DSCF0876.JPG,4Z/101MEDIA,0,Other_Amphibian,0.2631,2681.1,2426.0,2811.8,2566.5
/srv/shared_leopard_toad/2025/Documents/06.10-13.10.2025/4Z/101MEDIA/DSCF0876.JPG,DSCF0876.JPG,4Z/101MEDIA,0,Other_Amphibian,0.2283,2632.8,2247.7,2786.4,2412.5
/srv/shared_leopard_toad/2025/Documents/06.10-13.10.2025/4Z/101MEDIA/DSCF0108.JPG,DSCF0108.JPG,4Z/101MEDIA,0,Other_Amphibian,0.2818,2634.7,2246.0,2788.9,2411.1
/srv/shared_leopard_toad/2025/Documents/06.10-13.10.2025/4Z/101MEDIA/DSCF0277.JPG,DSCF0277.JPG,4Z/101MEDIA,0,Other_Amphibian,0.2405,2642.9,2244.5,2786.5,2408.1
/srv/shared_leopard_toad/2025/Documents/06.10-13.10.2025/4Z/101MEDIA/DSCF0901.JPG,DSCF0901.JPG,4Z/101MEDIA,0,Other_Amphibian,0.3683,2692.8,2428.4,2823.5,2557.3
/srv/shared_leopard_toad/2025/Documents/06.10-13.10.2025/4Z/101MEDIA/DSCF0901.JPG,DSCF0901.JPG,4Z/101MEDIA,0,Other_Amphibian,0.2393,2633.9,2246.0,2783.7,2411.5
/srv/shared_leopard_toad/2025/Documents/06.10-13.10.2025/4Z/101MEDIA/DSCF0901.JPG,DSCF0901.JPG,4Z/101MEDIA,0,Other_Amphibian,0.2365,2684.6,2427.6,2815.8,2561.2
/srv/shared_leopard_toad/2025/Documents/06.10-13.10.2025/4Z/101MEDIA/DSCF0153.JPG,DSCF0153.JPG,4Z/101MEDIA,0,Other_Amphibian,0.2530,2633.6,2245.1,2786.6,2410.4
/srv/shared_leopard_toad/2025/Documents/06.10-13.10.2025/4Z/101MEDIA/DSCF0747.JPG,DSCF0747.JPG,4Z/101MEDIA,0,Other_Amphibian,0.2583,2693.7,2429.0,2824.1,2562.0
/srv/shared_leopard_toad/2025/Documents/06.10-13.10.2025/4Z/101MEDIA/DSCF0747.JPG,DSCF0747.JPG,4Z/101MEDIA,0,Other_Amphibian,0.2335,2622.2,2249.3,2782.2,2417.6
/srv/shared_leopard_toad/2025/Documents/06.10-13.10.2025/4Z/101MEDIA/DSCF0747.JPG,DSCF0747.JPG,4Z/101MEDIA,0,Other_Amphibian,0.2281,2683.7,2427.3,2814.7,2567.2
/srv/shared_leopard_toad/2025/Documents/06.10-13.10.2025/4Z/101MEDIA/DSCF0079.JPG,DSCF0079.JPG,4Z/101MEDIA,0,Other_Amphibian,0.3552,2627.4,2245.0,2788.3,2409.5
/srv/shared_leopard_toad/2025/Documents/06.10-13.10.2025/4Z/101MEDIA/DSCF0996.JPG,DSCF0996.JPG,4Z/101MEDIA,0,Other_Amphibian,0.3786,2688.5,2427.8,2821.9,2560.2
/srv/shared_leopard_toad/2025/Documents/06.10-13.10.2025/4Z/101MEDIA/DSCF0996.JPG,DSCF0996.JPG,4Z/101MEDIA,0,Other_Amphibian,0.3190,2626.7,2247.0,2785.1,2411.3
/srv/shared_leopard_toad/2025/Documents/06.10-13.10.2025/4Z/101MEDIA/DSCF0996.JPG,DSCF0996.JPG,4Z/101MEDIA,0,Other_Amphibian,0.2288,2679.5,2425.8,2814.9,2562.9
/srv/shared_leopard_toad/2025/Documents/06.10-13.10.2025/4Z/101MEDIA/DSCF0610.JPG,DSCF0610.JPG,4Z/101MEDIA,0,Other_Amphibian,0.2686,2639.0,2247.3,2786.0,2412.8
/srv/shared_leopard_toad/2025/Documents/06.10-13.10.2025/4Z/101MEDIA/DSCF0610.JPG,DSCF0610.JPG,4Z/101MEDIA,0,Other_Amphibian,0.2172,2695.3,2429.9,2822.1,2562.5
/srv/shared_leopard_toad/2025/Documents/06.10-13.10.2025/4Z/101MEDIA/DSCF0692.JPG,DSCF0692.JPG,4Z/101MEDIA,0,Other_Amphibian,0.2546,2635.0,2247.4,2785.8,2411.2
/srv/shared_leopard_toad/2025/Documents/06.10-13.10.2025/4Z/101MEDIA/DSCF0692.JPG,DSCF0692.JPG,4Z/101MEDIA,0,Other_Amphibian,0.2401,2693.9,2429.4,2822.7,2562.6
/srv/shared_leopard_toad/2025/Documents/06.10-13.10.2025/4Z/101MEDIA/DSCF0542.JPG,DSCF0542.JPG,4Z/101MEDIA,0,Other_Amphibian,0.2250,2629.2,2251.4,2782.4,2416.8
/srv/shared_leopard_toad/2025/Documents/06.10-13.10.2025/4Z/101MEDIA/DSCF0542.JPG,DSCF0542.JPG,4Z/101MEDIA,0,Other_Amphibian,0.2223,2693.3,2428.4,2822.7,2560.2
/srv/shared_leopard_toad/2025/Documents/06.10-13.10.2025/4Z/101MEDIA/DSCF0708.JPG,DSCF0708.JPG,4Z/101MEDIA,0,Other_Amphibian,0.3568,2628.8,2247.9,2782.5,2412.0
/srv/shared_leopard_toad/2025/Documents/06.10-13.10.2025/4Z/101MEDIA/DSCF0119.JPG,DSCF0119.JPG,4Z/101MEDIA,0,Other_Amphibian,0.2521,2644.3,2245.2,2790.5,2410.4
/srv/shared_leopard_toad/2025/Documents/06.10-13.10.2025/4Z/101MEDIA/DSCF0846.JPG,DSCF0846.JPG,4Z/101MEDIA,0,Other_Amphibian,0.2962,2692.7,2428.9,2822.7,2559.2
/srv/shared_leopard_toad/2025/Documents/06.10-13.10.2025/4Z/101MEDIA/DSCF0846.JPG,DSCF0846.JPG,4Z/101MEDIA,0,Other_Amphibian,0.2438,2683.8,2426.4,2815.6,2565.4
/srv/shared_leopard_toad/2025/Documents/06.10-13.10.2025/4Z/101MEDIA/DSCF0469.JPG,DSCF0469.JPG,4Z/101MEDIA,0,Other_Amphibian,0.2596,2689.9,2430.0,2823.3,2565.4
/srv/shared_leopard_toad/2025/Documents/06.10-13.10.2025/4Z/101MEDIA/DSCF0469.JPG,DSCF0469.JPG,4Z/101MEDIA,0,Other_Amphibian,0.2083,2682.2,2429.8,2816.3,2571.5
/srv/shared_leopard_toad/2025/Documents/06.10-13.10.2025/4Z/101MEDIA/DSCF0098.JPG,DSCF0098.JPG,4Z/101MEDIA,0,Other_Amphibian,0.3434,2640.1,2245.0,2786.8,2407.8
/srv/shared_leopard_toad/2025/Documents/06.10-13.10.2025/4Z/101MEDIA/DSCF0961.JPG,DSCF0961.JPG,4Z/101MEDIA,0,Other_Amphibian,0.3205,2689.1,2428.6,2822.9,2561.0
/srv/shared_leopard_toad/2025/Documents/06.10-13.10.2025/4Z/101MEDIA/DSCF0961.JPG,DSCF0961.JPG,4Z/101MEDIA,0,Other_Amphibian,0.3006,2681.8,2426.5,2813.9,2565.2
/srv/shared_leopard_toad/2025/Documents/06.10-13.10.2025/4Z/101MEDIA/DSCF0961.JPG,DSCF0961.JPG,4Z/101MEDIA,0,Other_Amphibian,0.2819,2640.5,2243.7,2788.1,2409.4
/srv/shared_leopard_toad/2025/Documents/06.10-13.10.2025/4Z/101MEDIA/DSCF0214.JPG,DSCF0214.JPG,4Z/101MEDIA,0,Other_Amphibian,0.2781,2644.5,2244.2,2785.7,2408.2
/srv/shared_leopard_toad/2025/Documents/06.10-13.10.2025/4Z/101MEDIA/DSCF0804.JPG,DSCF0804.JPG,4Z/101MEDIA,0,Other_Amphibian,0.3508,2692.8,2427.5,2823.1,2560.2
/srv/shared_leopard_toad/2025/Documents/06.10-13.10.2025/4Z/101MEDIA/DSCF0804.JPG,DSCF0804.JPG,4Z/101MEDIA,0,Other_Amphibian,0.2884,2685.6,2426.2,2815.6,2564.5
/srv/shared_leopard_toad/2025/Documents/06.10-13.10.2025/4Z/101MEDIA/DSCF0825.JPG,DSCF0825.JPG,4Z/101MEDIA,0,Other_Amphibian,0.3946,2690.9,2427.6,2825.3,2557.4
/srv/shared_leopard_toad/2025/Documents/06.10-13.10.2025/4Z/101MEDIA/DSCF0825.JPG,DSCF0825.JPG,4Z/101MEDIA,0,Other_Amphibian,0.2889,2684.0,2427.8,2817.5,2561.0
/srv/shared_leopard_toad/2025/Documents/06.10-13.10.2025/4Z/101MEDIA/DSCF0915.JPG,DSCF0915.JPG,4Z/101MEDIA,0,Other_Amphibian,0.2553,2690.6,2428.1,2823.3,2561.1
/srv/shared_leopard_toad/2025/Documents/06.10-13.10.2025/4Z/101MEDIA/DSCF0915.JPG,DSCF0915.JPG,4Z/101MEDIA,0,Other_Amphibian,0.2300,2681.6,2426.8,2812.5,2566.9
/srv/shared_leopard_toad/2025/Documents/06.10-13.10.2025/4Z/101MEDIA/DSCF0627.JPG,DSCF0627.JPG,4Z/101MEDIA,0,Other_Amphibian,0.2787,2628.2,2248.4,2782.5,2416.1
/srv/shared_leopard_toad/2025/Documents/06.10-13.10.2025/4Z/101MEDIA/DSCF0627.JPG,DSCF0627.JPG,4Z/101MEDIA,0,Other_Amphibian,0.2531,2693.7,2428.9,2823.1,2561.6
/srv/shared_leopard_toad/2025/Documents/06.10-13.10.2025/4Z/101MEDIA/DSCF0398.JPG,DSCF0398.JPG,4Z/101MEDIA,0,Other_Amphibian,0.2115,5126.8,1537.2,5270.2,1734.2
/srv/shared_leopard_toad/2025/Documents/06.10-13.10.2025/4Z/101MEDIA/DSCF0205.JPG,DSCF0205.JPG,4Z/101MEDIA,0,Other_Amphibian,0.2520,2639.1,2246.2,2786.3,2407.6
/srv/shared_leopard_toad/2025/Documents/06.10-13.10.2025/4Z/101MEDIA/DSCF0540.JPG,DSCF0540.JPG,4Z/101MEDIA,0,Other_Amphibian,0.2834,2693.3,2429.1,2823.1,2563.1
/srv/shared_leopard_toad/2025/Documents/06.10-13.10.2025/4Z/101MEDIA/DSCF0540.JPG,DSCF0540.JPG,4Z/101MEDIA,0,Other_Amphibian,0.2312,2681.1,2426.8,2809.2,2566.3
/srv/shared_leopard_toad/2025/Documents/06.10-13.10.2025/4Z/101MEDIA/DSCF0584.JPG,DSCF0584.JPG,4Z/101MEDIA,0,Other_Amphibian,0.2822,2697.2,2428.2,2824.3,2560.6
/srv/shared_leopard_toad/2025/Documents/06.10-13.10.2025/4Z/101MEDIA/DSCF0111.JPG,DSCF0111.JPG,4Z/101MEDIA,0,Other_Amphibian,0.3396,2638.9,2243.4,2787.2,2407.9
/srv/shared_leopard_toad/2025/Documents/06.10-13.10.2025/4Z/101MEDIA/DSCF0263.JPG,DSCF0263.JPG,4Z/101MEDIA,0,Other_Amphibian,0.2869,2636.5,2244.2,2789.7,2410.0
/srv/shared_leopard_toad/2025/Documents/06.10-13.10.2025/4Z/101MEDIA/DSCF0586.JPG,DSCF0586.JPG,4Z/101MEDIA,0,Other_Amphibian,0.2381,2695.3,2428.7,2822.7,2563.9
/srv/shared_leopard_toad/2025/Documents/06.10-13.10.2025/4Z/101MEDIA/DSCF0586.JPG,DSCF0586.JPG,4Z/101MEDIA,0,Other_Amphibian,0.2270,2628.5,2250.7,2785.5,2416.6
/srv/shared_leopard_toad/2025/Documents/06.10-13.10.2025/4Z/101MEDIA/DSCF0828.JPG,DSCF0828.JPG,4Z/101MEDIA,0,Other_Amphibian,0.3636,2692.7,2428.4,2822.7,2559.3
/srv/shared_leopard_toad/2025/Documents/06.10-13.10.2025/4Z/101MEDIA/DSCF0828.JPG,DSCF0828.JPG,4Z/101MEDIA,0,Other_Amphibian,0.2755,2683.2,2427.0,2813.5,2562.7
/srv/shared_leopard_toad/2025/Documents/06.10-13.10.2025/4Z/101MEDIA/DSCF0828.JPG,DSCF0828.JPG,4Z/101MEDIA,0,Other_Amphibian,0.2367,2638.4,2247.0,2787.3,2411.8
/srv/shared_leopard_toad/2025/Documents/06.10-13.10.2025/4Z/101MEDIA/DSCF0555.JPG,DSCF0555.JPG,4Z/101MEDIA,0,Other_Amphibian,0.2076,2693.3,2428.6,2824.2,2559.9
/srv/shared_leopard_toad/2025/Documents/06.10-13.10.2025/4Z/101MEDIA/DSCF0695.JPG,DSCF0695.JPG,4Z/101MEDIA,0,Other_Amphibian,0.3799,2628.7,2248.0,2783.7,2412.9
/srv/shared_leopard_toad/2025/Documents/06.10-13.10.2025/4Z/101MEDIA/DSCF0764.JPG,DSCF0764.JPG,4Z/101MEDIA,0,Other_Amphibian,0.3718,2693.1,2427.6,2824.5,2561.3
/srv/shared_leopard_toad/2025/Documents/06.10-13.10.2025/4Z/101MEDIA/DSCF0764.JPG,DSCF0764.JPG,4Z/101MEDIA,0,Other_Amphibian,0.3096,2687.9,2426.0,2818.6,2567.3
/srv/shared_leopard_toad/2025/Documents/06.10-13.10.2025/4Z/101MEDIA/DSCF0953.JPG,DSCF0953.JPG,4Z/101MEDIA,0,Other_Amphibian,0.3618,2690.7,2428.4,2822.9,2557.6
/srv/shared_leopard_toad/2025/Documents/06.10-13.10.2025/4Z/101MEDIA/DSCF0953.JPG,DSCF0953.JPG,4Z/101MEDIA,0,Other_Amphibian,0.3000,2636.3,2243.9,2787.8,2409.9
/srv/shared_leopard_toad/2025/Documents/06.10-13.10.2025/4Z/101MEDIA/DSCF0953.JPG,DSCF0953.JPG,4Z/101MEDIA,0,Other_Amphibian,0.2871,2683.8,2427.2,2817.8,2561.9
/srv/shared_leopard_toad/2025/Documents/06.10-13.10.2025/4Z/101MEDIA/DSCF0657.JPG,DSCF0657.JPG,4Z/101MEDIA,0,Other_Amphibian,0.2853,2628.2,2250.3,2781.6,2414.3
/srv/shared_leopard_toad/2025/Documents/06.10-13.10.2025/4Z/101MEDIA/DSCF0657.JPG,DSCF0657.JPG,4Z/101MEDIA,0,Other_Amphibian,0.2254,2694.6,2428.2,2824.2,2562.2
/srv/shared_leopard_toad/2025/Documents/06.10-13.10.2025/4Z/101MEDIA/DSCF0657.JPG,DSCF0657.JPG,4Z/101MEDIA,0,Other_Amphibian,0.2094,2629.7,2255.3,2781.9,2414.7
/srv/shared_leopard_toad/2025/Documents/06.10-13.10.2025/4Z/101MEDIA/DSCF0163.JPG,DSCF0163.JPG,4Z/101MEDIA,0,Other_Amphibian,0.2344,2643.8,2244.5,2783.5,2408.9
/srv/shared_leopard_toad/2025/Documents/06.10-13.10.2025/4Z/101MEDIA/DSCF0587.JPG,DSCF0587.JPG,4Z/101MEDIA,0,Other_Amphibian,0.3481,2694.0,2428.7,2823.8,2560.6
/srv/shared_leopard_toad/2025/Documents/06.10-13.10.2025/4Z/101MEDIA/DSCF0587.JPG,DSCF0587.JPG,4Z/101MEDIA,0,Other_Amphibian,0.3262,2627.5,2248.5,2783.3,2414.9
/srv/shared_leopard_toad/2025/Documents/06.10-13.10.2025/4Z/101MEDIA/DSCF0711.JPG,DSCF0711.JPG,4Z/101MEDIA,0,Other_Amphibian,0.3045,2639.0,2247.1,2782.2,2409.9
/srv/shared_leopard_toad/2025/Documents/06.10-13.10.2025/4Z/101MEDIA/DSCF0283.JPG,DSCF0283.JPG,4Z/101MEDIA,0,Other_Amphibian,0.2362,2637.4,2245.8,2786.2,2410.1
/srv/shared_leopard_toad/2025/Documents/06.10-13.10.2025/4Z/101MEDIA/DSCF0283.JPG,DSCF0283.JPG,4Z/101MEDIA,0,Other_Amphibian,0.2089,2692.1,2426.9,2819.4,2555.9
/srv/shared_leopard_toad/2025/Documents/06.10-13.10.2025/4Z/101MEDIA/DSCF0869.JPG,DSCF0869.JPG,4Z/101MEDIA,0,Other_Amphibian,0.4010,2689.5,2428.8,2822.4,2561.8
/srv/shared_leopard_toad/2025/Documents/06.10-13.10.2025/4Z/101MEDIA/DSCF0869.JPG,DSCF0869.JPG,4Z/101MEDIA,0,Other_Amphibian,0.3618,2685.3,2427.1,2817.8,2565.8
/srv/shared_leopard_toad/2025/Documents/06.10-13.10.2025/4Z/101MEDIA/DSCF0470.JPG,DSCF0470.JPG,4Z/101MEDIA,0,Other_Amphibian,0.2646,2631.5,2251.2,2783.9,2416.1
/srv/shared_leopard_toad/2025/Documents/06.10-13.10.2025/4Z/101MEDIA/DSCF0710.JPG,DSCF0710.JPG,4Z/101MEDIA,0,Other_Amphibian,0.2126,2633.2,2250.1,2779.3,2414.0
/srv/shared_leopard_toad/2025/Documents/06.10-13.10.2025/4Z/101MEDIA/DSCF0863.JPG,DSCF0863.JPG,4Z/101MEDIA,0,Other_Amphibian,0.3467,2632.0,2245.3,2786.6,2410.2
/srv/shared_leopard_toad/2025/Documents/06.10-13.10.2025/4Z/101MEDIA/DSCF0863.JPG,DSCF0863.JPG,4Z/101MEDIA,0,Other_Amphibian,0.2272,2694.6,2428.7,2822.3,2561.6
/srv/shared_leopard_toad/2025/Documents/06.10-13.10.2025/4Z/101MEDIA/DSCF0128.JPG,DSCF0128.JPG,4Z/101MEDIA,0,Other_Amphibian,0.3315,2633.9,2245.1,2785.2,2409.3
/srv/shared_leopard_toad/2025/Documents/06.10-13.10.2025/4Z/101MEDIA/DSCF0265.JPG,DSCF0265.JPG,4Z/101MEDIA,0,Other_Amphibian,0.2663,2637.5,2246.1,2784.0,2409.2
/srv/shared_leopard_toad/2025/Documents/06.10-13.10.2025/4Z/101MEDIA/DSCF0850.JPG,DSCF0850.JPG,4Z/101MEDIA,0,Other_Amphibian,0.2999,2690.5,2428.9,2823.6,2562.6
/srv/shared_leopard_toad/2025/Documents/06.10-13.10.2025/4Z/101MEDIA/DSCF0850.JPG,DSCF0850.JPG,4Z/101MEDIA,0,Other_Amphibian,0.2859,2682.5,2426.6,2815.1,2568.2
/srv/shared_leopard_toad/2025/Documents/06.10-13.10.2025/4Z/101MEDIA/DSCF0850.JPG,DSCF0850.JPG,4Z/101MEDIA,0,Other_Amphibian,0.2587,2628.2,2246.5,2783.2,2411.0
/srv/shared_leopard_toad/2025/Documents/06.10-13.10.2025/4Z/101MEDIA/DSCF0022.JPG,DSCF0022.JPG,4Z/101MEDIA,0,Other_Amphibian,0.3676,2637.2,2245.2,2790.2,2409.7
/srv/shared_leopard_toad/2025/Documents/06.10-13.10.2025/4Z/101MEDIA/DSCF0198.JPG,DSCF0198.JPG,4Z/101MEDIA,0,Other_Amphibian,0.3094,2632.0,2246.3,2786.6,2411.2
/srv/shared_leopard_toad/2025/Documents/06.10-13.10.2025/4Z/101MEDIA/DSCF0379.JPG,DSCF0379.JPG,4Z/101MEDIA,2,Western_Leopard_Toad,0.2063,4655.2,1833.1,5056.0,2118.4
/srv/shared_leopard_toad/2025/Documents/06.10-13.10.2025/4Z/101MEDIA/DSCF0011.JPG,DSCF0011.JPG,4Z/101MEDIA,0,Other_Amphibian,0.2612,2636.7,2245.9,2787.0,2410.6
/srv/shared_leopard_toad/2025/Documents/06.10-13.10.2025/4Z/101MEDIA/DSCF0570.JPG,DSCF0570.JPG,4Z/101MEDIA,0,Other_Amphibian,0.2161,2631.6,2249.3,2783.6,2415.5
/srv/shared_leopard_toad/2025/Documents/06.10-13.10.2025/4Z/101MEDIA/DSCF0570.JPG,DSCF0570.JPG,4Z/101MEDIA,0,Other_Amphibian,0.2011,2694.5,2429.7,2822.7,2557.5
/srv/shared_leopard_toad/2025/Documents/06.10-13.10.2025/4Z/101MEDIA/DSCF0785.JPG,DSCF0785.JPG,4Z/101MEDIA,0,Other_Amphibian,0.2449,2694.9,2427.7,2823.1,2561.1
/srv/shared_leopard_toad/2025/Documents/06.10-13.10.2025/4Z/101MEDIA/DSCF0073.JPG,DSCF0073.JPG,4Z/101MEDIA,0,Other_Amphibian,0.7792,2413.7,2113.2,2629.0,2318.6
/srv/shared_leopard_toad/2025/Documents/06.10-13.10.2025/4Z/101MEDIA/DSCF0999.JPG,DSCF0999.JPG,4Z/101MEDIA,0,Other_Amphibian,0.3146,2692.6,2428.7,2823.4,2559.3
/srv/shared_leopard_toad/2025/Documents/06.10-13.10.2025/4Z/101MEDIA/DSCF0999.JPG,DSCF0999.JPG,4Z/101MEDIA,0,Other_Amphibian,0.2347,2684.0,2427.9,2814.5,2562.6
/srv/shared_leopard_toad/2025/Documents/06.10-13.10.2025/4Z/101MEDIA/DSCF0183.JPG,DSCF0183.JPG,4Z/101MEDIA,0,Other_Amphibian,0.3528,2640.0,2245.1,2787.7,2407.3
/srv/shared_leopard_toad/2025/Documents/06.10-13.10.2025/4Z/101MEDIA/DSCF0687.JPG,DSCF0687.JPG,4Z/101MEDIA,0,Other_Amphibian,0.3436,2689.8,2428.4,2821.9,2562.7
/srv/shared_leopard_toad/2025/Documents/06.10-13.10.2025/4Z/101MEDIA/DSCF0687.JPG,DSCF0687.JPG,4Z/101MEDIA,0,Other_Amphibian,0.2931,2685.2,2426.9,2817.2,2568.2
/srv/shared_leopard_toad/2025/Documents/06.10-13.10.2025/4Z/101MEDIA/DSCF0687.JPG,DSCF0687.JPG,4Z/101MEDIA,0,Other_Amphibian,0.2739,2629.4,2249.3,2783.6,2414.1
/srv/shared_leopard_toad/2025/Documents/06.10-13.10.2025/4Z/101MEDIA/DSCF0894.JPG,DSCF0894.JPG,4Z/101MEDIA,0,Other_Amphibian,0.2459,2626.9,2244.3,2784.0,2414.0
/srv/shared_leopard_toad/2025/Documents/06.10-13.10.2025/4Z/101MEDIA/DSCF0894.JPG,DSCF0894.JPG,4Z/101MEDIA,0,Other_Amphibian,0.2067,2689.2,2427.8,2824.7,2563.0
/srv/shared_leopard_toad/2025/Documents/06.10-13.10.2025/4Z/101MEDIA/DSCF0289.JPG,DSCF0289.JPG,4Z/101MEDIA,0,Other_Amphibian,0.2808,2636.5,2246.1,2785.9,2411.6
/srv/shared_leopard_toad/2025/Documents/06.10-13.10.2025/4Z/101MEDIA/DSCF0718.JPG,DSCF0718.JPG,4Z/101MEDIA,0,Other_Amphibian,0.2717,2627.7,2247.8,2778.6,2413.1
/srv/shared_leopard_toad/2025/Documents/06.10-13.10.2025/4Z/101MEDIA/DSCF0017.JPG,DSCF0017.JPG,4Z/101MEDIA,0,Other_Amphibian,0.2866,2643.4,2247.8,2787.6,2410.1
/srv/shared_leopard_toad/2025/Documents/06.10-13.10.2025/4Z/101MEDIA/DSCF0726.JPG,DSCF0726.JPG,4Z/101MEDIA,0,Other_Amphibian,0.2480,2634.7,2245.8,2784.0,2412.4
/srv/shared_leopard_toad/2025/Documents/06.10-13.10.2025/4Z/101MEDIA/DSCF0726.JPG,DSCF0726.JPG,4Z/101MEDIA,0,Other_Amphibian,0.2109,2696.5,2428.9,2823.9,2560.1
/srv/shared_leopard_toad/2025/Documents/06.10-13.10.2025/4Z/101MEDIA/DSCF0783.JPG,DSCF0783.JPG,4Z/101MEDIA,0,Other_Amphibian,0.3105,2692.7,2427.9,2822.3,2560.1
/srv/shared_leopard_toad/2025/Documents/06.10-13.10.2025/4Z/101MEDIA/DSCF0783.JPG,DSCF0783.JPG,4Z/101MEDIA,0,Other_Amphibian,0.2776,2635.2,2245.1,2783.4,2409.3
/srv/shared_leopard_toad/2025/Documents/06.10-13.10.2025/4Z/101MEDIA/DSCF0783.JPG,DSCF0783.JPG,4Z/101MEDIA,0,Other_Amphibian,0.2028,2683.4,2425.3,2812.6,2563.0
/srv/shared_leopard_toad/2025/Documents/06.10-13.10.2025/4Z/101MEDIA/DSCF0440.JPG,DSCF0440.JPG,4Z/101MEDIA,2,Western_Leopard_Toad,0.3780,4658.7,1877.3,5357.8,2855.7
/srv/shared_leopard_toad/2025/Documents/06.10-13.10.2025/4Z/101MEDIA/DSCF0440.JPG,DSCF0440.JPG,4Z/101MEDIA,2,Western_Leopard_Toad,0.2140,5036.0,11.6,5370.7,481.3
/srv/shared_leopard_toad/2025/Documents/06.10-13.10.2025/4Z/101MEDIA/DSCF0857.JPG,DSCF0857.JPG,4Z/101MEDIA,0,Other_Amphibian,0.2349,2632.8,2246.7,2783.4,2412.1
/srv/shared_leopard_toad/2025/Documents/06.10-13.10.2025/4Z/101MEDIA/DSCF0703.JPG,DSCF0703.JPG,4Z/101MEDIA,0,Other_Amphibian,0.4148,2631.4,2248.2,2782.1,2412.0
/srv/shared_leopard_toad/2025/Documents/06.10-13.10.2025/4Z/101MEDIA/DSCF0779.JPG,DSCF0779.JPG,4Z/101MEDIA,0,Other_Amphibian,0.3901,2691.9,2428.7,2821.5,2556.1
/srv/shared_leopard_toad/2025/Documents/06.10-13.10.2025/4Z/101MEDIA/DSCF0779.JPG,DSCF0779.JPG,4Z/101MEDIA,0,Other_Amphibian,0.2229,2686.0,2428.2,2817.1,2559.6
/srv/shared_leopard_toad/2025/Documents/06.10-13.10.2025/4Z/101MEDIA/DSCF0881.JPG,DSCF0881.JPG,4Z/101MEDIA,0,Other_Amphibian,0.3291,2692.0,2428.0,2821.6,2560.3
/srv/shared_leopard_toad/2025/Documents/06.10-13.10.2025/4Z/101MEDIA/DSCF0881.JPG,DSCF0881.JPG,4Z/101MEDIA,0,Other_Amphibian,0.3158,2632.9,2244.9,2783.1,2408.7
/srv/shared_leopard_toad/2025/Documents/06.10-13.10.2025/4Z/101MEDIA/DSCF0881.JPG,DSCF0881.JPG,4Z/101MEDIA,0,Other_Amphibian,0.2256,2680.9,2425.3,2810.6,2561.5
/srv/shared_leopard_toad/2025/Documents/06.10-13.10.2025/4Z/101MEDIA/DSCF0075.JPG,DSCF0075.JPG,4Z/101MEDIA,0,Other_Amphibian,0.3279,2640.5,2245.5,2786.8,2406.2
/srv/shared_leopard_toad/2025/Documents/06.10-13.10.2025/4Z/101MEDIA/DSCF0571.JPG,DSCF0571.JPG,4Z/101MEDIA,0,Other_Amphibian,0.2626,2694.0,2429.0,2823.6,2562.6
/srv/shared_leopard_toad/2025/Documents/06.10-13.10.2025/4Z/101MEDIA/DSCF0571.JPG,DSCF0571.JPG,4Z/101MEDIA,0,Other_Amphibian,0.2403,2633.9,2248.6,2785.5,2416.6
/srv/shared_leopard_toad/2025/Documents/06.10-13.10.2025/4Z/101MEDIA/DSCF0958.JPG,DSCF0958.JPG,4Z/101MEDIA,0,Other_Amphibian,0.2925,2691.0,2429.5,2819.8,2558.1
/srv/shared_leopard_toad/2025/Documents/06.10-13.10.2025/4Z/101MEDIA/DSCF0958.JPG,DSCF0958.JPG,4Z/101MEDIA,0,Other_Amphibian,0.2245,2681.6,2428.3,2811.4,2562.0
/srv/shared_leopard_toad/2025/Documents/06.10-13.10.2025/4Z/101MEDIA/DSCF0929.JPG,DSCF0929.JPG,4Z/101MEDIA,0,Other_Amphibian,0.3450,2635.0,2244.3,2782.6,2407.2
/srv/shared_leopard_toad/2025/Documents/06.10-13.10.2025/4Z/101MEDIA/DSCF0929.JPG,DSCF0929.JPG,4Z/101MEDIA,0,Other_Amphibian,0.3320,2693.9,2428.9,2821.2,2556.9
/srv/shared_leopard_toad/2025/Documents/06.10-13.10.2025/4Z/101MEDIA/DSCF0929.JPG,DSCF0929.JPG,4Z/101MEDIA,0,Other_Amphibian,0.2201,2685.3,2426.8,2814.9,2559.9
/srv/shared_leopard_toad/2025/Documents/06.10-13.10.2025/4Z/101MEDIA/DSCF0337.JPG,DSCF0337.JPG,4Z/101MEDIA,0,Other_Amphibian,0.3345,2636.7,2244.4,2789.5,2408.7
/srv/shared_leopard_toad/2025/Documents/06.10-13.10.2025/4Z/101MEDIA/DSCF0639.JPG,DSCF0639.JPG,4Z/101MEDIA,0,Other_Amphibian,0.3016,2690.8,2427.6,2823.4,2562.0
/srv/shared_leopard_toad/2025/Documents/06.10-13.10.2025/4Z/101MEDIA/DSCF0639.JPG,DSCF0639.JPG,4Z/101MEDIA,0,Other_Amphibian,0.2602,2621.3,2251.0,2781.3,2417.6
/srv/shared_leopard_toad/2025/Documents/06.10-13.10.2025/4Z/101MEDIA/DSCF0639.JPG,DSCF0639.JPG,4Z/101MEDIA,0,Other_Amphibian,0.2295,2683.6,2427.0,2815.9,2567.9
/srv/shared_leopard_toad/2025/Documents/06.10-13.10.2025/4Z/101MEDIA/DSCF0104.JPG,DSCF0104.JPG,4Z/101MEDIA,0,Other_Amphibian,0.2698,2638.5,2243.9,2788.8,2408.4
/srv/shared_leopard_toad/2025/Documents/06.10-13.10.2025/4Z/101MEDIA/DSCF0972.JPG,DSCF0972.JPG,4Z/101MEDIA,0,Other_Amphibian,0.3008,2692.7,2428.0,2822.0,2560.9
/srv/shared_leopard_toad/2025/Documents/06.10-13.10.2025/4Z/101MEDIA/DSCF0972.JPG,DSCF0972.JPG,4Z/101MEDIA,0,Other_Amphibian,0.2422,2682.4,2425.6,2812.0,2567.4
/srv/shared_leopard_toad/2025/Documents/06.10-13.10.2025/4Z/101MEDIA/DSCF0972.JPG,DSCF0972.JPG,4Z/101MEDIA,0,Other_Amphibian,0.2297,2637.6,2245.2,2787.0,2411.5
/srv/shared_leopard_toad/2025/Documents/06.10-13.10.2025/4Z/101MEDIA/DSCF0316.JPG,DSCF0316.JPG,4Z/101MEDIA,0,Other_Amphibian,0.2672,2642.8,2245.6,2786.7,2408.8
/srv/shared_leopard_toad/2025/Documents/06.10-13.10.2025/4Z/101MEDIA/DSCF0043.JPG,DSCF0043.JPG,4Z/101MEDIA,0,Other_Amphibian,0.3037,2639.4,2244.4,2786.0,2407.6
/srv/shared_leopard_toad/2025/Documents/06.10-13.10.2025/4Z/101MEDIA/DSCF0275.JPG,DSCF0275.JPG,4Z/101MEDIA,0,Other_Amphibian,0.3844,2629.7,2245.2,2786.1,2409.1
/srv/shared_leopard_toad/2025/Documents/06.10-13.10.2025/4Z/101MEDIA/DSCF0245.JPG,DSCF0245.JPG,4Z/101MEDIA,0,Other_Amphibian,0.2170,2689.7,2427.1,2817.6,2557.1
/srv/shared_leopard_toad/2025/Documents/06.10-13.10.2025/4Z/101MEDIA/DSCF0603.JPG,DSCF0603.JPG,4Z/101MEDIA,0,Other_Amphibian,0.2619,2631.9,2248.6,2784.3,2414.0
/srv/shared_leopard_toad/2025/Documents/06.10-13.10.2025/4Z/101MEDIA/DSCF0492.JPG,DSCF0492.JPG,4Z/101MEDIA,0,Other_Amphibian,0.3285,2625.3,2250.1,2782.1,2417.0
/srv/shared_leopard_toad/2025/Documents/06.10-13.10.2025/4Z/101MEDIA/DSCF0530.JPG,DSCF0530.JPG,4Z/101MEDIA,0,Other_Amphibian,0.2356,2637.5,2250.0,2784.7,2413.8
/srv/shared_leopard_toad/2025/Documents/06.10-13.10.2025/4Z/101MEDIA/DSCF0654.JPG,DSCF0654.JPG,4Z/101MEDIA,0,Other_Amphibian,0.2940,2628.9,2248.1,2786.3,2415.2
/srv/shared_leopard_toad/2025/Documents/06.10-13.10.2025/4Z/101MEDIA/DSCF0887.JPG,DSCF0887.JPG,4Z/101MEDIA,0,Other_Amphibian,0.3016,2691.5,2427.9,2823.9,2560.0
/srv/shared_leopard_toad/2025/Documents/06.10-13.10.2025/4Z/101MEDIA/DSCF0887.JPG,DSCF0887.JPG,4Z/101MEDIA,0,Other_Amphibian,0.2680,2631.6,2245.6,2787.7,2411.6
/srv/shared_leopard_toad/2025/Documents/06.10-13.10.2025/4Z/101MEDIA/DSCF0887.JPG,DSCF0887.JPG,4Z/101MEDIA,0,Other_Amphibian,0.2396,2682.1,2426.7,2814.4,2565.3
/srv/shared_leopard_toad/2025/Documents/06.10-13.10.2025/4Z/101MEDIA/DSCF0521.JPG,DSCF0521.JPG,4Z/101MEDIA,0,Other_Amphibian,0.2507,2635.3,2249.4,2786.6,2413.2
/srv/shared_leopard_toad/2025/Documents/06.10-13.10.2025/4Z/101MEDIA/DSCF0132.JPG,DSCF0132.JPG,4Z/101MEDIA,0,Other_Amphibian,0.3040,2637.9,2245.5,2788.6,2410.8
/srv/shared_leopard_toad/2025/Documents/06.10-13.10.2025/4Z/101MEDIA/DSCF0457.JPG,DSCF0457.JPG,4Z/101MEDIA,0,Other_Amphibian,0.2446,2624.8,2251.5,2781.6,2417.3
/srv/shared_leopard_toad/2025/Documents/06.10-13.10.2025/4Z/101MEDIA/DSCF0457.JPG,DSCF0457.JPG,4Z/101MEDIA,0,Other_Amphibian,0.2310,2696.7,2429.8,2823.6,2561.9
/srv/shared_leopard_toad/2025/Documents/06.10-13.10.2025/4Z/101MEDIA/DSCF0126.JPG,DSCF0126.JPG,4Z/101MEDIA,0,Other_Amphibian,0.3826,2636.6,2244.4,2787.6,2407.7
/srv/shared_leopard_toad/2025/Documents/06.10-13.10.2025/4Z/101MEDIA/DSCF0971.JPG,DSCF0971.JPG,4Z/101MEDIA,0,Other_Amphibian,0.3506,2692.1,2429.0,2822.6,2559.6
/srv/shared_leopard_toad/2025/Documents/06.10-13.10.2025/4Z/101MEDIA/DSCF0971.JPG,DSCF0971.JPG,4Z/101MEDIA,0,Other_Amphibian,0.3173,2634.4,2244.0,2786.1,2410.5
/srv/shared_leopard_toad/2025/Documents/06.10-13.10.2025/4Z/101MEDIA/DSCF0971.JPG,DSCF0971.JPG,4Z/101MEDIA,0,Other_Amphibian,0.2821,2683.5,2427.2,2812.9,2562.8
/srv/shared_leopard_toad/2025/Documents/06.10-13.10.2025/4Z/101MEDIA/DSCF0456.JPG,DSCF0456.JPG,4Z/101MEDIA,0,Other_Amphibian,0.2822,2632.6,2250.7,2785.3,2416.2
/srv/shared_leopard_toad/2025/Documents/06.10-13.10.2025/4Z/101MEDIA/DSCF0954.JPG,DSCF0954.JPG,4Z/101MEDIA,0,Other_Amphibian,0.3251,2693.2,2428.1,2821.7,2556.9
/srv/shared_leopard_toad/2025/Documents/06.10-13.10.2025/4Z/101MEDIA/DSCF0799.JPG,DSCF0799.JPG,4Z/101MEDIA,0,Other_Amphibian,0.3255,2693.1,2429.3,2823.9,2560.5
/srv/shared_leopard_toad/2025/Documents/06.10-13.10.2025/4Z/101MEDIA/DSCF0799.JPG,DSCF0799.JPG,4Z/101MEDIA,0,Other_Amphibian,0.2591,2682.7,2426.7,2812.0,2562.7
/srv/shared_leopard_toad/2025/Documents/06.10-13.10.2025/4Z/101MEDIA/DSCF0799.JPG,DSCF0799.JPG,4Z/101MEDIA,0,Other_Amphibian,0.2259,2636.6,2247.0,2785.1,2411.4
/srv/shared_leopard_toad/2025/Documents/06.10-13.10.2025/4Z/101MEDIA/DSCF0249.JPG,DSCF0249.JPG,4Z/101MEDIA,0,Other_Amphibian,0.2352,2638.4,2246.1,2786.6,2409.4
/srv/shared_leopard_toad/2025/Documents/06.10-13.10.2025/4Z/101MEDIA/DSCF0093.JPG,DSCF0093.JPG,4Z/101MEDIA,0,Other_Amphibian,0.3077,2635.0,2245.3,2787.4,2407.9
/srv/shared_leopard_toad/2025/Documents/06.10-13.10.2025/4Z/101MEDIA/DSCF0083.JPG,DSCF0083.JPG,4Z/101MEDIA,0,Other_Amphibian,0.3132,2640.2,2244.3,2790.8,2408.0
/srv/shared_leopard_toad/2025/Documents/06.10-13.10.2025/4Z/101MEDIA/DSCF0682.JPG,DSCF0682.JPG,4Z/101MEDIA,0,Other_Amphibian,0.3132,2636.2,2247.8,2785.3,2410.8
/srv/shared_leopard_toad/2025/Documents/06.10-13.10.2025/4Z/101MEDIA/DSCF0682.JPG,DSCF0682.JPG,4Z/101MEDIA,0,Other_Amphibian,0.2170,2696.7,2428.7,2823.2,2561.8
/srv/shared_leopard_toad/2025/Documents/06.10-13.10.2025/4Z/101MEDIA/DSCF0535.JPG,DSCF0535.JPG,4Z/101MEDIA,0,Other_Amphibian,0.3413,2627.6,2249.0,2783.7,2414.8
/srv/shared_leopard_toad/2025/Documents/06.10-13.10.2025/4Z/101MEDIA/DSCF0285.JPG,DSCF0285.JPG,4Z/101MEDIA,0,Other_Amphibian,0.4062,2634.2,2243.8,2790.7,2409.5
/srv/shared_leopard_toad/2025/Documents/06.10-13.10.2025/4Z/101MEDIA/DSCF0787.JPG,DSCF0787.JPG,4Z/101MEDIA,0,Other_Amphibian,0.2492,2696.2,2427.8,2822.3,2559.2
/srv/shared_leopard_toad/2025/Documents/06.10-13.10.2025/4Z/101MEDIA/DSCF0787.JPG,DSCF0787.JPG,4Z/101MEDIA,0,Other_Amphibian,0.2475,2634.5,2247.5,2782.5,2410.5
/srv/shared_leopard_toad/2025/Documents/06.10-13.10.2025/4Z/101MEDIA/DSCF0756.JPG,DSCF0756.JPG,4Z/101MEDIA,0,Other_Amphibian,0.2475,2639.7,2248.2,2783.5,2411.3
/srv/shared_leopard_toad/2025/Documents/06.10-13.10.2025/4Z/101MEDIA/DSCF0199.JPG,DSCF0199.JPG,4Z/101MEDIA,0,Other_Amphibian,0.3680,2634.6,2244.8,2785.4,2408.7
/srv/shared_leopard_toad/2025/Documents/06.10-13.10.2025/4Z/101MEDIA/DSCF0517.JPG,DSCF0517.JPG,4Z/101MEDIA,0,Other_Amphibian,0.2021,2691.8,2429.5,2822.8,2564.0
/srv/shared_leopard_toad/2025/Documents/06.10-13.10.2025/4Z/101MEDIA/DSCF0281.JPG,DSCF0281.JPG,4Z/101MEDIA,0,Other_Amphibian,0.4573,2632.0,2244.6,2786.9,2408.4
/srv/shared_leopard_toad/2025/Documents/06.10-13.10.2025/4Z/101MEDIA/DSCF0614.JPG,DSCF0614.JPG,4Z/101MEDIA,0,Other_Amphibian,0.3191,2692.1,2428.4,2824.6,2562.2
/srv/shared_leopard_toad/2025/Documents/06.10-13.10.2025/4Z/101MEDIA/DSCF0614.JPG,DSCF0614.JPG,4Z/101MEDIA,0,Other_Amphibian,0.2413,2632.1,2250.4,2782.1,2414.8
/srv/shared_leopard_toad/2025/Documents/06.10-13.10.2025/4Z/101MEDIA/DSCF0614.JPG,DSCF0614.JPG,4Z/101MEDIA,0,Other_Amphibian,0.2378,2683.5,2427.9,2815.2,2566.7
/srv/shared_leopard_toad/2025/Documents/06.10-13.10.2025/4Z/101MEDIA/DSCF0674.JPG,DSCF0674.JPG,4Z/101MEDIA,0,Other_Amphibian,0.3277,2624.0,2248.5,2781.3,2415.0
/srv/shared_leopard_toad/2025/Documents/06.10-13.10.2025/4Z/101MEDIA/DSCF0674.JPG,DSCF0674.JPG,4Z/101MEDIA,0,Other_Amphibian,0.2378,2697.0,2429.5,2821.7,2559.4
/srv/shared_leopard_toad/2025/Documents/06.10-13.10.2025/4Z/101MEDIA/DSCF0597.JPG,DSCF0597.JPG,4Z/101MEDIA,0,Other_Amphibian,0.2586,2635.7,2248.6,2786.6,2415.5
/srv/shared_leopard_toad/2025/Documents/06.10-13.10.2025/4Z/101MEDIA/DSCF0120.JPG,DSCF0120.JPG,4Z/101MEDIA,0,Other_Amphibian,0.3013,2636.4,2245.5,2785.8,2408.2
/srv/shared_leopard_toad/2025/Documents/06.10-13.10.2025/4Z/101MEDIA/DSCF0715.JPG,DSCF0715.JPG,4Z/101MEDIA,0,Other_Amphibian,0.2772,2695.5,2427.3,2824.4,2560.4
/srv/shared_leopard_toad/2025/Documents/06.10-13.10.2025/4Z/101MEDIA/DSCF0715.JPG,DSCF0715.JPG,4Z/101MEDIA,0,Other_Amphibian,0.2418,2633.2,2248.4,2782.9,2412.8
/srv/shared_leopard_toad/2025/Documents/06.10-13.10.2025/4Z/101MEDIA/DSCF0364.JPG,DSCF0364.JPG,4Z/101MEDIA,2,Western_Leopard_Toad,0.4768,4713.3,1844.1,5070.2,2109.9
/srv/shared_leopard_toad/2025/Documents/06.10-13.10.2025/4Z/101MEDIA/DSCF0364.JPG,DSCF0364.JPG,4Z/101MEDIA,2,Western_Leopard_Toad,0.3178,9.1,2283.4,1027.7,2861.2
/srv/shared_leopard_toad/2025/Documents/06.10-13.10.2025/4Z/101MEDIA/DSCF0673.JPG,DSCF0673.JPG,4Z/101MEDIA,0,Other_Amphibian,0.3241,2694.1,2427.9,2822.6,2561.9
/srv/shared_leopard_toad/2025/Documents/06.10-13.10.2025/4Z/101MEDIA/DSCF0673.JPG,DSCF0673.JPG,4Z/101MEDIA,0,Other_Amphibian,0.2187,2683.4,2426.3,2814.5,2567.1
/srv/shared_leopard_toad/2025/Documents/06.10-13.10.2025/4Z/101MEDIA/DSCF0477.JPG,DSCF0477.JPG,4Z/101MEDIA,0,Other_Amphibian,0.3445,2616.9,2249.7,2778.6,2418.5
/srv/shared_leopard_toad/2025/Documents/06.10-13.10.2025/4Z/101MEDIA/DSCF0166.JPG,DSCF0166.JPG,4Z/101MEDIA,0,Other_Amphibian,0.3806,2633.6,2244.6,2786.0,2406.8
/srv/shared_leopard_toad/2025/Documents/06.10-13.10.2025/4Z/101MEDIA/DSCF0441.JPG,DSCF0441.JPG,4Z/101MEDIA,2,Western_Leopard_Toad,0.2581,5085.7,10.4,5373.7,473.8
/srv/shared_leopard_toad/2025/Documents/06.10-13.10.2025/4Z/101MEDIA/DSCF0441.JPG,DSCF0441.JPG,4Z/101MEDIA,2,Western_Leopard_Toad,0.2196,4654.0,1805.6,5350.6,2851.4
/srv/shared_leopard_toad/2025/Documents/06.10-13.10.2025/4Z/101MEDIA/DSCF0810.JPG,DSCF0810.JPG,4Z/101MEDIA,0,Other_Amphibian,0.3012,2634.6,2245.2,2782.9,2410.8
/srv/shared_leopard_toad/2025/Documents/06.10-13.10.2025/4Z/101MEDIA/DSCF0810.JPG,DSCF0810.JPG,4Z/101MEDIA,0,Other_Amphibian,0.2195,2695.3,2428.8,2823.2,2561.3
/srv/shared_leopard_toad/2025/Documents/06.10-13.10.2025/4Z/101MEDIA/DSCF0976.JPG,DSCF0976.JPG,4Z/101MEDIA,0,Other_Amphibian,0.3254,2693.4,2428.8,2822.8,2558.7
/srv/shared_leopard_toad/2025/Documents/06.10-13.10.2025/4Z/101MEDIA/DSCF0976.JPG,DSCF0976.JPG,4Z/101MEDIA,0,Other_Amphibian,0.2081,2684.0,2425.5,2813.7,2561.1
/srv/shared_leopard_toad/2025/Documents/06.10-13.10.2025/4Z/101MEDIA/DSCF0976.JPG,DSCF0976.JPG,4Z/101MEDIA,0,Other_Amphibian,0.2043,2639.6,2246.6,2787.7,2412.4
/srv/shared_leopard_toad/2025/Documents/06.10-13.10.2025/4Z/101MEDIA/DSCF0814.JPG,DSCF0814.JPG,4Z/101MEDIA,0,Other_Amphibian,0.3749,2691.7,2427.7,2823.2,2563.3
/srv/shared_leopard_toad/2025/Documents/06.10-13.10.2025/4Z/101MEDIA/DSCF0814.JPG,DSCF0814.JPG,4Z/101MEDIA,0,Other_Amphibian,0.3702,2689.1,2425.6,2820.4,2568.7
/srv/shared_leopard_toad/2025/Documents/06.10-13.10.2025/4Z/101MEDIA/DSCF0814.JPG,DSCF0814.JPG,4Z/101MEDIA,0,Other_Amphibian,0.3007,2631.1,2246.0,2786.2,2412.6
/srv/shared_leopard_toad/2025/Documents/06.10-13.10.2025/4Z/101MEDIA/DSCF0698.JPG,DSCF0698.JPG,4Z/101MEDIA,0,Other_Amphibian,0.2736,2633.8,2249.5,2782.6,2412.8
/srv/shared_leopard_toad/2025/Documents/06.10-13.10.2025/4Z/101MEDIA/DSCF0698.JPG,DSCF0698.JPG,4Z/101MEDIA,0,Other_Amphibian,0.2561,2694.9,2428.6,2822.5,2559.5
/srv/shared_leopard_toad/2025/Documents/06.10-13.10.2025/4Z/101MEDIA/DSCF0475.JPG,DSCF0475.JPG,4Z/101MEDIA,0,Other_Amphibian,0.2493,2691.7,2428.3,2822.3,2560.3
/srv/shared_leopard_toad/2025/Documents/06.10-13.10.2025/4Z/101MEDIA/DSCF0219.JPG,DSCF0219.JPG,4Z/101MEDIA,0,Other_Amphibian,0.2172,2642.9,2244.6,2787.4,2410.2
/srv/shared_leopard_toad/2025/Documents/06.10-13.10.2025/4Z/101MEDIA/DSCF0480.JPG,DSCF0480.JPG,4Z/101MEDIA,0,Other_Amphibian,0.2801,2636.6,2248.6,2783.9,2415.3
/srv/shared_leopard_toad/2025/Documents/06.10-13.10.2025/4Z/101MEDIA/DSCF0737.JPG,DSCF0737.JPG,4Z/101MEDIA,0,Other_Amphibian,0.2992,2692.8,2428.8,2823.0,2560.9
/srv/shared_leopard_toad/2025/Documents/06.10-13.10.2025/4Z/101MEDIA/DSCF0737.JPG,DSCF0737.JPG,4Z/101MEDIA,0,Other_Amphibian,0.2361,2636.8,2247.8,2783.2,2411.8
/srv/shared_leopard_toad/2025/Documents/06.10-13.10.2025/4Z/101MEDIA/DSCF0330.JPG,DSCF0330.JPG,4Z/101MEDIA,0,Other_Amphibian,0.2276,2647.1,2245.9,2790.2,2409.0
/srv/shared_leopard_toad/2025/Documents/06.10-13.10.2025/4Z/101MEDIA/DSCF0749.JPG,DSCF0749.JPG,4Z/101MEDIA,0,Other_Amphibian,0.3286,2691.1,2429.0,2822.6,2560.0
/srv/shared_leopard_toad/2025/Documents/06.10-13.10.2025/4Z/101MEDIA/DSCF0749.JPG,DSCF0749.JPG,4Z/101MEDIA,0,Other_Amphibian,0.2219,2639.4,2247.6,2782.7,2411.8
/srv/shared_leopard_toad/2025/Documents/06.10-13.10.2025/4Z/101MEDIA/DSCF0749.JPG,DSCF0749.JPG,4Z/101MEDIA,0,Other_Amphibian,0.2130,2682.8,2427.7,2813.3,2563.2
/srv/shared_leopard_toad/2025/Documents/06.10-13.10.2025/4Z/101MEDIA/DSCF0684.JPG,DSCF0684.JPG,4Z/101MEDIA,0,Other_Amphibian,0.2626,2697.0,2428.8,2825.2,2563.5
/srv/shared_leopard_toad/2025/Documents/06.10-13.10.2025/4Z/101MEDIA/DSCF0684.JPG,DSCF0684.JPG,4Z/101MEDIA,0,Other_Amphibian,0.2532,2634.8,2248.5,2784.7,2413.0
/srv/shared_leopard_toad/2025/Documents/06.10-13.10.2025/4Z/101MEDIA/DSCF0684.JPG,DSCF0684.JPG,4Z/101MEDIA,0,Other_Amphibian,0.2182,2684.5,2426.1,2816.2,2568.3
/srv/shared_leopard_toad/2025/Documents/06.10-13.10.2025/4Z/101MEDIA/DSCF0546.JPG,DSCF0546.JPG,4Z/101MEDIA,0,Other_Amphibian,0.2513,2691.3,2427.6,2822.7,2565.7
/srv/shared_leopard_toad/2025/Documents/06.10-13.10.2025/4Z/101MEDIA/DSCF0546.JPG,DSCF0546.JPG,4Z/101MEDIA,0,Other_Amphibian,0.2137,2627.9,2248.5,2782.2,2415.4
/srv/shared_leopard_toad/2025/Documents/06.10-13.10.2025/4Z/101MEDIA/DSCF0546.JPG,DSCF0546.JPG,4Z/101MEDIA,0,Other_Amphibian,0.2069,2680.6,2425.0,2814.4,2577.8
/srv/shared_leopard_toad/2025/Documents/06.10-13.10.2025/4Z/101MEDIA/DSCF0177.JPG,DSCF0177.JPG,4Z/101MEDIA,0,Other_Amphibian,0.7323,2509.8,1298.1,2709.0,1556.7
/srv/shared_leopard_toad/2025/Documents/06.10-13.10.2025/4Z/101MEDIA/DSCF0296.JPG,DSCF0296.JPG,4Z/101MEDIA,0,Other_Amphibian,0.2979,2641.8,2245.3,2787.7,2407.1
/srv/shared_leopard_toad/2025/Documents/06.10-13.10.2025/4Z/101MEDIA/DSCF0743.JPG,DSCF0743.JPG,4Z/101MEDIA,0,Other_Amphibian,0.2801,2694.4,2427.5,2824.4,2564.3
/srv/shared_leopard_toad/2025/Documents/06.10-13.10.2025/4Z/101MEDIA/DSCF0743.JPG,DSCF0743.JPG,4Z/101MEDIA,0,Other_Amphibian,0.2504,2634.4,2246.4,2783.4,2410.7
/srv/shared_leopard_toad/2025/Documents/06.10-13.10.2025/4Z/101MEDIA/DSCF0743.JPG,DSCF0743.JPG,4Z/101MEDIA,0,Other_Amphibian,0.2433,2685.0,2425.8,2815.3,2571.3
/srv/shared_leopard_toad/2025/Documents/06.10-13.10.2025/4Z/101MEDIA/DSCF0046.JPG,DSCF0046.JPG,4Z/101MEDIA,0,Other_Amphibian,0.2302,2641.1,2245.3,2787.0,2409.1
/srv/shared_leopard_toad/2025/Documents/06.10-13.10.2025/4Z/101MEDIA/DSCF0071.JPG,DSCF0071.JPG,4Z/101MEDIA,0,Other_Amphibian,0.5276,3425.4,1602.8,3648.8,1787.2
/srv/shared_leopard_toad/2025/Documents/06.10-13.10.2025/4Z/101MEDIA/DSCF0071.JPG,DSCF0071.JPG,4Z/101MEDIA,0,Other_Amphibian,0.2349,2639.2,2249.3,2786.5,2411.4
/srv/shared_leopard_toad/2025/Documents/06.10-13.10.2025/4Z/101MEDIA/DSCF0028.JPG,DSCF0028.JPG,4Z/101MEDIA,0,Other_Amphibian,0.3970,2641.1,2244.5,2788.5,2407.7
/srv/shared_leopard_toad/2025/Documents/06.10-13.10.2025/4Z/101MEDIA/DSCF0437.JPG,DSCF0437.JPG,4Z/101MEDIA,2,Western_Leopard_Toad,0.2364,4686.8,1480.7,5361.7,2853.5
/srv/shared_leopard_toad/2025/Documents/06.10-13.10.2025/4Z/101MEDIA/DSCF0437.JPG,DSCF0437.JPG,4Z/101MEDIA,2,Western_Leopard_Toad,0.2265,4672.9,1836.4,5357.3,2854.6
/srv/shared_leopard_toad/2025/Documents/06.10-13.10.2025/4Z/101MEDIA/DSCF0080.JPG,DSCF0080.JPG,4Z/101MEDIA,0,Other_Amphibian,0.4266,2630.9,2244.7,2789.1,2408.6
/srv/shared_leopard_toad/2025/Documents/06.10-13.10.2025/4Z/101MEDIA/DSCF0694.JPG,DSCF0694.JPG,4Z/101MEDIA,0,Other_Amphibian,0.3159,2634.4,2245.2,2786.9,2411.2
/srv/shared_leopard_toad/2025/Documents/06.10-13.10.2025/4Z/101MEDIA/DSCF0694.JPG,DSCF0694.JPG,4Z/101MEDIA,0,Other_Amphibian,0.2011,2693.5,2429.6,2823.0,2563.0
/srv/shared_leopard_toad/2025/Documents/06.10-13.10.2025/4Z/101MEDIA/DSCF0969.JPG,DSCF0969.JPG,4Z/101MEDIA,0,Other_Amphibian,0.2656,2687.7,2429.1,2821.8,2560.8
/srv/shared_leopard_toad/2025/Documents/06.10-13.10.2025/4Z/101MEDIA/DSCF0969.JPG,DSCF0969.JPG,4Z/101MEDIA,0,Other_Amphibian,0.2603,2631.8,2244.6,2786.4,2411.5
/srv/shared_leopard_toad/2025/Documents/06.10-13.10.2025/4Z/101MEDIA/DSCF0969.JPG,DSCF0969.JPG,4Z/101MEDIA,0,Other_Amphibian,0.2395,2679.4,2428.1,2813.8,2564.9
/srv/shared_leopard_toad/2025/Documents/06.10-13.10.2025/4Z/101MEDIA/DSCF0032.JPG,DSCF0032.JPG,4Z/101MEDIA,0,Other_Amphibian,0.2865,2644.4,2245.3,2787.6,2408.4
/srv/shared_leopard_toad/2025/Documents/06.10-13.10.2025/4Z/101MEDIA/DSCF0598.JPG,DSCF0598.JPG,4Z/101MEDIA,0,Other_Amphibian,0.3039,2637.5,2249.7,2782.3,2413.5
/srv/shared_leopard_toad/2025/Documents/06.10-13.10.2025/4Z/101MEDIA/DSCF0598.JPG,DSCF0598.JPG,4Z/101MEDIA,0,Other_Amphibian,0.2054,2699.7,2429.4,2824.9,2561.6
/srv/shared_leopard_toad/2025/Documents/06.10-13.10.2025/4Z/101MEDIA/DSCF0905.JPG,DSCF0905.JPG,4Z/101MEDIA,0,Other_Amphibian,0.3535,2628.3,2245.8,2783.6,2412.0
/srv/shared_leopard_toad/2025/Documents/06.10-13.10.2025/4Z/101MEDIA/DSCF0905.JPG,DSCF0905.JPG,4Z/101MEDIA,0,Other_Amphibian,0.2945,2694.4,2429.7,2824.0,2559.5
/srv/shared_leopard_toad/2025/Documents/06.10-13.10.2025/4Z/101MEDIA/DSCF0905.JPG,DSCF0905.JPG,4Z/101MEDIA,0,Other_Amphibian,0.2149,2683.7,2426.5,2813.5,2562.4
/srv/shared_leopard_toad/2025/Documents/06.10-13.10.2025/4Z/101MEDIA/DSCF0306.JPG,DSCF0306.JPG,4Z/101MEDIA,0,Other_Amphibian,0.3335,2634.2,2245.8,2789.2,2409.6
/srv/shared_leopard_toad/2025/Documents/06.10-13.10.2025/4Z/101MEDIA/DSCF0131.JPG,DSCF0131.JPG,4Z/101MEDIA,0,Other_Amphibian,0.2474,2640.1,2245.9,2787.1,2410.7
/srv/shared_leopard_toad/2025/Documents/06.10-13.10.2025/4Z/101MEDIA/DSCF0473.JPG,DSCF0473.JPG,4Z/101MEDIA,0,Other_Amphibian,0.2724,2686.7,2428.9,2826.5,2564.3
/srv/shared_leopard_toad/2025/Documents/06.10-13.10.2025/4Z/101MEDIA/DSCF0473.JPG,DSCF0473.JPG,4Z/101MEDIA,0,Other_Amphibian,0.2395,2689.3,2430.3,2825.6,2573.2
/srv/shared_leopard_toad/2025/Documents/06.10-13.10.2025/4Z/101MEDIA/DSCF0176.JPG,DSCF0176.JPG,4Z/101MEDIA,0,Other_Amphibian,0.4864,2510.6,1369.4,2689.4,1574.5
/srv/shared_leopard_toad/2025/Documents/06.10-13.10.2025/4Z/101MEDIA/DSCF0176.JPG,DSCF0176.JPG,4Z/101MEDIA,0,Other_Amphibian,0.2952,2640.7,2245.7,2787.0,2410.7
/srv/shared_leopard_toad/2025/Documents/06.10-13.10.2025/4Z/101MEDIA/DSCF0932.JPG,DSCF0932.JPG,4Z/101MEDIA,0,Other_Amphibian,0.2890,2692.2,2428.8,2823.1,2561.7
/srv/shared_leopard_toad/2025/Documents/06.10-13.10.2025/4Z/101MEDIA/DSCF0932.JPG,DSCF0932.JPG,4Z/101MEDIA,0,Other_Amphibian,0.2569,2682.5,2426.4,2813.0,2566.5
/srv/shared_leopard_toad/2025/Documents/06.10-13.10.2025/4Z/101MEDIA/DSCF0498.JPG,DSCF0498.JPG,4Z/101MEDIA,0,Other_Amphibian,0.2672,2693.6,2428.7,2824.9,2562.3
/srv/shared_leopard_toad/2025/Documents/06.10-13.10.2025/4Z/101MEDIA/DSCF0498.JPG,DSCF0498.JPG,4Z/101MEDIA,0,Other_Amphibian,0.2253,2624.5,2251.3,2780.3,2419.0
/srv/shared_leopard_toad/2025/Documents/06.10-13.10.2025/4Z/101MEDIA/DSCF0212.JPG,DSCF0212.JPG,4Z/101MEDIA,0,Other_Amphibian,0.2760,2637.3,2246.3,2789.3,2409.1
/srv/shared_leopard_toad/2025/Documents/06.10-13.10.2025/4Z/101MEDIA/DSCF0928.JPG,DSCF0928.JPG,4Z/101MEDIA,0,Other_Amphibian,0.2935,2635.5,2245.5,2786.4,2410.3
/srv/shared_leopard_toad/2025/Documents/06.10-13.10.2025/4Z/101MEDIA/DSCF0928.JPG,DSCF0928.JPG,4Z/101MEDIA,0,Other_Amphibian,0.2202,2694.7,2428.5,2820.8,2561.0
/srv/shared_leopard_toad/2025/Documents/06.10-13.10.2025/4Z/101MEDIA/DSCF0960.JPG,DSCF0960.JPG,4Z/101MEDIA,0,Other_Amphibian,0.3039,2636.3,2243.9,2786.4,2408.6
/srv/shared_leopard_toad/2025/Documents/06.10-13.10.2025/4Z/101MEDIA/DSCF0102.JPG,DSCF0102.JPG,4Z/101MEDIA,0,Other_Amphibian,0.2911,2637.4,2245.3,2787.0,2409.3
/srv/shared_leopard_toad/2025/Documents/06.10-13.10.2025/4Z/101MEDIA/DSCF0770.JPG,DSCF0770.JPG,4Z/101MEDIA,0,Other_Amphibian,0.2808,2633.6,2245.7,2786.0,2411.5
/srv/shared_leopard_toad/2025/Documents/06.10-13.10.2025/4Z/101MEDIA/DSCF0770.JPG,DSCF0770.JPG,4Z/101MEDIA,0,Other_Amphibian,0.2716,2681.6,2424.9,2813.5,2577.9
/srv/shared_leopard_toad/2025/Documents/06.10-13.10.2025/4Z/101MEDIA/DSCF0770.JPG,DSCF0770.JPG,4Z/101MEDIA,0,Other_Amphibian,0.2487,2691.4,2427.4,2824.5,2566.9
/srv/shared_leopard_toad/2025/Documents/06.10-13.10.2025/4Z/101MEDIA/DSCF0438.JPG,DSCF0438.JPG,4Z/101MEDIA,2,Western_Leopard_Toad,0.3385,4647.0,1850.6,5357.0,2853.6
/srv/shared_leopard_toad/2025/Documents/06.10-13.10.2025/4Z/101MEDIA/DSCF0438.JPG,DSCF0438.JPG,4Z/101MEDIA,2,Western_Leopard_Toad,0.3268,5074.2,8.9,5373.3,465.6
/srv/shared_leopard_toad/2025/Documents/06.10-13.10.2025/4Z/101MEDIA/DSCF0438.JPG,DSCF0438.JPG,4Z/101MEDIA,2,Western_Leopard_Toad,0.2246,5092.6,1421.7,5368.2,1827.8
/srv/shared_leopard_toad/2025/Documents/06.10-13.10.2025/4Z/101MEDIA/DSCF0453.JPG,DSCF0453.JPG,4Z/101MEDIA,0,Other_Amphibian,0.2312,2636.1,2249.4,2783.4,2414.4
/srv/shared_leopard_toad/2025/Documents/06.10-13.10.2025/4Z/101MEDIA/DSCF0291.JPG,DSCF0291.JPG,4Z/101MEDIA,0,Other_Amphibian,0.2877,2636.3,2243.2,2786.9,2409.4
/srv/shared_leopard_toad/2025/Documents/06.10-13.10.2025/4Z/101MEDIA/DSCF0021.JPG,DSCF0021.JPG,4Z/101MEDIA,0,Other_Amphibian,0.3586,2640.5,2244.1,2786.0,2407.6
/srv/shared_leopard_toad/2025/Documents/06.10-13.10.2025/4Z/101MEDIA/DSCF0227.JPG,DSCF0227.JPG,4Z/101MEDIA,0,Other_Amphibian,0.2947,2635.6,2245.0,2785.9,2408.2
/srv/shared_leopard_toad/2025/Documents/06.10-13.10.2025/4Z/101MEDIA/DSCF0054.JPG,DSCF0054.JPG,4Z/101MEDIA,0,Other_Amphibian,0.3938,2640.9,2243.6,2787.5,2406.9
/srv/shared_leopard_toad/2025/Documents/06.10-13.10.2025/4Z/101MEDIA/DSCF0334.JPG,DSCF0334.JPG,4Z/101MEDIA,0,Other_Amphibian,0.2539,2641.2,2246.0,2791.1,2409.1
/srv/shared_leopard_toad/2025/Documents/06.10-13.10.2025/4Z/101MEDIA/DSCF0481.JPG,DSCF0481.JPG,4Z/101MEDIA,0,Other_Amphibian,0.2730,2628.4,2249.4,2783.1,2417.9
/srv/shared_leopard_toad/2025/Documents/06.10-13.10.2025/4Z/101MEDIA/DSCF0815.JPG,DSCF0815.JPG,4Z/101MEDIA,0,Other_Amphibian,0.2842,2636.6,2244.6,2784.8,2409.5
/srv/shared_leopard_toad/2025/Documents/06.10-13.10.2025/4Z/101MEDIA/DSCF0815.JPG,DSCF0815.JPG,4Z/101MEDIA,0,Other_Amphibian,0.2534,2692.8,2429.1,2821.4,2557.0
/srv/shared_leopard_toad/2025/Documents/06.10-13.10.2025/4Z/101MEDIA/DSCF0300.JPG,DSCF0300.JPG,4Z/101MEDIA,0,Other_Amphibian,0.3963,2632.3,2246.3,2786.9,2407.8
/srv/shared_leopard_toad/2025/Documents/06.10-13.10.2025/4Z/101MEDIA/DSCF0136.JPG,DSCF0136.JPG,4Z/101MEDIA,0,Other_Amphibian,0.3092,2633.8,2245.3,2785.7,2409.4
/srv/shared_leopard_toad/2025/Documents/06.10-13.10.2025/4Z/101MEDIA/DSCF0946.JPG,DSCF0946.JPG,4Z/101MEDIA,0,Other_Amphibian,0.3352,2693.4,2427.3,2823.4,2560.7
/srv/shared_leopard_toad/2025/Documents/06.10-13.10.2025/4Z/101MEDIA/DSCF0946.JPG,DSCF0946.JPG,4Z/101MEDIA,0,Other_Amphibian,0.2628,2683.2,2425.9,2811.3,2564.3
/srv/shared_leopard_toad/2025/Documents/06.10-13.10.2025/4Z/101MEDIA/DSCF0946.JPG,DSCF0946.JPG,4Z/101MEDIA,0,Other_Amphibian,0.2342,2634.6,2246.8,2786.9,2412.5
/srv/shared_leopard_toad/2025/Documents/06.10-13.10.2025/4Z/101MEDIA/DSCF0569.JPG,DSCF0569.JPG,4Z/101MEDIA,0,Other_Amphibian,0.2118,2633.3,2248.2,2783.9,2416.6
/srv/shared_leopard_toad/2025/Documents/06.10-13.10.2025/4Z/101MEDIA/DSCF0974.JPG,DSCF0974.JPG,4Z/101MEDIA,0,Other_Amphibian,0.3637,2691.4,2427.1,2823.2,2560.4
/srv/shared_leopard_toad/2025/Documents/06.10-13.10.2025/4Z/101MEDIA/DSCF0974.JPG,DSCF0974.JPG,4Z/101MEDIA,0,Other_Amphibian,0.3238,2686.6,2425.8,2817.0,2564.5
/srv/shared_leopard_toad/2025/Documents/06.10-13.10.2025/4Z/101MEDIA/DSCF0974.JPG,DSCF0974.JPG,4Z/101MEDIA,0,Other_Amphibian,0.2731,2634.7,2244.9,2783.8,2409.2
/srv/shared_leopard_toad/2025/Documents/06.10-13.10.2025/4Z/101MEDIA/DSCF0204.JPG,DSCF0204.JPG,4Z/101MEDIA,0,Other_Amphibian,0.2816,2637.6,2245.4,2785.3,2408.5
/srv/shared_leopard_toad/2025/Documents/06.10-13.10.2025/4Z/101MEDIA/DSCF0122.JPG,DSCF0122.JPG,4Z/101MEDIA,0,Other_Amphibian,0.2800,2634.8,2246.7,2788.3,2409.4
/srv/shared_leopard_toad/2025/Documents/06.10-13.10.2025/4Z/101MEDIA/DSCF0733.JPG,DSCF0733.JPG,4Z/101MEDIA,0,Other_Amphibian,0.2808,2695.0,2428.0,2823.6,2561.2
/srv/shared_leopard_toad/2025/Documents/06.10-13.10.2025/4Z/101MEDIA/DSCF0733.JPG,DSCF0733.JPG,4Z/101MEDIA,0,Other_Amphibian,0.2116,2684.1,2425.6,2812.7,2565.0
/srv/shared_leopard_toad/2025/Documents/06.10-13.10.2025/4Z/101MEDIA/DSCF0831.JPG,DSCF0831.JPG,4Z/101MEDIA,0,Other_Amphibian,0.3116,2692.7,2427.0,2823.6,2561.7
/srv/shared_leopard_toad/2025/Documents/06.10-13.10.2025/4Z/101MEDIA/DSCF0831.JPG,DSCF0831.JPG,4Z/101MEDIA,0,Other_Amphibian,0.2912,2624.8,2246.0,2784.1,2413.0
/srv/shared_leopard_toad/2025/Documents/06.10-13.10.2025/4Z/101MEDIA/DSCF0831.JPG,DSCF0831.JPG,4Z/101MEDIA,0,Other_Amphibian,0.2084,2682.7,2425.6,2814.0,2566.1
/srv/shared_leopard_toad/2025/Documents/06.10-13.10.2025/4Z/101MEDIA/DSCF0294.JPG,DSCF0294.JPG,4Z/101MEDIA,0,Other_Amphibian,0.3403,2637.5,2244.2,2786.6,2408.7
/srv/shared_leopard_toad/2025/Documents/06.10-13.10.2025/4Z/101MEDIA/DSCF0276.JPG,DSCF0276.JPG,4Z/101MEDIA,0,Other_Amphibian,0.2697,2641.0,2246.2,2785.3,2408.2
/srv/shared_leopard_toad/2025/Documents/06.10-13.10.2025/4Z/101MEDIA/DSCF0771.JPG,DSCF0771.JPG,4Z/101MEDIA,0,Other_Amphibian,0.3097,2695.9,2429.1,2822.9,2560.3
/srv/shared_leopard_toad/2025/Documents/06.10-13.10.2025/4Z/101MEDIA/DSCF0771.JPG,DSCF0771.JPG,4Z/101MEDIA,0,Other_Amphibian,0.2824,2637.2,2247.7,2784.1,2409.6
/srv/shared_leopard_toad/2025/Documents/06.10-13.10.2025/4Z/101MEDIA/DSCF0771.JPG,DSCF0771.JPG,4Z/101MEDIA,0,Other_Amphibian,0.2113,2687.8,2427.6,2813.9,2564.6
/srv/shared_leopard_toad/2025/Documents/06.10-13.10.2025/4Z/101MEDIA/DSCF0977.JPG,DSCF0977.JPG,4Z/101MEDIA,0,Other_Amphibian,0.2886,2695.8,2427.9,2824.1,2559.6
/srv/shared_leopard_toad/2025/Documents/06.10-13.10.2025/4Z/101MEDIA/DSCF0977.JPG,DSCF0977.JPG,4Z/101MEDIA,0,Other_Amphibian,0.2766,2635.8,2246.3,2787.2,2410.5
/srv/shared_leopard_toad/2025/Documents/06.10-13.10.2025/4Z/101MEDIA/DSCF0806.JPG,DSCF0806.JPG,4Z/101MEDIA,0,Other_Amphibian,0.4191,2689.4,2428.3,2822.1,2557.4
/srv/shared_leopard_toad/2025/Documents/06.10-13.10.2025/4Z/101MEDIA/DSCF0806.JPG,DSCF0806.JPG,4Z/101MEDIA,0,Other_Amphibian,0.3036,2683.7,2427.7,2816.3,2560.8
/srv/shared_leopard_toad/2025/Documents/06.10-13.10.2025/4Z/101MEDIA/DSCF0806.JPG,DSCF0806.JPG,4Z/101MEDIA,0,Other_Amphibian,0.2790,2631.4,2246.4,2785.1,2411.7
/srv/shared_leopard_toad/2025/Documents/06.10-13.10.2025/4Z/101MEDIA/DSCF0142.JPG,DSCF0142.JPG,4Z/101MEDIA,0,Other_Amphibian,0.3322,2636.7,2245.0,2786.6,2408.3
/srv/shared_leopard_toad/2025/Documents/06.10-13.10.2025/4Z/101MEDIA/DSCF0552.JPG,DSCF0552.JPG,4Z/101MEDIA,0,Other_Amphibian,0.2824,2636.2,2249.2,2786.1,2412.5
/srv/shared_leopard_toad/2025/Documents/06.10-13.10.2025/4Z/101MEDIA/DSCF0552.JPG,DSCF0552.JPG,4Z/101MEDIA,0,Other_Amphibian,0.2510,2695.4,2429.5,2824.4,2560.3
/srv/shared_leopard_toad/2025/Documents/06.10-13.10.2025/4Z/101MEDIA/DSCF0179.JPG,DSCF0179.JPG,4Z/101MEDIA,0,Other_Amphibian,0.3091,2638.6,2245.4,2786.5,2408.9
/srv/shared_leopard_toad/2025/Documents/06.10-13.10.2025/4Z/101MEDIA/DSCF0179.JPG,DSCF0179.JPG,4Z/101MEDIA,0,Other_Amphibian,0.2242,2686.5,2426.4,2817.3,2555.3
/srv/shared_leopard_toad/2025/Documents/06.10-13.10.2025/4Z/101MEDIA/DSCF0575.JPG,DSCF0575.JPG,4Z/101MEDIA,0,Other_Amphibian,0.2159,2692.9,2428.4,2821.9,2562.5
/srv/shared_leopard_toad/2025/Documents/06.10-13.10.2025/4Z/101MEDIA/DSCF0066.JPG,DSCF0066.JPG,4Z/101MEDIA,0,Other_Amphibian,0.3143,2632.9,2242.9,2786.9,2408.9
/srv/shared_leopard_toad/2025/Documents/06.10-13.10.2025/4Z/101MEDIA/DSCF0019.JPG,DSCF0019.JPG,4Z/101MEDIA,0,Other_Amphibian,0.2511,2633.6,2245.3,2786.2,2409.5
/srv/shared_leopard_toad/2025/Documents/06.10-13.10.2025/4Z/101MEDIA/DSCF0160.JPG,DSCF0160.JPG,4Z/101MEDIA,0,Other_Amphibian,0.2350,2640.0,2244.5,2787.5,2410.2
/srv/shared_leopard_toad/2025/Documents/06.10-13.10.2025/4Z/101MEDIA/DSCF0034.JPG,DSCF0034.JPG,4Z/101MEDIA,0,Other_Amphibian,0.6803,1917.8,2014.2,2121.4,2203.4
/srv/shared_leopard_toad/2025/Documents/06.10-13.10.2025/4Z/101MEDIA/DSCF0034.JPG,DSCF0034.JPG,4Z/101MEDIA,0,Other_Amphibian,0.3441,2634.0,2244.0,2789.9,2409.8
/srv/shared_leopard_toad/2025/Documents/06.10-13.10.2025/4Z/101MEDIA/DSCF0818.JPG,DSCF0818.JPG,4Z/101MEDIA,0,Other_Amphibian,0.2211,2634.7,2248.2,2782.9,2413.6
/srv/shared_leopard_toad/2025/Documents/06.10-13.10.2025/4Z/101MEDIA/DSCF0583.JPG,DSCF0583.JPG,4Z/101MEDIA,0,Other_Amphibian,0.2386,2624.7,2250.7,2780.4,2414.5
/srv/shared_leopard_toad/2025/Documents/06.10-13.10.2025/4Z/101MEDIA/DSCF0583.JPG,DSCF0583.JPG,4Z/101MEDIA,0,Other_Amphibian,0.2081,2696.1,2428.8,2822.7,2561.6
/srv/shared_leopard_toad/2025/Documents/06.10-13.10.2025/4Z/101MEDIA/DSCF0005.JPG,DSCF0005.JPG,4Z/101MEDIA,0,Other_Amphibian,0.2759,2638.4,2246.7,2787.2,2411.0
/srv/shared_leopard_toad/2025/Documents/06.10-13.10.2025/4Z/101MEDIA/DSCF0005.JPG,DSCF0005.JPG,4Z/101MEDIA,0,Other_Amphibian,0.2178,2693.6,2428.4,2823.9,2560.0
/srv/shared_leopard_toad/2025/Documents/06.10-13.10.2025/4Z/101MEDIA/DSCF0952.JPG,DSCF0952.JPG,4Z/101MEDIA,0,Other_Amphibian,0.3679,2690.9,2428.6,2821.6,2557.7
/srv/shared_leopard_toad/2025/Documents/06.10-13.10.2025/4Z/101MEDIA/DSCF0952.JPG,DSCF0952.JPG,4Z/101MEDIA,0,Other_Amphibian,0.2436,2681.0,2426.9,2812.7,2560.9
/srv/shared_leopard_toad/2025/Documents/06.10-13.10.2025/4Z/101MEDIA/DSCF0172.JPG,DSCF0172.JPG,4Z/101MEDIA,0,Other_Amphibian,0.2640,2638.9,2244.7,2786.3,2409.6
/srv/shared_leopard_toad/2025/Documents/06.10-13.10.2025/4Z/101MEDIA/DSCF0257.JPG,DSCF0257.JPG,4Z/101MEDIA,0,Other_Amphibian,0.4277,2634.6,2243.1,2787.0,2408.0
/srv/shared_leopard_toad/2025/Documents/06.10-13.10.2025/4Z/101MEDIA/DSCF0467.JPG,DSCF0467.JPG,4Z/101MEDIA,0,Other_Amphibian,0.2884,2627.6,2250.7,2783.8,2416.5
/srv/shared_leopard_toad/2025/Documents/06.10-13.10.2025/4Z/101MEDIA/DSCF0162.JPG,DSCF0162.JPG,4Z/101MEDIA,0,Other_Amphibian,0.2320,2639.5,2245.3,2786.8,2410.7
/srv/shared_leopard_toad/2025/Documents/06.10-13.10.2025/4Z/101MEDIA/DSCF0259.JPG,DSCF0259.JPG,4Z/101MEDIA,0,Other_Amphibian,0.2705,2635.3,2244.7,2787.3,2409.0
/srv/shared_leopard_toad/2025/Documents/06.10-13.10.2025/4Z/101MEDIA/DSCF0797.JPG,DSCF0797.JPG,4Z/101MEDIA,0,Other_Amphibian,0.3230,2690.3,2427.8,2822.8,2559.7
/srv/shared_leopard_toad/2025/Documents/06.10-13.10.2025/4Z/101MEDIA/DSCF0797.JPG,DSCF0797.JPG,4Z/101MEDIA,0,Other_Amphibian,0.2528,2683.0,2427.0,2816.1,2563.8
/srv/shared_leopard_toad/2025/Documents/06.10-13.10.2025/4Z/101MEDIA/DSCF0797.JPG,DSCF0797.JPG,4Z/101MEDIA,0,Other_Amphibian,0.2452,2631.0,2247.2,2783.6,2411.7
/srv/shared_leopard_toad/2025/Documents/06.10-13.10.2025/4Z/101MEDIA/DSCF0665.JPG,DSCF0665.JPG,4Z/101MEDIA,0,Other_Amphibian,0.2545,2696.9,2428.5,2823.1,2560.9
/srv/shared_leopard_toad/2025/Documents/06.10-13.10.2025/4Z/101MEDIA/DSCF0665.JPG,DSCF0665.JPG,4Z/101MEDIA,0,Other_Amphibian,0.2254,2634.3,2247.9,2787.1,2416.1
/srv/shared_leopard_toad/2025/Documents/06.10-13.10.2025/4Z/101MEDIA/DSCF0630.JPG,DSCF0630.JPG,4Z/101MEDIA,0,Other_Amphibian,0.2099,2628.5,2249.8,2782.6,2416.0
/srv/shared_leopard_toad/2025/Documents/06.10-13.10.2025/4Z/101MEDIA/DSCF0776.JPG,DSCF0776.JPG,4Z/101MEDIA,0,Other_Amphibian,0.2923,2691.5,2429.4,2823.9,2560.2
/srv/shared_leopard_toad/2025/Documents/06.10-13.10.2025/4Z/101MEDIA/DSCF0776.JPG,DSCF0776.JPG,4Z/101MEDIA,0,Other_Amphibian,0.2906,2628.4,2247.7,2783.4,2414.4
/srv/shared_leopard_toad/2025/Documents/06.10-13.10.2025/4Z/101MEDIA/DSCF0557.JPG,DSCF0557.JPG,4Z/101MEDIA,0,Other_Amphibian,0.2687,2689.4,2428.2,2823.3,2563.6
/srv/shared_leopard_toad/2025/Documents/06.10-13.10.2025/4Z/101MEDIA/DSCF0557.JPG,DSCF0557.JPG,4Z/101MEDIA,0,Other_Amphibian,0.2523,2680.4,2425.4,2813.2,2571.3
/srv/shared_leopard_toad/2025/Documents/06.10-13.10.2025/4Z/101MEDIA/DSCF0766.JPG,DSCF0766.JPG,4Z/101MEDIA,0,Other_Amphibian,0.3638,2688.7,2429.3,2822.1,2559.5
/srv/shared_leopard_toad/2025/Documents/06.10-13.10.2025/4Z/101MEDIA/DSCF0766.JPG,DSCF0766.JPG,4Z/101MEDIA,0,Other_Amphibian,0.2869,2627.7,2247.3,2783.5,2414.5
/srv/shared_leopard_toad/2025/Documents/06.10-13.10.2025/4Z/101MEDIA/DSCF0766.JPG,DSCF0766.JPG,4Z/101MEDIA,0,Other_Amphibian,0.2530,2680.3,2428.6,2812.7,2563.6
/srv/shared_leopard_toad/2025/Documents/06.10-13.10.2025/4Z/101MEDIA/DSCF0496.JPG,DSCF0496.JPG,4Z/101MEDIA,0,Other_Amphibian,0.3427,2626.1,2250.3,2784.1,2415.0
/srv/shared_leopard_toad/2025/Documents/06.10-13.10.2025/4Z/101MEDIA/DSCF0035.JPG,DSCF0035.JPG,4Z/101MEDIA,0,Other_Amphibian,0.3073,2641.2,2244.2,2787.2,2410.0
/srv/shared_leopard_toad/2025/Documents/06.10-13.10.2025/4Z/101MEDIA/DSCF0995.JPG,DSCF0995.JPG,4Z/101MEDIA,0,Other_Amphibian,0.3576,2694.2,2428.8,2822.1,2557.7
/srv/shared_leopard_toad/2025/Documents/06.10-13.10.2025/4Z/101MEDIA/DSCF0995.JPG,DSCF0995.JPG,4Z/101MEDIA,0,Other_Amphibian,0.2597,2636.0,2246.2,2783.3,2410.2
/srv/shared_leopard_toad/2025/Documents/06.10-13.10.2025/4Z/101MEDIA/DSCF0995.JPG,DSCF0995.JPG,4Z/101MEDIA,0,Other_Amphibian,0.2202,2686.3,2426.4,2816.3,2561.6
/srv/shared_leopard_toad/2025/Documents/06.10-13.10.2025/4Z/101MEDIA/DSCF0269.JPG,DSCF0269.JPG,4Z/101MEDIA,0,Other_Amphibian,0.3068,2637.2,2246.0,2786.1,2409.1
/srv/shared_leopard_toad/2025/Documents/06.10-13.10.2025/4Z/101MEDIA/DSCF0004.JPG,DSCF0004.JPG,4Z/101MEDIA,0,Other_Amphibian,0.3136,2639.8,2246.9,2787.1,2409.4
/srv/shared_leopard_toad/2025/Documents/06.10-13.10.2025/4Z/101MEDIA/DSCF0434.JPG,DSCF0434.JPG,4Z/101MEDIA,2,Western_Leopard_Toad,0.2113,5065.3,1519.5,5364.3,1825.4
/srv/shared_leopard_toad/2025/Documents/06.10-13.10.2025/4Z/101MEDIA/DSCF0159.JPG,DSCF0159.JPG,4Z/101MEDIA,0,Other_Amphibian,0.2913,2634.4,2245.2,2788.1,2411.4
/srv/shared_leopard_toad/2025/Documents/06.10-13.10.2025/4Z/101MEDIA/DSCF0313.JPG,DSCF0313.JPG,4Z/101MEDIA,0,Other_Amphibian,0.2586,2637.5,2246.5,2785.6,2409.4
/srv/shared_leopard_toad/2025/Documents/06.10-13.10.2025/4Z/101MEDIA/DSCF0297.JPG,DSCF0297.JPG,4Z/101MEDIA,0,Other_Amphibian,0.2519,2638.3,2244.2,2784.2,2408.1
/srv/shared_leopard_toad/2025/Documents/06.10-13.10.2025/4Z/101MEDIA/DSCF0719.JPG,DSCF0719.JPG,4Z/101MEDIA,0,Other_Amphibian,0.2719,2693.0,2426.8,2825.0,2562.7
/srv/shared_leopard_toad/2025/Documents/06.10-13.10.2025/4Z/101MEDIA/DSCF0719.JPG,DSCF0719.JPG,4Z/101MEDIA,0,Other_Amphibian,0.2241,2684.3,2424.7,2815.2,2570.3
/srv/shared_leopard_toad/2025/Documents/06.10-13.10.2025/4Z/101MEDIA/DSCF0170.JPG,DSCF0170.JPG,4Z/101MEDIA,0,Other_Amphibian,0.3384,2629.5,2243.9,2786.0,2410.4
/srv/shared_leopard_toad/2025/Documents/06.10-13.10.2025/4Z/101MEDIA/DSCF0897.JPG,DSCF0897.JPG,4Z/101MEDIA,0,Other_Amphibian,0.2794,2633.1,2245.0,2784.6,2411.8
/srv/shared_leopard_toad/2025/Documents/06.10-13.10.2025/4Z/101MEDIA/DSCF0352.JPG,DSCF0352.JPG,4Z/101MEDIA,0,Other_Amphibian,0.3259,2640.2,2243.2,2784.8,2406.0
/srv/shared_leopard_toad/2025/Documents/06.10-13.10.2025/4Z/101MEDIA/DSCF0628.JPG,DSCF0628.JPG,4Z/101MEDIA,0,Other_Amphibian,0.2161,2629.1,2250.2,2780.6,2416.1
/srv/shared_leopard_toad/2025/Documents/06.10-13.10.2025/4Z/101MEDIA/DSCF0793.JPG,DSCF0793.JPG,4Z/101MEDIA,0,Other_Amphibian,0.3598,2632.8,2245.1,2782.3,2409.4
/srv/shared_leopard_toad/2025/Documents/06.10-13.10.2025/4Z/101MEDIA/DSCF0793.JPG,DSCF0793.JPG,4Z/101MEDIA,0,Other_Amphibian,0.2696,2695.0,2428.6,2822.3,2559.9
/srv/shared_leopard_toad/2025/Documents/06.10-13.10.2025/4Z/101MEDIA/DSCF0879.JPG,DSCF0879.JPG,4Z/101MEDIA,0,Other_Amphibian,0.3531,2692.5,2428.4,2823.9,2560.6
/srv/shared_leopard_toad/2025/Documents/06.10-13.10.2025/4Z/101MEDIA/DSCF0879.JPG,DSCF0879.JPG,4Z/101MEDIA,0,Other_Amphibian,0.2654,2637.9,2245.6,2787.5,2411.2
/srv/shared_leopard_toad/2025/Documents/06.10-13.10.2025/4Z/101MEDIA/DSCF0879.JPG,DSCF0879.JPG,4Z/101MEDIA,0,Other_Amphibian,0.2573,2684.4,2427.9,2816.1,2564.6
/srv/shared_leopard_toad/2025/Documents/06.10-13.10.2025/4Z/101MEDIA/DSCF0646.JPG,DSCF0646.JPG,4Z/101MEDIA,0,Other_Amphibian,0.2671,2630.1,2251.1,2781.4,2415.3
/srv/shared_leopard_toad/2025/Documents/06.10-13.10.2025/4Z/101MEDIA/DSCF0646.JPG,DSCF0646.JPG,4Z/101MEDIA,0,Other_Amphibian,0.2468,2696.1,2428.0,2823.9,2559.9
/srv/shared_leopard_toad/2025/Documents/06.10-13.10.2025/4Z/101MEDIA/DSCF0646.JPG,DSCF0646.JPG,4Z/101MEDIA,0,Other_Amphibian,0.2079,2626.1,2256.4,2778.1,2415.4
/srv/shared_leopard_toad/2025/Documents/06.10-13.10.2025/4Z/101MEDIA/DSCF0859.JPG,DSCF0859.JPG,4Z/101MEDIA,0,Other_Amphibian,0.3349,2627.0,2245.1,2783.2,2412.7
/srv/shared_leopard_toad/2025/Documents/06.10-13.10.2025/4Z/101MEDIA/DSCF0859.JPG,DSCF0859.JPG,4Z/101MEDIA,0,Other_Amphibian,0.2615,2692.8,2428.9,2824.0,2560.2
/srv/shared_leopard_toad/2025/Documents/06.10-13.10.2025/4Z/101MEDIA/DSCF0859.JPG,DSCF0859.JPG,4Z/101MEDIA,0,Other_Amphibian,0.2155,2681.4,2426.8,2813.4,2565.3
/srv/shared_leopard_toad/2025/Documents/06.10-13.10.2025/4Z/101MEDIA/DSCF0547.JPG,DSCF0547.JPG,4Z/101MEDIA,0,Other_Amphibian,0.2914,2628.7,2249.4,2783.7,2415.6
/srv/shared_leopard_toad/2025/Documents/06.10-13.10.2025/4Z/101MEDIA/DSCF0547.JPG,DSCF0547.JPG,4Z/101MEDIA,0,Other_Amphibian,0.2854,2694.8,2429.3,2822.8,2560.3
/srv/shared_leopard_toad/2025/Documents/06.10-13.10.2025/4Z/101MEDIA/DSCF0161.JPG,DSCF0161.JPG,4Z/101MEDIA,0,Other_Amphibian,0.2550,2633.4,2245.1,2784.9,2409.3
/srv/shared_leopard_toad/2025/Documents/06.10-13.10.2025/4Z/101MEDIA/DSCF0321.JPG,DSCF0321.JPG,4Z/101MEDIA,0,Other_Amphibian,0.3637,2633.2,2244.7,2789.2,2408.4
/srv/shared_leopard_toad/2025/Documents/06.10-13.10.2025/4Z/101MEDIA/DSCF0919.JPG,DSCF0919.JPG,4Z/101MEDIA,0,Other_Amphibian,0.2867,2695.6,2428.9,2823.2,2558.2
/srv/shared_leopard_toad/2025/Documents/06.10-13.10.2025/4Z/101MEDIA/DSCF0002.JPG,DSCF0002.JPG,4Z/101MEDIA,0,Other_Amphibian,0.2654,2637.1,2245.9,2786.6,2407.3
/srv/shared_leopard_toad/2025/Documents/06.10-13.10.2025/4Z/101MEDIA/DSCF0845.JPG,DSCF0845.JPG,4Z/101MEDIA,0,Other_Amphibian,0.2976,2637.4,2244.9,2782.4,2408.8
/srv/shared_leopard_toad/2025/Documents/06.10-13.10.2025/4Z/101MEDIA/DSCF0845.JPG,DSCF0845.JPG,4Z/101MEDIA,0,Other_Amphibian,0.2460,2693.3,2428.3,2824.0,2561.9
/srv/shared_leopard_toad/2025/Documents/06.10-13.10.2025/4Z/101MEDIA/DSCF0845.JPG,DSCF0845.JPG,4Z/101MEDIA,0,Other_Amphibian,0.2029,2682.7,2426.2,2813.6,2567.2
/srv/shared_leopard_toad/2025/Documents/06.10-13.10.2025/4Z/101MEDIA/DSCF0751.JPG,DSCF0751.JPG,4Z/101MEDIA,0,Other_Amphibian,0.3965,2693.9,2427.9,2824.2,2561.1
/srv/shared_leopard_toad/2025/Documents/06.10-13.10.2025/4Z/101MEDIA/DSCF0751.JPG,DSCF0751.JPG,4Z/101MEDIA,0,Other_Amphibian,0.3063,2688.0,2426.8,2818.9,2565.4
/srv/shared_leopard_toad/2025/Documents/06.10-13.10.2025/4Z/101MEDIA/DSCF0751.JPG,DSCF0751.JPG,4Z/101MEDIA,0,Other_Amphibian,0.2076,2634.6,2248.1,2785.3,2414.8
/srv/shared_leopard_toad/2025/Documents/06.10-13.10.2025/4Z/101MEDIA/DSCF0578.JPG,DSCF0578.JPG,4Z/101MEDIA,0,Other_Amphibian,0.2379,2629.8,2248.3,2784.7,2415.7
/srv/shared_leopard_toad/2025/Documents/06.10-13.10.2025/4Z/101MEDIA/DSCF0847.JPG,DSCF0847.JPG,4Z/101MEDIA,0,Other_Amphibian,0.3190,2691.5,2429.2,2821.3,2561.5
/srv/shared_leopard_toad/2025/Documents/06.10-13.10.2025/4Z/101MEDIA/DSCF0847.JPG,DSCF0847.JPG,4Z/101MEDIA,0,Other_Amphibian,0.2787,2679.2,2426.9,2810.5,2564.5
/srv/shared_leopard_toad/2025/Documents/06.10-13.10.2025/4Z/101MEDIA/DSCF0847.JPG,DSCF0847.JPG,4Z/101MEDIA,0,Other_Amphibian,0.2489,2635.6,2245.9,2785.9,2409.8
/srv/shared_leopard_toad/2025/Documents/06.10-13.10.2025/4Z/101MEDIA/DSCF0803.JPG,DSCF0803.JPG,4Z/101MEDIA,0,Other_Amphibian,0.4099,2631.3,2245.3,2786.1,2410.1
/srv/shared_leopard_toad/2025/Documents/06.10-13.10.2025/4Z/101MEDIA/DSCF0803.JPG,DSCF0803.JPG,4Z/101MEDIA,0,Other_Amphibian,0.2842,2695.5,2428.8,2822.6,2560.4
/srv/shared_leopard_toad/2025/Documents/06.10-13.10.2025/4Z/101MEDIA/DSCF0585.JPG,DSCF0585.JPG,4Z/101MEDIA,0,Other_Amphibian,0.3122,2626.7,2251.1,2782.7,2415.9
/srv/shared_leopard_toad/2025/Documents/06.10-13.10.2025/4Z/101MEDIA/DSCF0228.JPG,DSCF0228.JPG,4Z/101MEDIA,0,Other_Amphibian,0.2391,2641.7,2245.5,2784.7,2406.7
/srv/shared_leopard_toad/2025/Documents/06.10-13.10.2025/4Z/101MEDIA/DSCF0253.JPG,DSCF0253.JPG,4Z/101MEDIA,0,Other_Amphibian,0.2572,2634.9,2245.0,2787.9,2409.8
/srv/shared_leopard_toad/2025/Documents/06.10-13.10.2025/4Z/101MEDIA/DSCF0218.JPG,DSCF0218.JPG,4Z/101MEDIA,0,Other_Amphibian,0.2360,2644.0,2246.9,2786.0,2408.4
/srv/shared_leopard_toad/2025/Documents/06.10-13.10.2025/4Z/101MEDIA/DSCF0435.JPG,DSCF0435.JPG,4Z/101MEDIA,2,Western_Leopard_Toad,0.2816,3626.0,1656.7,3918.1,1936.4
/srv/shared_leopard_toad/2025/Documents/06.10-13.10.2025/4Z/101MEDIA/DSCF0819.JPG,DSCF0819.JPG,4Z/101MEDIA,0,Other_Amphibian,0.3376,2691.2,2427.9,2823.7,2560.5
/srv/shared_leopard_toad/2025/Documents/06.10-13.10.2025/4Z/101MEDIA/DSCF0819.JPG,DSCF0819.JPG,4Z/101MEDIA,0,Other_Amphibian,0.2710,2680.4,2426.5,2812.3,2564.1
/srv/shared_leopard_toad/2025/Documents/06.10-13.10.2025/4Z/101MEDIA/DSCF0680.JPG,DSCF0680.JPG,4Z/101MEDIA,0,Other_Amphibian,0.2923,2624.2,2248.8,2782.2,2417.1
/srv/shared_leopard_toad/2025/Documents/06.10-13.10.2025/4Z/101MEDIA/DSCF0260.JPG,DSCF0260.JPG,4Z/101MEDIA,0,Other_Amphibian,0.3360,2638.7,2244.2,2790.5,2407.9
/srv/shared_leopard_toad/2025/Documents/06.10-13.10.2025/4Z/101MEDIA/DSCF0115.JPG,DSCF0115.JPG,4Z/101MEDIA,0,Other_Amphibian,0.3127,2640.0,2244.7,2787.6,2408.8
/srv/shared_leopard_toad/2025/Documents/06.10-13.10.2025/4Z/101MEDIA/DSCF0462.JPG,DSCF0462.JPG,4Z/101MEDIA,0,Other_Amphibian,0.2467,2694.7,2429.3,2823.6,2561.8
/srv/shared_leopard_toad/2025/Documents/06.10-13.10.2025/4Z/101MEDIA/DSCF0037.JPG,DSCF0037.JPG,4Z/101MEDIA,0,Other_Amphibian,0.2955,2646.2,2245.6,2790.7,2407.2
/srv/shared_leopard_toad/2025/Documents/06.10-13.10.2025/4Z/101MEDIA/DSCF0056.JPG,DSCF0056.JPG,4Z/101MEDIA,0,Other_Amphibian,0.2971,2636.8,2243.7,2789.1,2410.9
/srv/shared_leopard_toad/2025/Documents/06.10-13.10.2025/4Z/101MEDIA/DSCF0522.JPG,DSCF0522.JPG,4Z/101MEDIA,0,Other_Amphibian,0.3013,2698.3,2428.1,2826.0,2560.9
/srv/shared_leopard_toad/2025/Documents/06.10-13.10.2025/4Z/101MEDIA/DSCF0641.JPG,DSCF0641.JPG,4Z/101MEDIA,0,Other_Amphibian,0.2924,2627.1,2249.3,2783.2,2415.9
/srv/shared_leopard_toad/2025/Documents/06.10-13.10.2025/4Z/101MEDIA/DSCF0641.JPG,DSCF0641.JPG,4Z/101MEDIA,0,Other_Amphibian,0.2367,2696.2,2429.0,2822.5,2563.3
/srv/shared_leopard_toad/2025/Documents/06.10-13.10.2025/4Z/101MEDIA/DSCF0624.JPG,DSCF0624.JPG,4Z/101MEDIA,0,Other_Amphibian,0.2206,2692.9,2429.4,2824.1,2564.9
/srv/shared_leopard_toad/2025/Documents/06.10-13.10.2025/4Z/101MEDIA/DSCF0561.JPG,DSCF0561.JPG,4Z/101MEDIA,0,Other_Amphibian,0.2635,2630.2,2249.9,2781.8,2415.1
/srv/shared_leopard_toad/2025/Documents/06.10-13.10.2025/4Z/101MEDIA/DSCF0436.JPG,DSCF0436.JPG,4Z/101MEDIA,2,Western_Leopard_Toad,0.3459,4661.9,1833.1,5358.1,2853.8
/srv/shared_leopard_toad/2025/Documents/06.10-13.10.2025/4Z/101MEDIA/DSCF0616.JPG,DSCF0616.JPG,4Z/101MEDIA,0,Other_Amphibian,0.3129,2637.7,2249.7,2782.6,2412.1
/srv/shared_leopard_toad/2025/Documents/06.10-13.10.2025/4Z/101MEDIA/DSCF0616.JPG,DSCF0616.JPG,4Z/101MEDIA,0,Other_Amphibian,0.2242,2700.2,2429.1,2822.3,2558.1
/srv/shared_leopard_toad/2025/Documents/06.10-13.10.2025/4Z/101MEDIA/DSCF0616.JPG,DSCF0616.JPG,4Z/101MEDIA,0,Other_Amphibian,0.2145,2639.4,2255.1,2785.6,2413.9
/srv/shared_leopard_toad/2025/Documents/06.10-13.10.2025/4Z/101MEDIA/DSCF0829.JPG,DSCF0829.JPG,4Z/101MEDIA,0,Other_Amphibian,0.3114,2692.3,2428.8,2822.2,2560.1
/srv/shared_leopard_toad/2025/Documents/06.10-13.10.2025/4Z/101MEDIA/DSCF0829.JPG,DSCF0829.JPG,4Z/101MEDIA,0,Other_Amphibian,0.2379,2681.3,2425.9,2810.0,2562.4
/srv/shared_leopard_toad/2025/Documents/06.10-13.10.2025/4Z/101MEDIA/DSCF0137.JPG,DSCF0137.JPG,4Z/101MEDIA,0,Other_Amphibian,0.2413,2635.6,2245.6,2784.5,2408.9
/srv/shared_leopard_toad/2025/Documents/06.10-13.10.2025/4Z/101MEDIA/DSCF0069.JPG,DSCF0069.JPG,4Z/101MEDIA,0,Other_Amphibian,0.2551,2641.1,2244.2,2787.2,2410.1
/srv/shared_leopard_toad/2025/Documents/06.10-13.10.2025/4Z/101MEDIA/DSCF0821.JPG,DSCF0821.JPG,4Z/101MEDIA,0,Other_Amphibian,0.2623,2691.0,2427.1,2820.1,2561.9
/srv/shared_leopard_toad/2025/Documents/06.10-13.10.2025/4Z/101MEDIA/DSCF0821.JPG,DSCF0821.JPG,4Z/101MEDIA,0,Other_Amphibian,0.2377,2634.1,2247.1,2783.6,2411.0
/srv/shared_leopard_toad/2025/Documents/06.10-13.10.2025/4Z/101MEDIA/DSCF0484.JPG,DSCF0484.JPG,4Z/101MEDIA,0,Other_Amphibian,0.2635,2628.5,2251.2,2781.3,2417.8
/srv/shared_leopard_toad/2025/Documents/06.10-13.10.2025/4Z/101MEDIA/DSCF0484.JPG,DSCF0484.JPG,4Z/101MEDIA,0,Other_Amphibian,0.2394,2695.2,2429.2,2820.9,2563.5
/srv/shared_leopard_toad/2025/Documents/06.10-13.10.2025/4Z/101MEDIA/DSCF0471.JPG,DSCF0471.JPG,4Z/101MEDIA,0,Other_Amphibian,0.2135,2622.4,2250.2,2778.4,2419.0
/srv/shared_leopard_toad/2025/Documents/06.10-13.10.2025/4Z/101MEDIA/DSCF0609.JPG,DSCF0609.JPG,4Z/101MEDIA,0,Other_Amphibian,0.3333,2693.0,2427.8,2825.7,2571.5
/srv/shared_leopard_toad/2025/Documents/06.10-13.10.2025/4Z/101MEDIA/DSCF0609.JPG,DSCF0609.JPG,4Z/101MEDIA,0,Other_Amphibian,0.3224,2688.3,2428.6,2822.5,2563.9
/srv/shared_leopard_toad/2025/Documents/06.10-13.10.2025/4Z/101MEDIA/DSCF0239.JPG,DSCF0239.JPG,4Z/101MEDIA,0,Other_Amphibian,0.2644,2635.2,2245.7,2787.3,2411.1
/srv/shared_leopard_toad/2025/Documents/06.10-13.10.2025/4Z/101MEDIA/DSCF0329.JPG,DSCF0329.JPG,4Z/101MEDIA,0,Other_Amphibian,0.2792,2645.0,2245.3,2788.6,2408.2
/srv/shared_leopard_toad/2025/Documents/06.10-13.10.2025/4Z/101MEDIA/DSCF0129.JPG,DSCF0129.JPG,4Z/101MEDIA,0,Other_Amphibian,0.2814,2633.4,2245.2,2787.1,2409.8
/srv/shared_leopard_toad/2025/Documents/06.10-13.10.2025/4Z/101MEDIA/DSCF0147.JPG,DSCF0147.JPG,4Z/101MEDIA,0,Other_Amphibian,0.2909,2637.9,2246.6,2786.1,2409.0
/srv/shared_leopard_toad/2025/Documents/06.10-13.10.2025/4Z/101MEDIA/DSCF0882.JPG,DSCF0882.JPG,4Z/101MEDIA,0,Other_Amphibian,0.3807,2692.4,2428.6,2822.3,2559.7
/srv/shared_leopard_toad/2025/Documents/06.10-13.10.2025/4Z/101MEDIA/DSCF0882.JPG,DSCF0882.JPG,4Z/101MEDIA,0,Other_Amphibian,0.2887,2684.8,2426.9,2816.8,2565.1
/srv/shared_leopard_toad/2025/Documents/06.10-13.10.2025/4Z/101MEDIA/DSCF0261.JPG,DSCF0261.JPG,4Z/101MEDIA,0,Other_Amphibian,0.2660,2687.4,2427.5,2822.8,2554.7
/srv/shared_leopard_toad/2025/Documents/06.10-13.10.2025/4Z/101MEDIA/DSCF0062.JPG,DSCF0062.JPG,4Z/101MEDIA,0,Other_Amphibian,0.2987,4926.6,1718.8,5128.2,2026.2
/srv/shared_leopard_toad/2025/Documents/06.10-13.10.2025/4Z/101MEDIA/DSCF0062.JPG,DSCF0062.JPG,4Z/101MEDIA,0,Other_Amphibian,0.2789,2637.3,2244.5,2785.5,2409.1
/srv/shared_leopard_toad/2025/Documents/06.10-13.10.2025/4Z/101MEDIA/DSCF0809.JPG,DSCF0809.JPG,4Z/101MEDIA,0,Other_Amphibian,0.3593,2692.4,2428.2,2824.6,2559.3
/srv/shared_leopard_toad/2025/Documents/06.10-13.10.2025/4Z/101MEDIA/DSCF0809.JPG,DSCF0809.JPG,4Z/101MEDIA,0,Other_Amphibian,0.2936,2685.7,2426.8,2817.7,2565.3
/srv/shared_leopard_toad/2025/Documents/06.10-13.10.2025/4Z/101MEDIA/DSCF0975.JPG,DSCF0975.JPG,4Z/101MEDIA,0,Other_Amphibian,0.3756,2690.2,2427.8,2821.3,2558.8
/srv/shared_leopard_toad/2025/Documents/06.10-13.10.2025/4Z/101MEDIA/DSCF0975.JPG,DSCF0975.JPG,4Z/101MEDIA,0,Other_Amphibian,0.3093,2684.3,2426.7,2813.5,2562.2
/srv/shared_leopard_toad/2025/Documents/06.10-13.10.2025/4Z/101MEDIA/DSCF0796.JPG,DSCF0796.JPG,4Z/101MEDIA,0,Other_Amphibian,0.3204,2629.8,2245.6,2787.9,2411.8
/srv/shared_leopard_toad/2025/Documents/06.10-13.10.2025/4Z/101MEDIA/DSCF0796.JPG,DSCF0796.JPG,4Z/101MEDIA,0,Other_Amphibian,0.2772,2692.1,2428.0,2823.8,2560.7
/srv/shared_leopard_toad/2025/Documents/06.10-13.10.2025/4Z/101MEDIA/DSCF0796.JPG,DSCF0796.JPG,4Z/101MEDIA,0,Other_Amphibian,0.2029,2682.1,2427.0,2816.9,2566.0
/srv/shared_leopard_toad/2025/Documents/06.10-13.10.2025/4Z/101MEDIA/DSCF0495.JPG,DSCF0495.JPG,4Z/101MEDIA,0,Other_Amphibian,0.2126,2698.0,2430.0,2823.0,2562.7
/srv/shared_leopard_toad/2025/Documents/06.10-13.10.2025/4Z/101MEDIA/DSCF0495.JPG,DSCF0495.JPG,4Z/101MEDIA,0,Other_Amphibian,0.2081,2633.0,2251.1,2786.1,2416.1
/srv/shared_leopard_toad/2025/Documents/06.10-13.10.2025/4Z/101MEDIA/DSCF0590.JPG,DSCF0590.JPG,4Z/101MEDIA,0,Other_Amphibian,0.2829,2693.1,2427.4,2824.6,2563.4
/srv/shared_leopard_toad/2025/Documents/06.10-13.10.2025/4Z/101MEDIA/DSCF0590.JPG,DSCF0590.JPG,4Z/101MEDIA,0,Other_Amphibian,0.2060,2684.9,2427.1,2817.6,2570.3
/srv/shared_leopard_toad/2025/Documents/06.10-13.10.2025/4Z/101MEDIA/DSCF0934.JPG,DSCF0934.JPG,4Z/101MEDIA,0,Other_Amphibian,0.3559,2690.0,2428.8,2822.2,2557.5
/srv/shared_leopard_toad/2025/Documents/06.10-13.10.2025/4Z/101MEDIA/DSCF0934.JPG,DSCF0934.JPG,4Z/101MEDIA,0,Other_Amphibian,0.3250,2632.2,2242.5,2785.7,2411.5
/srv/shared_leopard_toad/2025/Documents/06.10-13.10.2025/4Z/101MEDIA/DSCF0934.JPG,DSCF0934.JPG,4Z/101MEDIA,0,Other_Amphibian,0.2443,2681.7,2428.2,2814.8,2560.6
/srv/shared_leopard_toad/2025/Documents/06.10-13.10.2025/4Z/101MEDIA/DSCF0175.JPG,DSCF0175.JPG,4Z/101MEDIA,0,Other_Amphibian,0.5746,2484.0,1397.3,2689.2,1584.3
/srv/shared_leopard_toad/2025/Documents/06.10-13.10.2025/4Z/101MEDIA/DSCF0951.JPG,DSCF0951.JPG,4Z/101MEDIA,0,Other_Amphibian,0.4101,2692.0,2425.9,2826.8,2563.6
/srv/shared_leopard_toad/2025/Documents/06.10-13.10.2025/4Z/101MEDIA/DSCF0951.JPG,DSCF0951.JPG,4Z/101MEDIA,0,Other_Amphibian,0.3832,2689.6,2428.3,2825.7,2558.6
/srv/shared_leopard_toad/2025/Documents/06.10-13.10.2025/4Z/101MEDIA/DSCF0647.JPG,DSCF0647.JPG,4Z/101MEDIA,0,Other_Amphibian,0.2262,2694.3,2429.4,2823.1,2561.2
/srv/shared_leopard_toad/2025/Documents/06.10-13.10.2025/4Z/101MEDIA/DSCF0573.JPG,DSCF0573.JPG,4Z/101MEDIA,0,Other_Amphibian,0.2514,2628.2,2249.5,2782.1,2415.6
/srv/shared_leopard_toad/2025/Documents/06.10-13.10.2025/4Z/101MEDIA/DSCF0573.JPG,DSCF0573.JPG,4Z/101MEDIA,0,Other_Amphibian,0.2460,2691.9,2429.7,2821.9,2562.9
/srv/shared_leopard_toad/2025/Documents/06.10-13.10.2025/4Z/101MEDIA/DSCF0914.JPG,DSCF0914.JPG,4Z/101MEDIA,0,Other_Amphibian,0.2504,2642.0,2245.9,2786.5,2410.4
/srv/shared_leopard_toad/2025/Documents/06.10-13.10.2025/4Z/101MEDIA/DSCF0914.JPG,DSCF0914.JPG,4Z/101MEDIA,0,Other_Amphibian,0.2133,2693.4,2428.5,2821.6,2559.4
/srv/shared_leopard_toad/2025/Documents/06.10-13.10.2025/4Z/101MEDIA/DSCF0332.JPG,DSCF0332.JPG,4Z/101MEDIA,0,Other_Amphibian,0.2546,2638.8,2245.7,2788.2,2408.1
/srv/shared_leopard_toad/2025/Documents/06.10-13.10.2025/4Z/101MEDIA/DSCF0203.JPG,DSCF0203.JPG,4Z/101MEDIA,0,Other_Amphibian,0.2043,2636.8,2245.1,2787.7,2409.8
/srv/shared_leopard_toad/2025/Documents/06.10-13.10.2025/4Z/101MEDIA/DSCF0103.JPG,DSCF0103.JPG,4Z/101MEDIA,0,Other_Amphibian,0.3040,2639.4,2245.3,2787.1,2409.4
/srv/shared_leopard_toad/2025/Documents/06.10-13.10.2025/4Z/101MEDIA/DSCF0388.JPG,DSCF0388.JPG,4Z/101MEDIA,2,Western_Leopard_Toad,0.2325,5119.3,1524.8,5362.9,1784.3
/srv/shared_leopard_toad/2025/Documents/06.10-13.10.2025/4Z/101MEDIA/DSCF0920.JPG,DSCF0920.JPG,4Z/101MEDIA,0,Other_Amphibian,0.3468,2695.6,2427.3,2822.9,2558.7
/srv/shared_leopard_toad/2025/Documents/06.10-13.10.2025/4Z/101MEDIA/DSCF0920.JPG,DSCF0920.JPG,4Z/101MEDIA,0,Other_Amphibian,0.2639,2685.6,2426.4,2814.2,2561.7
/srv/shared_leopard_toad/2025/Documents/06.10-13.10.2025/4Z/101MEDIA/DSCF0039.JPG,DSCF0039.JPG,4Z/101MEDIA,0,Other_Amphibian,0.3001,2641.9,2245.9,2787.3,2407.3
/srv/shared_leopard_toad/2025/Documents/06.10-13.10.2025/4Z/101MEDIA/DSCF0968.JPG,DSCF0968.JPG,4Z/101MEDIA,0,Other_Amphibian,0.2777,2693.0,2428.9,2822.2,2558.2
/srv/shared_leopard_toad/2025/Documents/06.10-13.10.2025/4Z/101MEDIA/DSCF0968.JPG,DSCF0968.JPG,4Z/101MEDIA,0,Other_Amphibian,0.2513,2636.4,2244.7,2784.2,2410.3
/srv/shared_leopard_toad/2025/Documents/06.10-13.10.2025/4Z/101MEDIA/DSCF0968.JPG,DSCF0968.JPG,4Z/101MEDIA,0,Other_Amphibian,0.2070,2682.2,2425.0,2811.3,2560.6
/srv/shared_leopard_toad/2025/Documents/06.10-13.10.2025/4Z/101MEDIA/DSCF0092.JPG,DSCF0092.JPG,4Z/101MEDIA,0,Other_Amphibian,0.2889,2632.8,2245.4,2790.1,2409.2
/srv/shared_leopard_toad/2025/Documents/06.10-13.10.2025/4Z/101MEDIA/DSCF0100.JPG,DSCF0100.JPG,4Z/101MEDIA,0,Other_Amphibian,0.3494,2641.1,2243.6,2791.8,2408.6
/srv/shared_leopard_toad/2025/Documents/06.10-13.10.2025/4Z/101MEDIA/DSCF0948.JPG,DSCF0948.JPG,4Z/101MEDIA,0,Other_Amphibian,0.2846,2639.6,2244.9,2786.8,2410.8
/srv/shared_leopard_toad/2025/Documents/06.10-13.10.2025/4Z/101MEDIA/DSCF0948.JPG,DSCF0948.JPG,4Z/101MEDIA,0,Other_Amphibian,0.2547,2696.8,2429.3,2822.7,2558.7
/srv/shared_leopard_toad/2025/Documents/06.10-13.10.2025/4Z/101MEDIA/DSCF0973.JPG,DSCF0973.JPG,4Z/101MEDIA,0,Other_Amphibian,0.2839,2691.7,2428.2,2821.9,2558.2
/srv/shared_leopard_toad/2025/Documents/06.10-13.10.2025/4Z/101MEDIA/DSCF0973.JPG,DSCF0973.JPG,4Z/101MEDIA,0,Other_Amphibian,0.2167,2634.4,2244.4,2784.8,2411.5
/srv/shared_leopard_toad/2025/Documents/06.10-13.10.2025/4Z/101MEDIA/DSCF0491.JPG,DSCF0491.JPG,4Z/101MEDIA,0,Other_Amphibian,0.2727,2624.7,2251.3,2783.4,2417.8
/srv/shared_leopard_toad/2025/Documents/06.10-13.10.2025/4Z/101MEDIA/DSCF0491.JPG,DSCF0491.JPG,4Z/101MEDIA,0,Other_Amphibian,0.2342,2698.9,2429.5,2822.6,2561.0
/srv/shared_leopard_toad/2025/Documents/06.10-13.10.2025/4Z/101MEDIA/DSCF0600.JPG,DSCF0600.JPG,4Z/101MEDIA,0,Other_Amphibian,0.3300,2628.4,2248.9,2782.4,2414.5
/srv/shared_leopard_toad/2025/Documents/06.10-13.10.2025/4Z/101MEDIA/DSCF0984.JPG,DSCF0984.JPG,4Z/101MEDIA,0,Other_Amphibian,0.2065,2636.3,2245.3,2785.4,2411.6
/srv/shared_leopard_toad/2025/Documents/06.10-13.10.2025/4Z/101MEDIA/DSCF0042.JPG,DSCF0042.JPG,4Z/101MEDIA,0,Other_Amphibian,0.2857,2639.3,2244.1,2787.3,2409.1
/srv/shared_leopard_toad/2025/Documents/06.10-13.10.2025/4Z/101MEDIA/DSCF0529.JPG,DSCF0529.JPG,4Z/101MEDIA,0,Other_Amphibian,0.2182,2632.7,2249.3,2786.7,2416.7
/srv/shared_leopard_toad/2025/Documents/06.10-13.10.2025/4Z/101MEDIA/DSCF0010.JPG,DSCF0010.JPG,4Z/101MEDIA,0,Other_Amphibian,0.2848,2646.4,2246.8,2790.4,2409.1
/srv/shared_leopard_toad/2025/Documents/06.10-13.10.2025/4Z/101MEDIA/DSCF0835.JPG,DSCF0835.JPG,4Z/101MEDIA,0,Other_Amphibian,0.3473,2692.7,2427.2,2824.4,2560.8
/srv/shared_leopard_toad/2025/Documents/06.10-13.10.2025/4Z/101MEDIA/DSCF0835.JPG,DSCF0835.JPG,4Z/101MEDIA,0,Other_Amphibian,0.2513,2629.6,2245.3,2784.3,2411.5
/srv/shared_leopard_toad/2025/Documents/06.10-13.10.2025/4Z/101MEDIA/DSCF0835.JPG,DSCF0835.JPG,4Z/101MEDIA,0,Other_Amphibian,0.2459,2684.7,2426.1,2815.3,2564.3
/srv/shared_leopard_toad/2025/Documents/06.10-13.10.2025/4Z/101MEDIA/DSCF0348.JPG,DSCF0348.JPG,4Z/101MEDIA,0,Other_Amphibian,0.3661,2636.0,2244.9,2787.1,2408.4
/srv/shared_leopard_toad/2025/Documents/06.10-13.10.2025/4Z/101MEDIA/DSCF0078.JPG,DSCF0078.JPG,4Z/101MEDIA,0,Other_Amphibian,0.2063,2644.6,2244.4,2787.0,2408.9
/srv/shared_leopard_toad/2025/Documents/06.10-13.10.2025/4Z/101MEDIA/DSCF0244.JPG,DSCF0244.JPG,4Z/101MEDIA,0,Other_Amphibian,0.3379,2636.5,2244.8,2786.6,2408.5
/srv/shared_leopard_toad/2025/Documents/06.10-13.10.2025/4Z/101MEDIA/DSCF0217.JPG,DSCF0217.JPG,4Z/101MEDIA,0,Other_Amphibian,0.3142,2637.4,2244.4,2786.4,2407.6
/srv/shared_leopard_toad/2025/Documents/06.10-13.10.2025/4Z/101MEDIA/DSCF0242.JPG,DSCF0242.JPG,4Z/101MEDIA,0,Other_Amphibian,0.3813,2638.3,2241.8,2788.4,2408.1
/srv/shared_leopard_toad/2025/Documents/06.10-13.10.2025/4Z/101MEDIA/DSCF0156.JPG,DSCF0156.JPG,4Z/101MEDIA,0,Other_Amphibian,0.2972,2630.1,2243.1,2787.0,2410.6
/srv/shared_leopard_toad/2025/Documents/06.10-13.10.2025/4Z/101MEDIA/DSCF0094.JPG,DSCF0094.JPG,4Z/101MEDIA,0,Other_Amphibian,0.2889,2636.8,2245.2,2789.2,2409.8
/srv/shared_leopard_toad/2025/Documents/06.10-13.10.2025/4Z/101MEDIA/DSCF0190.JPG,DSCF0190.JPG,4Z/101MEDIA,0,Other_Amphibian,0.3189,2636.4,2246.0,2787.2,2409.6
/srv/shared_leopard_toad/2025/Documents/06.10-13.10.2025/4Z/101MEDIA/DSCF0383.JPG,DSCF0383.JPG,4Z/101MEDIA,2,Western_Leopard_Toad,0.2222,4676.5,1828.4,5095.1,2202.9
/srv/shared_leopard_toad/2025/Documents/06.10-13.10.2025/4Z/101MEDIA/DSCF0047.JPG,DSCF0047.JPG,4Z/101MEDIA,0,Other_Amphibian,0.2137,2640.9,2246.1,2785.7,2411.7
/srv/shared_leopard_toad/2025/Documents/06.10-13.10.2025/4Z/101MEDIA/DSCF0213.JPG,DSCF0213.JPG,4Z/101MEDIA,0,Other_Amphibian,0.2189,2636.6,2244.7,2786.5,2408.2
/srv/shared_leopard_toad/2025/Documents/06.10-13.10.2025/4Z/101MEDIA/DSCF0935.JPG,DSCF0935.JPG,4Z/101MEDIA,0,Other_Amphibian,0.2368,2633.9,2246.5,2783.6,2410.9
/srv/shared_leopard_toad/2025/Documents/06.10-13.10.2025/4Z/101MEDIA/DSCF0631.JPG,DSCF0631.JPG,4Z/101MEDIA,0,Other_Amphibian,0.2656,2694.0,2428.9,2823.7,2563.2
/srv/shared_leopard_toad/2025/Documents/06.10-13.10.2025/4Z/101MEDIA/DSCF0631.JPG,DSCF0631.JPG,4Z/101MEDIA,0,Other_Amphibian,0.2548,2633.6,2248.0,2782.5,2413.5
/srv/shared_leopard_toad/2025/Documents/06.10-13.10.2025/4Z/101MEDIA/DSCF0631.JPG,DSCF0631.JPG,4Z/101MEDIA,0,Other_Amphibian,0.2220,2682.5,2427.3,2812.7,2567.6
/srv/shared_leopard_toad/2025/Documents/06.10-13.10.2025/4Z/101MEDIA/DSCF0055.JPG,DSCF0055.JPG,4Z/101MEDIA,0,Other_Amphibian,0.3978,2634.9,2243.0,2787.6,2408.6
/srv/shared_leopard_toad/2025/Documents/06.10-13.10.2025/4Z/101MEDIA/DSCF0926.JPG,DSCF0926.JPG,4Z/101MEDIA,0,Other_Amphibian,0.3527,2693.3,2428.2,2822.1,2560.2
/srv/shared_leopard_toad/2025/Documents/06.10-13.10.2025/4Z/101MEDIA/DSCF0926.JPG,DSCF0926.JPG,4Z/101MEDIA,0,Other_Amphibian,0.2434,2681.8,2426.7,2813.4,2563.4
/srv/shared_leopard_toad/2025/Documents/06.10-13.10.2025/4Z/101MEDIA/DSCF0926.JPG,DSCF0926.JPG,4Z/101MEDIA,0,Other_Amphibian,0.2048,2637.5,2246.2,2787.8,2411.7
/srv/shared_leopard_toad/2025/Documents/06.10-13.10.2025/4Z/101MEDIA/DSCF0658.JPG,DSCF0658.JPG,4Z/101MEDIA,0,Other_Amphibian,0.2434,2633.2,2248.3,2785.0,2413.7
/srv/shared_leopard_toad/2025/Documents/06.10-13.10.2025/4Z/101MEDIA/DSCF0658.JPG,DSCF0658.JPG,4Z/101MEDIA,0,Other_Amphibian,0.2261,2692.2,2430.1,2825.2,2563.1
/srv/shared_leopard_toad/2025/Documents/06.10-13.10.2025/4Z/101MEDIA/DSCF0606.JPG,DSCF0606.JPG,4Z/101MEDIA,0,Other_Amphibian,0.2620,2622.3,2250.3,2783.6,2417.5
/srv/shared_leopard_toad/2025/Documents/06.10-13.10.2025/4Z/101MEDIA/DSCF0606.JPG,DSCF0606.JPG,4Z/101MEDIA,0,Other_Amphibian,0.2458,2694.3,2430.2,2824.4,2559.9
/srv/shared_leopard_toad/2025/Documents/06.10-13.10.2025/4Z/101MEDIA/DSCF0197.JPG,DSCF0197.JPG,4Z/101MEDIA,0,Other_Amphibian,0.2426,2638.7,2246.1,2790.3,2410.2
/srv/shared_leopard_toad/2025/Documents/06.10-13.10.2025/4Z/101MEDIA/DSCF0064.JPG,DSCF0064.JPG,4Z/101MEDIA,0,Other_Amphibian,0.2315,2638.8,2246.3,2787.4,2411.5
/srv/shared_leopard_toad/2025/Documents/06.10-13.10.2025/4Z/101MEDIA/DSCF0064.JPG,DSCF0064.JPG,4Z/101MEDIA,0,Other_Amphibian,0.2041,2691.1,2426.7,2819.1,2554.6
/srv/shared_leopard_toad/2025/Documents/06.10-13.10.2025/4Z/101MEDIA/DSCF0225.JPG,DSCF0225.JPG,4Z/101MEDIA,0,Other_Amphibian,0.3657,2628.7,2243.2,2785.8,2410.8
/srv/shared_leopard_toad/2025/Documents/06.10-13.10.2025/4Z/101MEDIA/DSCF0272.JPG,DSCF0272.JPG,4Z/101MEDIA,0,Other_Amphibian,0.3624,2634.9,2244.0,2786.2,2407.7
/srv/shared_leopard_toad/2025/Documents/06.10-13.10.2025/4Z/101MEDIA/DSCF0459.JPG,DSCF0459.JPG,4Z/101MEDIA,0,Other_Amphibian,0.2956,2621.6,2250.7,2781.3,2418.7
/srv/shared_leopard_toad/2025/Documents/06.10-13.10.2025/4Z/101MEDIA/DSCF0620.JPG,DSCF0620.JPG,4Z/101MEDIA,0,Other_Amphibian,0.2202,2694.5,2428.3,2823.5,2561.7
/srv/shared_leopard_toad/2025/Documents/06.10-13.10.2025/4Z/101MEDIA/DSCF0746.JPG,DSCF0746.JPG,4Z/101MEDIA,0,Other_Amphibian,0.3196,2634.9,2244.9,2783.7,2412.0
/srv/shared_leopard_toad/2025/Documents/06.10-13.10.2025/4Z/101MEDIA/DSCF0746.JPG,DSCF0746.JPG,4Z/101MEDIA,0,Other_Amphibian,0.2662,2691.6,2429.6,2823.1,2562.8
/srv/shared_leopard_toad/2025/Documents/06.10-13.10.2025/4Z/101MEDIA/DSCF0746.JPG,DSCF0746.JPG,4Z/101MEDIA,0,Other_Amphibian,0.2315,2680.8,2426.8,2811.7,2567.0
/srv/shared_leopard_toad/2025/Documents/06.10-13.10.2025/4Z/101MEDIA/DSCF0763.JPG,DSCF0763.JPG,4Z/101MEDIA,0,Other_Amphibian,0.3581,2629.8,2246.3,2785.4,2410.8
/srv/shared_leopard_toad/2025/Documents/06.10-13.10.2025/4Z/101MEDIA/DSCF0763.JPG,DSCF0763.JPG,4Z/101MEDIA,0,Other_Amphibian,0.2494,2694.4,2429.2,2824.0,2561.2
/srv/shared_leopard_toad/2025/Documents/06.10-13.10.2025/4Z/101MEDIA/DSCF0224.JPG,DSCF0224.JPG,4Z/101MEDIA,0,Other_Amphibian,0.2991,2641.8,2243.3,2789.5,2410.1
/srv/shared_leopard_toad/2025/Documents/06.10-13.10.2025/4Z/101MEDIA/DSCF0591.JPG,DSCF0591.JPG,4Z/101MEDIA,0,Other_Amphibian,0.2656,2695.4,2429.8,2821.9,2562.0
/srv/shared_leopard_toad/2025/Documents/06.10-13.10.2025/4Z/101MEDIA/DSCF0591.JPG,DSCF0591.JPG,4Z/101MEDIA,0,Other_Amphibian,0.2581,2629.3,2252.3,2783.3,2416.9
/srv/shared_leopard_toad/2025/Documents/06.10-13.10.2025/4Z/101MEDIA/DSCF0081.JPG,DSCF0081.JPG,4Z/101MEDIA,0,Other_Amphibian,0.3104,2636.6,2244.9,2789.8,2408.0
/srv/shared_leopard_toad/2025/Documents/06.10-13.10.2025/4Z/101MEDIA/DSCF0016.JPG,DSCF0016.JPG,4Z/101MEDIA,0,Other_Amphibian,0.3393,2633.0,2245.1,2785.6,2409.2
/srv/shared_leopard_toad/2025/Documents/06.10-13.10.2025/4Z/101MEDIA/DSCF0101.JPG,DSCF0101.JPG,4Z/101MEDIA,0,Other_Amphibian,0.2966,2642.3,2245.7,2788.0,2408.6
/srv/shared_leopard_toad/2025/Documents/06.10-13.10.2025/4Z/101MEDIA/DSCF0029.JPG,DSCF0029.JPG,4Z/101MEDIA,0,Other_Amphibian,0.2730,2643.4,2246.7,2788.2,2409.3
/srv/shared_leopard_toad/2025/Documents/06.10-13.10.2025/4Z/101MEDIA/DSCF0728.JPG,DSCF0728.JPG,4Z/101MEDIA,0,Other_Amphibian,0.3032,2691.8,2429.4,2823.0,2561.5
/srv/shared_leopard_toad/2025/Documents/06.10-13.10.2025/4Z/101MEDIA/DSCF0728.JPG,DSCF0728.JPG,4Z/101MEDIA,0,Other_Amphibian,0.2369,2683.1,2427.7,2814.6,2567.8
/srv/shared_leopard_toad/2025/Documents/06.10-13.10.2025/4Z/101MEDIA/DSCF0728.JPG,DSCF0728.JPG,4Z/101MEDIA,0,Other_Amphibian,0.2051,2639.2,2247.3,2783.6,2413.0
/srv/shared_leopard_toad/2025/Documents/06.10-13.10.2025/4Z/101MEDIA/DSCF0664.JPG,DSCF0664.JPG,4Z/101MEDIA,0,Other_Amphibian,0.2399,2690.5,2429.6,2824.5,2565.5
/srv/shared_leopard_toad/2025/Documents/06.10-13.10.2025/4Z/101MEDIA/DSCF0664.JPG,DSCF0664.JPG,4Z/101MEDIA,0,Other_Amphibian,0.2221,2688.1,2427.3,2822.6,2575.3
/srv/shared_leopard_toad/2025/Documents/06.10-13.10.2025/4Z/101MEDIA/DSCF0468.JPG,DSCF0468.JPG,4Z/101MEDIA,0,Other_Amphibian,0.2363,2631.5,2252.1,2779.6,2416.1
/srv/shared_leopard_toad/2025/Documents/06.10-13.10.2025/4Z/101MEDIA/DSCF0468.JPG,DSCF0468.JPG,4Z/101MEDIA,0,Other_Amphibian,0.2108,2628.0,2255.7,2776.9,2414.6
/srv/shared_leopard_toad/2025/Documents/06.10-13.10.2025/4Z/101MEDIA/DSCF0105.JPG,DSCF0105.JPG,4Z/101MEDIA,0,Other_Amphibian,0.2467,2636.9,2245.3,2787.0,2410.1
/srv/shared_leopard_toad/2025/Documents/06.10-13.10.2025/4Z/101MEDIA/DSCF0116.JPG,DSCF0116.JPG,4Z/101MEDIA,0,Other_Amphibian,0.3586,2634.9,2245.0,2787.7,2410.2
/srv/shared_leopard_toad/2025/Documents/06.10-13.10.2025/4Z/101MEDIA/DSCF0865.JPG,DSCF0865.JPG,4Z/101MEDIA,0,Other_Amphibian,0.2803,2689.3,2429.0,2822.8,2562.3
/srv/shared_leopard_toad/2025/Documents/06.10-13.10.2025/4Z/101MEDIA/DSCF0865.JPG,DSCF0865.JPG,4Z/101MEDIA,0,Other_Amphibian,0.2338,2679.5,2426.8,2812.5,2568.2
/srv/shared_leopard_toad/2025/Documents/06.10-13.10.2025/4Z/101MEDIA/DSCF0085.JPG,DSCF0085.JPG,4Z/101MEDIA,0,Other_Amphibian,0.3238,2635.9,2244.7,2788.8,2408.0
/srv/shared_leopard_toad/2025/Documents/06.10-13.10.2025/4Z/101MEDIA/DSCF0808.JPG,DSCF0808.JPG,4Z/101MEDIA,0,Other_Amphibian,0.2813,2625.1,2247.6,2780.3,2412.3
/srv/shared_leopard_toad/2025/Documents/06.10-13.10.2025/4Z/101MEDIA/DSCF0808.JPG,DSCF0808.JPG,4Z/101MEDIA,0,Other_Amphibian,0.2738,2692.6,2428.6,2820.8,2559.9
/srv/shared_leopard_toad/2025/Documents/06.10-13.10.2025/4Z/101MEDIA/DSCF0808.JPG,DSCF0808.JPG,4Z/101MEDIA,0,Other_Amphibian,0.2063,2682.4,2425.1,2811.8,2564.4
/srv/shared_leopard_toad/2025/Documents/06.10-13.10.2025/4Z/101MEDIA/DSCF0987.JPG,DSCF0987.JPG,4Z/101MEDIA,0,Other_Amphibian,0.2282,2691.6,2428.6,2819.9,2559.7
/srv/shared_leopard_toad/2025/Documents/06.10-13.10.2025/4Z/101MEDIA/DSCF0987.JPG,DSCF0987.JPG,4Z/101MEDIA,0,Other_Amphibian,0.2262,2639.5,2244.9,2788.9,2411.3
/srv/shared_leopard_toad/2025/Documents/06.10-13.10.2025/4Z/101MEDIA/DSCF0027.JPG,DSCF0027.JPG,4Z/101MEDIA,0,Other_Amphibian,0.3121,2638.6,2244.6,2787.8,2409.5
/srv/shared_leopard_toad/2025/Documents/06.10-13.10.2025/4Z/101MEDIA/DSCF0800.JPG,DSCF0800.JPG,4Z/101MEDIA,0,Other_Amphibian,0.2781,2629.6,2246.1,2783.7,2412.2
/srv/shared_leopard_toad/2025/Documents/06.10-13.10.2025/4Z/101MEDIA/DSCF0800.JPG,DSCF0800.JPG,4Z/101MEDIA,0,Other_Amphibian,0.2330,2693.7,2428.7,2822.4,2561.9
/srv/shared_leopard_toad/2025/Documents/06.10-13.10.2025/4Z/101MEDIA/DSCF0832.JPG,DSCF0832.JPG,4Z/101MEDIA,0,Other_Amphibian,0.3624,2694.2,2427.3,2824.0,2557.5
/srv/shared_leopard_toad/2025/Documents/06.10-13.10.2025/4Z/101MEDIA/DSCF0832.JPG,DSCF0832.JPG,4Z/101MEDIA,0,Other_Amphibian,0.2145,2631.9,2248.1,2784.9,2414.1
/srv/shared_leopard_toad/2025/Documents/06.10-13.10.2025/4Z/101MEDIA/DSCF0832.JPG,DSCF0832.JPG,4Z/101MEDIA,0,Other_Amphibian,0.2079,2687.8,2425.7,2817.8,2561.3
/srv/shared_leopard_toad/2025/Documents/06.10-13.10.2025/4Z/101MEDIA/DSCF0331.JPG,DSCF0331.JPG,4Z/101MEDIA,0,Other_Amphibian,0.2978,2646.2,2244.1,2790.8,2408.3
/srv/shared_leopard_toad/2025/Documents/06.10-13.10.2025/4Z/101MEDIA/DSCF0082.JPG,DSCF0082.JPG,4Z/101MEDIA,0,Other_Amphibian,0.2359,2631.9,2245.5,2785.1,2409.4
/srv/shared_leopard_toad/2025/Documents/06.10-13.10.2025/4Z/101MEDIA/DSCF0990.JPG,DSCF0990.JPG,4Z/101MEDIA,0,Other_Amphibian,0.3534,2689.4,2429.1,2819.2,2558.6
/srv/shared_leopard_toad/2025/Documents/06.10-13.10.2025/4Z/101MEDIA/DSCF0990.JPG,DSCF0990.JPG,4Z/101MEDIA,0,Other_Amphibian,0.2917,2639.3,2244.8,2788.5,2409.9
/srv/shared_leopard_toad/2025/Documents/06.10-13.10.2025/4Z/101MEDIA/DSCF0990.JPG,DSCF0990.JPG,4Z/101MEDIA,0,Other_Amphibian,0.2774,2679.5,2427.1,2810.9,2562.4
/srv/shared_leopard_toad/2025/Documents/06.10-13.10.2025/4Z/101MEDIA/DSCF0789.JPG,DSCF0789.JPG,4Z/101MEDIA,0,Other_Amphibian,0.3506,2692.4,2429.1,2822.1,2561.2
/srv/shared_leopard_toad/2025/Documents/06.10-13.10.2025/4Z/101MEDIA/DSCF0789.JPG,DSCF0789.JPG,4Z/101MEDIA,0,Other_Amphibian,0.2589,2686.3,2428.3,2816.7,2566.2
/srv/shared_leopard_toad/2025/Documents/06.10-13.10.2025/4Z/101MEDIA/DSCF0789.JPG,DSCF0789.JPG,4Z/101MEDIA,0,Other_Amphibian,0.2183,2628.3,2249.6,2783.4,2417.3
/srv/shared_leopard_toad/2025/Documents/06.10-13.10.2025/4Z/101MEDIA/DSCF0941.JPG,DSCF0941.JPG,4Z/101MEDIA,0,Other_Amphibian,0.2718,2689.3,2429.2,2821.5,2561.1
/srv/shared_leopard_toad/2025/Documents/06.10-13.10.2025/4Z/101MEDIA/DSCF0941.JPG,DSCF0941.JPG,4Z/101MEDIA,0,Other_Amphibian,0.2619,2680.7,2427.2,2811.8,2564.6
/srv/shared_leopard_toad/2025/Documents/06.10-13.10.2025/4Z/101MEDIA/DSCF0602.JPG,DSCF0602.JPG,4Z/101MEDIA,0,Other_Amphibian,0.2743,2691.3,2428.5,2822.5,2562.4
/srv/shared_leopard_toad/2025/Documents/06.10-13.10.2025/4Z/101MEDIA/DSCF0602.JPG,DSCF0602.JPG,4Z/101MEDIA,0,Other_Amphibian,0.2206,2680.6,2425.9,2813.8,2567.2
/srv/shared_leopard_toad/2025/Documents/06.10-13.10.2025/4Z/101MEDIA/DSCF0688.JPG,DSCF0688.JPG,4Z/101MEDIA,0,Other_Amphibian,0.2816,2696.6,2428.9,2823.6,2562.3
/srv/shared_leopard_toad/2025/Documents/06.10-13.10.2025/4Z/101MEDIA/DSCF0688.JPG,DSCF0688.JPG,4Z/101MEDIA,0,Other_Amphibian,0.2540,2640.0,2247.2,2788.6,2413.2
/srv/shared_leopard_toad/2025/Documents/06.10-13.10.2025/4Z/101MEDIA/DSCF0688.JPG,DSCF0688.JPG,4Z/101MEDIA,0,Other_Amphibian,0.2194,2681.7,2425.8,2810.5,2564.6
/srv/shared_leopard_toad/2025/Documents/06.10-13.10.2025/4Z/101MEDIA/DSCF0109.JPG,DSCF0109.JPG,4Z/101MEDIA,0,Other_Amphibian,0.2561,2638.5,2244.8,2786.1,2409.0
/srv/shared_leopard_toad/2025/Documents/06.10-13.10.2025/4Z/101MEDIA/DSCF0843.JPG,DSCF0843.JPG,4Z/101MEDIA,0,Other_Amphibian,0.2427,2691.2,2428.7,2822.8,2561.2
/srv/shared_leopard_toad/2025/Documents/06.10-13.10.2025/4Z/101MEDIA/DSCF0309.JPG,DSCF0309.JPG,4Z/101MEDIA,0,Other_Amphibian,0.3194,2638.4,2245.3,2787.4,2408.2
/srv/shared_leopard_toad/2025/Documents/06.10-13.10.2025/4Z/101MEDIA/DSCF0910.JPG,DSCF0910.JPG,4Z/101MEDIA,0,Other_Amphibian,0.2807,2635.0,2244.8,2785.1,2409.9
/srv/shared_leopard_toad/2025/Documents/06.10-13.10.2025/4Z/101MEDIA/DSCF0910.JPG,DSCF0910.JPG,4Z/101MEDIA,0,Other_Amphibian,0.2247,2694.2,2428.4,2821.2,2560.7
/srv/shared_leopard_toad/2025/Documents/06.10-13.10.2025/4Z/101MEDIA/DSCF0497.JPG,DSCF0497.JPG,4Z/101MEDIA,0,Other_Amphibian,0.3658,2619.5,2248.3,2781.4,2415.4
/srv/shared_leopard_toad/2025/Documents/06.10-13.10.2025/4Z/101MEDIA/DSCF0340.JPG,DSCF0340.JPG,4Z/101MEDIA,0,Other_Amphibian,0.2844,2637.6,2244.8,2786.1,2407.6
/srv/shared_leopard_toad/2025/Documents/06.10-13.10.2025/4Z/101MEDIA/DSCF0611.JPG,DSCF0611.JPG,4Z/101MEDIA,0,Other_Amphibian,0.3106,2627.9,2248.6,2782.8,2413.2
/srv/shared_leopard_toad/2025/Documents/06.10-13.10.2025/4Z/101MEDIA/DSCF0611.JPG,DSCF0611.JPG,4Z/101MEDIA,0,Other_Amphibian,0.2742,2695.6,2429.1,2824.6,2560.5
/srv/shared_leopard_toad/2025/Documents/06.10-13.10.2025/4Z/101MEDIA/DSCF0460.JPG,DSCF0460.JPG,4Z/101MEDIA,0,Other_Amphibian,0.2456,2630.2,2252.4,2783.2,2417.9
/srv/shared_leopard_toad/2025/Documents/06.10-13.10.2025/4Z/101MEDIA/DSCF0855.JPG,DSCF0855.JPG,4Z/101MEDIA,0,Other_Amphibian,0.2422,2690.8,2428.6,2820.2,2561.5
/srv/shared_leopard_toad/2025/Documents/06.10-13.10.2025/4Z/101MEDIA/DSCF0855.JPG,DSCF0855.JPG,4Z/101MEDIA,0,Other_Amphibian,0.2189,2679.4,2424.8,2810.3,2569.9
/srv/shared_leopard_toad/2025/Documents/06.10-13.10.2025/4Z/101MEDIA/DSCF0024.JPG,DSCF0024.JPG,4Z/101MEDIA,0,Other_Amphibian,0.2973,2636.7,2246.2,2787.4,2409.3
/srv/shared_leopard_toad/2025/Documents/06.10-13.10.2025/4Z/101MEDIA/DSCF0852.JPG,DSCF0852.JPG,4Z/101MEDIA,0,Other_Amphibian,0.2493,2634.5,2246.6,2786.5,2412.3
/srv/shared_leopard_toad/2025/Documents/06.10-13.10.2025/4Z/101MEDIA/DSCF0852.JPG,DSCF0852.JPG,4Z/101MEDIA,0,Other_Amphibian,0.2367,2695.0,2428.5,2820.7,2561.6
/srv/shared_leopard_toad/2025/Documents/06.10-13.10.2025/4Z/101MEDIA/DSCF0318.JPG,DSCF0318.JPG,4Z/101MEDIA,0,Other_Amphibian,0.3137,2639.1,2244.5,2789.1,2408.5
/srv/shared_leopard_toad/2025/Documents/06.10-13.10.2025/4Z/101MEDIA/DSCF0939.JPG,DSCF0939.JPG,4Z/101MEDIA,0,Other_Amphibian,0.3116,2686.7,2429.0,2822.8,2559.5
/srv/shared_leopard_toad/2025/Documents/06.10-13.10.2025/4Z/101MEDIA/DSCF0939.JPG,DSCF0939.JPG,4Z/101MEDIA,0,Other_Amphibian,0.2892,2682.7,2427.5,2818.9,2566.8
/srv/shared_leopard_toad/2025/Documents/06.10-13.10.2025/4Z/101MEDIA/DSCF0493.JPG,DSCF0493.JPG,4Z/101MEDIA,0,Other_Amphibian,0.2834,2635.2,2249.7,2785.2,2413.3
/srv/shared_leopard_toad/2025/Documents/06.10-13.10.2025/4Z/101MEDIA/DSCF0617.JPG,DSCF0617.JPG,4Z/101MEDIA,0,Other_Amphibian,0.3949,2629.6,2248.2,2781.4,2413.4
/srv/shared_leopard_toad/2025/Documents/06.10-13.10.2025/4Z/101MEDIA/DSCF0617.JPG,DSCF0617.JPG,4Z/101MEDIA,0,Other_Amphibian,0.2353,2695.8,2428.4,2824.2,2563.4
/srv/shared_leopard_toad/2025/Documents/06.10-13.10.2025/4Z/101MEDIA/DSCF0235.JPG,DSCF0235.JPG,4Z/101MEDIA,0,Other_Amphibian,0.2228,2642.7,2245.3,2788.6,2409.0
/srv/shared_leopard_toad/2025/Documents/06.10-13.10.2025/4Z/101MEDIA/DSCF0671.JPG,DSCF0671.JPG,4Z/101MEDIA,0,Other_Amphibian,0.2150,2696.3,2428.3,2821.8,2561.5
/srv/shared_leopard_toad/2025/Documents/06.10-13.10.2025/4Z/101MEDIA/DSCF0328.JPG,DSCF0328.JPG,4Z/101MEDIA,0,Other_Amphibian,0.2490,2634.3,2245.3,2787.8,2411.6
/srv/shared_leopard_toad/2025/Documents/06.10-13.10.2025/4Z/101MEDIA/DSCF0328.JPG,DSCF0328.JPG,4Z/101MEDIA,0,Other_Amphibian,0.2031,3654.4,1648.4,3917.4,1925.6
/srv/shared_leopard_toad/2025/Documents/06.10-13.10.2025/4Z/101MEDIA/DSCF0202.JPG,DSCF0202.JPG,4Z/101MEDIA,0,Other_Amphibian,0.3169,2642.2,2245.0,2786.1,2407.3
/srv/shared_leopard_toad/2025/Documents/06.10-13.10.2025/4Z/101MEDIA/DSCF0595.JPG,DSCF0595.JPG,4Z/101MEDIA,0,Other_Amphibian,0.2771,2633.2,2249.2,2784.7,2415.1
/srv/shared_leopard_toad/2025/Documents/06.10-13.10.2025/4Z/101MEDIA/DSCF0226.JPG,DSCF0226.JPG,4Z/101MEDIA,0,Other_Amphibian,0.2826,2635.2,2245.2,2789.7,2410.2
/srv/shared_leopard_toad/2025/Documents/06.10-13.10.2025/4Z/101MEDIA/DSCF0310.JPG,DSCF0310.JPG,4Z/101MEDIA,0,Other_Amphibian,0.2187,2643.1,2244.6,2784.3,2407.5
/srv/shared_leopard_toad/2025/Documents/06.10-13.10.2025/4Z/101MEDIA/DSCF0371.JPG,DSCF0371.JPG,4Z/101MEDIA,0,Other_Amphibian,0.2049,5117.8,1539.4,5259.9,1732.1
/srv/shared_leopard_toad/2025/Documents/06.10-13.10.2025/4Z/101MEDIA/DSCF0701.JPG,DSCF0701.JPG,4Z/101MEDIA,0,Other_Amphibian,0.2968,2697.0,2429.6,2824.5,2557.6
/srv/shared_leopard_toad/2025/Documents/06.10-13.10.2025/4Z/101MEDIA/DSCF0701.JPG,DSCF0701.JPG,4Z/101MEDIA,0,Other_Amphibian,0.2672,2635.2,2245.8,2784.6,2412.4
/srv/shared_leopard_toad/2025/Documents/06.10-13.10.2025/4Z/101MEDIA/DSCF0317.JPG,DSCF0317.JPG,4Z/101MEDIA,0,Other_Amphibian,0.3488,2635.6,2245.7,2790.6,2409.4
/srv/shared_leopard_toad/2025/Documents/06.10-13.10.2025/4Z/101MEDIA/DSCF0210.JPG,DSCF0210.JPG,4Z/101MEDIA,0,Other_Amphibian,0.2813,2638.0,2245.7,2787.6,2409.7
/srv/shared_leopard_toad/2025/Documents/06.10-13.10.2025/4Z/101MEDIA/DSCF0234.JPG,DSCF0234.JPG,4Z/101MEDIA,0,Other_Amphibian,0.3024,2638.1,2245.5,2789.4,2409.2
/srv/shared_leopard_toad/2025/Documents/06.10-13.10.2025/4Z/101MEDIA/DSCF0893.JPG,DSCF0893.JPG,4Z/101MEDIA,0,Other_Amphibian,0.3227,2636.3,2244.0,2781.7,2408.4
/srv/shared_leopard_toad/2025/Documents/06.10-13.10.2025/4Z/101MEDIA/DSCF0893.JPG,DSCF0893.JPG,4Z/101MEDIA,0,Other_Amphibian,0.2760,4349.4,1592.7,4607.5,2048.7
/srv/shared_leopard_toad/2025/Documents/06.10-13.10.2025/4Z/101MEDIA/DSCF0893.JPG,DSCF0893.JPG,4Z/101MEDIA,0,Other_Amphibian,0.2345,2693.6,2427.8,2820.2,2560.0
/srv/shared_leopard_toad/2025/Documents/06.10-13.10.2025/4Z/101MEDIA/DSCF0860.JPG,DSCF0860.JPG,4Z/101MEDIA,0,Other_Amphibian,0.2893,2694.2,2428.1,2821.7,2557.2
/srv/shared_leopard_toad/2025/Documents/06.10-13.10.2025/4Z/101MEDIA/DSCF0860.JPG,DSCF0860.JPG,4Z/101MEDIA,0,Other_Amphibian,0.2706,2630.1,2246.5,2784.0,2412.1
/srv/shared_leopard_toad/2025/Documents/06.10-13.10.2025/4Z/101MEDIA/DSCF0465.JPG,DSCF0465.JPG,4Z/101MEDIA,0,Other_Amphibian,0.3325,2630.0,2250.6,2783.9,2415.9
/srv/shared_leopard_toad/2025/Documents/06.10-13.10.2025/4Z/101MEDIA/DSCF0604.JPG,DSCF0604.JPG,4Z/101MEDIA,0,Other_Amphibian,0.2557,2632.2,2251.3,2783.1,2414.1
/srv/shared_leopard_toad/2025/Documents/06.10-13.10.2025/4Z/101MEDIA/DSCF0270.JPG,DSCF0270.JPG,4Z/101MEDIA,0,Other_Amphibian,0.2830,2640.3,2244.8,2787.8,2408.4
/srv/shared_leopard_toad/2025/Documents/06.10-13.10.2025/4Z/101MEDIA/DSCF0090.JPG,DSCF0090.JPG,4Z/101MEDIA,0,Other_Amphibian,0.3517,2636.9,2246.2,2788.2,2410.0
/srv/shared_leopard_toad/2025/Documents/06.10-13.10.2025/4Z/101MEDIA/DSCF0450.JPG,DSCF0450.JPG,4Z/101MEDIA,0,Other_Amphibian,0.3088,2692.1,2429.6,2819.8,2559.2
/srv/shared_leopard_toad/2025/Documents/06.10-13.10.2025/4Z/101MEDIA/DSCF0450.JPG,DSCF0450.JPG,4Z/101MEDIA,0,Other_Amphibian,0.2392,2629.6,2250.3,2783.1,2417.0
/srv/shared_leopard_toad/2025/Documents/06.10-13.10.2025/4Z/101MEDIA/DSCF0677.JPG,DSCF0677.JPG,4Z/101MEDIA,0,Other_Amphibian,0.2085,2693.8,2428.7,2820.2,2563.3
/srv/shared_leopard_toad/2025/Documents/06.10-13.10.2025/4Z/101MEDIA/DSCF0884.JPG,DSCF0884.JPG,4Z/101MEDIA,0,Other_Amphibian,0.4203,2634.2,2242.9,2785.2,2408.5
/srv/shared_leopard_toad/2025/Documents/06.10-13.10.2025/4Z/101MEDIA/DSCF0884.JPG,DSCF0884.JPG,4Z/101MEDIA,0,Other_Amphibian,0.2392,2695.5,2429.5,2825.9,2560.4
/srv/shared_leopard_toad/2025/Documents/06.10-13.10.2025/4Z/101MEDIA/DSCF0444.JPG,DSCF0444.JPG,4Z/101MEDIA,2,Western_Leopard_Toad,0.2022,4662.0,1819.3,5354.3,2855.4
/srv/shared_leopard_toad/2025/Documents/06.10-13.10.2025/4Z/101MEDIA/DSCF0638.JPG,DSCF0638.JPG,4Z/101MEDIA,0,Other_Amphibian,0.2986,2634.2,2249.7,2785.6,2413.3
/srv/shared_leopard_toad/2025/Documents/06.10-13.10.2025/4Z/101MEDIA/DSCF0638.JPG,DSCF0638.JPG,4Z/101MEDIA,0,Other_Amphibian,0.2262,2693.1,2429.0,2824.6,2565.1
/srv/shared_leopard_toad/2025/Documents/06.10-13.10.2025/4Z/101MEDIA/DSCF0638.JPG,DSCF0638.JPG,4Z/101MEDIA,0,Other_Amphibian,0.2250,2631.3,2256.1,2783.4,2414.8
/srv/shared_leopard_toad/2025/Documents/06.10-13.10.2025/4Z/101MEDIA/DSCF0485.JPG,DSCF0485.JPG,4Z/101MEDIA,0,Other_Amphibian,0.3417,2635.6,2247.9,2784.6,2412.8
/srv/shared_leopard_toad/2025/Documents/06.10-13.10.2025/4Z/101MEDIA/DSCF0236.JPG,DSCF0236.JPG,4Z/101MEDIA,0,Other_Amphibian,0.3290,2634.4,2244.5,2786.9,2409.7
/srv/shared_leopard_toad/2025/Documents/06.10-13.10.2025/4Z/101MEDIA/DSCF0322.JPG,DSCF0322.JPG,4Z/101MEDIA,0,Other_Amphibian,0.4398,2626.5,2245.9,2787.3,2409.2
/srv/shared_leopard_toad/2025/Documents/06.10-13.10.2025/4Z/101MEDIA/DSCF0084.JPG,DSCF0084.JPG,4Z/101MEDIA,0,Other_Amphibian,0.3118,2640.3,2245.4,2789.4,2408.9
/srv/shared_leopard_toad/2025/Documents/06.10-13.10.2025/4Z/101MEDIA/DSCF0124.JPG,DSCF0124.JPG,4Z/101MEDIA,0,Other_Amphibian,0.2766,2639.2,2247.6,2784.6,2409.4
/srv/shared_leopard_toad/2025/Documents/06.10-13.10.2025/4Z/101MEDIA/DSCF0138.JPG,DSCF0138.JPG,4Z/101MEDIA,0,Other_Amphibian,0.2704,2643.0,2245.5,2789.6,2408.6
/srv/shared_leopard_toad/2025/Documents/06.10-13.10.2025/4Z/101MEDIA/DSCF0836.JPG,DSCF0836.JPG,4Z/101MEDIA,0,Other_Amphibian,0.3425,2686.7,2429.5,2822.0,2559.8
/srv/shared_leopard_toad/2025/Documents/06.10-13.10.2025/4Z/101MEDIA/DSCF0836.JPG,DSCF0836.JPG,4Z/101MEDIA,0,Other_Amphibian,0.2970,2680.3,2428.3,2813.6,2562.1
/srv/shared_leopard_toad/2025/Documents/06.10-13.10.2025/4Z/101MEDIA/DSCF0836.JPG,DSCF0836.JPG,4Z/101MEDIA,0,Other_Amphibian,0.2094,2638.0,2246.2,2783.1,2411.4
/srv/shared_leopard_toad/2025/Documents/06.10-13.10.2025/4Z/101MEDIA/DSCF0520.JPG,DSCF0520.JPG,4Z/101MEDIA,0,Other_Amphibian,0.2957,2621.8,2249.1,2780.3,2418.1
/srv/shared_leopard_toad/2025/Documents/06.10-13.10.2025/4Z/101MEDIA/DSCF0520.JPG,DSCF0520.JPG,4Z/101MEDIA,0,Other_Amphibian,0.2492,2695.1,2429.6,2822.8,2563.1
/srv/shared_leopard_toad/2025/Documents/06.10-13.10.2025/4Z/101MEDIA/DSCF0200.JPG,DSCF0200.JPG,4Z/101MEDIA,0,Other_Amphibian,0.2171,2637.6,2246.2,2784.5,2408.9
/srv/shared_leopard_toad/2025/Documents/06.10-13.10.2025/4Z/101MEDIA/DSCF0744.JPG,DSCF0744.JPG,4Z/101MEDIA,0,Other_Amphibian,0.2400,2634.0,2249.7,2782.6,2413.1
/srv/shared_leopard_toad/2025/Documents/06.10-13.10.2025/4Z/101MEDIA/DSCF0744.JPG,DSCF0744.JPG,4Z/101MEDIA,0,Other_Amphibian,0.2385,2694.6,2429.0,2821.5,2563.7
/srv/shared_leopard_toad/2025/Documents/06.10-13.10.2025/4Z/101MEDIA/DSCF0359.JPG,DSCF0359.JPG,4Z/101MEDIA,2,Western_Leopard_Toad,0.3341,5019.6,1453.3,5369.7,1947.7
/srv/shared_leopard_toad/2025/Documents/06.10-13.10.2025/4Z/101MEDIA/DSCF0359.JPG,DSCF0359.JPG,4Z/101MEDIA,2,Western_Leopard_Toad,0.3037,11.9,2283.3,1027.0,2859.8
/srv/shared_leopard_toad/2025/Documents/06.10-13.10.2025/4Z/101MEDIA/DSCF0009.JPG,DSCF0009.JPG,4Z/101MEDIA,0,Other_Amphibian,0.3058,2639.4,2245.8,2786.4,2408.0
/srv/shared_leopard_toad/2025/Documents/06.10-13.10.2025/4Z/101MEDIA/DSCF0702.JPG,DSCF0702.JPG,4Z/101MEDIA,0,Other_Amphibian,0.2726,2633.4,2248.5,2781.9,2411.6
/srv/shared_leopard_toad/2025/Documents/06.10-13.10.2025/4Z/101MEDIA/DSCF0702.JPG,DSCF0702.JPG,4Z/101MEDIA,0,Other_Amphibian,0.2289,2693.7,2428.4,2821.6,2561.5
/srv/shared_leopard_toad/2025/Documents/06.10-13.10.2025/4Z/101MEDIA/DSCF0140.JPG,DSCF0140.JPG,4Z/101MEDIA,0,Other_Amphibian,0.3459,2633.5,2245.1,2784.8,2408.2
/srv/shared_leopard_toad/2025/Documents/06.10-13.10.2025/4Z/101MEDIA/DSCF0243.JPG,DSCF0243.JPG,4Z/101MEDIA,0,Other_Amphibian,0.2784,2631.7,2245.5,2785.2,2409.4
/srv/shared_leopard_toad/2025/Documents/06.10-13.10.2025/4Z/101MEDIA/DSCF0243.JPG,DSCF0243.JPG,4Z/101MEDIA,0,Other_Amphibian,0.2064,2695.4,2426.7,2818.6,2552.0
/srv/shared_leopard_toad/2025/Documents/06.10-13.10.2025/4Z/101MEDIA/DSCF0717.JPG,DSCF0717.JPG,4Z/101MEDIA,0,Other_Amphibian,0.3323,2695.9,2428.3,2822.4,2559.7
/srv/shared_leopard_toad/2025/Documents/06.10-13.10.2025/4Z/101MEDIA/DSCF0717.JPG,DSCF0717.JPG,4Z/101MEDIA,0,Other_Amphibian,0.2088,2684.8,2426.0,2811.4,2562.9
/srv/shared_leopard_toad/2025/Documents/06.10-13.10.2025/4Z/101MEDIA/DSCF0579.JPG,DSCF0579.JPG,4Z/101MEDIA,0,Other_Amphibian,0.2553,2632.1,2249.7,2782.4,2414.6
/srv/shared_leopard_toad/2025/Documents/06.10-13.10.2025/4Z/101MEDIA/DSCF0506.JPG,DSCF0506.JPG,4Z/101MEDIA,0,Other_Amphibian,0.2612,2632.3,2249.9,2778.6,2415.2
/srv/shared_leopard_toad/2025/Documents/06.10-13.10.2025/4Z/101MEDIA/DSCF0506.JPG,DSCF0506.JPG,4Z/101MEDIA,0,Other_Amphibian,0.2147,2693.5,2430.4,2823.0,2562.1
/srv/shared_leopard_toad/2025/Documents/06.10-13.10.2025/4Z/101MEDIA/DSCF0361.JPG,DSCF0361.JPG,4Z/101MEDIA,2,Western_Leopard_Toad,0.2489,10.0,2277.7,1035.8,2859.0
/srv/shared_leopard_toad/2025/Documents/06.10-13.10.2025/4Z/101MEDIA/DSCF0361.JPG,DSCF0361.JPG,4Z/101MEDIA,2,Western_Leopard_Toad,0.2110,5016.1,1507.6,5366.4,1914.0
/srv/shared_leopard_toad/2025/Documents/06.10-13.10.2025/4Z/101MEDIA/DSCF0201.JPG,DSCF0201.JPG,4Z/101MEDIA,0,Other_Amphibian,0.3431,2632.4,2245.1,2789.0,2409.4
/srv/shared_leopard_toad/2025/Documents/06.10-13.10.2025/4Z/101MEDIA/DSCF0201.JPG,DSCF0201.JPG,4Z/101MEDIA,0,Other_Amphibian,0.2538,2686.9,2427.0,2820.2,2555.3
/srv/shared_leopard_toad/2025/Documents/06.10-13.10.2025/4Z/101MEDIA/DSCF0642.JPG,DSCF0642.JPG,4Z/101MEDIA,0,Other_Amphibian,0.3540,2628.4,2248.2,2784.8,2414.2
/srv/shared_leopard_toad/2025/Documents/06.10-13.10.2025/4Z/101MEDIA/DSCF0642.JPG,DSCF0642.JPG,4Z/101MEDIA,0,Other_Amphibian,0.3319,2695.3,2428.6,2822.5,2561.5
/srv/shared_leopard_toad/2025/Documents/06.10-13.10.2025/4Z/101MEDIA/DSCF0762.JPG,DSCF0762.JPG,4Z/101MEDIA,0,Other_Amphibian,0.2458,2637.4,2246.2,2786.5,2410.6
/srv/shared_leopard_toad/2025/Documents/06.10-13.10.2025/4Z/101MEDIA/DSCF0992.JPG,DSCF0992.JPG,4Z/101MEDIA,0,Other_Amphibian,0.3875,2692.1,2428.7,2822.3,2557.8
/srv/shared_leopard_toad/2025/Documents/06.10-13.10.2025/4Z/101MEDIA/DSCF0992.JPG,DSCF0992.JPG,4Z/101MEDIA,0,Other_Amphibian,0.2932,2685.0,2427.7,2816.2,2562.6
/srv/shared_leopard_toad/2025/Documents/06.10-13.10.2025/4Z/101MEDIA/DSCF0513.JPG,DSCF0513.JPG,4Z/101MEDIA,0,Other_Amphibian,0.3013,2695.0,2429.7,2824.4,2563.3
/srv/shared_leopard_toad/2025/Documents/06.10-13.10.2025/4Z/101MEDIA/DSCF0513.JPG,DSCF0513.JPG,4Z/101MEDIA,0,Other_Amphibian,0.2095,2684.2,2428.7,2813.9,2566.0
/srv/shared_leopard_toad/2025/Documents/06.10-13.10.2025/4Z/101MEDIA/DSCF0707.JPG,DSCF0707.JPG,4Z/101MEDIA,0,Other_Amphibian,0.2881,2634.3,2247.1,2785.9,2411.6
/srv/shared_leopard_toad/2025/Documents/06.10-13.10.2025/4Z/101MEDIA/DSCF0707.JPG,DSCF0707.JPG,4Z/101MEDIA,0,Other_Amphibian,0.2677,2694.0,2427.2,2824.0,2562.9
/srv/shared_leopard_toad/2025/Documents/06.10-13.10.2025/4Z/106MEDIA/DSCF0135.JPG,DSCF0135.JPG,4Z/106MEDIA,0,Other_Amphibian,0.2072,3228.2,1972.0,3350.8,2113.5
/srv/shared_leopard_toad/2025/Documents/06.10-13.10.2025/4Z/106MEDIA/DSCF0404.JPG,DSCF0404.JPG,4Z/106MEDIA,2,Western_Leopard_Toad,0.4723,3655.1,1656.6,3929.3,1924.0
/srv/shared_leopard_toad/2025/Documents/06.10-13.10.2025/4Z/106MEDIA/DSCF0404.JPG,DSCF0404.JPG,4Z/106MEDIA,0,Other_Amphibian,0.3197,3222.4,1967.8,3348.2,2108.8
/srv/shared_leopard_toad/2025/Documents/06.10-13.10.2025/4Z/106MEDIA/DSCF0404.JPG,DSCF0404.JPG,4Z/106MEDIA,0,Other_Amphibian,0.2518,3229.1,1972.9,3352.6,2114.0
/srv/shared_leopard_toad/2025/Documents/06.10-13.10.2025/4Z/106MEDIA/DSCF0993.JPG,DSCF0993.JPG,4Z/106MEDIA,2,Western_Leopard_Toad,0.8423,3649.6,1659.6,3931.3,1922.4
/srv/shared_leopard_toad/2025/Documents/06.10-13.10.2025/4Z/106MEDIA/DSCF0993.JPG,DSCF0993.JPG,4Z/106MEDIA,0,Other_Amphibian,0.3896,3218.0,1954.5,3346.8,2106.8
/srv/shared_leopard_toad/2025/Documents/06.10-13.10.2025/4Z/106MEDIA/DSCF0993.JPG,DSCF0993.JPG,4Z/106MEDIA,0,Other_Amphibian,0.3761,3218.8,1953.8,3346.8,2107.9
/srv/shared_leopard_toad/2025/Documents/06.10-13.10.2025/4Z/106MEDIA/DSCF0537.JPG,DSCF0537.JPG,4Z/106MEDIA,2,Western_Leopard_Toad,0.2663,3655.2,1655.6,3928.0,1923.7
/srv/shared_leopard_toad/2025/Documents/06.10-13.10.2025/4Z/106MEDIA/DSCF0358.JPG,DSCF0358.JPG,4Z/106MEDIA,2,Western_Leopard_Toad,0.2744,3652.9,1656.1,3925.7,1924.1
/srv/shared_leopard_toad/2025/Documents/06.10-13.10.2025/4Z/106MEDIA/DSCF0012.JPG,DSCF0012.JPG,4Z/106MEDIA,2,Western_Leopard_Toad,0.3788,3655.8,1656.8,3929.0,1923.6
/srv/shared_leopard_toad/2025/Documents/06.10-13.10.2025/4Z/106MEDIA/DSCF0012.JPG,DSCF0012.JPG,4Z/106MEDIA,0,Other_Amphibian,0.2380,3224.6,1966.3,3347.2,2107.1
/srv/shared_leopard_toad/2025/Documents/06.10-13.10.2025/4Z/106MEDIA/DSCF0012.JPG,DSCF0012.JPG,4Z/106MEDIA,0,Other_Amphibian,0.2170,3230.9,1972.0,3350.1,2113.4
/srv/shared_leopard_toad/2025/Documents/06.10-13.10.2025/4Z/106MEDIA/DSCF0488.JPG,DSCF0488.JPG,4Z/106MEDIA,2,Western_Leopard_Toad,0.2856,3654.4,1656.2,3927.5,1923.2
/srv/shared_leopard_toad/2025/Documents/06.10-13.10.2025/4Z/106MEDIA/DSCF0488.JPG,DSCF0488.JPG,4Z/106MEDIA,0,Other_Amphibian,0.2544,3222.7,1966.9,3348.1,2106.6
/srv/shared_leopard_toad/2025/Documents/06.10-13.10.2025/4Z/106MEDIA/DSCF0488.JPG,DSCF0488.JPG,4Z/106MEDIA,0,Other_Amphibian,0.2336,3229.5,1972.7,3351.4,2113.7
/srv/shared_leopard_toad/2025/Documents/06.10-13.10.2025/4Z/106MEDIA/DSCF0541.JPG,DSCF0541.JPG,4Z/106MEDIA,2,Western_Leopard_Toad,0.3263,3654.3,1655.3,3927.5,1923.0
/srv/shared_leopard_toad/2025/Documents/06.10-13.10.2025/4Z/106MEDIA/DSCF0541.JPG,DSCF0541.JPG,4Z/106MEDIA,0,Other_Amphibian,0.2478,3224.1,1968.3,3348.8,2106.3
/srv/shared_leopard_toad/2025/Documents/06.10-13.10.2025/4Z/106MEDIA/DSCF0541.JPG,DSCF0541.JPG,4Z/106MEDIA,0,Other_Amphibian,0.2187,3231.2,1975.5,3352.1,2113.9
/srv/shared_leopard_toad/2025/Documents/06.10-13.10.2025/4Z/106MEDIA/DSCF0519.JPG,DSCF0519.JPG,4Z/106MEDIA,2,Western_Leopard_Toad,0.2961,3653.6,1656.3,3926.7,1923.2
/srv/shared_leopard_toad/2025/Documents/06.10-13.10.2025/4Z/106MEDIA/DSCF0519.JPG,DSCF0519.JPG,4Z/106MEDIA,0,Other_Amphibian,0.2300,3224.3,1965.7,3349.4,2107.8
/srv/shared_leopard_toad/2025/Documents/06.10-13.10.2025/4Z/106MEDIA/DSCF0519.JPG,DSCF0519.JPG,4Z/106MEDIA,0,Other_Amphibian,0.2087,3230.5,1972.1,3353.4,2114.7
/srv/shared_leopard_toad/2025/Documents/06.10-13.10.2025/4Z/106MEDIA/DSCF0589.JPG,DSCF0589.JPG,4Z/106MEDIA,0,Other_Amphibian,0.2546,3227.4,1966.0,3352.2,2110.2
/srv/shared_leopard_toad/2025/Documents/06.10-13.10.2025/4Z/106MEDIA/DSCF0589.JPG,DSCF0589.JPG,4Z/106MEDIA,2,Western_Leopard_Toad,0.2286,3655.3,1655.7,3926.9,1923.5
/srv/shared_leopard_toad/2025/Documents/06.10-13.10.2025/4Z/106MEDIA/DSCF0466.JPG,DSCF0466.JPG,4Z/106MEDIA,2,Western_Leopard_Toad,0.3878,3656.6,1652.5,3928.7,1922.8
/srv/shared_leopard_toad/2025/Documents/06.10-13.10.2025/4Z/106MEDIA/DSCF0466.JPG,DSCF0466.JPG,4Z/106MEDIA,0,Other_Amphibian,0.2415,3222.0,1967.3,3347.7,2107.0
/srv/shared_leopard_toad/2025/Documents/06.10-13.10.2025/4Z/106MEDIA/DSCF0443.JPG,DSCF0443.JPG,4Z/106MEDIA,2,Western_Leopard_Toad,0.2657,3655.2,1657.3,3928.1,1924.1
/srv/shared_leopard_toad/2025/Documents/06.10-13.10.2025/4Z/106MEDIA/DSCF0443.JPG,DSCF0443.JPG,4Z/106MEDIA,0,Other_Amphibian,0.2546,3225.3,1968.4,3348.8,2105.6
/srv/shared_leopard_toad/2025/Documents/06.10-13.10.2025/4Z/106MEDIA/DSCF0443.JPG,DSCF0443.JPG,4Z/106MEDIA,0,Other_Amphibian,0.2177,3231.4,1974.2,3350.5,2111.4
/srv/shared_leopard_toad/2025/Documents/06.10-13.10.2025/4Z/106MEDIA/DSCF0911.JPG,DSCF0911.JPG,4Z/106MEDIA,2,Western_Leopard_Toad,0.8626,3644.6,1670.4,3923.5,1930.5
/srv/shared_leopard_toad/2025/Documents/06.10-13.10.2025/4Z/106MEDIA/DSCF0215.JPG,DSCF0215.JPG,4Z/106MEDIA,2,Western_Leopard_Toad,0.3298,3654.3,1657.5,3925.1,1924.1
/srv/shared_leopard_toad/2025/Documents/06.10-13.10.2025/4Z/106MEDIA/DSCF0215.JPG,DSCF0215.JPG,4Z/106MEDIA,0,Other_Amphibian,0.2127,3226.1,1967.3,3349.4,2107.0
/srv/shared_leopard_toad/2025/Documents/06.10-13.10.2025/4Z/106MEDIA/DSCF0215.JPG,DSCF0215.JPG,4Z/106MEDIA,0,Other_Amphibian,0.2066,3231.4,1972.7,3351.7,2113.3
/srv/shared_leopard_toad/2025/Documents/06.10-13.10.2025/4Z/106MEDIA/DSCF0173.JPG,DSCF0173.JPG,4Z/106MEDIA,2,Western_Leopard_Toad,0.2437,3657.4,1658.7,3925.5,1924.2
/srv/shared_leopard_toad/2025/Documents/06.10-13.10.2025/4Z/106MEDIA/DSCF0173.JPG,DSCF0173.JPG,4Z/106MEDIA,0,Other_Amphibian,0.2305,3224.8,1966.7,3347.3,2105.8
/srv/shared_leopard_toad/2025/Documents/06.10-13.10.2025/4Z/106MEDIA/DSCF0173.JPG,DSCF0173.JPG,4Z/106MEDIA,0,Other_Amphibian,0.2023,3231.8,1974.0,3351.0,2113.7
/srv/shared_leopard_toad/2025/Documents/06.10-13.10.2025/4Z/106MEDIA/DSCF0279.JPG,DSCF0279.JPG,4Z/106MEDIA,0,Other_Amphibian,0.2312,3224.9,1966.3,3349.4,2106.0
/srv/shared_leopard_toad/2025/Documents/06.10-13.10.2025/4Z/106MEDIA/DSCF0279.JPG,DSCF0279.JPG,4Z/106MEDIA,0,Other_Amphibian,0.2235,3230.5,1970.9,3351.0,2111.1
/srv/shared_leopard_toad/2025/Documents/06.10-13.10.2025/4Z/106MEDIA/DSCF0279.JPG,DSCF0279.JPG,4Z/106MEDIA,2,Western_Leopard_Toad,0.2029,3654.5,1657.2,3924.7,1924.1
/srv/shared_leopard_toad/2025/Documents/06.10-13.10.2025/4Z/106MEDIA/DSCF0464.JPG,DSCF0464.JPG,4Z/106MEDIA,2,Western_Leopard_Toad,0.3075,3656.0,1652.6,3927.9,1921.4
/srv/shared_leopard_toad/2025/Documents/06.10-13.10.2025/4Z/106MEDIA/DSCF0464.JPG,DSCF0464.JPG,4Z/106MEDIA,0,Other_Amphibian,0.2804,3221.3,1966.5,3349.3,2108.1
/srv/shared_leopard_toad/2025/Documents/06.10-13.10.2025/4Z/106MEDIA/DSCF0464.JPG,DSCF0464.JPG,4Z/106MEDIA,0,Other_Amphibian,0.2666,3229.6,1970.9,3353.1,2113.7
/srv/shared_leopard_toad/2025/Documents/06.10-13.10.2025/4Z/106MEDIA/DSCF0455.JPG,DSCF0455.JPG,4Z/106MEDIA,0,Other_Amphibian,0.4032,3655.3,1651.9,3928.5,1922.9
/srv/shared_leopard_toad/2025/Documents/06.10-13.10.2025/4Z/106MEDIA/DSCF0455.JPG,DSCF0455.JPG,4Z/106MEDIA,0,Other_Amphibian,0.3227,3218.2,1966.5,3346.1,2107.6
/srv/shared_leopard_toad/2025/Documents/06.10-13.10.2025/4Z/106MEDIA/DSCF0455.JPG,DSCF0455.JPG,4Z/106MEDIA,0,Other_Amphibian,0.2713,3227.1,1970.2,3349.2,2111.8
/srv/shared_leopard_toad/2025/Documents/06.10-13.10.2025/4Z/106MEDIA/DSCF0001.JPG,DSCF0001.JPG,4Z/106MEDIA,2,Western_Leopard_Toad,0.3863,3654.4,1656.0,3932.0,1923.4
/srv/shared_leopard_toad/2025/Documents/06.10-13.10.2025/4Z/106MEDIA/DSCF0001.JPG,DSCF0001.JPG,4Z/106MEDIA,0,Other_Amphibian,0.3232,3220.8,1967.7,3350.8,2108.8
/srv/shared_leopard_toad/2025/Documents/06.10-13.10.2025/4Z/106MEDIA/DSCF0001.JPG,DSCF0001.JPG,4Z/106MEDIA,0,Other_Amphibian,0.2950,3226.9,1969.9,3354.0,2111.8
/srv/shared_leopard_toad/2025/Documents/06.10-13.10.2025/4Z/106MEDIA/DSCF0407.JPG,DSCF0407.JPG,4Z/106MEDIA,0,Other_Amphibian,0.3035,3221.4,1967.6,3347.0,2106.9
/srv/shared_leopard_toad/2025/Documents/06.10-13.10.2025/4Z/106MEDIA/DSCF0407.JPG,DSCF0407.JPG,4Z/106MEDIA,0,Other_Amphibian,0.2371,3230.0,1974.1,3350.7,2113.7
/srv/shared_leopard_toad/2025/Documents/06.10-13.10.2025/4Z/106MEDIA/DSCF0407.JPG,DSCF0407.JPG,4Z/106MEDIA,0,Other_Amphibian,0.2191,3654.5,1655.5,3926.4,1925.4
/srv/shared_leopard_toad/2025/Documents/06.10-13.10.2025/4Z/106MEDIA/DSCF0416.JPG,DSCF0416.JPG,4Z/106MEDIA,0,Other_Amphibian,0.2544,3227.9,1968.9,3349.2,2110.6
/srv/shared_leopard_toad/2025/Documents/06.10-13.10.2025/4Z/106MEDIA/DSCF0416.JPG,DSCF0416.JPG,4Z/106MEDIA,0,Other_Amphibian,0.2539,3223.6,1966.6,3348.5,2106.7
/srv/shared_leopard_toad/2025/Documents/06.10-13.10.2025/4Z/106MEDIA/DSCF0416.JPG,DSCF0416.JPG,4Z/106MEDIA,2,Western_Leopard_Toad,0.2382,3655.4,1655.2,3926.7,1923.4
/srv/shared_leopard_toad/2025/Documents/06.10-13.10.2025/4Z/106MEDIA/DSCF0922.JPG,DSCF0922.JPG,4Z/106MEDIA,2,Western_Leopard_Toad,0.8553,3647.1,1667.1,3925.5,1930.8
/srv/shared_leopard_toad/2025/Documents/06.10-13.10.2025/4Z/106MEDIA/DSCF0922.JPG,DSCF0922.JPG,4Z/106MEDIA,2,Western_Leopard_Toad,0.2384,5029.5,929.8,5337.3,1282.9
/srv/shared_leopard_toad/2025/Documents/06.10-13.10.2025/4Z/106MEDIA/DSCF0922.JPG,DSCF0922.JPG,4Z/106MEDIA,2,Western_Leopard_Toad,0.2183,836.4,1669.4,1017.6,1964.3
/srv/shared_leopard_toad/2025/Documents/06.10-13.10.2025/4Z/106MEDIA/DSCF0678.JPG,DSCF0678.JPG,4Z/106MEDIA,2,Western_Leopard_Toad,0.4055,3653.5,1656.2,3928.9,1923.2
/srv/shared_leopard_toad/2025/Documents/06.10-13.10.2025/4Z/106MEDIA/DSCF0678.JPG,DSCF0678.JPG,4Z/106MEDIA,0,Other_Amphibian,0.2539,3221.5,1968.1,3348.3,2108.4
/srv/shared_leopard_toad/2025/Documents/06.10-13.10.2025/4Z/106MEDIA/DSCF0678.JPG,DSCF0678.JPG,4Z/106MEDIA,0,Other_Amphibian,0.2410,3227.1,1969.9,3350.3,2111.3
/srv/shared_leopard_toad/2025/Documents/06.10-13.10.2025/4Z/106MEDIA/DSCF0651.JPG,DSCF0651.JPG,4Z/106MEDIA,2,Western_Leopard_Toad,0.3648,3654.5,1655.9,3927.9,1924.8
/srv/shared_leopard_toad/2025/Documents/06.10-13.10.2025/4Z/106MEDIA/DSCF0651.JPG,DSCF0651.JPG,4Z/106MEDIA,0,Other_Amphibian,0.2446,3221.3,1967.6,3347.0,2108.0
/srv/shared_leopard_toad/2025/Documents/06.10-13.10.2025/4Z/106MEDIA/DSCF0651.JPG,DSCF0651.JPG,4Z/106MEDIA,0,Other_Amphibian,0.2099,3230.0,1973.3,3351.0,2115.9
/srv/shared_leopard_toad/2025/Documents/06.10-13.10.2025/4Z/106MEDIA/DSCF0514.JPG,DSCF0514.JPG,4Z/106MEDIA,2,Western_Leopard_Toad,0.3840,3654.2,1654.4,3927.2,1923.2
/srv/shared_leopard_toad/2025/Documents/06.10-13.10.2025/4Z/106MEDIA/DSCF0514.JPG,DSCF0514.JPG,4Z/106MEDIA,0,Other_Amphibian,0.2040,3225.3,1967.9,3349.1,2108.1
/srv/shared_leopard_toad/2025/Documents/06.10-13.10.2025/4Z/106MEDIA/DSCF0767.JPG,DSCF0767.JPG,4Z/106MEDIA,2,Western_Leopard_Toad,0.3638,3653.4,1654.2,3928.4,1922.5
/srv/shared_leopard_toad/2025/Documents/06.10-13.10.2025/4Z/106MEDIA/DSCF0767.JPG,DSCF0767.JPG,4Z/106MEDIA,0,Other_Amphibian,0.3000,3218.3,1965.5,3347.6,2107.8
/srv/shared_leopard_toad/2025/Documents/06.10-13.10.2025/4Z/106MEDIA/DSCF0767.JPG,DSCF0767.JPG,4Z/106MEDIA,0,Other_Amphibian,0.2715,3226.8,1966.8,3351.4,2110.6
/srv/shared_leopard_toad/2025/Documents/06.10-13.10.2025/4Z/106MEDIA/DSCF0774.JPG,DSCF0774.JPG,4Z/106MEDIA,2,Western_Leopard_Toad,0.3164,3655.4,1655.9,3924.9,1922.0
/srv/shared_leopard_toad/2025/Documents/06.10-13.10.2025/4Z/106MEDIA/DSCF0774.JPG,DSCF0774.JPG,4Z/106MEDIA,0,Other_Amphibian,0.2950,3218.3,1965.6,3347.7,2107.7
/srv/shared_leopard_toad/2025/Documents/06.10-13.10.2025/4Z/106MEDIA/DSCF0774.JPG,DSCF0774.JPG,4Z/106MEDIA,0,Other_Amphibian,0.2774,3224.8,1966.6,3350.2,2109.7
/srv/shared_leopard_toad/2025/Documents/06.10-13.10.2025/4Z/106MEDIA/DSCF0784.JPG,DSCF0784.JPG,4Z/106MEDIA,0,Other_Amphibian,0.3186,3217.0,1965.2,3346.0,2108.4
/srv/shared_leopard_toad/2025/Documents/06.10-13.10.2025/4Z/106MEDIA/DSCF0784.JPG,DSCF0784.JPG,4Z/106MEDIA,2,Western_Leopard_Toad,0.3042,3653.2,1655.7,3926.6,1923.1
/srv/shared_leopard_toad/2025/Documents/06.10-13.10.2025/4Z/106MEDIA/DSCF0784.JPG,DSCF0784.JPG,4Z/106MEDIA,0,Other_Amphibian,0.2828,3225.3,1965.5,3349.1,2110.4
/srv/shared_leopard_toad/2025/Documents/06.10-13.10.2025/4Z/106MEDIA/DSCF0933.JPG,DSCF0933.JPG,4Z/106MEDIA,2,Western_Leopard_Toad,0.6043,3645.8,1670.5,3919.3,1935.2
/srv/shared_leopard_toad/2025/Documents/06.10-13.10.2025/4Z/106MEDIA/DSCF0417.JPG,DSCF0417.JPG,4Z/106MEDIA,0,Other_Amphibian,0.2705,3223.7,1966.4,3347.7,2106.0
/srv/shared_leopard_toad/2025/Documents/06.10-13.10.2025/4Z/106MEDIA/DSCF0417.JPG,DSCF0417.JPG,4Z/106MEDIA,0,Other_Amphibian,0.2503,3229.7,1970.1,3349.2,2110.7
/srv/shared_leopard_toad/2025/Documents/06.10-13.10.2025/4Z/106MEDIA/DSCF0141.JPG,DSCF0141.JPG,4Z/106MEDIA,2,Western_Leopard_Toad,0.3032,3657.2,1655.4,3926.8,1923.1
/srv/shared_leopard_toad/2025/Documents/06.10-13.10.2025/4Z/106MEDIA/DSCF0141.JPG,DSCF0141.JPG,4Z/106MEDIA,0,Other_Amphibian,0.2914,3220.3,1967.8,3344.3,2107.0
/srv/shared_leopard_toad/2025/Documents/06.10-13.10.2025/4Z/106MEDIA/DSCF0141.JPG,DSCF0141.JPG,4Z/106MEDIA,0,Other_Amphibian,0.2259,3229.6,1972.3,3348.0,2111.5
/srv/shared_leopard_toad/2025/Documents/06.10-13.10.2025/4Z/106MEDIA/DSCF0543.JPG,DSCF0543.JPG,4Z/106MEDIA,2,Western_Leopard_Toad,0.2961,3652.0,1656.9,3927.7,1924.4
/srv/shared_leopard_toad/2025/Documents/06.10-13.10.2025/4Z/106MEDIA/DSCF0543.JPG,DSCF0543.JPG,4Z/106MEDIA,0,Other_Amphibian,0.2116,3220.5,1967.4,3348.5,2107.2
/srv/shared_leopard_toad/2025/Documents/06.10-13.10.2025/4Z/106MEDIA/DSCF0543.JPG,DSCF0543.JPG,4Z/106MEDIA,0,Other_Amphibian,0.2108,3228.8,1974.5,3351.6,2115.6
/srv/shared_leopard_toad/2025/Documents/06.10-13.10.2025/4Z/106MEDIA/DSCF0325.JPG,DSCF0325.JPG,4Z/106MEDIA,0,Other_Amphibian,0.2447,3223.3,1966.6,3347.4,2105.7
/srv/shared_leopard_toad/2025/Documents/06.10-13.10.2025/4Z/106MEDIA/DSCF0325.JPG,DSCF0325.JPG,4Z/106MEDIA,0,Other_Amphibian,0.2143,3228.0,1970.3,3348.7,2109.7
/srv/shared_leopard_toad/2025/Documents/06.10-13.10.2025/4Z/106MEDIA/DSCF0650.JPG,DSCF0650.JPG,4Z/106MEDIA,2,Western_Leopard_Toad,0.2665,3654.6,1657.2,3925.3,1923.3
/srv/shared_leopard_toad/2025/Documents/06.10-13.10.2025/4Z/106MEDIA/DSCF0107.JPG,DSCF0107.JPG,4Z/106MEDIA,2,Western_Leopard_Toad,0.2037,3652.2,1658.8,3923.1,1924.0
/srv/shared_leopard_toad/2025/Documents/06.10-13.10.2025/4Z/106MEDIA/DSCF0562.JPG,DSCF0562.JPG,4Z/106MEDIA,2,Western_Leopard_Toad,0.2860,3655.3,1656.1,3927.7,1923.8
/srv/shared_leopard_toad/2025/Documents/06.10-13.10.2025/4Z/106MEDIA/DSCF0562.JPG,DSCF0562.JPG,4Z/106MEDIA,0,Other_Amphibian,0.2093,3225.6,1968.3,3349.1,2107.6
/srv/shared_leopard_toad/2025/Documents/06.10-13.10.2025/4Z/106MEDIA/DSCF0446.JPG,DSCF0446.JPG,4Z/106MEDIA,0,Other_Amphibian,0.2499,3225.2,1967.2,3349.2,2106.6
/srv/shared_leopard_toad/2025/Documents/06.10-13.10.2025/4Z/106MEDIA/DSCF0446.JPG,DSCF0446.JPG,4Z/106MEDIA,0,Other_Amphibian,0.2406,3230.9,1973.8,3351.3,2113.9
/srv/shared_leopard_toad/2025/Documents/06.10-13.10.2025/4Z/106MEDIA/DSCF0282.JPG,DSCF0282.JPG,4Z/106MEDIA,0,Other_Amphibian,0.2254,3223.9,1965.6,3348.9,2107.0
/srv/shared_leopard_toad/2025/Documents/06.10-13.10.2025/4Z/106MEDIA/DSCF0282.JPG,DSCF0282.JPG,4Z/106MEDIA,0,Other_Amphibian,0.2134,3231.0,1969.8,3352.8,2112.8
/srv/shared_leopard_toad/2025/Documents/06.10-13.10.2025/4Z/106MEDIA/DSCF0430.JPG,DSCF0430.JPG,4Z/106MEDIA,2,Western_Leopard_Toad,0.3523,3654.8,1653.2,3930.3,1922.3
/srv/shared_leopard_toad/2025/Documents/06.10-13.10.2025/4Z/106MEDIA/DSCF0430.JPG,DSCF0430.JPG,4Z/106MEDIA,0,Other_Amphibian,0.3313,3220.0,1967.1,3346.6,2108.2
/srv/shared_leopard_toad/2025/Documents/06.10-13.10.2025/4Z/106MEDIA/DSCF0430.JPG,DSCF0430.JPG,4Z/106MEDIA,0,Other_Amphibian,0.2711,3229.4,1969.5,3351.3,2111.5
/srv/shared_leopard_toad/2025/Documents/06.10-13.10.2025/4Z/106MEDIA/DSCF0765.JPG,DSCF0765.JPG,4Z/106MEDIA,2,Western_Leopard_Toad,0.2346,3653.0,1655.4,3923.8,1924.8
/srv/shared_leopard_toad/2025/Documents/06.10-13.10.2025/4Z/106MEDIA/DSCF0594.JPG,DSCF0594.JPG,4Z/106MEDIA,0,Other_Amphibian,0.2751,3226.1,1966.2,3351.3,2110.2
/srv/shared_leopard_toad/2025/Documents/06.10-13.10.2025/4Z/106MEDIA/DSCF0594.JPG,DSCF0594.JPG,4Z/106MEDIA,0,Other_Amphibian,0.2744,3220.2,1966.8,3348.4,2108.7
/srv/shared_leopard_toad/2025/Documents/06.10-13.10.2025/4Z/106MEDIA/DSCF0594.JPG,DSCF0594.JPG,4Z/106MEDIA,2,Western_Leopard_Toad,0.2593,3654.2,1654.1,3926.7,1923.0
/srv/shared_leopard_toad/2025/Documents/06.10-13.10.2025/4Z/106MEDIA/DSCF0956.JPG,DSCF0956.JPG,4Z/106MEDIA,0,Other_Amphibian,0.6974,3218.0,1962.2,3350.7,2112.4
/srv/shared_leopard_toad/2025/Documents/06.10-13.10.2025/4Z/106MEDIA/DSCF0956.JPG,DSCF0956.JPG,4Z/106MEDIA,0,Other_Amphibian,0.6677,3216.5,1963.0,3346.9,2112.7
/srv/shared_leopard_toad/2025/Documents/06.10-13.10.2025/4Z/106MEDIA/DSCF0956.JPG,DSCF0956.JPG,4Z/106MEDIA,2,Western_Leopard_Toad,0.5002,3647.2,1660.4,3924.2,1925.2
/srv/shared_leopard_toad/2025/Documents/06.10-13.10.2025/4Z/106MEDIA/DSCF0221.JPG,DSCF0221.JPG,4Z/106MEDIA,0,Other_Amphibian,0.3698,3223.0,1966.3,3348.3,2108.4
/srv/shared_leopard_toad/2025/Documents/06.10-13.10.2025/4Z/106MEDIA/DSCF0221.JPG,DSCF0221.JPG,4Z/106MEDIA,0,Other_Amphibian,0.2954,3230.3,1970.2,3351.9,2113.1
/srv/shared_leopard_toad/2025/Documents/06.10-13.10.2025/4Z/106MEDIA/DSCF0221.JPG,DSCF0221.JPG,4Z/106MEDIA,2,Western_Leopard_Toad,0.2603,3656.7,1656.6,3927.1,1922.5
/srv/shared_leopard_toad/2025/Documents/06.10-13.10.2025/4Z/106MEDIA/DSCF0442.JPG,DSCF0442.JPG,4Z/106MEDIA,2,Western_Leopard_Toad,0.3118,3652.7,1655.6,3925.6,1923.8
/srv/shared_leopard_toad/2025/Documents/06.10-13.10.2025/4Z/106MEDIA/DSCF0442.JPG,DSCF0442.JPG,4Z/106MEDIA,0,Other_Amphibian,0.2243,3222.5,1967.8,3348.2,2107.1
/srv/shared_leopard_toad/2025/Documents/06.10-13.10.2025/4Z/106MEDIA/DSCF0667.JPG,DSCF0667.JPG,4Z/106MEDIA,2,Western_Leopard_Toad,0.2745,3653.8,1658.6,3925.1,1924.3
/srv/shared_leopard_toad/2025/Documents/06.10-13.10.2025/4Z/106MEDIA/DSCF0667.JPG,DSCF0667.JPG,4Z/106MEDIA,0,Other_Amphibian,0.2444,3219.4,1966.3,3346.9,2107.7
/srv/shared_leopard_toad/2025/Documents/06.10-13.10.2025/4Z/106MEDIA/DSCF0667.JPG,DSCF0667.JPG,4Z/106MEDIA,0,Other_Amphibian,0.2265,3225.6,1966.8,3348.7,2109.9
/srv/shared_leopard_toad/2025/Documents/06.10-13.10.2025/4Z/106MEDIA/DSCF0812.JPG,DSCF0812.JPG,4Z/106MEDIA,2,Western_Leopard_Toad,0.4186,3655.1,1656.1,3927.5,1921.8
/srv/shared_leopard_toad/2025/Documents/06.10-13.10.2025/4Z/106MEDIA/DSCF0812.JPG,DSCF0812.JPG,4Z/106MEDIA,0,Other_Amphibian,0.2788,3221.7,1965.4,3349.0,2107.8
/srv/shared_leopard_toad/2025/Documents/06.10-13.10.2025/4Z/106MEDIA/DSCF0812.JPG,DSCF0812.JPG,4Z/106MEDIA,0,Other_Amphibian,0.2304,3228.0,1969.1,3351.4,2112.7
/srv/shared_leopard_toad/2025/Documents/06.10-13.10.2025/4Z/106MEDIA/DSCF0311.JPG,DSCF0311.JPG,4Z/106MEDIA,2,Western_Leopard_Toad,0.3336,3656.0,1655.4,3928.7,1921.7
/srv/shared_leopard_toad/2025/Documents/06.10-13.10.2025/4Z/106MEDIA/DSCF0311.JPG,DSCF0311.JPG,4Z/106MEDIA,0,Other_Amphibian,0.3165,3221.9,1966.7,3348.6,2108.4
/srv/shared_leopard_toad/2025/Documents/06.10-13.10.2025/4Z/106MEDIA/DSCF0311.JPG,DSCF0311.JPG,4Z/106MEDIA,0,Other_Amphibian,0.2505,3232.1,1975.9,3353.9,2118.6
/srv/shared_leopard_toad/2025/Documents/06.10-13.10.2025/4Z/106MEDIA/DSCF0362.JPG,DSCF0362.JPG,4Z/106MEDIA,0,Other_Amphibian,0.2376,3229.2,1972.0,3352.6,2113.1
/srv/shared_leopard_toad/2025/Documents/06.10-13.10.2025/4Z/106MEDIA/DSCF0362.JPG,DSCF0362.JPG,4Z/106MEDIA,0,Other_Amphibian,0.2215,3222.9,1967.5,3350.0,2107.4
/srv/shared_leopard_toad/2025/Documents/06.10-13.10.2025/4Z/106MEDIA/DSCF0565.JPG,DSCF0565.JPG,4Z/106MEDIA,2,Western_Leopard_Toad,0.3020,3655.6,1656.8,3927.6,1924.1
/srv/shared_leopard_toad/2025/Documents/06.10-13.10.2025/4Z/106MEDIA/DSCF0565.JPG,DSCF0565.JPG,4Z/106MEDIA,0,Other_Amphibian,0.2237,3229.6,1974.0,3350.3,2113.9
/srv/shared_leopard_toad/2025/Documents/06.10-13.10.2025/4Z/106MEDIA/DSCF0565.JPG,DSCF0565.JPG,4Z/106MEDIA,0,Other_Amphibian,0.2223,3222.4,1968.0,3347.1,2107.4
/srv/shared_leopard_toad/2025/Documents/06.10-13.10.2025/4Z/106MEDIA/DSCF0868.JPG,DSCF0868.JPG,4Z/106MEDIA,0,Other_Amphibian,0.2894,3225.8,1965.9,3349.9,2110.9
/srv/shared_leopard_toad/2025/Documents/06.10-13.10.2025/4Z/106MEDIA/DSCF0868.JPG,DSCF0868.JPG,4Z/106MEDIA,0,Other_Amphibian,0.2830,3220.3,1966.2,3348.3,2109.0
/srv/shared_leopard_toad/2025/Documents/06.10-13.10.2025/4Z/106MEDIA/DSCF0868.JPG,DSCF0868.JPG,4Z/106MEDIA,2,Western_Leopard_Toad,0.2095,3652.3,1657.8,3924.9,1922.7
/srv/shared_leopard_toad/2025/Documents/06.10-13.10.2025/4Z/106MEDIA/DSCF0668.JPG,DSCF0668.JPG,4Z/106MEDIA,2,Western_Leopard_Toad,0.4073,3654.1,1658.2,3929.1,1923.0
/srv/shared_leopard_toad/2025/Documents/06.10-13.10.2025/4Z/106MEDIA/DSCF0668.JPG,DSCF0668.JPG,4Z/106MEDIA,0,Other_Amphibian,0.3022,3219.1,1967.4,3346.5,2108.3
/srv/shared_leopard_toad/2025/Documents/06.10-13.10.2025/4Z/106MEDIA/DSCF0668.JPG,DSCF0668.JPG,4Z/106MEDIA,0,Other_Amphibian,0.2613,3225.1,1967.9,3349.1,2110.2
/srv/shared_leopard_toad/2025/Documents/06.10-13.10.2025/4Z/106MEDIA/DSCF0061.JPG,DSCF0061.JPG,4Z/106MEDIA,2,Western_Leopard_Toad,0.2917,3655.4,1657.0,3929.2,1924.4
/srv/shared_leopard_toad/2025/Documents/06.10-13.10.2025/4Z/106MEDIA/DSCF0061.JPG,DSCF0061.JPG,4Z/106MEDIA,0,Other_Amphibian,0.2305,3221.0,1968.1,3347.9,2106.6
/srv/shared_leopard_toad/2025/Documents/06.10-13.10.2025/4Z/106MEDIA/DSCF0061.JPG,DSCF0061.JPG,4Z/106MEDIA,0,Other_Amphibian,0.2029,3229.4,1975.0,3351.7,2114.9
/srv/shared_leopard_toad/2025/Documents/06.10-13.10.2025/4Z/106MEDIA/DSCF0980.JPG,DSCF0980.JPG,4Z/106MEDIA,2,Western_Leopard_Toad,0.8446,3643.8,1658.6,3931.2,1924.6
/srv/shared_leopard_toad/2025/Documents/06.10-13.10.2025/4Z/106MEDIA/DSCF0980.JPG,DSCF0980.JPG,4Z/106MEDIA,0,Other_Amphibian,0.5857,3216.2,1953.6,3349.7,2112.9
/srv/shared_leopard_toad/2025/Documents/06.10-13.10.2025/4Z/106MEDIA/DSCF0980.JPG,DSCF0980.JPG,4Z/106MEDIA,0,Other_Amphibian,0.3715,3224.5,1956.5,3353.5,2115.2
/srv/shared_leopard_toad/2025/Documents/06.10-13.10.2025/4Z/106MEDIA/DSCF0679.JPG,DSCF0679.JPG,4Z/106MEDIA,0,Other_Amphibian,0.2762,3222.8,1967.3,3349.1,2107.8
/srv/shared_leopard_toad/2025/Documents/06.10-13.10.2025/4Z/106MEDIA/DSCF0679.JPG,DSCF0679.JPG,4Z/106MEDIA,0,Other_Amphibian,0.2709,3226.6,1969.6,3347.9,2111.9
/srv/shared_leopard_toad/2025/Documents/06.10-13.10.2025/4Z/106MEDIA/DSCF0679.JPG,DSCF0679.JPG,4Z/106MEDIA,0,Other_Amphibian,0.2271,3656.4,1654.7,3927.6,1923.6
/srv/shared_leopard_toad/2025/Documents/06.10-13.10.2025/4Z/106MEDIA/DSCF0193.JPG,DSCF0193.JPG,4Z/106MEDIA,2,Western_Leopard_Toad,0.3158,3656.2,1653.8,3927.8,1922.3
/srv/shared_leopard_toad/2025/Documents/06.10-13.10.2025/4Z/106MEDIA/DSCF0193.JPG,DSCF0193.JPG,4Z/106MEDIA,0,Other_Amphibian,0.2204,3223.3,1966.6,3347.0,2106.3
/srv/shared_leopard_toad/2025/Documents/06.10-13.10.2025/4Z/106MEDIA/DSCF0640.JPG,DSCF0640.JPG,4Z/106MEDIA,2,Western_Leopard_Toad,0.3441,3655.1,1655.3,3927.8,1923.8
/srv/shared_leopard_toad/2025/Documents/06.10-13.10.2025/4Z/106MEDIA/DSCF0640.JPG,DSCF0640.JPG,4Z/106MEDIA,0,Other_Amphibian,0.2611,3226.0,1969.5,3349.4,2111.5
/srv/shared_leopard_toad/2025/Documents/06.10-13.10.2025/4Z/106MEDIA/DSCF0640.JPG,DSCF0640.JPG,4Z/106MEDIA,0,Other_Amphibian,0.2584,3225.0,1967.9,3350.5,2108.7
/srv/shared_leopard_toad/2025/Documents/06.10-13.10.2025/4Z/106MEDIA/DSCF0623.JPG,DSCF0623.JPG,4Z/106MEDIA,0,Other_Amphibian,0.2848,3227.6,1968.8,3351.0,2112.5
/srv/shared_leopard_toad/2025/Documents/06.10-13.10.2025/4Z/106MEDIA/DSCF0623.JPG,DSCF0623.JPG,4Z/106MEDIA,0,Other_Amphibian,0.2638,3220.1,1967.1,3347.8,2108.6
/srv/shared_leopard_toad/2025/Documents/06.10-13.10.2025/4Z/106MEDIA/DSCF0734.JPG,DSCF0734.JPG,4Z/106MEDIA,2,Western_Leopard_Toad,0.3791,3655.1,1656.7,3925.9,1922.5
/srv/shared_leopard_toad/2025/Documents/06.10-13.10.2025/4Z/106MEDIA/DSCF0734.JPG,DSCF0734.JPG,4Z/106MEDIA,0,Other_Amphibian,0.2402,3222.3,1966.4,3348.7,2108.7
/srv/shared_leopard_toad/2025/Documents/06.10-13.10.2025/4Z/106MEDIA/DSCF0734.JPG,DSCF0734.JPG,4Z/106MEDIA,0,Other_Amphibian,0.2277,3229.0,1970.1,3352.0,2113.7
/srv/shared_leopard_toad/2025/Documents/06.10-13.10.2025/4Z/106MEDIA/DSCF0518.JPG,DSCF0518.JPG,4Z/106MEDIA,2,Western_Leopard_Toad,0.5227,3652.9,1656.5,3927.5,1922.7
/srv/shared_leopard_toad/2025/Documents/06.10-13.10.2025/4Z/106MEDIA/DSCF0777.JPG,DSCF0777.JPG,4Z/106MEDIA,2,Western_Leopard_Toad,0.3371,3656.0,1654.8,3926.1,1922.2
/srv/shared_leopard_toad/2025/Documents/06.10-13.10.2025/4Z/106MEDIA/DSCF0777.JPG,DSCF0777.JPG,4Z/106MEDIA,0,Other_Amphibian,0.2542,3227.3,1968.0,3349.4,2112.1
/srv/shared_leopard_toad/2025/Documents/06.10-13.10.2025/4Z/106MEDIA/DSCF0777.JPG,DSCF0777.JPG,4Z/106MEDIA,0,Other_Amphibian,0.2463,3221.3,1966.3,3347.7,2108.4
/srv/shared_leopard_toad/2025/Documents/06.10-13.10.2025/4Z/106MEDIA/DSCF0167.JPG,DSCF0167.JPG,4Z/106MEDIA,0,Other_Amphibian,0.2493,3225.1,1966.5,3350.2,2106.4
/srv/shared_leopard_toad/2025/Documents/06.10-13.10.2025/4Z/106MEDIA/DSCF0167.JPG,DSCF0167.JPG,4Z/106MEDIA,0,Other_Amphibian,0.2452,3228.4,1969.0,3350.3,2109.5
/srv/shared_leopard_toad/2025/Documents/06.10-13.10.2025/4Z/106MEDIA/DSCF0273.JPG,DSCF0273.JPG,4Z/106MEDIA,2,Western_Leopard_Toad,0.3162,3654.5,1656.0,3925.8,1923.0
/srv/shared_leopard_toad/2025/Documents/06.10-13.10.2025/4Z/106MEDIA/DSCF0273.JPG,DSCF0273.JPG,4Z/106MEDIA,0,Other_Amphibian,0.2443,3221.1,1967.8,3346.3,2107.0
/srv/shared_leopard_toad/2025/Documents/06.10-13.10.2025/4Z/106MEDIA/DSCF0273.JPG,DSCF0273.JPG,4Z/106MEDIA,0,Other_Amphibian,0.2325,3229.2,1973.4,3349.8,2113.4
/srv/shared_leopard_toad/2025/Documents/06.10-13.10.2025/4Z/106MEDIA/DSCF0038.JPG,DSCF0038.JPG,4Z/106MEDIA,2,Western_Leopard_Toad,0.2963,3655.0,1655.9,3929.5,1924.5
/srv/shared_leopard_toad/2025/Documents/06.10-13.10.2025/4Z/106MEDIA/DSCF0038.JPG,DSCF0038.JPG,4Z/106MEDIA,0,Other_Amphibian,0.2875,3221.5,1967.3,3348.6,2107.9
/srv/shared_leopard_toad/2025/Documents/06.10-13.10.2025/4Z/106MEDIA/DSCF0038.JPG,DSCF0038.JPG,4Z/106MEDIA,0,Other_Amphibian,0.2433,3228.0,1971.4,3351.6,2112.7
/srv/shared_leopard_toad/2025/Documents/06.10-13.10.2025/4Z/106MEDIA/DSCF0891.JPG,DSCF0891.JPG,4Z/106MEDIA,0,Other_Amphibian,0.2266,3225.6,1968.8,3347.7,2111.8
/srv/shared_leopard_toad/2025/Documents/06.10-13.10.2025/4Z/106MEDIA/DSCF0891.JPG,DSCF0891.JPG,4Z/106MEDIA,2,Western_Leopard_Toad,0.2239,3652.4,1657.4,3925.4,1924.3
/srv/shared_leopard_toad/2025/Documents/06.10-13.10.2025/4Z/106MEDIA/DSCF0891.JPG,DSCF0891.JPG,4Z/106MEDIA,0,Other_Amphibian,0.2136,3221.5,1967.2,3348.1,2108.3
/srv/shared_leopard_toad/2025/Documents/06.10-13.10.2025/4Z/106MEDIA/DSCF0636.JPG,DSCF0636.JPG,4Z/106MEDIA,2,Western_Leopard_Toad,0.3519,3655.4,1655.1,3928.6,1922.9
/srv/shared_leopard_toad/2025/Documents/06.10-13.10.2025/4Z/106MEDIA/DSCF0636.JPG,DSCF0636.JPG,4Z/106MEDIA,0,Other_Amphibian,0.2705,3218.8,1968.8,3348.6,2107.6
/srv/shared_leopard_toad/2025/Documents/06.10-13.10.2025/4Z/106MEDIA/DSCF0636.JPG,DSCF0636.JPG,4Z/106MEDIA,0,Other_Amphibian,0.2605,3227.0,1971.5,3352.5,2111.6
/srv/shared_leopard_toad/2025/Documents/06.10-13.10.2025/4Z/106MEDIA/DSCF0089.JPG,DSCF0089.JPG,4Z/106MEDIA,0,Other_Amphibian,0.2450,3222.7,1966.9,3348.4,2107.0
/srv/shared_leopard_toad/2025/Documents/06.10-13.10.2025/4Z/106MEDIA/DSCF0089.JPG,DSCF0089.JPG,4Z/106MEDIA,0,Other_Amphibian,0.2100,3230.7,1974.7,3351.8,2115.9
/srv/shared_leopard_toad/2025/Documents/06.10-13.10.2025/4Z/106MEDIA/DSCF0089.JPG,DSCF0089.JPG,4Z/106MEDIA,2,Western_Leopard_Toad,0.2069,3656.2,1656.9,3926.3,1922.5
/srv/shared_leopard_toad/2025/Documents/06.10-13.10.2025/4Z/106MEDIA/DSCF0827.JPG,DSCF0827.JPG,4Z/106MEDIA,0,Other_Amphibian,0.2086,3224.5,1970.7,3348.3,2113.1
/srv/shared_leopard_toad/2025/Documents/06.10-13.10.2025/4Z/106MEDIA/DSCF0560.JPG,DSCF0560.JPG,4Z/106MEDIA,2,Western_Leopard_Toad,0.2051,3654.4,1656.7,3924.3,1924.1
/srv/shared_leopard_toad/2025/Documents/06.10-13.10.2025/4Z/106MEDIA/DSCF0802.JPG,DSCF0802.JPG,4Z/106MEDIA,2,Western_Leopard_Toad,0.2961,3653.2,1655.0,3926.1,1923.7
/srv/shared_leopard_toad/2025/Documents/06.10-13.10.2025/4Z/106MEDIA/DSCF0802.JPG,DSCF0802.JPG,4Z/106MEDIA,0,Other_Amphibian,0.2011,3223.5,1968.1,3346.9,2110.4
/srv/shared_leopard_toad/2025/Documents/06.10-13.10.2025/4Z/106MEDIA/DSCF0802.JPG,DSCF0802.JPG,4Z/106MEDIA,0,Other_Amphibian,0.2005,3225.9,1966.9,3351.6,2108.4
/srv/shared_leopard_toad/2025/Documents/06.10-13.10.2025/4Z/106MEDIA/DSCF0720.JPG,DSCF0720.JPG,4Z/106MEDIA,2,Western_Leopard_Toad,0.3759,3653.6,1657.9,3927.4,1924.2
/srv/shared_leopard_toad/2025/Documents/06.10-13.10.2025/4Z/106MEDIA/DSCF0339.JPG,DSCF0339.JPG,4Z/106MEDIA,0,Other_Amphibian,0.2637,3223.3,1967.3,3347.8,2106.3
/srv/shared_leopard_toad/2025/Documents/06.10-13.10.2025/4Z/106MEDIA/DSCF0339.JPG,DSCF0339.JPG,4Z/106MEDIA,2,Western_Leopard_Toad,0.2538,3654.2,1657.6,3926.2,1923.6
/srv/shared_leopard_toad/2025/Documents/06.10-13.10.2025/4Z/106MEDIA/DSCF0339.JPG,DSCF0339.JPG,4Z/106MEDIA,0,Other_Amphibian,0.2418,3230.1,1972.6,3350.4,2112.3
/srv/shared_leopard_toad/2025/Documents/06.10-13.10.2025/4Z/106MEDIA/DSCF0164.JPG,DSCF0164.JPG,4Z/106MEDIA,0,Other_Amphibian,0.3274,3220.1,1967.0,3347.8,2107.1
/srv/shared_leopard_toad/2025/Documents/06.10-13.10.2025/4Z/106MEDIA/DSCF0164.JPG,DSCF0164.JPG,4Z/106MEDIA,0,Other_Amphibian,0.2848,3229.9,1970.6,3353.5,2111.5
/srv/shared_leopard_toad/2025/Documents/06.10-13.10.2025/4Z/106MEDIA/DSCF0164.JPG,DSCF0164.JPG,4Z/106MEDIA,2,Western_Leopard_Toad,0.2714,3655.0,1656.6,3928.0,1922.4
/srv/shared_leopard_toad/2025/Documents/06.10-13.10.2025/4Z/106MEDIA/DSCF0983.JPG,DSCF0983.JPG,4Z/106MEDIA,2,Western_Leopard_Toad,0.8641,3643.7,1660.0,3931.0,1922.4
/srv/shared_leopard_toad/2025/Documents/06.10-13.10.2025/4Z/106MEDIA/DSCF0983.JPG,DSCF0983.JPG,4Z/106MEDIA,0,Other_Amphibian,0.4689,3218.2,1958.7,3353.9,2112.5
/srv/shared_leopard_toad/2025/Documents/06.10-13.10.2025/4Z/106MEDIA/DSCF0983.JPG,DSCF0983.JPG,4Z/106MEDIA,0,Other_Amphibian,0.4453,3222.0,1957.8,3351.6,2111.5
/srv/shared_leopard_toad/2025/Documents/06.10-13.10.2025/4Z/106MEDIA/DSCF0983.JPG,DSCF0983.JPG,4Z/106MEDIA,2,Western_Leopard_Toad,0.4426,3654.3,1662.8,3938.7,1924.4
/srv/shared_leopard_toad/2025/Documents/06.10-13.10.2025/4Z/106MEDIA/DSCF0461.JPG,DSCF0461.JPG,4Z/106MEDIA,2,Western_Leopard_Toad,0.4866,3655.8,1650.0,3930.7,1921.1
/srv/shared_leopard_toad/2025/Documents/06.10-13.10.2025/4Z/106MEDIA/DSCF0458.JPG,DSCF0458.JPG,4Z/106MEDIA,0,Other_Amphibian,0.2752,3222.8,1967.4,3348.8,2107.4
/srv/shared_leopard_toad/2025/Documents/06.10-13.10.2025/4Z/106MEDIA/DSCF0458.JPG,DSCF0458.JPG,4Z/106MEDIA,0,Other_Amphibian,0.2487,3230.8,1972.1,3352.4,2113.1
/srv/shared_leopard_toad/2025/Documents/06.10-13.10.2025/4Z/106MEDIA/DSCF0458.JPG,DSCF0458.JPG,4Z/106MEDIA,2,Western_Leopard_Toad,0.2405,3656.1,1649.3,3926.2,1922.0
/srv/shared_leopard_toad/2025/Documents/06.10-13.10.2025/4Z/106MEDIA/DSCF0344.JPG,DSCF0344.JPG,4Z/106MEDIA,0,Other_Amphibian,0.2735,3229.3,1969.5,3351.0,2110.6
/srv/shared_leopard_toad/2025/Documents/06.10-13.10.2025/4Z/106MEDIA/DSCF0344.JPG,DSCF0344.JPG,4Z/106MEDIA,0,Other_Amphibian,0.2685,3224.8,1967.4,3350.7,2107.0
/srv/shared_leopard_toad/2025/Documents/06.10-13.10.2025/4Z/106MEDIA/DSCF0194.JPG,DSCF0194.JPG,4Z/106MEDIA,2,Western_Leopard_Toad,0.3317,3654.0,1657.0,3926.4,1924.4
/srv/shared_leopard_toad/2025/Documents/06.10-13.10.2025/4Z/106MEDIA/DSCF0194.JPG,DSCF0194.JPG,4Z/106MEDIA,0,Other_Amphibian,0.2505,3225.7,1966.7,3348.6,2106.0
/srv/shared_leopard_toad/2025/Documents/06.10-13.10.2025/4Z/106MEDIA/DSCF0712.JPG,DSCF0712.JPG,4Z/106MEDIA,2,Western_Leopard_Toad,0.4501,3654.3,1656.5,3928.8,1922.8
/srv/shared_leopard_toad/2025/Documents/06.10-13.10.2025/4Z/106MEDIA/DSCF0712.JPG,DSCF0712.JPG,4Z/106MEDIA,0,Other_Amphibian,0.3979,3216.6,1966.9,3344.9,2108.5
/srv/shared_leopard_toad/2025/Documents/06.10-13.10.2025/4Z/106MEDIA/DSCF0712.JPG,DSCF0712.JPG,4Z/106MEDIA,0,Other_Amphibian,0.3179,3227.4,1968.8,3350.7,2111.5
/srv/shared_leopard_toad/2025/Documents/06.10-13.10.2025/4Z/106MEDIA/DSCF0501.JPG,DSCF0501.JPG,4Z/106MEDIA,2,Western_Leopard_Toad,0.3011,3654.2,1652.2,3927.2,1921.9
/srv/shared_leopard_toad/2025/Documents/06.10-13.10.2025/4Z/106MEDIA/DSCF0501.JPG,DSCF0501.JPG,4Z/106MEDIA,0,Other_Amphibian,0.2035,3223.3,1966.6,3347.7,2106.1
/srv/shared_leopard_toad/2025/Documents/06.10-13.10.2025/4Z/106MEDIA/DSCF0233.JPG,DSCF0233.JPG,4Z/106MEDIA,2,Western_Leopard_Toad,0.3707,3655.8,1657.2,3927.3,1922.7
/srv/shared_leopard_toad/2025/Documents/06.10-13.10.2025/4Z/106MEDIA/DSCF0233.JPG,DSCF0233.JPG,4Z/106MEDIA,0,Other_Amphibian,0.2579,3223.7,1967.3,3347.8,2107.1
/srv/shared_leopard_toad/2025/Documents/06.10-13.10.2025/4Z/106MEDIA/DSCF0233.JPG,DSCF0233.JPG,4Z/106MEDIA,0,Other_Amphibian,0.2444,3231.6,1968.9,3351.6,2110.7
/srv/shared_leopard_toad/2025/Documents/06.10-13.10.2025/4Z/106MEDIA/DSCF0489.JPG,DSCF0489.JPG,4Z/106MEDIA,0,Other_Amphibian,0.2882,3657.3,1653.9,3927.5,1923.3
/srv/shared_leopard_toad/2025/Documents/06.10-13.10.2025/4Z/106MEDIA/DSCF0489.JPG,DSCF0489.JPG,4Z/106MEDIA,0,Other_Amphibian,0.2510,3222.0,1967.1,3346.5,2107.9
/srv/shared_leopard_toad/2025/Documents/06.10-13.10.2025/4Z/106MEDIA/DSCF0489.JPG,DSCF0489.JPG,4Z/106MEDIA,0,Other_Amphibian,0.2315,3229.0,1972.3,3349.9,2113.7
/srv/shared_leopard_toad/2025/Documents/06.10-13.10.2025/4Z/106MEDIA/DSCF0553.JPG,DSCF0553.JPG,4Z/106MEDIA,0,Other_Amphibian,0.2705,3222.6,1965.5,3347.2,2107.2
/srv/shared_leopard_toad/2025/Documents/06.10-13.10.2025/4Z/106MEDIA/DSCF0553.JPG,DSCF0553.JPG,4Z/106MEDIA,0,Other_Amphibian,0.2584,3227.6,1968.2,3349.8,2110.8
/srv/shared_leopard_toad/2025/Documents/06.10-13.10.2025/4Z/106MEDIA/DSCF0553.JPG,DSCF0553.JPG,4Z/106MEDIA,2,Western_Leopard_Toad,0.2337,3655.6,1656.4,3926.5,1924.0
/srv/shared_leopard_toad/2025/Documents/06.10-13.10.2025/4Z/106MEDIA/DSCF0077.JPG,DSCF0077.JPG,4Z/106MEDIA,2,Western_Leopard_Toad,0.2552,3653.3,1656.4,3928.0,1923.5
/srv/shared_leopard_toad/2025/Documents/06.10-13.10.2025/4Z/106MEDIA/DSCF0077.JPG,DSCF0077.JPG,4Z/106MEDIA,0,Other_Amphibian,0.2416,3222.2,1968.9,3349.6,2108.1
/srv/shared_leopard_toad/2025/Documents/06.10-13.10.2025/4Z/106MEDIA/DSCF0077.JPG,DSCF0077.JPG,4Z/106MEDIA,0,Other_Amphibian,0.2298,3229.6,1972.8,3353.0,2112.9
/srv/shared_leopard_toad/2025/Documents/06.10-13.10.2025/4Z/106MEDIA/DSCF0350.JPG,DSCF0350.JPG,4Z/106MEDIA,2,Western_Leopard_Toad,0.2297,3655.2,1656.4,3925.9,1924.4
/srv/shared_leopard_toad/2025/Documents/06.10-13.10.2025/4Z/106MEDIA/DSCF0390.JPG,DSCF0390.JPG,4Z/106MEDIA,2,Western_Leopard_Toad,0.2658,3655.3,1653.9,3926.4,1925.8
/srv/shared_leopard_toad/2025/Documents/06.10-13.10.2025/4Z/106MEDIA/DSCF0390.JPG,DSCF0390.JPG,4Z/106MEDIA,0,Other_Amphibian,0.2054,3224.2,1967.9,3348.3,2106.9
/srv/shared_leopard_toad/2025/Documents/06.10-13.10.2025/4Z/106MEDIA/DSCF0185.JPG,DSCF0185.JPG,4Z/106MEDIA,2,Western_Leopard_Toad,0.3076,3653.7,1659.1,3924.8,1922.9
/srv/shared_leopard_toad/2025/Documents/06.10-13.10.2025/4Z/106MEDIA/DSCF0185.JPG,DSCF0185.JPG,4Z/106MEDIA,0,Other_Amphibian,0.2926,3223.1,1966.9,3348.0,2105.7
/srv/shared_leopard_toad/2025/Documents/06.10-13.10.2025/4Z/106MEDIA/DSCF0185.JPG,DSCF0185.JPG,4Z/106MEDIA,0,Other_Amphibian,0.2498,3228.1,1971.6,3348.5,2111.2
/srv/shared_leopard_toad/2025/Documents/06.10-13.10.2025/4Z/106MEDIA/DSCF0539.JPG,DSCF0539.JPG,4Z/106MEDIA,0,Other_Amphibian,0.3431,3220.0,1966.1,3347.2,2106.5
/srv/shared_leopard_toad/2025/Documents/06.10-13.10.2025/4Z/106MEDIA/DSCF0539.JPG,DSCF0539.JPG,4Z/106MEDIA,2,Western_Leopard_Toad,0.3354,3653.9,1655.0,3928.9,1923.1
/srv/shared_leopard_toad/2025/Documents/06.10-13.10.2025/4Z/106MEDIA/DSCF0539.JPG,DSCF0539.JPG,4Z/106MEDIA,0,Other_Amphibian,0.2689,3229.2,1970.8,3351.3,2112.4
/srv/shared_leopard_toad/2025/Documents/06.10-13.10.2025/4Z/106MEDIA/DSCF0051.JPG,DSCF0051.JPG,4Z/106MEDIA,2,Western_Leopard_Toad,0.3199,3656.0,1655.1,3929.7,1922.9
/srv/shared_leopard_toad/2025/Documents/06.10-13.10.2025/4Z/106MEDIA/DSCF0051.JPG,DSCF0051.JPG,4Z/106MEDIA,0,Other_Amphibian,0.2999,3221.2,1967.3,3351.2,2107.7
/srv/shared_leopard_toad/2025/Documents/06.10-13.10.2025/4Z/106MEDIA/DSCF0051.JPG,DSCF0051.JPG,4Z/106MEDIA,0,Other_Amphibian,0.2758,3226.9,1969.2,3353.8,2110.5
/srv/shared_leopard_toad/2025/Documents/06.10-13.10.2025/4Z/106MEDIA/DSCF0286.JPG,DSCF0286.JPG,4Z/106MEDIA,2,Western_Leopard_Toad,0.3564,3655.4,1656.2,3928.3,1922.8
/srv/shared_leopard_toad/2025/Documents/06.10-13.10.2025/4Z/106MEDIA/DSCF0292.JPG,DSCF0292.JPG,4Z/106MEDIA,2,Western_Leopard_Toad,0.2732,3656.2,1653.8,3927.7,1924.4
/srv/shared_leopard_toad/2025/Documents/06.10-13.10.2025/4Z/106MEDIA/DSCF0292.JPG,DSCF0292.JPG,4Z/106MEDIA,0,Other_Amphibian,0.2416,3223.3,1967.3,3350.2,2107.0
/srv/shared_leopard_toad/2025/Documents/06.10-13.10.2025/4Z/106MEDIA/DSCF0292.JPG,DSCF0292.JPG,4Z/106MEDIA,0,Other_Amphibian,0.2305,3228.6,1970.5,3351.8,2110.6
/srv/shared_leopard_toad/2025/Documents/06.10-13.10.2025/4Z/106MEDIA/DSCF0429.JPG,DSCF0429.JPG,4Z/106MEDIA,2,Western_Leopard_Toad,0.3053,3653.9,1657.2,3926.8,1922.7
/srv/shared_leopard_toad/2025/Documents/06.10-13.10.2025/4Z/106MEDIA/DSCF0429.JPG,DSCF0429.JPG,4Z/106MEDIA,0,Other_Amphibian,0.2342,3225.4,1967.4,3348.6,2105.8
/srv/shared_leopard_toad/2025/Documents/06.10-13.10.2025/4Z/106MEDIA/DSCF0431.JPG,DSCF0431.JPG,4Z/106MEDIA,0,Other_Amphibian,0.2676,3223.9,1968.2,3348.8,2106.0
/srv/shared_leopard_toad/2025/Documents/06.10-13.10.2025/4Z/106MEDIA/DSCF0431.JPG,DSCF0431.JPG,4Z/106MEDIA,2,Western_Leopard_Toad,0.2605,3654.6,1657.3,3926.4,1923.4
/srv/shared_leopard_toad/2025/Documents/06.10-13.10.2025/4Z/106MEDIA/DSCF0431.JPG,DSCF0431.JPG,4Z/106MEDIA,0,Other_Amphibian,0.2160,3230.7,1974.6,3352.0,2112.9
/srv/shared_leopard_toad/2025/Documents/06.10-13.10.2025/4Z/106MEDIA/DSCF0834.JPG,DSCF0834.JPG,4Z/106MEDIA,0,Other_Amphibian,0.2964,3221.5,1965.8,3348.4,2106.3
/srv/shared_leopard_toad/2025/Documents/06.10-13.10.2025/4Z/106MEDIA/DSCF0834.JPG,DSCF0834.JPG,4Z/106MEDIA,0,Other_Amphibian,0.2832,3225.7,1965.6,3348.5,2107.7
/srv/shared_leopard_toad/2025/Documents/06.10-13.10.2025/4Z/106MEDIA/DSCF0834.JPG,DSCF0834.JPG,4Z/106MEDIA,2,Western_Leopard_Toad,0.2730,3655.4,1655.1,3926.5,1922.1
/srv/shared_leopard_toad/2025/Documents/06.10-13.10.2025/4Z/106MEDIA/DSCF0822.JPG,DSCF0822.JPG,4Z/106MEDIA,0,Other_Amphibian,0.2842,3219.8,1966.1,3346.9,2107.5
/srv/shared_leopard_toad/2025/Documents/06.10-13.10.2025/4Z/106MEDIA/DSCF0822.JPG,DSCF0822.JPG,4Z/106MEDIA,2,Western_Leopard_Toad,0.2713,3653.9,1656.8,3926.5,1923.7
/srv/shared_leopard_toad/2025/Documents/06.10-13.10.2025/4Z/106MEDIA/DSCF0822.JPG,DSCF0822.JPG,4Z/106MEDIA,0,Other_Amphibian,0.2432,3223.2,1969.0,3346.1,2111.9
/srv/shared_leopard_toad/2025/Documents/06.10-13.10.2025/4Z/106MEDIA/DSCF0792.JPG,DSCF0792.JPG,4Z/106MEDIA,2,Western_Leopard_Toad,0.4302,3655.2,1656.5,3927.3,1922.0
/srv/shared_leopard_toad/2025/Documents/06.10-13.10.2025/4Z/106MEDIA/DSCF0792.JPG,DSCF0792.JPG,4Z/106MEDIA,0,Other_Amphibian,0.2843,3225.6,1966.1,3350.3,2109.4
/srv/shared_leopard_toad/2025/Documents/06.10-13.10.2025/4Z/106MEDIA/DSCF0792.JPG,DSCF0792.JPG,4Z/106MEDIA,0,Other_Amphibian,0.2771,3219.5,1966.8,3347.8,2108.3
/srv/shared_leopard_toad/2025/Documents/06.10-13.10.2025/4Z/106MEDIA/DSCF0807.JPG,DSCF0807.JPG,4Z/106MEDIA,0,Other_Amphibian,0.2662,3227.3,1965.7,3351.7,2109.7
/srv/shared_leopard_toad/2025/Documents/06.10-13.10.2025/4Z/106MEDIA/DSCF0807.JPG,DSCF0807.JPG,4Z/106MEDIA,0,Other_Amphibian,0.2516,3221.3,1966.4,3349.9,2108.6
/srv/shared_leopard_toad/2025/Documents/06.10-13.10.2025/4Z/106MEDIA/DSCF0807.JPG,DSCF0807.JPG,4Z/106MEDIA,2,Western_Leopard_Toad,0.2475,3654.5,1657.0,3924.9,1923.7
/srv/shared_leopard_toad/2025/Documents/06.10-13.10.2025/4Z/106MEDIA/DSCF0341.JPG,DSCF0341.JPG,4Z/106MEDIA,2,Western_Leopard_Toad,0.3001,3654.9,1655.4,3926.0,1922.4
/srv/shared_leopard_toad/2025/Documents/06.10-13.10.2025/4Z/106MEDIA/DSCF0341.JPG,DSCF0341.JPG,4Z/106MEDIA,0,Other_Amphibian,0.2171,3222.6,1967.3,3347.1,2105.8
/srv/shared_leopard_toad/2025/Documents/06.10-13.10.2025/4Z/106MEDIA/DSCF0304.JPG,DSCF0304.JPG,4Z/106MEDIA,2,Western_Leopard_Toad,0.2339,3655.6,1657.0,3925.5,1923.1
/srv/shared_leopard_toad/2025/Documents/06.10-13.10.2025/4Z/106MEDIA/DSCF0507.JPG,DSCF0507.JPG,4Z/106MEDIA,2,Western_Leopard_Toad,0.2171,3654.6,1657.3,3924.8,1924.2
/srv/shared_leopard_toad/2025/Documents/06.10-13.10.2025/4Z/106MEDIA/DSCF0507.JPG,DSCF0507.JPG,4Z/106MEDIA,0,Other_Amphibian,0.2041,3232.2,1976.3,3353.7,2117.6
/srv/shared_leopard_toad/2025/Documents/06.10-13.10.2025/4Z/106MEDIA/DSCF0681.JPG,DSCF0681.JPG,4Z/106MEDIA,2,Western_Leopard_Toad,0.2140,3654.8,1658.3,3926.4,1924.7
/srv/shared_leopard_toad/2025/Documents/06.10-13.10.2025/4Z/106MEDIA/DSCF0681.JPG,DSCF0681.JPG,4Z/106MEDIA,0,Other_Amphibian,0.2023,3227.3,1969.0,3350.4,2112.2
/srv/shared_leopard_toad/2025/Documents/06.10-13.10.2025/4Z/106MEDIA/DSCF0592.JPG,DSCF0592.JPG,4Z/106MEDIA,2,Western_Leopard_Toad,0.4446,3652.9,1654.9,3930.5,1923.1
/srv/shared_leopard_toad/2025/Documents/06.10-13.10.2025/4Z/106MEDIA/DSCF0592.JPG,DSCF0592.JPG,4Z/106MEDIA,0,Other_Amphibian,0.2796,3221.7,1967.1,3349.0,2108.7
/srv/shared_leopard_toad/2025/Documents/06.10-13.10.2025/4Z/106MEDIA/DSCF0592.JPG,DSCF0592.JPG,4Z/106MEDIA,0,Other_Amphibian,0.2522,3228.2,1969.6,3352.0,2113.0
/srv/shared_leopard_toad/2025/Documents/06.10-13.10.2025/4Z/106MEDIA/DSCF0574.JPG,DSCF0574.JPG,4Z/106MEDIA,2,Western_Leopard_Toad,0.2936,3655.3,1655.9,3926.4,1924.6
/srv/shared_leopard_toad/2025/Documents/06.10-13.10.2025/4Z/106MEDIA/DSCF0574.JPG,DSCF0574.JPG,4Z/106MEDIA,0,Other_Amphibian,0.2255,3223.4,1967.6,3348.9,2108.2
/srv/shared_leopard_toad/2025/Documents/06.10-13.10.2025/4Z/106MEDIA/DSCF0574.JPG,DSCF0574.JPG,4Z/106MEDIA,0,Other_Amphibian,0.2057,3228.6,1971.5,3351.6,2112.9
/srv/shared_leopard_toad/2025/Documents/06.10-13.10.2025/4Z/106MEDIA/DSCF0795.JPG,DSCF0795.JPG,4Z/106MEDIA,0,Other_Amphibian,0.3043,3226.0,1966.3,3352.0,2111.2
/srv/shared_leopard_toad/2025/Documents/06.10-13.10.2025/4Z/106MEDIA/DSCF0795.JPG,DSCF0795.JPG,4Z/106MEDIA,0,Other_Amphibian,0.2780,3219.3,1967.1,3349.5,2110.0
/srv/shared_leopard_toad/2025/Documents/06.10-13.10.2025/4Z/106MEDIA/DSCF0795.JPG,DSCF0795.JPG,4Z/106MEDIA,2,Western_Leopard_Toad,0.2085,3652.6,1656.3,3924.9,1924.9
/srv/shared_leopard_toad/2025/Documents/06.10-13.10.2025/4Z/106MEDIA/DSCF0003.JPG,DSCF0003.JPG,4Z/106MEDIA,0,Other_Amphibian,0.2978,3657.0,1656.8,3928.7,1923.5
/srv/shared_leopard_toad/2025/Documents/06.10-13.10.2025/4Z/106MEDIA/DSCF0003.JPG,DSCF0003.JPG,4Z/106MEDIA,0,Other_Amphibian,0.2058,3227.1,1968.1,3350.1,2108.3
/srv/shared_leopard_toad/2025/Documents/06.10-13.10.2025/4Z/106MEDIA/DSCF0003.JPG,DSCF0003.JPG,4Z/106MEDIA,0,Other_Amphibian,0.2056,3229.3,1972.0,3350.6,2112.7
/srv/shared_leopard_toad/2025/Documents/06.10-13.10.2025/4Z/106MEDIA/DSCF0207.JPG,DSCF0207.JPG,4Z/106MEDIA,2,Western_Leopard_Toad,0.3009,3655.8,1657.9,3925.3,1922.8
/srv/shared_leopard_toad/2025/Documents/06.10-13.10.2025/4Z/106MEDIA/DSCF0207.JPG,DSCF0207.JPG,4Z/106MEDIA,0,Other_Amphibian,0.2332,3222.9,1966.2,3346.4,2105.2
/srv/shared_leopard_toad/2025/Documents/06.10-13.10.2025/4Z/106MEDIA/DSCF0393.JPG,DSCF0393.JPG,4Z/106MEDIA,2,Western_Leopard_Toad,0.4150,3655.3,1655.7,3931.5,1924.0
/srv/shared_leopard_toad/2025/Documents/06.10-13.10.2025/4Z/106MEDIA/DSCF0780.JPG,DSCF0780.JPG,4Z/106MEDIA,2,Western_Leopard_Toad,0.3532,3652.4,1656.7,3925.5,1924.1
/srv/shared_leopard_toad/2025/Documents/06.10-13.10.2025/4Z/106MEDIA/DSCF0780.JPG,DSCF0780.JPG,4Z/106MEDIA,0,Other_Amphibian,0.2331,3227.7,1968.2,3350.4,2112.1
/srv/shared_leopard_toad/2025/Documents/06.10-13.10.2025/4Z/106MEDIA/DSCF0780.JPG,DSCF0780.JPG,4Z/106MEDIA,0,Other_Amphibian,0.2196,3220.4,1967.6,3347.7,2109.4
/srv/shared_leopard_toad/2025/Documents/06.10-13.10.2025/4Z/106MEDIA/DSCF0986.JPG,DSCF0986.JPG,4Z/106MEDIA,2,Western_Leopard_Toad,0.8525,3645.3,1659.0,3933.6,1922.9
/srv/shared_leopard_toad/2025/Documents/06.10-13.10.2025/4Z/106MEDIA/DSCF0986.JPG,DSCF0986.JPG,4Z/106MEDIA,0,Other_Amphibian,0.4250,3218.4,1958.6,3356.4,2114.5
/srv/shared_leopard_toad/2025/Documents/06.10-13.10.2025/4Z/106MEDIA/DSCF0981.JPG,DSCF0981.JPG,4Z/106MEDIA,2,Western_Leopard_Toad,0.7506,3642.8,1657.6,3929.9,1922.8
/srv/shared_leopard_toad/2025/Documents/06.10-13.10.2025/4Z/106MEDIA/DSCF0981.JPG,DSCF0981.JPG,4Z/106MEDIA,0,Other_Amphibian,0.4970,3216.6,1959.7,3351.9,2114.7
/srv/shared_leopard_toad/2025/Documents/06.10-13.10.2025/4Z/106MEDIA/DSCF0981.JPG,DSCF0981.JPG,4Z/106MEDIA,0,Other_Amphibian,0.4582,3221.3,1958.2,3352.6,2112.8
/srv/shared_leopard_toad/2025/Documents/06.10-13.10.2025/4Z/106MEDIA/DSCF0981.JPG,DSCF0981.JPG,4Z/106MEDIA,2,Western_Leopard_Toad,0.3342,5041.9,945.3,5347.2,1326.4
/srv/shared_leopard_toad/2025/Documents/06.10-13.10.2025/4Z/106MEDIA/DSCF0403.JPG,DSCF0403.JPG,4Z/106MEDIA,0,Other_Amphibian,0.2949,3222.3,1966.7,3347.1,2107.2
/srv/shared_leopard_toad/2025/Documents/06.10-13.10.2025/4Z/106MEDIA/DSCF0403.JPG,DSCF0403.JPG,4Z/106MEDIA,0,Other_Amphibian,0.2561,3228.5,1970.1,3349.5,2111.4
/srv/shared_leopard_toad/2025/Documents/06.10-13.10.2025/4Z/106MEDIA/DSCF0369.JPG,DSCF0369.JPG,4Z/106MEDIA,2,Western_Leopard_Toad,0.3219,3654.3,1655.3,3928.9,1922.0
/srv/shared_leopard_toad/2025/Documents/06.10-13.10.2025/4Z/106MEDIA/DSCF0490.JPG,DSCF0490.JPG,4Z/106MEDIA,0,Other_Amphibian,0.3404,3221.6,1966.6,3348.0,2105.8
/srv/shared_leopard_toad/2025/Documents/06.10-13.10.2025/4Z/106MEDIA/DSCF0490.JPG,DSCF0490.JPG,4Z/106MEDIA,0,Other_Amphibian,0.2774,3227.7,1969.6,3349.4,2109.7
/srv/shared_leopard_toad/2025/Documents/06.10-13.10.2025/4Z/106MEDIA/DSCF0490.JPG,DSCF0490.JPG,4Z/106MEDIA,0,Other_Amphibian,0.2243,3653.9,1657.8,3925.2,1923.2
/srv/shared_leopard_toad/2025/Documents/06.10-13.10.2025/4Z/106MEDIA/DSCF0422.JPG,DSCF0422.JPG,4Z/106MEDIA,2,Western_Leopard_Toad,0.3940,3655.5,1653.6,3931.6,1923.1
/srv/shared_leopard_toad/2025/Documents/06.10-13.10.2025/4Z/106MEDIA/DSCF0422.JPG,DSCF0422.JPG,4Z/106MEDIA,0,Other_Amphibian,0.2044,3223.9,1968.8,3349.6,2107.8
/srv/shared_leopard_toad/2025/Documents/06.10-13.10.2025/4Z/106MEDIA/DSCF0549.JPG,DSCF0549.JPG,4Z/106MEDIA,0,Other_Amphibian,0.2146,3229.2,1972.2,3351.9,2114.9
/srv/shared_leopard_toad/2025/Documents/06.10-13.10.2025/4Z/106MEDIA/DSCF0549.JPG,DSCF0549.JPG,4Z/106MEDIA,0,Other_Amphibian,0.2054,3223.4,1966.2,3348.9,2107.8
/srv/shared_leopard_toad/2025/Documents/06.10-13.10.2025/4Z/106MEDIA/DSCF0549.JPG,DSCF0549.JPG,4Z/106MEDIA,2,Western_Leopard_Toad,0.2050,3653.3,1657.8,3922.4,1921.9
/srv/shared_leopard_toad/2025/Documents/06.10-13.10.2025/4Z/106MEDIA/DSCF0817.JPG,DSCF0817.JPG,4Z/106MEDIA,0,Other_Amphibian,0.2991,3224.6,1965.2,3352.2,2107.2
/srv/shared_leopard_toad/2025/Documents/06.10-13.10.2025/4Z/106MEDIA/DSCF0817.JPG,DSCF0817.JPG,4Z/106MEDIA,0,Other_Amphibian,0.2842,3223.7,1967.1,3347.6,2110.4
/srv/shared_leopard_toad/2025/Documents/06.10-13.10.2025/4Z/106MEDIA/DSCF0817.JPG,DSCF0817.JPG,4Z/106MEDIA,2,Western_Leopard_Toad,0.2448,3654.2,1655.7,3924.6,1922.7
/srv/shared_leopard_toad/2025/Documents/06.10-13.10.2025/4Z/106MEDIA/DSCF0649.JPG,DSCF0649.JPG,4Z/106MEDIA,2,Western_Leopard_Toad,0.4542,3656.6,1656.8,3929.7,1923.0
/srv/shared_leopard_toad/2025/Documents/06.10-13.10.2025/4Z/106MEDIA/DSCF0649.JPG,DSCF0649.JPG,4Z/106MEDIA,0,Other_Amphibian,0.3018,3217.4,1967.3,3345.1,2109.6
/srv/shared_leopard_toad/2025/Documents/06.10-13.10.2025/4Z/106MEDIA/DSCF0649.JPG,DSCF0649.JPG,4Z/106MEDIA,0,Other_Amphibian,0.2533,3227.6,1971.7,3349.5,2115.4
/srv/shared_leopard_toad/2025/Documents/06.10-13.10.2025/4Z/106MEDIA/DSCF0912.JPG,DSCF0912.JPG,4Z/106MEDIA,2,Western_Leopard_Toad,0.7830,3644.2,1668.8,3920.2,1935.0
/srv/shared_leopard_toad/2025/Documents/06.10-13.10.2025/4Z/106MEDIA/DSCF0353.JPG,DSCF0353.JPG,4Z/106MEDIA,2,Western_Leopard_Toad,0.2653,3653.9,1655.0,3929.2,1923.7
/srv/shared_leopard_toad/2025/Documents/06.10-13.10.2025/4Z/106MEDIA/DSCF0394.JPG,DSCF0394.JPG,4Z/106MEDIA,0,Other_Amphibian,0.2298,3226.7,1967.0,3349.2,2106.9
/srv/shared_leopard_toad/2025/Documents/06.10-13.10.2025/4Z/106MEDIA/DSCF0394.JPG,DSCF0394.JPG,4Z/106MEDIA,0,Other_Amphibian,0.2274,3655.6,1654.9,3925.7,1925.9
/srv/shared_leopard_toad/2025/Documents/06.10-13.10.2025/4Z/106MEDIA/DSCF0394.JPG,DSCF0394.JPG,4Z/106MEDIA,0,Other_Amphibian,0.2102,3231.3,1973.1,3351.0,2113.2
/srv/shared_leopard_toad/2025/Documents/06.10-13.10.2025/4Z/106MEDIA/DSCF0759.JPG,DSCF0759.JPG,4Z/106MEDIA,2,Western_Leopard_Toad,0.3448,3653.4,1656.8,3927.0,1925.1
/srv/shared_leopard_toad/2025/Documents/06.10-13.10.2025/4Z/106MEDIA/DSCF0759.JPG,DSCF0759.JPG,4Z/106MEDIA,0,Other_Amphibian,0.2998,3219.5,1965.8,3346.3,2107.6
/srv/shared_leopard_toad/2025/Documents/06.10-13.10.2025/4Z/106MEDIA/DSCF0759.JPG,DSCF0759.JPG,4Z/106MEDIA,0,Other_Amphibian,0.2698,3228.4,1966.8,3350.7,2110.4
/srv/shared_leopard_toad/2025/Documents/06.10-13.10.2025/4Z/106MEDIA/DSCF0476.JPG,DSCF0476.JPG,4Z/106MEDIA,0,Other_Amphibian,0.3189,3656.1,1652.7,3928.7,1923.3
/srv/shared_leopard_toad/2025/Documents/06.10-13.10.2025/4Z/106MEDIA/DSCF0476.JPG,DSCF0476.JPG,4Z/106MEDIA,0,Other_Amphibian,0.2419,3223.4,1967.2,3347.6,2107.9
/srv/shared_leopard_toad/2025/Documents/06.10-13.10.2025/4Z/106MEDIA/DSCF0476.JPG,DSCF0476.JPG,4Z/106MEDIA,0,Other_Amphibian,0.2284,3230.6,1971.7,3351.6,2113.5
/srv/shared_leopard_toad/2025/Documents/06.10-13.10.2025/4Z/106MEDIA/DSCF0713.JPG,DSCF0713.JPG,4Z/106MEDIA,2,Western_Leopard_Toad,0.4763,3655.5,1655.8,3929.6,1923.0
/srv/shared_leopard_toad/2025/Documents/06.10-13.10.2025/4Z/106MEDIA/DSCF0713.JPG,DSCF0713.JPG,4Z/106MEDIA,0,Other_Amphibian,0.2763,3218.4,1967.5,3347.5,2109.0
/srv/shared_leopard_toad/2025/Documents/06.10-13.10.2025/4Z/106MEDIA/DSCF0713.JPG,DSCF0713.JPG,4Z/106MEDIA,0,Other_Amphibian,0.2589,3228.6,1971.9,3352.1,2115.2
/srv/shared_leopard_toad/2025/Documents/06.10-13.10.2025/4Z/106MEDIA/DSCF0699.JPG,DSCF0699.JPG,4Z/106MEDIA,2,Western_Leopard_Toad,0.2916,3654.5,1654.6,3929.3,1924.5
/srv/shared_leopard_toad/2025/Documents/06.10-13.10.2025/4Z/106MEDIA/DSCF0699.JPG,DSCF0699.JPG,4Z/106MEDIA,0,Other_Amphibian,0.2267,3224.5,1967.9,3349.1,2112.4
/srv/shared_leopard_toad/2025/Documents/06.10-13.10.2025/4Z/106MEDIA/DSCF0699.JPG,DSCF0699.JPG,4Z/106MEDIA,0,Other_Amphibian,0.2049,3219.1,1967.8,3348.3,2110.5
/srv/shared_leopard_toad/2025/Documents/06.10-13.10.2025/4Z/106MEDIA/DSCF0146.JPG,DSCF0146.JPG,4Z/106MEDIA,0,Other_Amphibian,0.3607,3226.7,1967.0,3351.3,2109.0
/srv/shared_leopard_toad/2025/Documents/06.10-13.10.2025/4Z/106MEDIA/DSCF0146.JPG,DSCF0146.JPG,4Z/106MEDIA,0,Other_Amphibian,0.3574,3219.5,1968.1,3348.8,2108.4
/srv/shared_leopard_toad/2025/Documents/06.10-13.10.2025/4Z/106MEDIA/DSCF0146.JPG,DSCF0146.JPG,4Z/106MEDIA,0,Other_Amphibian,0.2357,3655.4,1655.1,3926.8,1924.5
/srv/shared_leopard_toad/2025/Documents/06.10-13.10.2025/4Z/106MEDIA/DSCF0566.JPG,DSCF0566.JPG,4Z/106MEDIA,0,Other_Amphibian,0.2218,3224.2,1967.8,3350.5,2107.0
/srv/shared_leopard_toad/2025/Documents/06.10-13.10.2025/4Z/106MEDIA/DSCF0566.JPG,DSCF0566.JPG,4Z/106MEDIA,0,Other_Amphibian,0.2128,3228.9,1972.8,3352.3,2112.5
/srv/shared_leopard_toad/2025/Documents/06.10-13.10.2025/4Z/106MEDIA/DSCF0559.JPG,DSCF0559.JPG,4Z/106MEDIA,2,Western_Leopard_Toad,0.2649,3653.0,1655.9,3928.1,1923.9
/srv/shared_leopard_toad/2025/Documents/06.10-13.10.2025/4Z/106MEDIA/DSCF0559.JPG,DSCF0559.JPG,4Z/106MEDIA,0,Other_Amphibian,0.2589,3219.0,1965.9,3346.9,2106.9
/srv/shared_leopard_toad/2025/Documents/06.10-13.10.2025/4Z/106MEDIA/DSCF0559.JPG,DSCF0559.JPG,4Z/106MEDIA,0,Other_Amphibian,0.2167,3227.0,1973.6,3350.8,2115.2
/srv/shared_leopard_toad/2025/Documents/06.10-13.10.2025/4Z/106MEDIA/DSCF0445.JPG,DSCF0445.JPG,4Z/106MEDIA,0,Other_Amphibian,0.3394,3646.8,1657.3,3925.5,1922.5
/srv/shared_leopard_toad/2025/Documents/06.10-13.10.2025/4Z/106MEDIA/DSCF0445.JPG,DSCF0445.JPG,4Z/106MEDIA,0,Other_Amphibian,0.2107,3231.0,1974.8,3352.4,2115.5
/srv/shared_leopard_toad/2025/Documents/06.10-13.10.2025/4Z/106MEDIA/DSCF0445.JPG,DSCF0445.JPG,4Z/106MEDIA,0,Other_Amphibian,0.2104,3223.0,1967.7,3348.8,2106.9
/srv/shared_leopard_toad/2025/Documents/06.10-13.10.2025/4Z/106MEDIA/DSCF0368.JPG,DSCF0368.JPG,4Z/106MEDIA,0,Other_Amphibian,0.2720,3229.6,1970.6,3353.8,2112.6
/srv/shared_leopard_toad/2025/Documents/06.10-13.10.2025/4Z/106MEDIA/DSCF0368.JPG,DSCF0368.JPG,4Z/106MEDIA,0,Other_Amphibian,0.2689,3222.6,1967.4,3350.6,2107.8
/srv/shared_leopard_toad/2025/Documents/06.10-13.10.2025/4Z/106MEDIA/DSCF0656.JPG,DSCF0656.JPG,4Z/106MEDIA,2,Western_Leopard_Toad,0.2406,3654.4,1657.0,3925.8,1923.4
/srv/shared_leopard_toad/2025/Documents/06.10-13.10.2025/4Z/106MEDIA/DSCF0656.JPG,DSCF0656.JPG,4Z/106MEDIA,0,Other_Amphibian,0.2341,3220.6,1966.3,3347.2,2108.6
/srv/shared_leopard_toad/2025/Documents/06.10-13.10.2025/4Z/106MEDIA/DSCF0656.JPG,DSCF0656.JPG,4Z/106MEDIA,0,Other_Amphibian,0.2297,3228.0,1968.5,3350.8,2112.6
/srv/shared_leopard_toad/2025/Documents/06.10-13.10.2025/4Z/106MEDIA/DSCF0994.JPG,DSCF0994.JPG,4Z/106MEDIA,2,Western_Leopard_Toad,0.7337,3648.9,1655.7,3932.0,1922.9
/srv/shared_leopard_toad/2025/Documents/06.10-13.10.2025/4Z/106MEDIA/DSCF0994.JPG,DSCF0994.JPG,4Z/106MEDIA,0,Other_Amphibian,0.5539,3204.8,1954.3,3342.2,2107.5
/srv/shared_leopard_toad/2025/Documents/06.10-13.10.2025/4Z/106MEDIA/DSCF0994.JPG,DSCF0994.JPG,4Z/106MEDIA,0,Other_Amphibian,0.4970,3205.2,1955.4,3340.2,2107.1
/srv/shared_leopard_toad/2025/Documents/06.10-13.10.2025/4Z/106MEDIA/DSCF0366.JPG,DSCF0366.JPG,4Z/106MEDIA,0,Other_Amphibian,0.2141,3223.9,1967.4,3348.3,2106.5
/srv/shared_leopard_toad/2025/Documents/06.10-13.10.2025/4Z/106MEDIA/DSCF0366.JPG,DSCF0366.JPG,4Z/106MEDIA,2,Western_Leopard_Toad,0.2119,3654.6,1654.7,3926.7,1923.4
/srv/shared_leopard_toad/2025/Documents/06.10-13.10.2025/4Z/106MEDIA/DSCF0439.JPG,DSCF0439.JPG,4Z/106MEDIA,0,Other_Amphibian,0.2678,3655.8,1656.0,3927.0,1922.8
/srv/shared_leopard_toad/2025/Documents/06.10-13.10.2025/4Z/106MEDIA/DSCF0439.JPG,DSCF0439.JPG,4Z/106MEDIA,0,Other_Amphibian,0.2165,3223.3,1968.5,3346.9,2105.2
/srv/shared_leopard_toad/2025/Documents/06.10-13.10.2025/4Z/106MEDIA/DSCF0755.JPG,DSCF0755.JPG,4Z/106MEDIA,2,Western_Leopard_Toad,0.6273,3654.0,1654.4,3931.0,1922.1
/srv/shared_leopard_toad/2025/Documents/06.10-13.10.2025/4Z/106MEDIA/DSCF0755.JPG,DSCF0755.JPG,4Z/106MEDIA,0,Other_Amphibian,0.3058,3219.6,1966.7,3347.1,2107.4
/srv/shared_leopard_toad/2025/Documents/06.10-13.10.2025/4Z/106MEDIA/DSCF0755.JPG,DSCF0755.JPG,4Z/106MEDIA,0,Other_Amphibian,0.2346,3226.4,1971.1,3349.1,2112.3
/srv/shared_leopard_toad/2025/Documents/06.10-13.10.2025/4Z/106MEDIA/DSCF0067.JPG,DSCF0067.JPG,4Z/106MEDIA,2,Western_Leopard_Toad,0.3276,3656.6,1655.8,3930.6,1923.5
/srv/shared_leopard_toad/2025/Documents/06.10-13.10.2025/4Z/106MEDIA/DSCF0067.JPG,DSCF0067.JPG,4Z/106MEDIA,0,Other_Amphibian,0.2912,3221.3,1967.1,3345.9,2108.0
/srv/shared_leopard_toad/2025/Documents/06.10-13.10.2025/4Z/106MEDIA/DSCF0067.JPG,DSCF0067.JPG,4Z/106MEDIA,0,Other_Amphibian,0.2584,3227.9,1970.0,3349.1,2112.3
/srv/shared_leopard_toad/2025/Documents/06.10-13.10.2025/4Z/106MEDIA/DSCF0251.JPG,DSCF0251.JPG,4Z/106MEDIA,0,Other_Amphibian,0.2283,3224.5,1966.9,3350.4,2107.6
/srv/shared_leopard_toad/2025/Documents/06.10-13.10.2025/4Z/106MEDIA/DSCF0251.JPG,DSCF0251.JPG,4Z/106MEDIA,0,Other_Amphibian,0.2264,3231.1,1973.2,3353.5,2114.8
/srv/shared_leopard_toad/2025/Documents/06.10-13.10.2025/4Z/106MEDIA/DSCF0372.JPG,DSCF0372.JPG,4Z/106MEDIA,2,Western_Leopard_Toad,0.2337,3654.1,1654.6,3928.7,1922.9
/srv/shared_leopard_toad/2025/Documents/06.10-13.10.2025/4Z/106MEDIA/DSCF0250.JPG,DSCF0250.JPG,4Z/106MEDIA,2,Western_Leopard_Toad,0.2342,3655.4,1657.3,3925.9,1924.1
/srv/shared_leopard_toad/2025/Documents/06.10-13.10.2025/4Z/106MEDIA/DSCF0342.JPG,DSCF0342.JPG,4Z/106MEDIA,2,Western_Leopard_Toad,0.3580,3654.2,1655.2,3928.3,1922.3
/srv/shared_leopard_toad/2025/Documents/06.10-13.10.2025/4Z/106MEDIA/DSCF0342.JPG,DSCF0342.JPG,4Z/106MEDIA,0,Other_Amphibian,0.2112,3223.1,1968.3,3347.2,2107.8
/srv/shared_leopard_toad/2025/Documents/06.10-13.10.2025/4Z/106MEDIA/DSCF0979.JPG,DSCF0979.JPG,4Z/106MEDIA,2,Western_Leopard_Toad,0.8450,3642.0,1660.7,3930.2,1925.4
/srv/shared_leopard_toad/2025/Documents/06.10-13.10.2025/4Z/106MEDIA/DSCF0979.JPG,DSCF0979.JPG,4Z/106MEDIA,0,Other_Amphibian,0.5877,3216.1,1957.6,3348.7,2111.5
/srv/shared_leopard_toad/2025/Documents/06.10-13.10.2025/4Z/106MEDIA/DSCF0979.JPG,DSCF0979.JPG,4Z/106MEDIA,0,Other_Amphibian,0.5863,3216.5,1957.4,3349.3,2111.1
/srv/shared_leopard_toad/2025/Documents/06.10-13.10.2025/4Z/106MEDIA/DSCF0305.JPG,DSCF0305.JPG,4Z/106MEDIA,2,Western_Leopard_Toad,0.3241,3654.8,1655.9,3928.3,1922.7
/srv/shared_leopard_toad/2025/Documents/06.10-13.10.2025/4Z/106MEDIA/DSCF0305.JPG,DSCF0305.JPG,4Z/106MEDIA,0,Other_Amphibian,0.3200,3219.8,1967.0,3346.9,2108.2
/srv/shared_leopard_toad/2025/Documents/06.10-13.10.2025/4Z/106MEDIA/DSCF0305.JPG,DSCF0305.JPG,4Z/106MEDIA,0,Other_Amphibian,0.2827,3226.0,1967.2,3349.5,2109.0
/srv/shared_leopard_toad/2025/Documents/06.10-13.10.2025/4Z/106MEDIA/DSCF0880.JPG,DSCF0880.JPG,4Z/106MEDIA,0,Other_Amphibian,0.2526,3224.9,1967.6,3348.2,2108.7
/srv/shared_leopard_toad/2025/Documents/06.10-13.10.2025/4Z/106MEDIA/DSCF0880.JPG,DSCF0880.JPG,4Z/106MEDIA,0,Other_Amphibian,0.2392,3222.8,1967.6,3349.5,2107.1
/srv/shared_leopard_toad/2025/Documents/06.10-13.10.2025/4Z/106MEDIA/DSCF0938.JPG,DSCF0938.JPG,4Z/106MEDIA,2,Western_Leopard_Toad,0.7816,3641.8,1659.1,3928.5,1925.6
/srv/shared_leopard_toad/2025/Documents/06.10-13.10.2025/4Z/106MEDIA/DSCF0938.JPG,DSCF0938.JPG,4Z/106MEDIA,0,Other_Amphibian,0.5409,3217.1,1965.6,3350.5,2117.9
/srv/shared_leopard_toad/2025/Documents/06.10-13.10.2025/4Z/106MEDIA/DSCF0033.JPG,DSCF0033.JPG,4Z/106MEDIA,2,Western_Leopard_Toad,0.3507,3653.7,1656.0,3928.5,1923.3
/srv/shared_leopard_toad/2025/Documents/06.10-13.10.2025/4Z/106MEDIA/DSCF0033.JPG,DSCF0033.JPG,4Z/106MEDIA,0,Other_Amphibian,0.2509,3221.5,1967.2,3348.7,2108.4
/srv/shared_leopard_toad/2025/Documents/06.10-13.10.2025/4Z/106MEDIA/DSCF0033.JPG,DSCF0033.JPG,4Z/106MEDIA,0,Other_Amphibian,0.2371,3228.6,1970.2,3352.4,2112.9
/srv/shared_leopard_toad/2025/Documents/06.10-13.10.2025/4Z/106MEDIA/DSCF0487.JPG,DSCF0487.JPG,4Z/106MEDIA,0,Other_Amphibian,0.3055,3221.1,1967.4,3347.6,2108.5
/srv/shared_leopard_toad/2025/Documents/06.10-13.10.2025/4Z/106MEDIA/DSCF0487.JPG,DSCF0487.JPG,4Z/106MEDIA,2,Western_Leopard_Toad,0.2549,3655.6,1652.5,3926.1,1923.9
/srv/shared_leopard_toad/2025/Documents/06.10-13.10.2025/4Z/106MEDIA/DSCF0487.JPG,DSCF0487.JPG,4Z/106MEDIA,0,Other_Amphibian,0.2479,3229.1,1972.4,3351.3,2114.3
/srv/shared_leopard_toad/2025/Documents/06.10-13.10.2025/4Z/106MEDIA/DSCF0709.JPG,DSCF0709.JPG,4Z/106MEDIA,2,Western_Leopard_Toad,0.2397,3655.5,1657.0,3924.8,1923.2
/srv/shared_leopard_toad/2025/Documents/06.10-13.10.2025/4Z/106MEDIA/DSCF0709.JPG,DSCF0709.JPG,4Z/106MEDIA,0,Other_Amphibian,0.2281,3226.4,1967.8,3352.1,2112.9
/srv/shared_leopard_toad/2025/Documents/06.10-13.10.2025/4Z/106MEDIA/DSCF0709.JPG,DSCF0709.JPG,4Z/106MEDIA,0,Other_Amphibian,0.2035,3220.1,1967.6,3349.6,2110.3
/srv/shared_leopard_toad/2025/Documents/06.10-13.10.2025/4Z/106MEDIA/DSCF0168.JPG,DSCF0168.JPG,4Z/106MEDIA,2,Western_Leopard_Toad,0.3549,3655.1,1657.1,3927.8,1922.4
/srv/shared_leopard_toad/2025/Documents/06.10-13.10.2025/4Z/106MEDIA/DSCF0168.JPG,DSCF0168.JPG,4Z/106MEDIA,0,Other_Amphibian,0.2088,3224.5,1969.3,3349.5,2108.2
/srv/shared_leopard_toad/2025/Documents/06.10-13.10.2025/4Z/106MEDIA/DSCF0670.JPG,DSCF0670.JPG,4Z/106MEDIA,2,Western_Leopard_Toad,0.2343,3654.5,1657.8,3924.9,1923.4
/srv/shared_leopard_toad/2025/Documents/06.10-13.10.2025/4Z/106MEDIA/DSCF0670.JPG,DSCF0670.JPG,4Z/106MEDIA,0,Other_Amphibian,0.2323,3226.5,1969.3,3347.9,2113.0
/srv/shared_leopard_toad/2025/Documents/06.10-13.10.2025/4Z/106MEDIA/DSCF0670.JPG,DSCF0670.JPG,4Z/106MEDIA,0,Other_Amphibian,0.2214,3222.8,1967.4,3348.7,2109.2
/srv/shared_leopard_toad/2025/Documents/06.10-13.10.2025/4Z/106MEDIA/DSCF0870.JPG,DSCF0870.JPG,4Z/106MEDIA,2,Western_Leopard_Toad,0.2315,3652.0,1658.0,3925.4,1924.4
/srv/shared_leopard_toad/2025/Documents/06.10-13.10.2025/4Z/106MEDIA/DSCF0676.JPG,DSCF0676.JPG,4Z/106MEDIA,0,Other_Amphibian,0.3198,3228.5,1964.7,3351.2,2109.9
/srv/shared_leopard_toad/2025/Documents/06.10-13.10.2025/4Z/106MEDIA/DSCF0676.JPG,DSCF0676.JPG,4Z/106MEDIA,0,Other_Amphibian,0.3114,3220.9,1965.7,3348.3,2108.2
/srv/shared_leopard_toad/2025/Documents/06.10-13.10.2025/4Z/106MEDIA/DSCF0676.JPG,DSCF0676.JPG,4Z/106MEDIA,2,Western_Leopard_Toad,0.2204,3656.1,1655.5,3925.9,1924.4
/srv/shared_leopard_toad/2025/Documents/06.10-13.10.2025/4Z/106MEDIA/DSCF0411.JPG,DSCF0411.JPG,4Z/106MEDIA,2,Western_Leopard_Toad,0.3555,3656.4,1655.0,3927.8,1922.4
/srv/shared_leopard_toad/2025/Documents/06.10-13.10.2025/4Z/106MEDIA/DSCF0411.JPG,DSCF0411.JPG,4Z/106MEDIA,0,Other_Amphibian,0.2762,3220.4,1966.6,3346.7,2107.5
/srv/shared_leopard_toad/2025/Documents/06.10-13.10.2025/4Z/106MEDIA/DSCF0411.JPG,DSCF0411.JPG,4Z/106MEDIA,0,Other_Amphibian,0.2061,3229.2,1971.8,3350.7,2113.7
/srv/shared_leopard_toad/2025/Documents/06.10-13.10.2025/4Z/106MEDIA/DSCF0700.JPG,DSCF0700.JPG,4Z/106MEDIA,0,Other_Amphibian,0.2313,3225.0,1968.3,3347.6,2111.7
/srv/shared_leopard_toad/2025/Documents/06.10-13.10.2025/4Z/106MEDIA/DSCF0700.JPG,DSCF0700.JPG,4Z/106MEDIA,2,Western_Leopard_Toad,0.2276,3653.2,1657.6,3923.5,1924.6
/srv/shared_leopard_toad/2025/Documents/06.10-13.10.2025/4Z/106MEDIA/DSCF0700.JPG,DSCF0700.JPG,4Z/106MEDIA,0,Other_Amphibian,0.2117,3223.3,1967.2,3349.1,2108.9
/srv/shared_leopard_toad/2025/Documents/06.10-13.10.2025/4Z/106MEDIA/DSCF0230.JPG,DSCF0230.JPG,4Z/106MEDIA,0,Other_Amphibian,0.2773,3228.9,1970.1,3367.3,2112.3
/srv/shared_leopard_toad/2025/Documents/06.10-13.10.2025/4Z/106MEDIA/DSCF0230.JPG,DSCF0230.JPG,4Z/106MEDIA,2,Western_Leopard_Toad,0.2513,3653.9,1654.9,3926.1,1923.8
/srv/shared_leopard_toad/2025/Documents/06.10-13.10.2025/4Z/106MEDIA/DSCF0230.JPG,DSCF0230.JPG,4Z/106MEDIA,0,Other_Amphibian,0.2295,3230.3,1972.7,3369.1,2114.3
/srv/shared_leopard_toad/2025/Documents/06.10-13.10.2025/4Z/106MEDIA/DSCF0007.JPG,DSCF0007.JPG,4Z/106MEDIA,2,Western_Leopard_Toad,0.2071,3656.0,1656.9,3926.0,1924.2
/srv/shared_leopard_toad/2025/Documents/06.10-13.10.2025/4Z/106MEDIA/DSCF0007.JPG,DSCF0007.JPG,4Z/106MEDIA,0,Other_Amphibian,0.2020,3229.0,1972.3,3349.6,2112.5
/srv/shared_leopard_toad/2025/Documents/06.10-13.10.2025/4Z/106MEDIA/DSCF0139.JPG,DSCF0139.JPG,4Z/106MEDIA,2,Western_Leopard_Toad,0.3339,3656.6,1656.2,3928.1,1923.1
/srv/shared_leopard_toad/2025/Documents/06.10-13.10.2025/4Z/106MEDIA/DSCF0139.JPG,DSCF0139.JPG,4Z/106MEDIA,0,Other_Amphibian,0.2217,3222.9,1967.3,3348.2,2107.7
/srv/shared_leopard_toad/2025/Documents/06.10-13.10.2025/4Z/106MEDIA/DSCF0139.JPG,DSCF0139.JPG,4Z/106MEDIA,0,Other_Amphibian,0.2012,3231.2,1973.9,3353.0,2115.2
/srv/shared_leopard_toad/2025/Documents/06.10-13.10.2025/4Z/106MEDIA/DSCF0256.JPG,DSCF0256.JPG,4Z/106MEDIA,2,Western_Leopard_Toad,0.3828,3654.6,1658.2,3926.5,1923.0
/srv/shared_leopard_toad/2025/Documents/06.10-13.10.2025/4Z/106MEDIA/DSCF0923.JPG,DSCF0923.JPG,4Z/106MEDIA,2,Western_Leopard_Toad,0.8392,3648.1,1667.7,3921.1,1930.3
/srv/shared_leopard_toad/2025/Documents/06.10-13.10.2025/4Z/106MEDIA/DSCF0936.JPG,DSCF0936.JPG,4Z/106MEDIA,2,Western_Leopard_Toad,0.8594,3641.0,1670.8,3923.6,1933.5
/srv/shared_leopard_toad/2025/Documents/06.10-13.10.2025/4Z/106MEDIA/DSCF0324.JPG,DSCF0324.JPG,4Z/106MEDIA,2,Western_Leopard_Toad,0.3807,3656.0,1656.8,3928.0,1922.9
/srv/shared_leopard_toad/2025/Documents/06.10-13.10.2025/4Z/106MEDIA/DSCF0324.JPG,DSCF0324.JPG,4Z/106MEDIA,0,Other_Amphibian,0.3043,3220.8,1967.3,3348.5,2109.0
/srv/shared_leopard_toad/2025/Documents/06.10-13.10.2025/4Z/106MEDIA/DSCF0324.JPG,DSCF0324.JPG,4Z/106MEDIA,0,Other_Amphibian,0.2886,3229.0,1970.0,3352.5,2113.6
/srv/shared_leopard_toad/2025/Documents/06.10-13.10.2025/4Z/106MEDIA/DSCF0524.JPG,DSCF0524.JPG,4Z/106MEDIA,2,Western_Leopard_Toad,0.4451,3654.8,1655.1,3930.3,1922.8
/srv/shared_leopard_toad/2025/Documents/06.10-13.10.2025/4Z/106MEDIA/DSCF0524.JPG,DSCF0524.JPG,4Z/106MEDIA,0,Other_Amphibian,0.3045,3221.0,1967.5,3349.5,2108.6
/srv/shared_leopard_toad/2025/Documents/06.10-13.10.2025/4Z/106MEDIA/DSCF0524.JPG,DSCF0524.JPG,4Z/106MEDIA,0,Other_Amphibian,0.2393,3229.7,1974.7,3353.6,2117.3
/srv/shared_leopard_toad/2025/Documents/06.10-13.10.2025/4Z/106MEDIA/DSCF0866.JPG,DSCF0866.JPG,4Z/106MEDIA,0,Other_Amphibian,0.2192,3225.5,1966.3,3346.1,2110.3
/srv/shared_leopard_toad/2025/Documents/06.10-13.10.2025/4Z/106MEDIA/DSCF0044.JPG,DSCF0044.JPG,4Z/106MEDIA,0,Other_Amphibian,0.4019,3221.0,1967.0,3347.7,2107.1
/srv/shared_leopard_toad/2025/Documents/06.10-13.10.2025/4Z/106MEDIA/DSCF0044.JPG,DSCF0044.JPG,4Z/106MEDIA,0,Other_Amphibian,0.3301,3229.7,1967.0,3351.6,2108.5
/srv/shared_leopard_toad/2025/Documents/06.10-13.10.2025/4Z/106MEDIA/DSCF0044.JPG,DSCF0044.JPG,4Z/106MEDIA,0,Other_Amphibian,0.2643,3656.9,1656.6,3928.5,1923.3
/srv/shared_leopard_toad/2025/Documents/06.10-13.10.2025/4Z/106MEDIA/DSCF0730.JPG,DSCF0730.JPG,4Z/106MEDIA,2,Western_Leopard_Toad,0.3947,3652.7,1656.3,3929.2,1924.0
/srv/shared_leopard_toad/2025/Documents/06.10-13.10.2025/4Z/106MEDIA/DSCF0730.JPG,DSCF0730.JPG,4Z/106MEDIA,0,Other_Amphibian,0.2745,3220.1,1967.1,3348.2,2108.6
/srv/shared_leopard_toad/2025/Documents/06.10-13.10.2025/4Z/106MEDIA/DSCF0730.JPG,DSCF0730.JPG,4Z/106MEDIA,0,Other_Amphibian,0.2431,3224.9,1972.5,3348.5,2115.0
/srv/shared_leopard_toad/2025/Documents/06.10-13.10.2025/4Z/106MEDIA/DSCF0581.JPG,DSCF0581.JPG,4Z/106MEDIA,0,Other_Amphibian,0.2062,3229.1,1971.9,3350.9,2113.7
/srv/shared_leopard_toad/2025/Documents/06.10-13.10.2025/4Z/106MEDIA/DSCF0486.JPG,DSCF0486.JPG,4Z/106MEDIA,2,Western_Leopard_Toad,0.3062,3656.5,1651.7,3925.0,1923.1
/srv/shared_leopard_toad/2025/Documents/06.10-13.10.2025/4Z/106MEDIA/DSCF0486.JPG,DSCF0486.JPG,4Z/106MEDIA,0,Other_Amphibian,0.3034,3223.5,1966.2,3347.8,2106.2
/srv/shared_leopard_toad/2025/Documents/06.10-13.10.2025/4Z/106MEDIA/DSCF0486.JPG,DSCF0486.JPG,4Z/106MEDIA,0,Other_Amphibian,0.2387,3230.9,1971.6,3351.2,2112.5
/srv/shared_leopard_toad/2025/Documents/06.10-13.10.2025/4Z/106MEDIA/DSCF0026.JPG,DSCF0026.JPG,4Z/106MEDIA,2,Western_Leopard_Toad,0.4208,3654.7,1653.4,3929.0,1922.7
/srv/shared_leopard_toad/2025/Documents/06.10-13.10.2025/4Z/106MEDIA/DSCF0026.JPG,DSCF0026.JPG,4Z/106MEDIA,0,Other_Amphibian,0.2881,3221.1,1967.2,3347.8,2107.3
/srv/shared_leopard_toad/2025/Documents/06.10-13.10.2025/4Z/106MEDIA/DSCF0026.JPG,DSCF0026.JPG,4Z/106MEDIA,0,Other_Amphibian,0.2474,3228.0,1971.0,3352.3,2110.7
/srv/shared_leopard_toad/2025/Documents/06.10-13.10.2025/4Z/106MEDIA/DSCF0526.JPG,DSCF0526.JPG,4Z/106MEDIA,0,Other_Amphibian,0.2760,3221.0,1967.3,3347.6,2106.8
/srv/shared_leopard_toad/2025/Documents/06.10-13.10.2025/4Z/106MEDIA/DSCF0526.JPG,DSCF0526.JPG,4Z/106MEDIA,0,Other_Amphibian,0.2759,3228.5,1969.5,3350.5,2110.6
/srv/shared_leopard_toad/2025/Documents/06.10-13.10.2025/4Z/106MEDIA/DSCF0380.JPG,DSCF0380.JPG,4Z/106MEDIA,0,Other_Amphibian,0.2857,3220.7,1967.0,3348.0,2106.5
/srv/shared_leopard_toad/2025/Documents/06.10-13.10.2025/4Z/106MEDIA/DSCF0380.JPG,DSCF0380.JPG,4Z/106MEDIA,0,Other_Amphibian,0.2528,3227.8,1972.9,3351.4,2113.0
/srv/shared_leopard_toad/2025/Documents/06.10-13.10.2025/4Z/106MEDIA/DSCF0380.JPG,DSCF0380.JPG,4Z/106MEDIA,2,Western_Leopard_Toad,0.2207,3656.0,1656.1,3926.5,1923.1
/srv/shared_leopard_toad/2025/Documents/06.10-13.10.2025/4Z/106MEDIA/DSCF0982.JPG,DSCF0982.JPG,4Z/106MEDIA,2,Western_Leopard_Toad,0.8230,3642.6,1659.8,3933.0,1925.4
/srv/shared_leopard_toad/2025/Documents/06.10-13.10.2025/4Z/106MEDIA/DSCF0982.JPG,DSCF0982.JPG,4Z/106MEDIA,0,Other_Amphibian,0.5532,3218.7,1958.9,3352.4,2114.5
/srv/shared_leopard_toad/2025/Documents/06.10-13.10.2025/4Z/106MEDIA/DSCF0982.JPG,DSCF0982.JPG,4Z/106MEDIA,0,Other_Amphibian,0.4819,3215.7,1960.9,3351.3,2115.8
/srv/shared_leopard_toad/2025/Documents/06.10-13.10.2025/4Z/106MEDIA/DSCF0854.JPG,DSCF0854.JPG,4Z/106MEDIA,0,Other_Amphibian,0.3205,3216.8,1966.2,3349.2,2108.2
/srv/shared_leopard_toad/2025/Documents/06.10-13.10.2025/4Z/106MEDIA/DSCF0854.JPG,DSCF0854.JPG,4Z/106MEDIA,0,Other_Amphibian,0.3184,3226.3,1968.1,3352.8,2111.9
/srv/shared_leopard_toad/2025/Documents/06.10-13.10.2025/4Z/106MEDIA/DSCF0854.JPG,DSCF0854.JPG,4Z/106MEDIA,2,Western_Leopard_Toad,0.2814,3655.1,1656.3,3925.7,1924.2
/srv/shared_leopard_toad/2025/Documents/06.10-13.10.2025/4Z/106MEDIA/DSCF0409.JPG,DSCF0409.JPG,4Z/106MEDIA,2,Western_Leopard_Toad,0.3836,3655.5,1656.6,3927.9,1922.5
/srv/shared_leopard_toad/2025/Documents/06.10-13.10.2025/4Z/106MEDIA/DSCF0409.JPG,DSCF0409.JPG,4Z/106MEDIA,0,Other_Amphibian,0.2684,3229.7,1970.7,3352.2,2111.2
/srv/shared_leopard_toad/2025/Documents/06.10-13.10.2025/4Z/106MEDIA/DSCF0409.JPG,DSCF0409.JPG,4Z/106MEDIA,0,Other_Amphibian,0.2477,3222.2,1969.4,3348.9,2108.2
/srv/shared_leopard_toad/2025/Documents/06.10-13.10.2025/4Z/106MEDIA/DSCF0851.JPG,DSCF0851.JPG,4Z/106MEDIA,0,Other_Amphibian,0.3359,3226.4,1965.4,3349.1,2108.2
/srv/shared_leopard_toad/2025/Documents/06.10-13.10.2025/4Z/106MEDIA/DSCF0851.JPG,DSCF0851.JPG,4Z/106MEDIA,0,Other_Amphibian,0.3201,3218.8,1966.5,3346.4,2107.2
/srv/shared_leopard_toad/2025/Documents/06.10-13.10.2025/4Z/106MEDIA/DSCF0851.JPG,DSCF0851.JPG,4Z/106MEDIA,2,Western_Leopard_Toad,0.2065,3654.9,1656.5,3922.5,1923.3
/srv/shared_leopard_toad/2025/Documents/06.10-13.10.2025/4Z/106MEDIA/DSCF0343.JPG,DSCF0343.JPG,4Z/106MEDIA,2,Western_Leopard_Toad,0.2553,3654.4,1658.7,3924.3,1923.7
/srv/shared_leopard_toad/2025/Documents/06.10-13.10.2025/4Z/106MEDIA/DSCF0906.JPG,DSCF0906.JPG,4Z/106MEDIA,2,Western_Leopard_Toad,0.8632,3644.1,1667.6,3925.1,1933.4
/srv/shared_leopard_toad/2025/Documents/06.10-13.10.2025/4Z/106MEDIA/DSCF0906.JPG,DSCF0906.JPG,4Z/106MEDIA,2,Western_Leopard_Toad,0.3018,833.9,1671.1,1022.4,1966.9
/srv/shared_leopard_toad/2025/Documents/06.10-13.10.2025/4Z/106MEDIA/DSCF0402.JPG,DSCF0402.JPG,4Z/106MEDIA,2,Western_Leopard_Toad,0.2415,3655.0,1655.3,3925.9,1925.8
/srv/shared_leopard_toad/2025/Documents/06.10-13.10.2025/4Z/106MEDIA/DSCF0402.JPG,DSCF0402.JPG,4Z/106MEDIA,0,Other_Amphibian,0.2378,3226.9,1969.8,3349.7,2111.4
/srv/shared_leopard_toad/2025/Documents/06.10-13.10.2025/4Z/106MEDIA/DSCF0402.JPG,DSCF0402.JPG,4Z/106MEDIA,0,Other_Amphibian,0.2311,3221.1,1966.9,3347.4,2107.4
/srv/shared_leopard_toad/2025/Documents/06.10-13.10.2025/4Z/106MEDIA/DSCF0572.JPG,DSCF0572.JPG,4Z/106MEDIA,2,Western_Leopard_Toad,0.3242,3655.1,1656.6,3929.7,1923.6
/srv/shared_leopard_toad/2025/Documents/06.10-13.10.2025/4Z/106MEDIA/DSCF0572.JPG,DSCF0572.JPG,4Z/106MEDIA,0,Other_Amphibian,0.2270,3223.2,1966.9,3347.5,2109.0
/srv/shared_leopard_toad/2025/Documents/06.10-13.10.2025/4Z/106MEDIA/DSCF0572.JPG,DSCF0572.JPG,4Z/106MEDIA,0,Other_Amphibian,0.2155,3230.2,1970.8,3351.5,2114.7
/srv/shared_leopard_toad/2025/Documents/06.10-13.10.2025/4Z/106MEDIA/DSCF0301.JPG,DSCF0301.JPG,4Z/106MEDIA,2,Western_Leopard_Toad,0.3608,3656.8,1655.2,3930.5,1922.7
/srv/shared_leopard_toad/2025/Documents/06.10-13.10.2025/4Z/106MEDIA/DSCF0301.JPG,DSCF0301.JPG,4Z/106MEDIA,0,Other_Amphibian,0.2116,3224.2,1967.7,3349.1,2108.4
/srv/shared_leopard_toad/2025/Documents/06.10-13.10.2025/4Z/106MEDIA/DSCF0544.JPG,DSCF0544.JPG,4Z/106MEDIA,2,Western_Leopard_Toad,0.4443,3654.4,1654.7,3930.7,1922.8
/srv/shared_leopard_toad/2025/Documents/06.10-13.10.2025/4Z/106MEDIA/DSCF0544.JPG,DSCF0544.JPG,4Z/106MEDIA,0,Other_Amphibian,0.2752,3223.1,1967.2,3347.6,2106.6
/srv/shared_leopard_toad/2025/Documents/06.10-13.10.2025/4Z/106MEDIA/DSCF0769.JPG,DSCF0769.JPG,4Z/106MEDIA,2,Western_Leopard_Toad,0.4524,3653.0,1654.1,3929.1,1923.1
/srv/shared_leopard_toad/2025/Documents/06.10-13.10.2025/4Z/106MEDIA/DSCF0769.JPG,DSCF0769.JPG,4Z/106MEDIA,0,Other_Amphibian,0.3340,3217.1,1966.9,3346.1,2108.7
/srv/shared_leopard_toad/2025/Documents/06.10-13.10.2025/4Z/106MEDIA/DSCF0769.JPG,DSCF0769.JPG,4Z/106MEDIA,0,Other_Amphibian,0.3152,3226.6,1966.3,3350.0,2109.6
/srv/shared_leopard_toad/2025/Documents/06.10-13.10.2025/4Z/106MEDIA/DSCF0596.JPG,DSCF0596.JPG,4Z/106MEDIA,0,Other_Amphibian,0.3744,3225.4,1964.6,3350.6,2108.0
/srv/shared_leopard_toad/2025/Documents/06.10-13.10.2025/4Z/106MEDIA/DSCF0596.JPG,DSCF0596.JPG,4Z/106MEDIA,0,Other_Amphibian,0.3583,3218.2,1966.7,3347.4,2108.7
/srv/shared_leopard_toad/2025/Documents/06.10-13.10.2025/4Z/106MEDIA/DSCF0596.JPG,DSCF0596.JPG,4Z/106MEDIA,2,Western_Leopard_Toad,0.2761,3653.8,1653.6,3928.1,1924.5
/srv/shared_leopard_toad/2025/Documents/06.10-13.10.2025/4Z/106MEDIA/DSCF0924.JPG,DSCF0924.JPG,4Z/106MEDIA,2,Western_Leopard_Toad,0.7653,3650.4,1668.5,3920.0,1931.7
/srv/shared_leopard_toad/2025/Documents/06.10-13.10.2025/4Z/106MEDIA/DSCF0924.JPG,DSCF0924.JPG,4Z/106MEDIA,2,Western_Leopard_Toad,0.2830,4053.6,1407.8,4358.1,1730.5
/srv/shared_leopard_toad/2025/Documents/06.10-13.10.2025/4Z/106MEDIA/DSCF0184.JPG,DSCF0184.JPG,4Z/106MEDIA,0,Other_Amphibian,0.2858,3656.8,1655.7,3929.2,1923.9
/srv/shared_leopard_toad/2025/Documents/06.10-13.10.2025/4Z/106MEDIA/DSCF0184.JPG,DSCF0184.JPG,4Z/106MEDIA,0,Other_Amphibian,0.2688,3222.0,1967.7,3348.0,2105.6
/srv/shared_leopard_toad/2025/Documents/06.10-13.10.2025/4Z/106MEDIA/DSCF0184.JPG,DSCF0184.JPG,4Z/106MEDIA,0,Other_Amphibian,0.2193,3230.6,1975.7,3352.5,2114.7
/srv/shared_leopard_toad/2025/Documents/06.10-13.10.2025/4Z/106MEDIA/DSCF0237.JPG,DSCF0237.JPG,4Z/106MEDIA,2,Western_Leopard_Toad,0.2855,3654.8,1656.2,3927.1,1923.1
/srv/shared_leopard_toad/2025/Documents/06.10-13.10.2025/4Z/106MEDIA/DSCF0237.JPG,DSCF0237.JPG,4Z/106MEDIA,0,Other_Amphibian,0.2416,3223.9,1966.6,3348.8,2107.9
/srv/shared_leopard_toad/2025/Documents/06.10-13.10.2025/4Z/106MEDIA/DSCF0237.JPG,DSCF0237.JPG,4Z/106MEDIA,0,Other_Amphibian,0.2154,3230.4,1973.3,3353.1,2115.3
/srv/shared_leopard_toad/2025/Documents/06.10-13.10.2025/4Z/106MEDIA/DSCF0373.JPG,DSCF0373.JPG,4Z/106MEDIA,2,Western_Leopard_Toad,0.3872,3653.4,1655.8,3928.1,1923.3
/srv/shared_leopard_toad/2025/Documents/06.10-13.10.2025/4Z/106MEDIA/DSCF0373.JPG,DSCF0373.JPG,4Z/106MEDIA,0,Other_Amphibian,0.2049,3224.6,1968.8,3349.7,2108.5
/srv/shared_leopard_toad/2025/Documents/06.10-13.10.2025/4Z/106MEDIA/DSCF0871.JPG,DSCF0871.JPG,4Z/106MEDIA,0,Other_Amphibian,0.2021,3226.5,1971.0,3349.9,2112.8
/srv/shared_leopard_toad/2025/Documents/06.10-13.10.2025/4Z/106MEDIA/DSCF0118.JPG,DSCF0118.JPG,4Z/106MEDIA,2,Western_Leopard_Toad,0.2573,3657.6,1654.5,3927.3,1922.7
/srv/shared_leopard_toad/2025/Documents/06.10-13.10.2025/4Z/106MEDIA/DSCF0118.JPG,DSCF0118.JPG,4Z/106MEDIA,0,Other_Amphibian,0.2203,3223.4,1967.5,3349.3,2106.0
/srv/shared_leopard_toad/2025/Documents/06.10-13.10.2025/4Z/106MEDIA/DSCF0944.JPG,DSCF0944.JPG,4Z/106MEDIA,2,Western_Leopard_Toad,0.7025,3641.1,1661.2,3924.8,1927.4
/srv/shared_leopard_toad/2025/Documents/06.10-13.10.2025/4Z/106MEDIA/DSCF0944.JPG,DSCF0944.JPG,4Z/106MEDIA,0,Other_Amphibian,0.5535,3219.9,1962.3,3351.9,2115.5
/srv/shared_leopard_toad/2025/Documents/06.10-13.10.2025/4Z/106MEDIA/DSCF0944.JPG,DSCF0944.JPG,4Z/106MEDIA,0,Other_Amphibian,0.5357,3219.8,1962.7,3353.0,2115.1
/srv/shared_leopard_toad/2025/Documents/06.10-13.10.2025/4Z/106MEDIA/DSCF0580.JPG,DSCF0580.JPG,4Z/106MEDIA,2,Western_Leopard_Toad,0.4538,3655.4,1657.1,3930.2,1921.7
/srv/shared_leopard_toad/2025/Documents/06.10-13.10.2025/4Z/106MEDIA/DSCF0580.JPG,DSCF0580.JPG,4Z/106MEDIA,0,Other_Amphibian,0.2149,3222.2,1969.0,3348.2,2108.7
/srv/shared_leopard_toad/2025/Documents/06.10-13.10.2025/4Z/106MEDIA/DSCF0060.JPG,DSCF0060.JPG,4Z/106MEDIA,0,Other_Amphibian,0.3643,3656.1,1654.5,3929.4,1923.3
/srv/shared_leopard_toad/2025/Documents/06.10-13.10.2025/4Z/106MEDIA/DSCF0060.JPG,DSCF0060.JPG,4Z/106MEDIA,0,Other_Amphibian,0.2415,3222.0,1966.8,3347.3,2105.8
/srv/shared_leopard_toad/2025/Documents/06.10-13.10.2025/4Z/106MEDIA/DSCF0060.JPG,DSCF0060.JPG,4Z/106MEDIA,0,Other_Amphibian,0.2093,3228.2,1971.0,3349.6,2110.6
/srv/shared_leopard_toad/2025/Documents/06.10-13.10.2025/4Z/106MEDIA/DSCF0949.JPG,DSCF0949.JPG,4Z/106MEDIA,2,Western_Leopard_Toad,0.7232,3645.3,1661.2,3925.7,1922.2
/srv/shared_leopard_toad/2025/Documents/06.10-13.10.2025/4Z/106MEDIA/DSCF0949.JPG,DSCF0949.JPG,4Z/106MEDIA,0,Other_Amphibian,0.7113,3217.7,1960.7,3348.3,2118.2
/srv/shared_leopard_toad/2025/Documents/06.10-13.10.2025/4Z/106MEDIA/DSCF0949.JPG,DSCF0949.JPG,4Z/106MEDIA,0,Other_Amphibian,0.6633,3217.8,1960.7,3345.7,2118.5
/srv/shared_leopard_toad/2025/Documents/06.10-13.10.2025/4Z/106MEDIA/DSCF0736.JPG,DSCF0736.JPG,4Z/106MEDIA,2,Western_Leopard_Toad,0.2699,3656.6,1656.7,3925.8,1923.2
/srv/shared_leopard_toad/2025/Documents/06.10-13.10.2025/4Z/106MEDIA/DSCF0736.JPG,DSCF0736.JPG,4Z/106MEDIA,0,Other_Amphibian,0.2226,3225.1,1967.0,3350.1,2107.4
/srv/shared_leopard_toad/2025/Documents/06.10-13.10.2025/4Z/106MEDIA/DSCF0736.JPG,DSCF0736.JPG,4Z/106MEDIA,0,Other_Amphibian,0.2014,3225.0,1972.1,3347.0,2112.7
/srv/shared_leopard_toad/2025/Documents/06.10-13.10.2025/4Z/106MEDIA/DSCF0943.JPG,DSCF0943.JPG,4Z/106MEDIA,2,Western_Leopard_Toad,0.7623,3641.2,1660.1,3928.8,1922.9
/srv/shared_leopard_toad/2025/Documents/06.10-13.10.2025/4Z/106MEDIA/DSCF0943.JPG,DSCF0943.JPG,4Z/106MEDIA,0,Other_Amphibian,0.7114,3215.1,1955.7,3353.1,2113.3
/srv/shared_leopard_toad/2025/Documents/06.10-13.10.2025/4Z/106MEDIA/DSCF0943.JPG,DSCF0943.JPG,4Z/106MEDIA,0,Other_Amphibian,0.7096,3215.1,1955.5,3353.4,2113.4
/srv/shared_leopard_toad/2025/Documents/06.10-13.10.2025/4Z/106MEDIA/DSCF0873.JPG,DSCF0873.JPG,4Z/106MEDIA,0,Other_Amphibian,0.2499,3228.9,1967.4,3348.1,2110.6
/srv/shared_leopard_toad/2025/Documents/06.10-13.10.2025/4Z/106MEDIA/DSCF0873.JPG,DSCF0873.JPG,4Z/106MEDIA,0,Other_Amphibian,0.2490,3223.8,1965.7,3348.0,2106.9
/srv/shared_leopard_toad/2025/Documents/06.10-13.10.2025/4Z/106MEDIA/DSCF0917.JPG,DSCF0917.JPG,4Z/106MEDIA,2,Western_Leopard_Toad,0.8604,3647.1,1667.6,3926.3,1930.9
/srv/shared_leopard_toad/2025/Documents/06.10-13.10.2025/4Z/106MEDIA/DSCF0505.JPG,DSCF0505.JPG,4Z/106MEDIA,2,Western_Leopard_Toad,0.3322,3652.9,1656.6,3927.3,1924.1
/srv/shared_leopard_toad/2025/Documents/06.10-13.10.2025/4Z/106MEDIA/DSCF0505.JPG,DSCF0505.JPG,4Z/106MEDIA,0,Other_Amphibian,0.2171,3222.2,1969.1,3348.7,2107.9
/srv/shared_leopard_toad/2025/Documents/06.10-13.10.2025/4Z/106MEDIA/DSCF0505.JPG,DSCF0505.JPG,4Z/106MEDIA,0,Other_Amphibian,0.2040,3228.2,1975.0,3350.9,2114.9
/srv/shared_leopard_toad/2025/Documents/06.10-13.10.2025/4Z/106MEDIA/DSCF0672.JPG,DSCF0672.JPG,4Z/106MEDIA,2,Western_Leopard_Toad,0.4833,3653.9,1656.2,3928.0,1921.9
/srv/shared_leopard_toad/2025/Documents/06.10-13.10.2025/4Z/106MEDIA/DSCF0672.JPG,DSCF0672.JPG,4Z/106MEDIA,0,Other_Amphibian,0.2010,3221.4,1967.5,3348.9,2107.7
/srv/shared_leopard_toad/2025/Documents/06.10-13.10.2025/4Z/106MEDIA/DSCF0662.JPG,DSCF0662.JPG,4Z/106MEDIA,2,Western_Leopard_Toad,0.2548,3655.5,1654.3,3928.3,1923.6
/srv/shared_leopard_toad/2025/Documents/06.10-13.10.2025/4Z/106MEDIA/DSCF0662.JPG,DSCF0662.JPG,4Z/106MEDIA,0,Other_Amphibian,0.2540,3222.0,1967.6,3350.4,2108.6
/srv/shared_leopard_toad/2025/Documents/06.10-13.10.2025/4Z/106MEDIA/DSCF0662.JPG,DSCF0662.JPG,4Z/106MEDIA,0,Other_Amphibian,0.2414,3223.3,1969.0,3348.6,2111.5
/srv/shared_leopard_toad/2025/Documents/06.10-13.10.2025/4Z/106MEDIA/DSCF0143.JPG,DSCF0143.JPG,4Z/106MEDIA,2,Western_Leopard_Toad,0.2818,3656.9,1657.1,3924.8,1923.0
/srv/shared_leopard_toad/2025/Documents/06.10-13.10.2025/4Z/106MEDIA/DSCF0143.JPG,DSCF0143.JPG,4Z/106MEDIA,0,Other_Amphibian,0.2778,3221.0,1966.5,3346.0,2106.4
/srv/shared_leopard_toad/2025/Documents/06.10-13.10.2025/4Z/106MEDIA/DSCF0143.JPG,DSCF0143.JPG,4Z/106MEDIA,0,Other_Amphibian,0.2111,3228.4,1972.6,3349.6,2112.8
/srv/shared_leopard_toad/2025/Documents/06.10-13.10.2025/4Z/106MEDIA/DSCF0998.JPG,DSCF0998.JPG,4Z/106MEDIA,2,Western_Leopard_Toad,0.8644,3641.7,1657.6,3934.1,1923.7
/srv/shared_leopard_toad/2025/Documents/06.10-13.10.2025/4Z/106MEDIA/DSCF0998.JPG,DSCF0998.JPG,4Z/106MEDIA,0,Other_Amphibian,0.5332,3207.4,1953.5,3339.1,2112.9
/srv/shared_leopard_toad/2025/Documents/06.10-13.10.2025/4Z/106MEDIA/DSCF0998.JPG,DSCF0998.JPG,4Z/106MEDIA,0,Other_Amphibian,0.3716,3210.1,1952.9,3341.4,2114.3
/srv/shared_leopard_toad/2025/Documents/06.10-13.10.2025/4Z/106MEDIA/DSCF0308.JPG,DSCF0308.JPG,4Z/106MEDIA,2,Western_Leopard_Toad,0.2718,3654.1,1655.8,3927.5,1924.0
/srv/shared_leopard_toad/2025/Documents/06.10-13.10.2025/4Z/106MEDIA/DSCF0433.JPG,DSCF0433.JPG,4Z/106MEDIA,2,Western_Leopard_Toad,0.4930,3656.2,1656.0,3931.0,1922.3
/srv/shared_leopard_toad/2025/Documents/06.10-13.10.2025/4Z/106MEDIA/DSCF0433.JPG,DSCF0433.JPG,4Z/106MEDIA,0,Other_Amphibian,0.2171,3222.3,1967.2,3347.9,2107.1
/srv/shared_leopard_toad/2025/Documents/06.10-13.10.2025/4Z/106MEDIA/DSCF0312.JPG,DSCF0312.JPG,4Z/106MEDIA,2,Western_Leopard_Toad,0.2705,3656.5,1655.4,3928.6,1923.4
/srv/shared_leopard_toad/2025/Documents/06.10-13.10.2025/4Z/106MEDIA/DSCF0385.JPG,DSCF0385.JPG,4Z/106MEDIA,2,Western_Leopard_Toad,0.3281,3655.2,1656.1,3928.3,1925.4
/srv/shared_leopard_toad/2025/Documents/06.10-13.10.2025/4Z/106MEDIA/DSCF0151.JPG,DSCF0151.JPG,4Z/106MEDIA,2,Western_Leopard_Toad,0.2894,3656.3,1655.9,3927.5,1922.0
/srv/shared_leopard_toad/2025/Documents/06.10-13.10.2025/4Z/106MEDIA/DSCF0151.JPG,DSCF0151.JPG,4Z/106MEDIA,0,Other_Amphibian,0.2370,3222.5,1966.4,3347.5,2106.8
/srv/shared_leopard_toad/2025/Documents/06.10-13.10.2025/4Z/106MEDIA/DSCF0426.JPG,DSCF0426.JPG,4Z/106MEDIA,2,Western_Leopard_Toad,0.2035,3652.9,1657.2,3924.8,1924.9
/srv/shared_leopard_toad/2025/Documents/06.10-13.10.2025/4Z/106MEDIA/DSCF0534.JPG,DSCF0534.JPG,4Z/106MEDIA,2,Western_Leopard_Toad,0.2841,3655.5,1655.5,3926.8,1923.5
/srv/shared_leopard_toad/2025/Documents/06.10-13.10.2025/4Z/106MEDIA/DSCF0041.JPG,DSCF0041.JPG,4Z/106MEDIA,2,Western_Leopard_Toad,0.4072,3654.4,1656.8,3929.9,1922.5
/srv/shared_leopard_toad/2025/Documents/06.10-13.10.2025/4Z/106MEDIA/DSCF0041.JPG,DSCF0041.JPG,4Z/106MEDIA,0,Other_Amphibian,0.2720,3219.4,1967.3,3348.0,2109.4
/srv/shared_leopard_toad/2025/Documents/06.10-13.10.2025/4Z/106MEDIA/DSCF0041.JPG,DSCF0041.JPG,4Z/106MEDIA,0,Other_Amphibian,0.2516,3227.2,1970.1,3351.5,2113.9
/srv/shared_leopard_toad/2025/Documents/06.10-13.10.2025/4Z/106MEDIA/DSCF0254.JPG,DSCF0254.JPG,4Z/106MEDIA,2,Western_Leopard_Toad,0.3413,3655.9,1654.9,3929.3,1922.6
/srv/shared_leopard_toad/2025/Documents/06.10-13.10.2025/4Z/106MEDIA/DSCF0254.JPG,DSCF0254.JPG,4Z/106MEDIA,0,Other_Amphibian,0.2399,3222.1,1966.6,3347.6,2107.6
/srv/shared_leopard_toad/2025/Documents/06.10-13.10.2025/4Z/106MEDIA/DSCF0254.JPG,DSCF0254.JPG,4Z/106MEDIA,0,Other_Amphibian,0.2310,3229.0,1970.5,3351.9,2113.0
/srv/shared_leopard_toad/2025/Documents/06.10-13.10.2025/4Z/106MEDIA/DSCF0970.JPG,DSCF0970.JPG,4Z/106MEDIA,0,Other_Amphibian,0.6501,3215.2,1957.0,3355.2,2116.7
/srv/shared_leopard_toad/2025/Documents/06.10-13.10.2025/4Z/106MEDIA/DSCF0970.JPG,DSCF0970.JPG,4Z/106MEDIA,0,Other_Amphibian,0.4445,3222.5,1957.1,3358.1,2117.0
/srv/shared_leopard_toad/2025/Documents/06.10-13.10.2025/4Z/106MEDIA/DSCF0970.JPG,DSCF0970.JPG,4Z/106MEDIA,2,Western_Leopard_Toad,0.3670,3639.3,1659.8,3920.6,1928.7
/srv/shared_leopard_toad/2025/Documents/06.10-13.10.2025/4Z/106MEDIA/DSCF0509.JPG,DSCF0509.JPG,4Z/106MEDIA,0,Other_Amphibian,0.2557,3227.8,1969.2,3349.4,2109.4
/srv/shared_leopard_toad/2025/Documents/06.10-13.10.2025/4Z/106MEDIA/DSCF0509.JPG,DSCF0509.JPG,4Z/106MEDIA,0,Other_Amphibian,0.2549,3223.1,1967.1,3348.7,2106.2
/srv/shared_leopard_toad/2025/Documents/06.10-13.10.2025/4Z/106MEDIA/DSCF0509.JPG,DSCF0509.JPG,4Z/106MEDIA,2,Western_Leopard_Toad,0.2318,3654.4,1654.1,3927.2,1922.7
/srv/shared_leopard_toad/2025/Documents/06.10-13.10.2025/4Z/106MEDIA/DSCF0157.JPG,DSCF0157.JPG,4Z/106MEDIA,2,Western_Leopard_Toad,0.2459,3654.7,1656.9,3925.0,1923.8
/srv/shared_leopard_toad/2025/Documents/06.10-13.10.2025/4Z/106MEDIA/DSCF0732.JPG,DSCF0732.JPG,4Z/106MEDIA,2,Western_Leopard_Toad,0.3607,3654.3,1655.2,3928.1,1923.2
/srv/shared_leopard_toad/2025/Documents/06.10-13.10.2025/4Z/106MEDIA/DSCF0732.JPG,DSCF0732.JPG,4Z/106MEDIA,0,Other_Amphibian,0.2655,3217.8,1966.9,3347.5,2109.0
/srv/shared_leopard_toad/2025/Documents/06.10-13.10.2025/4Z/106MEDIA/DSCF0732.JPG,DSCF0732.JPG,4Z/106MEDIA,0,Other_Amphibian,0.2541,3227.6,1969.5,3352.1,2113.7
/srv/shared_leopard_toad/2025/Documents/06.10-13.10.2025/4Z/106MEDIA/DSCF0781.JPG,DSCF0781.JPG,4Z/106MEDIA,2,Western_Leopard_Toad,0.3280,3653.8,1654.9,3926.8,1923.4
/srv/shared_leopard_toad/2025/Documents/06.10-13.10.2025/4Z/106MEDIA/DSCF0781.JPG,DSCF0781.JPG,4Z/106MEDIA,0,Other_Amphibian,0.2575,3219.0,1965.9,3347.4,2109.0
/srv/shared_leopard_toad/2025/Documents/06.10-13.10.2025/4Z/106MEDIA/DSCF0781.JPG,DSCF0781.JPG,4Z/106MEDIA,0,Other_Amphibian,0.2390,3224.9,1970.5,3348.4,2114.8
/srv/shared_leopard_toad/2025/Documents/06.10-13.10.2025/4Z/106MEDIA/DSCF0634.JPG,DSCF0634.JPG,4Z/106MEDIA,2,Western_Leopard_Toad,0.3037,3654.1,1654.6,3928.8,1923.1
/srv/shared_leopard_toad/2025/Documents/06.10-13.10.2025/4Z/106MEDIA/DSCF0634.JPG,DSCF0634.JPG,4Z/106MEDIA,0,Other_Amphibian,0.2363,3226.6,1967.7,3347.5,2110.6
/srv/shared_leopard_toad/2025/Documents/06.10-13.10.2025/4Z/106MEDIA/DSCF0634.JPG,DSCF0634.JPG,4Z/106MEDIA,0,Other_Amphibian,0.2232,3221.2,1967.3,3346.4,2108.2
/srv/shared_leopard_toad/2025/Documents/06.10-13.10.2025/4Z/106MEDIA/DSCF0925.JPG,DSCF0925.JPG,4Z/106MEDIA,2,Western_Leopard_Toad,0.8282,3643.2,1668.1,3923.1,1930.4
/srv/shared_leopard_toad/2025/Documents/06.10-13.10.2025/4Z/106MEDIA/DSCF0419.JPG,DSCF0419.JPG,4Z/106MEDIA,2,Western_Leopard_Toad,0.3466,3655.7,1654.8,3929.2,1923.6
/srv/shared_leopard_toad/2025/Documents/06.10-13.10.2025/4Z/106MEDIA/DSCF0419.JPG,DSCF0419.JPG,4Z/106MEDIA,0,Other_Amphibian,0.2383,3226.9,1967.8,3352.0,2108.0
/srv/shared_leopard_toad/2025/Documents/06.10-13.10.2025/4Z/106MEDIA/DSCF0419.JPG,DSCF0419.JPG,4Z/106MEDIA,0,Other_Amphibian,0.2073,3230.3,1974.0,3352.8,2114.6
/srv/shared_leopard_toad/2025/Documents/06.10-13.10.2025/4Z/106MEDIA/DSCF0528.JPG,DSCF0528.JPG,4Z/106MEDIA,2,Western_Leopard_Toad,0.3038,3654.2,1656.7,3925.5,1923.7
/srv/shared_leopard_toad/2025/Documents/06.10-13.10.2025/4Z/106MEDIA/DSCF0528.JPG,DSCF0528.JPG,4Z/106MEDIA,0,Other_Amphibian,0.2503,3223.9,1966.4,3347.6,2106.8
/srv/shared_leopard_toad/2025/Documents/06.10-13.10.2025/4Z/106MEDIA/DSCF0528.JPG,DSCF0528.JPG,4Z/106MEDIA,0,Other_Amphibian,0.2089,3227.5,1969.8,3349.2,2111.1
/srv/shared_leopard_toad/2025/Documents/06.10-13.10.2025/4Z/106MEDIA/DSCF0008.JPG,DSCF0008.JPG,4Z/106MEDIA,2,Western_Leopard_Toad,0.2681,3652.5,1654.6,3927.2,1923.7
/srv/shared_leopard_toad/2025/Documents/06.10-13.10.2025/4Z/106MEDIA/DSCF0008.JPG,DSCF0008.JPG,4Z/106MEDIA,0,Other_Amphibian,0.2033,3224.4,1965.7,3349.1,2106.8
/srv/shared_leopard_toad/2025/Documents/06.10-13.10.2025/4Z/106MEDIA/DSCF0564.JPG,DSCF0564.JPG,4Z/106MEDIA,2,Western_Leopard_Toad,0.3135,3654.6,1657.2,3928.2,1923.8
/srv/shared_leopard_toad/2025/Documents/06.10-13.10.2025/4Z/106MEDIA/DSCF0564.JPG,DSCF0564.JPG,4Z/106MEDIA,0,Other_Amphibian,0.2546,3224.5,1966.7,3348.7,2106.7
/srv/shared_leopard_toad/2025/Documents/06.10-13.10.2025/4Z/106MEDIA/DSCF0564.JPG,DSCF0564.JPG,4Z/106MEDIA,0,Other_Amphibian,0.2110,3231.1,1972.3,3351.4,2113.4
/srv/shared_leopard_toad/2025/Documents/06.10-13.10.2025/4Z/106MEDIA/DSCF0303.JPG,DSCF0303.JPG,4Z/106MEDIA,2,Western_Leopard_Toad,0.3354,3655.6,1655.7,3928.7,1923.5
/srv/shared_leopard_toad/2025/Documents/06.10-13.10.2025/4Z/106MEDIA/DSCF0303.JPG,DSCF0303.JPG,4Z/106MEDIA,0,Other_Amphibian,0.2461,3227.5,1969.9,3351.1,2110.3
/srv/shared_leopard_toad/2025/Documents/06.10-13.10.2025/4Z/106MEDIA/DSCF0303.JPG,DSCF0303.JPG,4Z/106MEDIA,0,Other_Amphibian,0.2205,3222.1,1969.1,3349.3,2108.2
/srv/shared_leopard_toad/2025/Documents/06.10-13.10.2025/4Z/106MEDIA/DSCF0155.JPG,DSCF0155.JPG,4Z/106MEDIA,2,Western_Leopard_Toad,0.3643,3654.8,1658.5,3925.1,1922.9
/srv/shared_leopard_toad/2025/Documents/06.10-13.10.2025/4Z/106MEDIA/DSCF0155.JPG,DSCF0155.JPG,4Z/106MEDIA,0,Other_Amphibian,0.2496,3222.4,1966.9,3348.2,2107.7
/srv/shared_leopard_toad/2025/Documents/06.10-13.10.2025/4Z/106MEDIA/DSCF0155.JPG,DSCF0155.JPG,4Z/106MEDIA,0,Other_Amphibian,0.2453,3229.3,1969.1,3352.6,2111.1
/srv/shared_leopard_toad/2025/Documents/06.10-13.10.2025/4Z/106MEDIA/DSCF0644.JPG,DSCF0644.JPG,4Z/106MEDIA,2,Western_Leopard_Toad,0.3435,3655.1,1655.3,3928.4,1923.3
/srv/shared_leopard_toad/2025/Documents/06.10-13.10.2025/4Z/106MEDIA/DSCF0644.JPG,DSCF0644.JPG,4Z/106MEDIA,0,Other_Amphibian,0.2032,3222.1,1968.2,3349.7,2109.3
/srv/shared_leopard_toad/2025/Documents/06.10-13.10.2025/4Z/106MEDIA/DSCF0644.JPG,DSCF0644.JPG,4Z/106MEDIA,0,Other_Amphibian,0.2029,3227.9,1971.6,3351.7,2114.1
/srv/shared_leopard_toad/2025/Documents/06.10-13.10.2025/4Z/106MEDIA/DSCF0220.JPG,DSCF0220.JPG,4Z/106MEDIA,2,Western_Leopard_Toad,0.3370,3656.1,1656.3,3927.0,1922.3
/srv/shared_leopard_toad/2025/Documents/06.10-13.10.2025/4Z/106MEDIA/DSCF0220.JPG,DSCF0220.JPG,4Z/106MEDIA,0,Other_Amphibian,0.3178,3222.2,1966.6,3345.6,2107.7
/srv/shared_leopard_toad/2025/Documents/06.10-13.10.2025/4Z/106MEDIA/DSCF0220.JPG,DSCF0220.JPG,4Z/106MEDIA,0,Other_Amphibian,0.2660,3229.3,1968.0,3349.2,2109.5
/srv/shared_leopard_toad/2025/Documents/06.10-13.10.2025/4Z/106MEDIA/DSCF0515.JPG,DSCF0515.JPG,4Z/106MEDIA,2,Western_Leopard_Toad,0.4606,3654.3,1655.6,3927.7,1922.9
/srv/shared_leopard_toad/2025/Documents/06.10-13.10.2025/4Z/106MEDIA/DSCF0837.JPG,DSCF0837.JPG,4Z/106MEDIA,0,Other_Amphibian,0.3024,3221.2,1967.0,3348.5,2106.1
/srv/shared_leopard_toad/2025/Documents/06.10-13.10.2025/4Z/106MEDIA/DSCF0837.JPG,DSCF0837.JPG,4Z/106MEDIA,2,Western_Leopard_Toad,0.2996,3653.8,1656.8,3926.1,1922.6
/srv/shared_leopard_toad/2025/Documents/06.10-13.10.2025/4Z/106MEDIA/DSCF0837.JPG,DSCF0837.JPG,4Z/106MEDIA,0,Other_Amphibian,0.2574,3228.5,1970.3,3351.3,2110.3
/srv/shared_leopard_toad/2025/Documents/06.10-13.10.2025/4Z/106MEDIA/DSCF0853.JPG,DSCF0853.JPG,4Z/106MEDIA,2,Western_Leopard_Toad,0.3895,3656.6,1655.1,3928.7,1921.4
/srv/shared_leopard_toad/2025/Documents/06.10-13.10.2025/4Z/106MEDIA/DSCF0853.JPG,DSCF0853.JPG,4Z/106MEDIA,0,Other_Amphibian,0.3392,3219.7,1966.3,3347.8,2107.1
/srv/shared_leopard_toad/2025/Documents/06.10-13.10.2025/4Z/106MEDIA/DSCF0853.JPG,DSCF0853.JPG,4Z/106MEDIA,0,Other_Amphibian,0.3266,3227.3,1966.0,3351.4,2108.6
/srv/shared_leopard_toad/2025/Documents/06.10-13.10.2025/4Z/106MEDIA/DSCF0661.JPG,DSCF0661.JPG,4Z/106MEDIA,2,Western_Leopard_Toad,0.3194,3652.3,1657.3,3925.1,1923.4
/srv/shared_leopard_toad/2025/Documents/06.10-13.10.2025/4Z/106MEDIA/DSCF0661.JPG,DSCF0661.JPG,4Z/106MEDIA,0,Other_Amphibian,0.2664,3225.7,1970.6,3348.6,2111.7
/srv/shared_leopard_toad/2025/Documents/06.10-13.10.2025/4Z/106MEDIA/DSCF0661.JPG,DSCF0661.JPG,4Z/106MEDIA,0,Other_Amphibian,0.2646,3222.1,1969.5,3349.0,2108.4
/srv/shared_leopard_toad/2025/Documents/06.10-13.10.2025/4Z/106MEDIA/DSCF0858.JPG,DSCF0858.JPG,4Z/106MEDIA,0,Other_Amphibian,0.2894,3223.1,1966.5,3347.1,2106.8
/srv/shared_leopard_toad/2025/Documents/06.10-13.10.2025/4Z/106MEDIA/DSCF0858.JPG,DSCF0858.JPG,4Z/106MEDIA,0,Other_Amphibian,0.2787,3227.8,1966.1,3347.6,2108.2
/srv/shared_leopard_toad/2025/Documents/06.10-13.10.2025/4Z/106MEDIA/DSCF0858.JPG,DSCF0858.JPG,4Z/106MEDIA,2,Western_Leopard_Toad,0.2160,3652.8,1658.6,3924.1,1922.6
/srv/shared_leopard_toad/2025/Documents/06.10-13.10.2025/4Z/106MEDIA/DSCF0988.JPG,DSCF0988.JPG,4Z/106MEDIA,2,Western_Leopard_Toad,0.8613,3643.8,1658.4,3931.1,1923.5
/srv/shared_leopard_toad/2025/Documents/06.10-13.10.2025/4Z/106MEDIA/DSCF0988.JPG,DSCF0988.JPG,4Z/106MEDIA,0,Other_Amphibian,0.2060,3223.8,1955.6,3356.8,2114.4
/srv/shared_leopard_toad/2025/Documents/06.10-13.10.2025/4Z/106MEDIA/DSCF0006.JPG,DSCF0006.JPG,4Z/106MEDIA,2,Western_Leopard_Toad,0.2981,3654.9,1655.8,3929.6,1923.6
/srv/shared_leopard_toad/2025/Documents/06.10-13.10.2025/4Z/106MEDIA/DSCF0006.JPG,DSCF0006.JPG,4Z/106MEDIA,0,Other_Amphibian,0.2205,3225.6,1968.5,3348.5,2110.6
/srv/shared_leopard_toad/2025/Documents/06.10-13.10.2025/4Z/106MEDIA/DSCF0006.JPG,DSCF0006.JPG,4Z/106MEDIA,0,Other_Amphibian,0.2024,3221.6,1967.4,3348.0,2107.5
/srv/shared_leopard_toad/2025/Documents/06.10-13.10.2025/4Z/106MEDIA/DSCF0959.JPG,DSCF0959.JPG,4Z/106MEDIA,2,Western_Leopard_Toad,0.8127,3641.2,1660.8,3928.2,1922.8
/srv/shared_leopard_toad/2025/Documents/06.10-13.10.2025/4Z/106MEDIA/DSCF0959.JPG,DSCF0959.JPG,4Z/106MEDIA,0,Other_Amphibian,0.5998,3222.3,1960.8,3354.7,2115.0
/srv/shared_leopard_toad/2025/Documents/06.10-13.10.2025/4Z/106MEDIA/DSCF0959.JPG,DSCF0959.JPG,4Z/106MEDIA,0,Other_Amphibian,0.5528,3220.2,1962.5,3354.9,2115.5
/srv/shared_leopard_toad/2025/Documents/06.10-13.10.2025/4Z/106MEDIA/DSCF0508.JPG,DSCF0508.JPG,4Z/106MEDIA,2,Western_Leopard_Toad,0.2725,3655.8,1653.9,3926.5,1923.4
/srv/shared_leopard_toad/2025/Documents/06.10-13.10.2025/4Z/106MEDIA/DSCF0508.JPG,DSCF0508.JPG,4Z/106MEDIA,0,Other_Amphibian,0.2190,3222.0,1966.6,3347.2,2107.3
/srv/shared_leopard_toad/2025/Documents/06.10-13.10.2025/4Z/106MEDIA/DSCF0508.JPG,DSCF0508.JPG,4Z/106MEDIA,0,Other_Amphibian,0.2142,3229.3,1972.9,3351.0,2114.6
/srv/shared_leopard_toad/2025/Documents/06.10-13.10.2025/4Z/106MEDIA/DSCF0608.JPG,DSCF0608.JPG,4Z/106MEDIA,2,Western_Leopard_Toad,0.2651,3653.7,1658.2,3926.9,1924.2
/srv/shared_leopard_toad/2025/Documents/06.10-13.10.2025/4Z/106MEDIA/DSCF0608.JPG,DSCF0608.JPG,4Z/106MEDIA,0,Other_Amphibian,0.2547,3226.1,1967.8,3351.5,2109.9
/srv/shared_leopard_toad/2025/Documents/06.10-13.10.2025/4Z/106MEDIA/DSCF0608.JPG,DSCF0608.JPG,4Z/106MEDIA,0,Other_Amphibian,0.2493,3221.7,1967.8,3350.0,2108.5
/srv/shared_leopard_toad/2025/Documents/06.10-13.10.2025/4Z/106MEDIA/DSCF0451.JPG,DSCF0451.JPG,4Z/106MEDIA,2,Western_Leopard_Toad,0.3557,3654.7,1656.8,3929.6,1922.5
/srv/shared_leopard_toad/2025/Documents/06.10-13.10.2025/4Z/106MEDIA/DSCF0451.JPG,DSCF0451.JPG,4Z/106MEDIA,0,Other_Amphibian,0.2092,3223.8,1967.8,3346.7,2106.4
/srv/shared_leopard_toad/2025/Documents/06.10-13.10.2025/4Z/106MEDIA/DSCF0532.JPG,DSCF0532.JPG,4Z/106MEDIA,2,Western_Leopard_Toad,0.3590,3656.4,1656.0,3928.7,1922.1
/srv/shared_leopard_toad/2025/Documents/06.10-13.10.2025/4Z/106MEDIA/DSCF0532.JPG,DSCF0532.JPG,4Z/106MEDIA,0,Other_Amphibian,0.2553,3223.0,1966.4,3347.8,2106.6
/srv/shared_leopard_toad/2025/Documents/06.10-13.10.2025/4Z/106MEDIA/DSCF0290.JPG,DSCF0290.JPG,4Z/106MEDIA,2,Western_Leopard_Toad,0.3569,3654.2,1656.4,3926.6,1923.1
/srv/shared_leopard_toad/2025/Documents/06.10-13.10.2025/4Z/106MEDIA/DSCF0290.JPG,DSCF0290.JPG,4Z/106MEDIA,0,Other_Amphibian,0.2489,3228.6,1970.3,3350.2,2110.4
/srv/shared_leopard_toad/2025/Documents/06.10-13.10.2025/4Z/106MEDIA/DSCF0290.JPG,DSCF0290.JPG,4Z/106MEDIA,0,Other_Amphibian,0.2486,3223.1,1967.9,3348.3,2106.9
/srv/shared_leopard_toad/2025/Documents/06.10-13.10.2025/4Z/106MEDIA/DSCF0556.JPG,DSCF0556.JPG,4Z/106MEDIA,2,Western_Leopard_Toad,0.4092,3654.4,1655.4,3928.7,1922.6
/srv/shared_leopard_toad/2025/Documents/06.10-13.10.2025/4Z/106MEDIA/DSCF0556.JPG,DSCF0556.JPG,4Z/106MEDIA,0,Other_Amphibian,0.2733,3223.7,1966.9,3348.5,2106.4
/srv/shared_leopard_toad/2025/Documents/06.10-13.10.2025/4Z/106MEDIA/DSCF0556.JPG,DSCF0556.JPG,4Z/106MEDIA,0,Other_Amphibian,0.2188,3229.2,1972.1,3351.1,2112.1
/srv/shared_leopard_toad/2025/Documents/06.10-13.10.2025/4Z/106MEDIA/DSCF0862.JPG,DSCF0862.JPG,4Z/106MEDIA,0,Other_Amphibian,0.2681,3226.9,1965.9,3351.4,2111.3
/srv/shared_leopard_toad/2025/Documents/06.10-13.10.2025/4Z/106MEDIA/DSCF0862.JPG,DSCF0862.JPG,4Z/106MEDIA,0,Other_Amphibian,0.2433,3220.9,1966.6,3349.6,2109.7
/srv/shared_leopard_toad/2025/Documents/06.10-13.10.2025/4Z/106MEDIA/DSCF0057.JPG,DSCF0057.JPG,4Z/106MEDIA,0,Other_Amphibian,0.2401,3228.7,1969.6,3353.0,2111.3
/srv/shared_leopard_toad/2025/Documents/06.10-13.10.2025/4Z/106MEDIA/DSCF0057.JPG,DSCF0057.JPG,4Z/106MEDIA,2,Western_Leopard_Toad,0.2278,3653.6,1656.4,3926.6,1923.9
/srv/shared_leopard_toad/2025/Documents/06.10-13.10.2025/4Z/106MEDIA/DSCF0057.JPG,DSCF0057.JPG,4Z/106MEDIA,0,Other_Amphibian,0.2154,3225.5,1970.3,3351.8,2110.6
/srv/shared_leopard_toad/2025/Documents/06.10-13.10.2025/4Z/106MEDIA/DSCF0758.JPG,DSCF0758.JPG,4Z/106MEDIA,2,Western_Leopard_Toad,0.3059,3652.9,1656.2,3923.5,1923.3
/srv/shared_leopard_toad/2025/Documents/06.10-13.10.2025/4Z/106MEDIA/DSCF0758.JPG,DSCF0758.JPG,4Z/106MEDIA,0,Other_Amphibian,0.2348,3219.8,1966.5,3347.6,2109.1
/srv/shared_leopard_toad/2025/Documents/06.10-13.10.2025/4Z/106MEDIA/DSCF0758.JPG,DSCF0758.JPG,4Z/106MEDIA,0,Other_Amphibian,0.2269,3227.2,1969.1,3351.5,2113.1
/srv/shared_leopard_toad/2025/Documents/06.10-13.10.2025/4Z/106MEDIA/DSCF0652.JPG,DSCF0652.JPG,4Z/106MEDIA,2,Western_Leopard_Toad,0.2835,3654.6,1655.1,3927.8,1923.5
/srv/shared_leopard_toad/2025/Documents/06.10-13.10.2025/4Z/106MEDIA/DSCF0652.JPG,DSCF0652.JPG,4Z/106MEDIA,0,Other_Amphibian,0.2785,3227.8,1966.8,3352.2,2113.2
/srv/shared_leopard_toad/2025/Documents/06.10-13.10.2025/4Z/106MEDIA/DSCF0652.JPG,DSCF0652.JPG,4Z/106MEDIA,0,Other_Amphibian,0.2570,3219.3,1966.0,3348.3,2109.8
/srv/shared_leopard_toad/2025/Documents/06.10-13.10.2025/4Z/106MEDIA/DSCF0165.JPG,DSCF0165.JPG,4Z/106MEDIA,2,Western_Leopard_Toad,0.2311,3653.9,1657.9,3926.7,1923.8
/srv/shared_leopard_toad/2025/Documents/06.10-13.10.2025/4Z/106MEDIA/DSCF0615.JPG,DSCF0615.JPG,4Z/106MEDIA,0,Other_Amphibian,0.2966,3229.0,1967.1,3353.9,2112.2
/srv/shared_leopard_toad/2025/Documents/06.10-13.10.2025/4Z/106MEDIA/DSCF0615.JPG,DSCF0615.JPG,4Z/106MEDIA,0,Other_Amphibian,0.2884,3222.0,1965.3,3350.8,2108.2
/srv/shared_leopard_toad/2025/Documents/06.10-13.10.2025/4Z/106MEDIA/DSCF0258.JPG,DSCF0258.JPG,4Z/106MEDIA,2,Western_Leopard_Toad,0.2943,3654.0,1654.3,3927.9,1923.5
/srv/shared_leopard_toad/2025/Documents/06.10-13.10.2025/4Z/106MEDIA/DSCF0258.JPG,DSCF0258.JPG,4Z/106MEDIA,0,Other_Amphibian,0.2287,3224.6,1968.7,3348.3,2107.4
/srv/shared_leopard_toad/2025/Documents/06.10-13.10.2025/4Z/106MEDIA/DSCF0346.JPG,DSCF0346.JPG,4Z/106MEDIA,0,Other_Amphibian,0.3225,3656.2,1652.4,3930.7,1923.1
/srv/shared_leopard_toad/2025/Documents/06.10-13.10.2025/4Z/106MEDIA/DSCF0346.JPG,DSCF0346.JPG,4Z/106MEDIA,0,Other_Amphibian,0.2173,3230.6,1974.2,3354.8,2115.6
/srv/shared_leopard_toad/2025/Documents/06.10-13.10.2025/4Z/106MEDIA/DSCF0346.JPG,DSCF0346.JPG,4Z/106MEDIA,0,Other_Amphibian,0.2075,3223.8,1970.3,3352.4,2110.3
/srv/shared_leopard_toad/2025/Documents/06.10-13.10.2025/4Z/106MEDIA/DSCF0723.JPG,DSCF0723.JPG,4Z/106MEDIA,2,Western_Leopard_Toad,0.3504,3656.1,1654.8,3928.5,1924.1
/srv/shared_leopard_toad/2025/Documents/06.10-13.10.2025/4Z/106MEDIA/DSCF0723.JPG,DSCF0723.JPG,4Z/106MEDIA,0,Other_Amphibian,0.2067,3226.3,1969.2,3350.9,2109.4
/srv/shared_leopard_toad/2025/Documents/06.10-13.10.2025/4Z/106MEDIA/DSCF0723.JPG,DSCF0723.JPG,4Z/106MEDIA,0,Other_Amphibian,0.2019,3227.5,1972.0,3349.2,2112.9
/srv/shared_leopard_toad/2025/Documents/06.10-13.10.2025/4Z/106MEDIA/DSCF0878.JPG,DSCF0878.JPG,4Z/106MEDIA,2,Western_Leopard_Toad,0.2164,3651.6,1656.4,3923.5,1922.9
/srv/shared_leopard_toad/2025/Documents/06.10-13.10.2025/4Z/106MEDIA/DSCF0432.JPG,DSCF0432.JPG,4Z/106MEDIA,2,Western_Leopard_Toad,0.2626,3655.3,1655.9,3928.6,1922.8
/srv/shared_leopard_toad/2025/Documents/06.10-13.10.2025/4Z/106MEDIA/DSCF0432.JPG,DSCF0432.JPG,4Z/106MEDIA,0,Other_Amphibian,0.2297,3224.5,1967.4,3349.0,2107.8
/srv/shared_leopard_toad/2025/Documents/06.10-13.10.2025/4Z/106MEDIA/DSCF0432.JPG,DSCF0432.JPG,4Z/106MEDIA,0,Other_Amphibian,0.2075,3232.4,1976.1,3353.6,2117.9
/srv/shared_leopard_toad/2025/Documents/06.10-13.10.2025/4Z/106MEDIA/DSCF0174.JPG,DSCF0174.JPG,4Z/106MEDIA,2,Western_Leopard_Toad,0.4861,3656.9,1656.3,3931.3,1922.8
/srv/shared_leopard_toad/2025/Documents/06.10-13.10.2025/4Z/106MEDIA/DSCF0174.JPG,DSCF0174.JPG,4Z/106MEDIA,0,Other_Amphibian,0.2996,3220.8,1968.3,3347.9,2108.4
/srv/shared_leopard_toad/2025/Documents/06.10-13.10.2025/4Z/106MEDIA/DSCF0174.JPG,DSCF0174.JPG,4Z/106MEDIA,0,Other_Amphibian,0.2532,3227.5,1973.5,3349.8,2114.4
/srv/shared_leopard_toad/2025/Documents/06.10-13.10.2025/4Z/106MEDIA/DSCF0864.JPG,DSCF0864.JPG,4Z/106MEDIA,0,Other_Amphibian,0.2317,3228.1,1969.0,3349.9,2111.9
/srv/shared_leopard_toad/2025/Documents/06.10-13.10.2025/4Z/106MEDIA/DSCF0864.JPG,DSCF0864.JPG,4Z/106MEDIA,0,Other_Amphibian,0.2044,3224.1,1968.8,3350.1,2109.8
/srv/shared_leopard_toad/2025/Documents/06.10-13.10.2025/4Z/106MEDIA/DSCF0697.JPG,DSCF0697.JPG,4Z/106MEDIA,0,Other_Amphibian,0.2890,3228.8,1967.2,3349.2,2110.0
/srv/shared_leopard_toad/2025/Documents/06.10-13.10.2025/4Z/106MEDIA/DSCF0697.JPG,DSCF0697.JPG,4Z/106MEDIA,0,Other_Amphibian,0.2794,3222.7,1967.1,3347.8,2107.9
/srv/shared_leopard_toad/2025/Documents/06.10-13.10.2025/4Z/106MEDIA/DSCF0697.JPG,DSCF0697.JPG,4Z/106MEDIA,2,Western_Leopard_Toad,0.2468,3657.7,1656.9,3926.6,1923.7
/srv/shared_leopard_toad/2025/Documents/06.10-13.10.2025/4Z/106MEDIA/DSCF0761.JPG,DSCF0761.JPG,4Z/106MEDIA,2,Western_Leopard_Toad,0.3427,3653.8,1655.0,3930.1,1923.3
/srv/shared_leopard_toad/2025/Documents/06.10-13.10.2025/4Z/106MEDIA/DSCF0761.JPG,DSCF0761.JPG,4Z/106MEDIA,0,Other_Amphibian,0.2139,3228.5,1971.7,3352.8,2114.5
/srv/shared_leopard_toad/2025/Documents/06.10-13.10.2025/4Z/106MEDIA/DSCF0248.JPG,DSCF0248.JPG,4Z/106MEDIA,2,Western_Leopard_Toad,0.2665,3653.7,1656.6,3926.4,1923.5
/srv/shared_leopard_toad/2025/Documents/06.10-13.10.2025/4Z/106MEDIA/DSCF0248.JPG,DSCF0248.JPG,4Z/106MEDIA,0,Other_Amphibian,0.2124,3227.8,1970.9,3350.1,2113.3
/srv/shared_leopard_toad/2025/Documents/06.10-13.10.2025/4Z/106MEDIA/DSCF0248.JPG,DSCF0248.JPG,4Z/106MEDIA,0,Other_Amphibian,0.2105,3220.6,1966.3,3346.7,2107.5
/srv/shared_leopard_toad/2025/Documents/06.10-13.10.2025/4Z/106MEDIA/DSCF0117.JPG,DSCF0117.JPG,4Z/106MEDIA,2,Western_Leopard_Toad,0.3156,3656.3,1656.5,3926.8,1923.9
/srv/shared_leopard_toad/2025/Documents/06.10-13.10.2025/4Z/106MEDIA/DSCF0117.JPG,DSCF0117.JPG,4Z/106MEDIA,0,Other_Amphibian,0.2266,3225.1,1968.2,3348.1,2106.6
/srv/shared_leopard_toad/2025/Documents/06.10-13.10.2025/4Z/106MEDIA/DSCF0833.JPG,DSCF0833.JPG,4Z/106MEDIA,2,Western_Leopard_Toad,0.2560,3654.9,1655.6,3924.8,1923.0
/srv/shared_leopard_toad/2025/Documents/06.10-13.10.2025/4Z/106MEDIA/DSCF0833.JPG,DSCF0833.JPG,4Z/106MEDIA,0,Other_Amphibian,0.2529,3220.8,1967.1,3347.2,2107.4
/srv/shared_leopard_toad/2025/Documents/06.10-13.10.2025/4Z/106MEDIA/DSCF0833.JPG,DSCF0833.JPG,4Z/106MEDIA,0,Other_Amphibian,0.2421,3223.9,1972.3,3345.9,2113.9
/srv/shared_leopard_toad/2025/Documents/06.10-13.10.2025/4Z/106MEDIA/DSCF0945.JPG,DSCF0945.JPG,4Z/106MEDIA,2,Western_Leopard_Toad,0.6944,3647.2,1659.1,3925.5,1923.9
/srv/shared_leopard_toad/2025/Documents/06.10-13.10.2025/4Z/106MEDIA/DSCF0945.JPG,DSCF0945.JPG,4Z/106MEDIA,0,Other_Amphibian,0.6672,3217.1,1958.2,3352.4,2116.2
/srv/shared_leopard_toad/2025/Documents/06.10-13.10.2025/4Z/106MEDIA/DSCF0945.JPG,DSCF0945.JPG,4Z/106MEDIA,0,Other_Amphibian,0.6459,3216.9,1958.3,3352.2,2115.8
/srv/shared_leopard_toad/2025/Documents/06.10-13.10.2025/4Z/106MEDIA/DSCF0063.JPG,DSCF0063.JPG,4Z/106MEDIA,0,Other_Amphibian,0.2741,3653.4,1655.2,3928.8,1924.2
/srv/shared_leopard_toad/2025/Documents/06.10-13.10.2025/4Z/106MEDIA/DSCF0063.JPG,DSCF0063.JPG,4Z/106MEDIA,0,Other_Amphibian,0.2377,3222.0,1966.9,3348.2,2107.2
/srv/shared_leopard_toad/2025/Documents/06.10-13.10.2025/4Z/106MEDIA/DSCF0063.JPG,DSCF0063.JPG,4Z/106MEDIA,0,Other_Amphibian,0.2294,3228.2,1971.5,3350.6,2112.6
/srv/shared_leopard_toad/2025/Documents/06.10-13.10.2025/4Z/106MEDIA/DSCF0412.JPG,DSCF0412.JPG,4Z/106MEDIA,2,Western_Leopard_Toad,0.3283,3655.4,1654.5,3927.6,1922.6
/srv/shared_leopard_toad/2025/Documents/06.10-13.10.2025/4Z/106MEDIA/DSCF0152.JPG,DSCF0152.JPG,4Z/106MEDIA,2,Western_Leopard_Toad,0.3141,3656.6,1657.5,3928.4,1922.1
/srv/shared_leopard_toad/2025/Documents/06.10-13.10.2025/4Z/106MEDIA/DSCF0152.JPG,DSCF0152.JPG,4Z/106MEDIA,0,Other_Amphibian,0.3094,3219.7,1967.9,3346.4,2108.1
/srv/shared_leopard_toad/2025/Documents/06.10-13.10.2025/4Z/106MEDIA/DSCF0152.JPG,DSCF0152.JPG,4Z/106MEDIA,0,Other_Amphibian,0.2518,3228.1,1972.2,3350.1,2112.9
/srv/shared_leopard_toad/2025/Documents/06.10-13.10.2025/4Z/106MEDIA/DSCF0405.JPG,DSCF0405.JPG,4Z/106MEDIA,0,Other_Amphibian,0.3957,3655.0,1653.7,3928.0,1925.8
/srv/shared_leopard_toad/2025/Documents/06.10-13.10.2025/4Z/106MEDIA/DSCF0989.JPG,DSCF0989.JPG,4Z/106MEDIA,2,Western_Leopard_Toad,0.8571,3642.2,1658.5,3934.6,1923.3
/srv/shared_leopard_toad/2025/Documents/06.10-13.10.2025/4Z/106MEDIA/DSCF0989.JPG,DSCF0989.JPG,4Z/106MEDIA,0,Other_Amphibian,0.4692,3216.2,1955.2,3354.5,2111.3
/srv/shared_leopard_toad/2025/Documents/06.10-13.10.2025/4Z/106MEDIA/DSCF0989.JPG,DSCF0989.JPG,4Z/106MEDIA,0,Other_Amphibian,0.4333,3220.3,1954.5,3352.7,2110.6
/srv/shared_leopard_toad/2025/Documents/06.10-13.10.2025/4Z/106MEDIA/DSCF0036.JPG,DSCF0036.JPG,4Z/106MEDIA,2,Western_Leopard_Toad,0.4795,3654.6,1657.3,3930.6,1921.5
/srv/shared_leopard_toad/2025/Documents/06.10-13.10.2025/4Z/106MEDIA/DSCF0036.JPG,DSCF0036.JPG,4Z/106MEDIA,0,Other_Amphibian,0.2310,3221.0,1969.6,3348.3,2108.0
/srv/shared_leopard_toad/2025/Documents/06.10-13.10.2025/4Z/106MEDIA/DSCF0036.JPG,DSCF0036.JPG,4Z/106MEDIA,0,Other_Amphibian,0.2123,3226.4,1974.9,3349.6,2114.8
/srv/shared_leopard_toad/2025/Documents/06.10-13.10.2025/4Z/106MEDIA/DSCF0052.JPG,DSCF0052.JPG,4Z/106MEDIA,0,Other_Amphibian,0.2688,3221.2,1967.2,3348.2,2105.6
/srv/shared_leopard_toad/2025/Documents/06.10-13.10.2025/4Z/106MEDIA/DSCF0052.JPG,DSCF0052.JPG,4Z/106MEDIA,0,Other_Amphibian,0.2649,3655.2,1656.8,3927.9,1924.0
/srv/shared_leopard_toad/2025/Documents/06.10-13.10.2025/4Z/106MEDIA/DSCF0052.JPG,DSCF0052.JPG,4Z/106MEDIA,0,Other_Amphibian,0.2276,3226.3,1968.2,3349.6,2107.2
/srv/shared_leopard_toad/2025/Documents/06.10-13.10.2025/4Z/106MEDIA/DSCF0653.JPG,DSCF0653.JPG,4Z/106MEDIA,0,Other_Amphibian,0.2449,3222.4,1966.1,3349.0,2108.7
/srv/shared_leopard_toad/2025/Documents/06.10-13.10.2025/4Z/106MEDIA/DSCF0653.JPG,DSCF0653.JPG,4Z/106MEDIA,0,Other_Amphibian,0.2359,3228.4,1968.2,3351.5,2112.8
/srv/shared_leopard_toad/2025/Documents/06.10-13.10.2025/4Z/106MEDIA/DSCF0653.JPG,DSCF0653.JPG,4Z/106MEDIA,2,Western_Leopard_Toad,0.2071,3654.6,1657.5,3923.8,1924.4
/srv/shared_leopard_toad/2025/Documents/06.10-13.10.2025/4Z/106MEDIA/DSCF0754.JPG,DSCF0754.JPG,4Z/106MEDIA,0,Other_Amphibian,0.2212,3222.9,1964.3,3347.8,2108.1
/srv/shared_leopard_toad/2025/Documents/06.10-13.10.2025/4Z/106MEDIA/DSCF0754.JPG,DSCF0754.JPG,4Z/106MEDIA,0,Other_Amphibian,0.2127,3229.6,1966.4,3351.3,2112.2
/srv/shared_leopard_toad/2025/Documents/06.10-13.10.2025/4Z/106MEDIA/DSCF0838.JPG,DSCF0838.JPG,4Z/106MEDIA,2,Western_Leopard_Toad,0.4277,3654.2,1657.3,3929.0,1923.1
/srv/shared_leopard_toad/2025/Documents/06.10-13.10.2025/4Z/106MEDIA/DSCF0838.JPG,DSCF0838.JPG,4Z/106MEDIA,0,Other_Amphibian,0.2480,3220.8,1967.1,3348.1,2108.0
/srv/shared_leopard_toad/2025/Documents/06.10-13.10.2025/4Z/106MEDIA/DSCF0838.JPG,DSCF0838.JPG,4Z/106MEDIA,0,Other_Amphibian,0.2421,3228.4,1970.6,3351.7,2112.4
/srv/shared_leopard_toad/2025/Documents/06.10-13.10.2025/4Z/106MEDIA/DSCF0189.JPG,DSCF0189.JPG,4Z/106MEDIA,2,Western_Leopard_Toad,0.3128,3654.8,1654.6,3930.0,1924.1
/srv/shared_leopard_toad/2025/Documents/06.10-13.10.2025/4Z/106MEDIA/DSCF0189.JPG,DSCF0189.JPG,4Z/106MEDIA,0,Other_Amphibian,0.2304,3222.4,1966.7,3349.2,2106.2
/srv/shared_leopard_toad/2025/Documents/06.10-13.10.2025/4Z/106MEDIA/DSCF0189.JPG,DSCF0189.JPG,4Z/106MEDIA,0,Other_Amphibian,0.2050,3227.7,1970.5,3351.2,2110.6
/srv/shared_leopard_toad/2025/Documents/06.10-13.10.2025/4Z/106MEDIA/DSCF0171.JPG,DSCF0171.JPG,4Z/106MEDIA,2,Western_Leopard_Toad,0.3801,3656.4,1654.7,3927.2,1922.8
/srv/shared_leopard_toad/2025/Documents/06.10-13.10.2025/4Z/106MEDIA/DSCF0040.JPG,DSCF0040.JPG,4Z/106MEDIA,2,Western_Leopard_Toad,0.3985,3655.4,1655.8,3931.9,1923.4
/srv/shared_leopard_toad/2025/Documents/06.10-13.10.2025/4Z/106MEDIA/DSCF0040.JPG,DSCF0040.JPG,4Z/106MEDIA,0,Other_Amphibian,0.2419,3219.1,1967.5,3346.7,2108.7
/srv/shared_leopard_toad/2025/Documents/06.10-13.10.2025/4Z/106MEDIA/DSCF0729.JPG,DSCF0729.JPG,4Z/106MEDIA,2,Western_Leopard_Toad,0.2969,3654.7,1656.9,3927.3,1923.5
/srv/shared_leopard_toad/2025/Documents/06.10-13.10.2025/4Z/106MEDIA/DSCF0315.JPG,DSCF0315.JPG,4Z/106MEDIA,2,Western_Leopard_Toad,0.2434,3655.8,1658.4,3926.3,1923.2
/srv/shared_leopard_toad/2025/Documents/06.10-13.10.2025/4Z/106MEDIA/DSCF0288.JPG,DSCF0288.JPG,4Z/106MEDIA,0,Other_Amphibian,0.2539,3220.0,1965.9,3347.5,2108.9
/srv/shared_leopard_toad/2025/Documents/06.10-13.10.2025/4Z/106MEDIA/DSCF0288.JPG,DSCF0288.JPG,4Z/106MEDIA,0,Other_Amphibian,0.2495,3227.7,1970.5,3351.5,2115.2
/srv/shared_leopard_toad/2025/Documents/06.10-13.10.2025/4Z/106MEDIA/DSCF0288.JPG,DSCF0288.JPG,4Z/106MEDIA,2,Western_Leopard_Toad,0.2472,3656.6,1656.5,3926.3,1922.1
/srv/shared_leopard_toad/2025/Documents/06.10-13.10.2025/4Z/106MEDIA/DSCF0423.JPG,DSCF0423.JPG,4Z/106MEDIA,2,Western_Leopard_Toad,0.2938,3654.3,1656.4,3926.9,1923.5
/srv/shared_leopard_toad/2025/Documents/06.10-13.10.2025/4Z/106MEDIA/DSCF0045.JPG,DSCF0045.JPG,4Z/106MEDIA,2,Western_Leopard_Toad,0.2570,3654.8,1654.6,3929.4,1922.9
/srv/shared_leopard_toad/2025/Documents/06.10-13.10.2025/4Z/106MEDIA/DSCF0045.JPG,DSCF0045.JPG,4Z/106MEDIA,0,Other_Amphibian,0.2556,3223.2,1968.0,3348.8,2107.9
/srv/shared_leopard_toad/2025/Documents/06.10-13.10.2025/4Z/106MEDIA/DSCF0045.JPG,DSCF0045.JPG,4Z/106MEDIA,0,Other_Amphibian,0.2302,3230.0,1972.4,3352.4,2112.8
/srv/shared_leopard_toad/2025/Documents/06.10-13.10.2025/4Z/106MEDIA/DSCF0264.JPG,DSCF0264.JPG,4Z/106MEDIA,2,Western_Leopard_Toad,0.2210,3657.7,1658.2,3925.7,1924.8
/srv/shared_leopard_toad/2025/Documents/06.10-13.10.2025/4Z/106MEDIA/DSCF0264.JPG,DSCF0264.JPG,4Z/106MEDIA,0,Other_Amphibian,0.2066,3230.0,1973.9,3351.3,2114.4
/srv/shared_leopard_toad/2025/Documents/06.10-13.10.2025/4Z/106MEDIA/DSCF0848.JPG,DSCF0848.JPG,4Z/106MEDIA,0,Other_Amphibian,0.2899,3225.3,1966.0,3351.3,2110.6
/srv/shared_leopard_toad/2025/Documents/06.10-13.10.2025/4Z/106MEDIA/DSCF0848.JPG,DSCF0848.JPG,4Z/106MEDIA,0,Other_Amphibian,0.2394,3220.2,1967.6,3350.3,2109.7
/srv/shared_leopard_toad/2025/Documents/06.10-13.10.2025/4Z/106MEDIA/DSCF0145.JPG,DSCF0145.JPG,4Z/106MEDIA,2,Western_Leopard_Toad,0.2726,3657.6,1655.4,3927.7,1921.9
/srv/shared_leopard_toad/2025/Documents/06.10-13.10.2025/4Z/106MEDIA/DSCF0145.JPG,DSCF0145.JPG,4Z/106MEDIA,0,Other_Amphibian,0.2469,3222.9,1966.6,3348.1,2107.2
/srv/shared_leopard_toad/2025/Documents/06.10-13.10.2025/4Z/106MEDIA/DSCF0145.JPG,DSCF0145.JPG,4Z/106MEDIA,0,Other_Amphibian,0.2391,3227.2,1971.2,3349.8,2111.8
/srv/shared_leopard_toad/2025/Documents/06.10-13.10.2025/4Z/106MEDIA/DSCF0284.JPG,DSCF0284.JPG,4Z/106MEDIA,2,Western_Leopard_Toad,0.2341,3653.7,1657.9,3926.5,1924.1
/srv/shared_leopard_toad/2025/Documents/06.10-13.10.2025/4Z/106MEDIA/DSCF0284.JPG,DSCF0284.JPG,4Z/106MEDIA,0,Other_Amphibian,0.2060,3230.0,1969.1,3351.5,2112.2
/srv/shared_leopard_toad/2025/Documents/06.10-13.10.2025/4Z/106MEDIA/DSCF0504.JPG,DSCF0504.JPG,4Z/106MEDIA,2,Western_Leopard_Toad,0.2481,3654.2,1654.8,3927.7,1922.5
/srv/shared_leopard_toad/2025/Documents/06.10-13.10.2025/4Z/106MEDIA/DSCF0637.JPG,DSCF0637.JPG,4Z/106MEDIA,0,Other_Amphibian,0.2423,3224.4,1966.2,3351.1,2108.4
/srv/shared_leopard_toad/2025/Documents/06.10-13.10.2025/4Z/106MEDIA/DSCF0637.JPG,DSCF0637.JPG,4Z/106MEDIA,0,Other_Amphibian,0.2361,3228.9,1969.7,3352.0,2113.5
/srv/shared_leopard_toad/2025/Documents/06.10-13.10.2025/4Z/106MEDIA/DSCF0271.JPG,DSCF0271.JPG,4Z/106MEDIA,2,Western_Leopard_Toad,0.2959,3655.4,1657.7,3926.3,1922.4
/srv/shared_leopard_toad/2025/Documents/06.10-13.10.2025/4Z/106MEDIA/DSCF0271.JPG,DSCF0271.JPG,4Z/106MEDIA,0,Other_Amphibian,0.2786,3221.8,1966.7,3346.3,2108.0
/srv/shared_leopard_toad/2025/Documents/06.10-13.10.2025/4Z/106MEDIA/DSCF0271.JPG,DSCF0271.JPG,4Z/106MEDIA,0,Other_Amphibian,0.2573,3230.3,1970.4,3350.6,2113.4
/srv/shared_leopard_toad/2025/Documents/06.10-13.10.2025/4Z/106MEDIA/DSCF0861.JPG,DSCF0861.JPG,4Z/106MEDIA,0,Other_Amphibian,0.2599,3228.0,1969.5,3352.7,2110.9
/srv/shared_leopard_toad/2025/Documents/06.10-13.10.2025/4Z/106MEDIA/DSCF0861.JPG,DSCF0861.JPG,4Z/106MEDIA,2,Western_Leopard_Toad,0.2506,3655.0,1657.0,3925.4,1922.6
/srv/shared_leopard_toad/2025/Documents/06.10-13.10.2025/4Z/106MEDIA/DSCF0861.JPG,DSCF0861.JPG,4Z/106MEDIA,0,Other_Amphibian,0.2340,3220.6,1968.9,3349.8,2108.6
/srv/shared_leopard_toad/2025/Documents/06.10-13.10.2025/4Z/106MEDIA/DSCF0648.JPG,DSCF0648.JPG,4Z/106MEDIA,2,Western_Leopard_Toad,0.2627,3652.5,1657.3,3924.0,1922.9
/srv/shared_leopard_toad/2025/Documents/06.10-13.10.2025/4Z/106MEDIA/DSCF0659.JPG,DSCF0659.JPG,4Z/106MEDIA,2,Western_Leopard_Toad,0.2704,3653.1,1656.0,3928.0,1924.3
/srv/shared_leopard_toad/2025/Documents/06.10-13.10.2025/4Z/106MEDIA/DSCF0659.JPG,DSCF0659.JPG,4Z/106MEDIA,0,Other_Amphibian,0.2055,3227.2,1970.6,3351.1,2113.5
/srv/shared_leopard_toad/2025/Documents/06.10-13.10.2025/4Z/106MEDIA/DSCF0096.JPG,DSCF0096.JPG,4Z/106MEDIA,2,Western_Leopard_Toad,0.2876,3656.2,1656.2,3929.0,1923.2
/srv/shared_leopard_toad/2025/Documents/06.10-13.10.2025/4Z/106MEDIA/DSCF0096.JPG,DSCF0096.JPG,4Z/106MEDIA,0,Other_Amphibian,0.2634,3223.1,1967.3,3347.1,2108.2
/srv/shared_leopard_toad/2025/Documents/06.10-13.10.2025/4Z/106MEDIA/DSCF0096.JPG,DSCF0096.JPG,4Z/106MEDIA,0,Other_Amphibian,0.2296,3230.9,1971.9,3351.4,2114.1
/srv/shared_leopard_toad/2025/Documents/06.10-13.10.2025/4Z/106MEDIA/DSCF0295.JPG,DSCF0295.JPG,4Z/106MEDIA,0,Other_Amphibian,0.2273,3223.4,1966.4,3348.5,2106.3
/srv/shared_leopard_toad/2025/Documents/06.10-13.10.2025/4Z/106MEDIA/DSCF0295.JPG,DSCF0295.JPG,4Z/106MEDIA,2,Western_Leopard_Toad,0.2004,3655.7,1657.1,3924.5,1923.0
/srv/shared_leopard_toad/2025/Documents/06.10-13.10.2025/4Z/106MEDIA/DSCF0053.JPG,DSCF0053.JPG,4Z/106MEDIA,2,Western_Leopard_Toad,0.4127,3655.3,1656.4,3931.3,1923.2
/srv/shared_leopard_toad/2025/Documents/06.10-13.10.2025/4Z/106MEDIA/DSCF0053.JPG,DSCF0053.JPG,4Z/106MEDIA,0,Other_Amphibian,0.2597,3221.4,1967.6,3346.5,2106.7
/srv/shared_leopard_toad/2025/Documents/06.10-13.10.2025/4Z/106MEDIA/DSCF0053.JPG,DSCF0053.JPG,4Z/106MEDIA,0,Other_Amphibian,0.2248,3230.0,1975.4,3350.5,2115.5
/srv/shared_leopard_toad/2025/Documents/06.10-13.10.2025/4Z/106MEDIA/DSCF0740.JPG,DSCF0740.JPG,4Z/106MEDIA,2,Western_Leopard_Toad,0.3487,3653.6,1656.0,3924.8,1922.4
/srv/shared_leopard_toad/2025/Documents/06.10-13.10.2025/4Z/106MEDIA/DSCF0740.JPG,DSCF0740.JPG,4Z/106MEDIA,0,Other_Amphibian,0.2487,3227.7,1970.5,3351.6,2113.8
/srv/shared_leopard_toad/2025/Documents/06.10-13.10.2025/4Z/106MEDIA/DSCF0740.JPG,DSCF0740.JPG,4Z/106MEDIA,0,Other_Amphibian,0.2184,3219.9,1968.3,3348.7,2109.9
/srv/shared_leopard_toad/2025/Documents/06.10-13.10.2025/4Z/106MEDIA/DSCF0384.JPG,DSCF0384.JPG,4Z/106MEDIA,2,Western_Leopard_Toad,0.2433,3653.1,1657.0,3925.2,1923.0
/srv/shared_leopard_toad/2025/Documents/06.10-13.10.2025/4Z/106MEDIA/DSCF0955.JPG,DSCF0955.JPG,4Z/106MEDIA,0,Other_Amphibian,0.6913,3217.1,1959.9,3347.2,2115.7
/srv/shared_leopard_toad/2025/Documents/06.10-13.10.2025/4Z/106MEDIA/DSCF0955.JPG,DSCF0955.JPG,4Z/106MEDIA,2,Western_Leopard_Toad,0.6663,3645.7,1659.6,3924.7,1921.5
/srv/shared_leopard_toad/2025/Documents/06.10-13.10.2025/4Z/106MEDIA/DSCF0955.JPG,DSCF0955.JPG,4Z/106MEDIA,0,Other_Amphibian,0.6126,3217.5,1959.7,3346.5,2115.7
/srv/shared_leopard_toad/2025/Documents/06.10-13.10.2025/4Z/106MEDIA/DSCF0149.JPG,DSCF0149.JPG,4Z/106MEDIA,2,Western_Leopard_Toad,0.3533,3653.9,1655.5,3930.5,1923.0
/srv/shared_leopard_toad/2025/Documents/06.10-13.10.2025/4Z/106MEDIA/DSCF0149.JPG,DSCF0149.JPG,4Z/106MEDIA,0,Other_Amphibian,0.2373,3222.3,1967.3,3349.1,2107.8
/srv/shared_leopard_toad/2025/Documents/06.10-13.10.2025/4Z/106MEDIA/DSCF0149.JPG,DSCF0149.JPG,4Z/106MEDIA,0,Other_Amphibian,0.2306,3228.7,1972.2,3352.7,2113.4
/srv/shared_leopard_toad/2025/Documents/06.10-13.10.2025/4Z/106MEDIA/DSCF0502.JPG,DSCF0502.JPG,4Z/106MEDIA,2,Western_Leopard_Toad,0.3434,3655.2,1655.2,3928.0,1923.4
/srv/shared_leopard_toad/2025/Documents/06.10-13.10.2025/4Z/106MEDIA/DSCF0502.JPG,DSCF0502.JPG,4Z/106MEDIA,0,Other_Amphibian,0.2163,3230.5,1974.0,3354.3,2117.0
/srv/shared_leopard_toad/2025/Documents/06.10-13.10.2025/4Z/106MEDIA/DSCF0231.JPG,DSCF0231.JPG,4Z/106MEDIA,2,Western_Leopard_Toad,0.4555,3655.6,1654.5,3930.6,1921.7
/srv/shared_leopard_toad/2025/Documents/06.10-13.10.2025/4Z/106MEDIA/DSCF0231.JPG,DSCF0231.JPG,4Z/106MEDIA,0,Other_Amphibian,0.3318,3228.0,1969.0,3365.3,2109.3
/srv/shared_leopard_toad/2025/Documents/06.10-13.10.2025/4Z/106MEDIA/DSCF0231.JPG,DSCF0231.JPG,4Z/106MEDIA,0,Other_Amphibian,0.2695,3229.9,1972.4,3366.7,2112.2
/srv/shared_leopard_toad/2025/Documents/06.10-13.10.2025/4Z/106MEDIA/DSCF0930.JPG,DSCF0930.JPG,4Z/106MEDIA,2,Western_Leopard_Toad,0.8441,3645.5,1669.0,3922.6,1932.1
/srv/shared_leopard_toad/2025/Documents/06.10-13.10.2025/4Z/106MEDIA/DSCF0320.JPG,DSCF0320.JPG,4Z/106MEDIA,0,Other_Amphibian,0.2972,3656.6,1654.5,3929.5,1922.5
/srv/shared_leopard_toad/2025/Documents/06.10-13.10.2025/4Z/106MEDIA/DSCF0320.JPG,DSCF0320.JPG,4Z/106MEDIA,0,Other_Amphibian,0.2068,3222.4,1967.9,3347.8,2106.6
/srv/shared_leopard_toad/2025/Documents/06.10-13.10.2025/4Z/106MEDIA/DSCF0731.JPG,DSCF0731.JPG,4Z/106MEDIA,2,Western_Leopard_Toad,0.2577,3653.1,1658.7,3926.1,1924.2
/srv/shared_leopard_toad/2025/Documents/06.10-13.10.2025/4Z/106MEDIA/DSCF0479.JPG,DSCF0479.JPG,4Z/106MEDIA,2,Western_Leopard_Toad,0.3777,3655.3,1656.1,3929.5,1922.5
/srv/shared_leopard_toad/2025/Documents/06.10-13.10.2025/4Z/106MEDIA/DSCF0479.JPG,DSCF0479.JPG,4Z/106MEDIA,0,Other_Amphibian,0.2626,3220.7,1968.4,3346.5,2107.6
/srv/shared_leopard_toad/2025/Documents/06.10-13.10.2025/4Z/106MEDIA/DSCF0479.JPG,DSCF0479.JPG,4Z/106MEDIA,0,Other_Amphibian,0.2273,3231.0,1975.0,3351.7,2115.6
/srv/shared_leopard_toad/2025/Documents/06.10-13.10.2025/4Z/106MEDIA/DSCF0247.JPG,DSCF0247.JPG,4Z/106MEDIA,2,Western_Leopard_Toad,0.3632,3656.9,1655.1,3928.6,1923.2
/srv/shared_leopard_toad/2025/Documents/06.10-13.10.2025/4Z/106MEDIA/DSCF0247.JPG,DSCF0247.JPG,4Z/106MEDIA,0,Other_Amphibian,0.2502,3221.5,1968.2,3346.8,2107.3
/srv/shared_leopard_toad/2025/Documents/06.10-13.10.2025/4Z/106MEDIA/DSCF0247.JPG,DSCF0247.JPG,4Z/106MEDIA,0,Other_Amphibian,0.2363,3228.3,1971.9,3349.5,2111.4
/srv/shared_leopard_toad/2025/Documents/06.10-13.10.2025/4Z/106MEDIA/DSCF0307.JPG,DSCF0307.JPG,4Z/106MEDIA,2,Western_Leopard_Toad,0.2726,3654.3,1656.2,3927.6,1923.8
/srv/shared_leopard_toad/2025/Documents/06.10-13.10.2025/4Z/106MEDIA/DSCF0268.JPG,DSCF0268.JPG,4Z/106MEDIA,2,Western_Leopard_Toad,0.3920,3654.5,1656.3,3930.1,1923.0
/srv/shared_leopard_toad/2025/Documents/06.10-13.10.2025/4Z/106MEDIA/DSCF0268.JPG,DSCF0268.JPG,4Z/106MEDIA,0,Other_Amphibian,0.2318,3230.5,1973.2,3355.2,2116.5
/srv/shared_leopard_toad/2025/Documents/06.10-13.10.2025/4Z/106MEDIA/DSCF0268.JPG,DSCF0268.JPG,4Z/106MEDIA,0,Other_Amphibian,0.2202,3222.4,1969.2,3350.7,2110.4
/srv/shared_leopard_toad/2025/Documents/06.10-13.10.2025/4Z/106MEDIA/DSCF0582.JPG,DSCF0582.JPG,4Z/106MEDIA,2,Western_Leopard_Toad,0.3318,3655.6,1655.1,3928.6,1923.8
/srv/shared_leopard_toad/2025/Documents/06.10-13.10.2025/4Z/106MEDIA/DSCF0582.JPG,DSCF0582.JPG,4Z/106MEDIA,0,Other_Amphibian,0.2980,3221.7,1967.7,3349.2,2108.0
/srv/shared_leopard_toad/2025/Documents/06.10-13.10.2025/4Z/106MEDIA/DSCF0582.JPG,DSCF0582.JPG,4Z/106MEDIA,0,Other_Amphibian,0.2827,3227.3,1968.3,3351.5,2110.2
/srv/shared_leopard_toad/2025/Documents/06.10-13.10.2025/4Z/106MEDIA/DSCF0716.JPG,DSCF0716.JPG,4Z/106MEDIA,2,Western_Leopard_Toad,0.3362,3652.5,1658.2,3925.7,1925.6
/srv/shared_leopard_toad/2025/Documents/06.10-13.10.2025/4Z/106MEDIA/DSCF0716.JPG,DSCF0716.JPG,4Z/106MEDIA,0,Other_Amphibian,0.2251,3222.6,1971.3,3346.0,2113.3
/srv/shared_leopard_toad/2025/Documents/06.10-13.10.2025/4Z/106MEDIA/DSCF0716.JPG,DSCF0716.JPG,4Z/106MEDIA,0,Other_Amphibian,0.2163,3220.0,1967.6,3347.9,2108.0
/srv/shared_leopard_toad/2025/Documents/06.10-13.10.2025/4Z/106MEDIA/DSCF0963.JPG,DSCF0963.JPG,4Z/106MEDIA,2,Western_Leopard_Toad,0.7896,3643.3,1659.9,3930.5,1923.8
/srv/shared_leopard_toad/2025/Documents/06.10-13.10.2025/4Z/106MEDIA/DSCF0963.JPG,DSCF0963.JPG,4Z/106MEDIA,0,Other_Amphibian,0.6448,3222.8,1960.5,3360.1,2113.4
/srv/shared_leopard_toad/2025/Documents/06.10-13.10.2025/4Z/106MEDIA/DSCF0963.JPG,DSCF0963.JPG,4Z/106MEDIA,0,Other_Amphibian,0.5722,3217.3,1962.3,3356.1,2115.6
/srv/shared_leopard_toad/2025/Documents/06.10-13.10.2025/4Z/106MEDIA/DSCF0663.JPG,DSCF0663.JPG,4Z/106MEDIA,2,Western_Leopard_Toad,0.2635,3655.5,1654.9,3926.4,1922.6
/srv/shared_leopard_toad/2025/Documents/06.10-13.10.2025/4Z/106MEDIA/DSCF0663.JPG,DSCF0663.JPG,4Z/106MEDIA,0,Other_Amphibian,0.2343,3224.4,1968.4,3347.8,2112.2
/srv/shared_leopard_toad/2025/Documents/06.10-13.10.2025/4Z/106MEDIA/DSCF0663.JPG,DSCF0663.JPG,4Z/106MEDIA,0,Other_Amphibian,0.2148,3224.3,1967.8,3350.7,2109.8
/srv/shared_leopard_toad/2025/Documents/06.10-13.10.2025/4Z/106MEDIA/DSCF0931.JPG,DSCF0931.JPG,4Z/106MEDIA,2,Western_Leopard_Toad,0.8031,3643.2,1667.1,3922.2,1931.1
/srv/shared_leopard_toad/2025/Documents/06.10-13.10.2025/4Z/106MEDIA/DSCF0931.JPG,DSCF0931.JPG,4Z/106MEDIA,2,Western_Leopard_Toad,0.2017,835.8,1678.2,1015.3,1967.2
/srv/shared_leopard_toad/2025/Documents/06.10-13.10.2025/4Z/106MEDIA/DSCF0106.JPG,DSCF0106.JPG,4Z/106MEDIA,2,Western_Leopard_Toad,0.3120,3656.2,1656.1,3928.3,1923.5
/srv/shared_leopard_toad/2025/Documents/06.10-13.10.2025/4Z/106MEDIA/DSCF0106.JPG,DSCF0106.JPG,4Z/106MEDIA,0,Other_Amphibian,0.2315,3229.2,1972.5,3354.2,2114.5
/srv/shared_leopard_toad/2025/Documents/06.10-13.10.2025/4Z/106MEDIA/DSCF0106.JPG,DSCF0106.JPG,4Z/106MEDIA,0,Other_Amphibian,0.2213,3222.0,1968.5,3350.5,2109.1
/srv/shared_leopard_toad/2025/Documents/06.10-13.10.2025/4Z/106MEDIA/DSCF0246.JPG,DSCF0246.JPG,4Z/106MEDIA,2,Western_Leopard_Toad,0.2118,3653.0,1655.6,3926.4,1924.3
/srv/shared_leopard_toad/2025/Documents/06.10-13.10.2025/4Z/106MEDIA/DSCF0978.JPG,DSCF0978.JPG,4Z/106MEDIA,2,Western_Leopard_Toad,0.8416,3642.8,1659.0,3931.7,1924.6
/srv/shared_leopard_toad/2025/Documents/06.10-13.10.2025/4Z/106MEDIA/DSCF0978.JPG,DSCF0978.JPG,4Z/106MEDIA,0,Other_Amphibian,0.5850,3217.6,1956.9,3350.3,2116.1
/srv/shared_leopard_toad/2025/Documents/06.10-13.10.2025/4Z/106MEDIA/DSCF0978.JPG,DSCF0978.JPG,4Z/106MEDIA,0,Other_Amphibian,0.5485,3214.6,1957.8,3349.8,2116.5
/srv/shared_leopard_toad/2025/Documents/06.10-13.10.2025/4Z/106MEDIA/DSCF0378.JPG,DSCF0378.JPG,4Z/106MEDIA,2,Western_Leopard_Toad,0.3220,3655.3,1656.4,3927.4,1922.5
/srv/shared_leopard_toad/2025/Documents/06.10-13.10.2025/4Z/106MEDIA/DSCF0378.JPG,DSCF0378.JPG,4Z/106MEDIA,0,Other_Amphibian,0.2297,3227.8,1968.0,3349.3,2107.1
/srv/shared_leopard_toad/2025/Documents/06.10-13.10.2025/4Z/106MEDIA/DSCF0378.JPG,DSCF0378.JPG,4Z/106MEDIA,0,Other_Amphibian,0.2108,3225.8,1975.9,3344.4,2115.6
/srv/shared_leopard_toad/2025/Documents/06.10-13.10.2025/4Z/106MEDIA/DSCF0704.JPG,DSCF0704.JPG,4Z/106MEDIA,2,Western_Leopard_Toad,0.3044,3653.5,1656.3,3926.6,1924.2
/srv/shared_leopard_toad/2025/Documents/06.10-13.10.2025/4Z/106MEDIA/DSCF0704.JPG,DSCF0704.JPG,4Z/106MEDIA,0,Other_Amphibian,0.2437,3220.0,1966.7,3348.9,2108.9
/srv/shared_leopard_toad/2025/Documents/06.10-13.10.2025/4Z/106MEDIA/DSCF0704.JPG,DSCF0704.JPG,4Z/106MEDIA,0,Other_Amphibian,0.2395,3226.2,1969.6,3350.3,2113.7
/srv/shared_leopard_toad/2025/Documents/06.10-13.10.2025/4Z/106MEDIA/DSCF0148.JPG,DSCF0148.JPG,4Z/106MEDIA,2,Western_Leopard_Toad,0.3088,3653.7,1657.2,3926.1,1924.2
/srv/shared_leopard_toad/2025/Documents/06.10-13.10.2025/4Z/106MEDIA/DSCF0842.JPG,DSCF0842.JPG,4Z/106MEDIA,2,Western_Leopard_Toad,0.3752,3654.1,1656.0,3926.5,1922.5
/srv/shared_leopard_toad/2025/Documents/06.10-13.10.2025/4Z/106MEDIA/DSCF0842.JPG,DSCF0842.JPG,4Z/106MEDIA,0,Other_Amphibian,0.2280,3228.0,1968.5,3351.7,2113.5
/srv/shared_leopard_toad/2025/Documents/06.10-13.10.2025/4Z/106MEDIA/DSCF0842.JPG,DSCF0842.JPG,4Z/106MEDIA,0,Other_Amphibian,0.2200,3218.9,1966.1,3347.4,2108.8
/srv/shared_leopard_toad/2025/Documents/06.10-13.10.2025/4Z/106MEDIA/DSCF0178.JPG,DSCF0178.JPG,4Z/106MEDIA,2,Western_Leopard_Toad,0.4029,3656.0,1657.2,3926.6,1923.1
/srv/shared_leopard_toad/2025/Documents/06.10-13.10.2025/4Z/106MEDIA/DSCF0178.JPG,DSCF0178.JPG,4Z/106MEDIA,0,Other_Amphibian,0.2755,3222.5,1966.2,3345.7,2108.3
/srv/shared_leopard_toad/2025/Documents/06.10-13.10.2025/4Z/106MEDIA/DSCF0178.JPG,DSCF0178.JPG,4Z/106MEDIA,0,Other_Amphibian,0.2370,3229.1,1970.0,3349.0,2112.3
/srv/shared_leopard_toad/2025/Documents/06.10-13.10.2025/4Z/106MEDIA/DSCF0738.JPG,DSCF0738.JPG,4Z/106MEDIA,2,Western_Leopard_Toad,0.3394,3653.7,1658.9,3924.7,1922.9
/srv/shared_leopard_toad/2025/Documents/06.10-13.10.2025/4Z/106MEDIA/DSCF0738.JPG,DSCF0738.JPG,4Z/106MEDIA,0,Other_Amphibian,0.2779,3220.5,1966.0,3346.5,2108.6
/srv/shared_leopard_toad/2025/Documents/06.10-13.10.2025/4Z/106MEDIA/DSCF0738.JPG,DSCF0738.JPG,4Z/106MEDIA,0,Other_Amphibian,0.2428,3228.2,1967.8,3349.4,2111.8
/srv/shared_leopard_toad/2025/Documents/06.10-13.10.2025/4Z/106MEDIA/DSCF0739.JPG,DSCF0739.JPG,4Z/106MEDIA,2,Western_Leopard_Toad,0.3317,3652.7,1657.2,3926.8,1923.3
/srv/shared_leopard_toad/2025/Documents/06.10-13.10.2025/4Z/106MEDIA/DSCF0739.JPG,DSCF0739.JPG,4Z/106MEDIA,0,Other_Amphibian,0.2824,3224.5,1967.9,3347.6,2112.4
/srv/shared_leopard_toad/2025/Documents/06.10-13.10.2025/4Z/106MEDIA/DSCF0739.JPG,DSCF0739.JPG,4Z/106MEDIA,0,Other_Amphibian,0.2761,3220.7,1966.2,3348.6,2108.7
/srv/shared_leopard_toad/2025/Documents/06.10-13.10.2025/4Z/106MEDIA/DSCF0875.JPG,DSCF0875.JPG,4Z/106MEDIA,2,Western_Leopard_Toad,0.2998,3653.4,1658.1,3924.8,1924.2
/srv/shared_leopard_toad/2025/Documents/06.10-13.10.2025/4Z/106MEDIA/DSCF0875.JPG,DSCF0875.JPG,4Z/106MEDIA,0,Other_Amphibian,0.2853,3220.7,1967.4,3348.9,2108.0
/srv/shared_leopard_toad/2025/Documents/06.10-13.10.2025/4Z/106MEDIA/DSCF0875.JPG,DSCF0875.JPG,4Z/106MEDIA,0,Other_Amphibian,0.2833,3228.4,1967.9,3350.7,2110.3
/srv/shared_leopard_toad/2025/Documents/06.10-13.10.2025/4Z/106MEDIA/DSCF0576.JPG,DSCF0576.JPG,4Z/106MEDIA,2,Western_Leopard_Toad,0.3419,3655.9,1655.6,3928.7,1923.1
/srv/shared_leopard_toad/2025/Documents/06.10-13.10.2025/4Z/106MEDIA/DSCF0576.JPG,DSCF0576.JPG,4Z/106MEDIA,0,Other_Amphibian,0.2717,3222.0,1966.8,3347.5,2107.7
/srv/shared_leopard_toad/2025/Documents/06.10-13.10.2025/4Z/106MEDIA/DSCF0576.JPG,DSCF0576.JPG,4Z/106MEDIA,0,Other_Amphibian,0.2496,3228.8,1970.6,3351.2,2113.0
/srv/shared_leopard_toad/2025/Documents/06.10-13.10.2025/4Z/106MEDIA/DSCF0856.JPG,DSCF0856.JPG,4Z/106MEDIA,2,Western_Leopard_Toad,0.3002,3654.4,1656.8,3924.4,1923.9
/srv/shared_leopard_toad/2025/Documents/06.10-13.10.2025/4Z/106MEDIA/DSCF0856.JPG,DSCF0856.JPG,4Z/106MEDIA,0,Other_Amphibian,0.2592,3228.8,1968.5,3353.0,2111.9
/srv/shared_leopard_toad/2025/Documents/06.10-13.10.2025/4Z/106MEDIA/DSCF0856.JPG,DSCF0856.JPG,4Z/106MEDIA,0,Other_Amphibian,0.2167,3222.8,1969.5,3351.7,2110.8
/srv/shared_leopard_toad/2025/Documents/06.10-13.10.2025/4Z/106MEDIA/DSCF0607.JPG,DSCF0607.JPG,4Z/106MEDIA,2,Western_Leopard_Toad,0.4544,3651.0,1658.6,3926.2,1923.9
/srv/shared_leopard_toad/2025/Documents/06.10-13.10.2025/4Z/106MEDIA/DSCF0607.JPG,DSCF0607.JPG,4Z/106MEDIA,0,Other_Amphibian,0.2775,3218.9,1967.2,3346.7,2108.4
/srv/shared_leopard_toad/2025/Documents/06.10-13.10.2025/4Z/106MEDIA/DSCF0607.JPG,DSCF0607.JPG,4Z/106MEDIA,0,Other_Amphibian,0.2265,3227.9,1972.7,3351.2,2114.8
/srv/shared_leopard_toad/2025/Documents/06.10-13.10.2025/4Z/106MEDIA/DSCF0097.JPG,DSCF0097.JPG,4Z/106MEDIA,2,Western_Leopard_Toad,0.3072,3653.5,1655.5,3928.0,1924.1
/srv/shared_leopard_toad/2025/Documents/06.10-13.10.2025/4Z/106MEDIA/DSCF0252.JPG,DSCF0252.JPG,4Z/106MEDIA,0,Other_Amphibian,0.2485,3223.5,1967.1,3347.8,2106.2
/srv/shared_leopard_toad/2025/Documents/06.10-13.10.2025/4Z/106MEDIA/DSCF0252.JPG,DSCF0252.JPG,4Z/106MEDIA,2,Western_Leopard_Toad,0.2371,3656.6,1656.4,3924.9,1923.1
/srv/shared_leopard_toad/2025/Documents/06.10-13.10.2025/4Z/106MEDIA/DSCF0252.JPG,DSCF0252.JPG,4Z/106MEDIA,0,Other_Amphibian,0.2283,3229.9,1971.2,3350.8,2111.2
/srv/shared_leopard_toad/2025/Documents/06.10-13.10.2025/4Z/106MEDIA/DSCF0472.JPG,DSCF0472.JPG,4Z/106MEDIA,0,Other_Amphibian,0.4286,3656.6,1652.4,3927.0,1922.7
/srv/shared_leopard_toad/2025/Documents/06.10-13.10.2025/4Z/106MEDIA/DSCF0472.JPG,DSCF0472.JPG,4Z/106MEDIA,0,Other_Amphibian,0.2913,3223.3,1967.5,3347.6,2107.3
/srv/shared_leopard_toad/2025/Documents/06.10-13.10.2025/4Z/106MEDIA/DSCF0472.JPG,DSCF0472.JPG,4Z/106MEDIA,0,Other_Amphibian,0.2257,3231.8,1973.6,3352.0,2114.8
/srv/shared_leopard_toad/2025/Documents/06.10-13.10.2025/4Z/106MEDIA/DSCF0396.JPG,DSCF0396.JPG,4Z/106MEDIA,2,Western_Leopard_Toad,0.2974,3653.7,1656.4,3926.3,1925.2
/srv/shared_leopard_toad/2025/Documents/06.10-13.10.2025/4Z/106MEDIA/DSCF0396.JPG,DSCF0396.JPG,4Z/106MEDIA,0,Other_Amphibian,0.2608,3221.5,1967.1,3346.0,2106.5
/srv/shared_leopard_toad/2025/Documents/06.10-13.10.2025/4Z/106MEDIA/DSCF0788.JPG,DSCF0788.JPG,4Z/106MEDIA,2,Western_Leopard_Toad,0.2819,3654.8,1656.7,3925.7,1922.7
/srv/shared_leopard_toad/2025/Documents/06.10-13.10.2025/4Z/106MEDIA/DSCF0788.JPG,DSCF0788.JPG,4Z/106MEDIA,0,Other_Amphibian,0.2166,3227.9,1969.5,3348.4,2111.1
/srv/shared_leopard_toad/2025/Documents/06.10-13.10.2025/4Z/106MEDIA/DSCF0788.JPG,DSCF0788.JPG,4Z/106MEDIA,0,Other_Amphibian,0.2116,3223.4,1966.6,3348.1,2107.2
/srv/shared_leopard_toad/2025/Documents/06.10-13.10.2025/4Z/106MEDIA/DSCF0721.JPG,DSCF0721.JPG,4Z/106MEDIA,2,Western_Leopard_Toad,0.2907,3653.5,1656.0,3927.0,1924.2
/srv/shared_leopard_toad/2025/Documents/06.10-13.10.2025/4Z/106MEDIA/DSCF0721.JPG,DSCF0721.JPG,4Z/106MEDIA,0,Other_Amphibian,0.2766,3219.1,1966.5,3346.8,2108.5
/srv/shared_leopard_toad/2025/Documents/06.10-13.10.2025/4Z/106MEDIA/DSCF0721.JPG,DSCF0721.JPG,4Z/106MEDIA,0,Other_Amphibian,0.2517,3227.3,1969.4,3350.9,2113.2
/srv/shared_leopard_toad/2025/Documents/06.10-13.10.2025/4Z/106MEDIA/DSCF0536.JPG,DSCF0536.JPG,4Z/106MEDIA,2,Western_Leopard_Toad,0.4668,3652.2,1655.7,3930.9,1922.2
/srv/shared_leopard_toad/2025/Documents/06.10-13.10.2025/4Z/106MEDIA/DSCF0448.JPG,DSCF0448.JPG,4Z/106MEDIA,2,Western_Leopard_Toad,0.4677,3655.6,1656.3,3928.4,1922.7
/srv/shared_leopard_toad/2025/Documents/06.10-13.10.2025/4Z/106MEDIA/DSCF0448.JPG,DSCF0448.JPG,4Z/106MEDIA,0,Other_Amphibian,0.2773,3220.7,1967.7,3347.3,2105.0
/srv/shared_leopard_toad/2025/Documents/06.10-13.10.2025/4Z/106MEDIA/DSCF0448.JPG,DSCF0448.JPG,4Z/106MEDIA,0,Other_Amphibian,0.2246,3226.9,1972.4,3350.7,2110.9
/srv/shared_leopard_toad/2025/Documents/06.10-13.10.2025/4Z/106MEDIA/DSCF0683.JPG,DSCF0683.JPG,4Z/106MEDIA,2,Western_Leopard_Toad,0.3615,3654.3,1655.2,3930.5,1924.0
/srv/shared_leopard_toad/2025/Documents/06.10-13.10.2025/4Z/106MEDIA/DSCF0683.JPG,DSCF0683.JPG,4Z/106MEDIA,0,Other_Amphibian,0.2003,3223.5,1968.0,3349.4,2110.2
/srv/shared_leopard_toad/2025/Documents/06.10-13.10.2025/4Z/106MEDIA/DSCF0449.JPG,DSCF0449.JPG,4Z/106MEDIA,0,Other_Amphibian,0.2354,3653.4,1657.1,3926.1,1923.0
/srv/shared_leopard_toad/2025/Documents/06.10-13.10.2025/4Z/106MEDIA/DSCF0449.JPG,DSCF0449.JPG,4Z/106MEDIA,0,Other_Amphibian,0.2251,3224.6,1967.0,3348.8,2105.3
/srv/shared_leopard_toad/2025/Documents/06.10-13.10.2025/4Z/106MEDIA/DSCF0888.JPG,DSCF0888.JPG,4Z/106MEDIA,0,Other_Amphibian,0.2243,3227.9,1969.4,3351.6,2113.4
/srv/shared_leopard_toad/2025/Documents/06.10-13.10.2025/4Z/106MEDIA/DSCF0888.JPG,DSCF0888.JPG,4Z/106MEDIA,0,Other_Amphibian,0.2019,3220.1,1966.3,3348.0,2108.4
/srv/shared_leopard_toad/2025/Documents/06.10-13.10.2025/4Z/106MEDIA/DSCF0287.JPG,DSCF0287.JPG,4Z/106MEDIA,0,Other_Amphibian,0.2266,3228.9,1972.4,3352.1,2113.6
/srv/shared_leopard_toad/2025/Documents/06.10-13.10.2025/4Z/106MEDIA/DSCF0287.JPG,DSCF0287.JPG,4Z/106MEDIA,0,Other_Amphibian,0.2169,3222.2,1967.1,3348.7,2107.2
/srv/shared_leopard_toad/2025/Documents/06.10-13.10.2025/4Z/106MEDIA/DSCF0494.JPG,DSCF0494.JPG,4Z/106MEDIA,0,Other_Amphibian,0.2827,3223.2,1966.0,3348.0,2106.0
/srv/shared_leopard_toad/2025/Documents/06.10-13.10.2025/4Z/106MEDIA/DSCF0494.JPG,DSCF0494.JPG,4Z/106MEDIA,2,Western_Leopard_Toad,0.2602,3654.7,1658.0,3924.3,1923.2
/srv/shared_leopard_toad/2025/Documents/06.10-13.10.2025/4Z/106MEDIA/DSCF0494.JPG,DSCF0494.JPG,4Z/106MEDIA,0,Other_Amphibian,0.2507,3226.9,1967.4,3348.1,2109.2
/srv/shared_leopard_toad/2025/Documents/06.10-13.10.2025/4Z/106MEDIA/DSCF0908.JPG,DSCF0908.JPG,4Z/106MEDIA,2,Western_Leopard_Toad,0.8414,3645.2,1667.2,3921.9,1931.1
/srv/shared_leopard_toad/2025/Documents/06.10-13.10.2025/4Z/106MEDIA/DSCF0072.JPG,DSCF0072.JPG,4Z/106MEDIA,0,Other_Amphibian,0.3039,3655.8,1655.2,3929.3,1922.9
/srv/shared_leopard_toad/2025/Documents/06.10-13.10.2025/4Z/106MEDIA/DSCF0072.JPG,DSCF0072.JPG,4Z/106MEDIA,0,Other_Amphibian,0.2206,3222.2,1967.4,3347.9,2107.8
/srv/shared_leopard_toad/2025/Documents/06.10-13.10.2025/4Z/106MEDIA/DSCF0072.JPG,DSCF0072.JPG,4Z/106MEDIA,0,Other_Amphibian,0.2174,3228.3,1970.6,3351.0,2112.0
/srv/shared_leopard_toad/2025/Documents/06.10-13.10.2025/4Z/106MEDIA/DSCF0134.JPG,DSCF0134.JPG,4Z/106MEDIA,2,Western_Leopard_Toad,0.2123,3654.1,1658.4,3924.7,1924.2
/srv/shared_leopard_toad/2025/Documents/06.10-13.10.2025/4Z/106MEDIA/DSCF0023.JPG,DSCF0023.JPG,4Z/106MEDIA,2,Western_Leopard_Toad,0.2540,3656.0,1656.2,3926.9,1923.5
/srv/shared_leopard_toad/2025/Documents/06.10-13.10.2025/4Z/106MEDIA/DSCF0023.JPG,DSCF0023.JPG,4Z/106MEDIA,0,Other_Amphibian,0.2350,3223.4,1966.3,3347.9,2106.3
/srv/shared_leopard_toad/2025/Documents/06.10-13.10.2025/4Z/106MEDIA/DSCF0023.JPG,DSCF0023.JPG,4Z/106MEDIA,0,Other_Amphibian,0.2150,3229.2,1971.3,3350.8,2112.3
/srv/shared_leopard_toad/2025/Documents/06.10-13.10.2025/4Z/106MEDIA/DSCF0399.JPG,DSCF0399.JPG,4Z/106MEDIA,2,Western_Leopard_Toad,0.2903,3656.3,1657.9,3928.6,1924.5
/srv/shared_leopard_toad/2025/Documents/06.10-13.10.2025/4Z/106MEDIA/DSCF0399.JPG,DSCF0399.JPG,4Z/106MEDIA,0,Other_Amphibian,0.2659,3221.6,1967.1,3347.4,2108.2
/srv/shared_leopard_toad/2025/Documents/06.10-13.10.2025/4Z/106MEDIA/DSCF0399.JPG,DSCF0399.JPG,4Z/106MEDIA,0,Other_Amphibian,0.2652,3229.0,1970.8,3350.1,2113.4
/srv/shared_leopard_toad/2025/Documents/06.10-13.10.2025/4Z/106MEDIA/DSCF0158.JPG,DSCF0158.JPG,4Z/106MEDIA,2,Western_Leopard_Toad,0.2581,3656.7,1657.4,3925.7,1923.1
/srv/shared_leopard_toad/2025/Documents/06.10-13.10.2025/4Z/106MEDIA/DSCF0158.JPG,DSCF0158.JPG,4Z/106MEDIA,0,Other_Amphibian,0.2037,3229.3,1971.3,3352.9,2114.8
/srv/shared_leopard_toad/2025/Documents/06.10-13.10.2025/4Z/106MEDIA/DSCF0158.JPG,DSCF0158.JPG,4Z/106MEDIA,0,Other_Amphibian,0.2026,3223.3,1966.0,3350.2,2108.1
/srv/shared_leopard_toad/2025/Documents/06.10-13.10.2025/4Z/106MEDIA/DSCF0474.JPG,DSCF0474.JPG,4Z/106MEDIA,0,Other_Amphibian,0.2828,3222.8,1967.0,3349.3,2105.0
/srv/shared_leopard_toad/2025/Documents/06.10-13.10.2025/4Z/106MEDIA/DSCF0474.JPG,DSCF0474.JPG,4Z/106MEDIA,0,Other_Amphibian,0.2647,3229.0,1970.2,3351.2,2109.0
/srv/shared_leopard_toad/2025/Documents/06.10-13.10.2025/4Z/106MEDIA/DSCF0567.JPG,DSCF0567.JPG,4Z/106MEDIA,0,Other_Amphibian,0.2569,3220.1,1967.9,3346.0,2109.3
/srv/shared_leopard_toad/2025/Documents/06.10-13.10.2025/4Z/106MEDIA/DSCF0567.JPG,DSCF0567.JPG,4Z/106MEDIA,2,Western_Leopard_Toad,0.2545,3654.3,1657.2,3928.5,1924.3
/srv/shared_leopard_toad/2025/Documents/06.10-13.10.2025/4Z/106MEDIA/DSCF0567.JPG,DSCF0567.JPG,4Z/106MEDIA,0,Other_Amphibian,0.2458,3229.3,1971.3,3350.6,2114.2
/srv/shared_leopard_toad/2025/Documents/06.10-13.10.2025/4Z/106MEDIA/DSCF0872.JPG,DSCF0872.JPG,4Z/106MEDIA,0,Other_Amphibian,0.2194,3228.5,1974.5,3352.5,2117.4
/srv/shared_leopard_toad/2025/Documents/06.10-13.10.2025/4Z/106MEDIA/DSCF0499.JPG,DSCF0499.JPG,4Z/106MEDIA,2,Western_Leopard_Toad,0.3658,3654.0,1655.7,3930.1,1922.8
/srv/shared_leopard_toad/2025/Documents/06.10-13.10.2025/4Z/106MEDIA/DSCF0499.JPG,DSCF0499.JPG,4Z/106MEDIA,0,Other_Amphibian,0.2346,3222.1,1968.4,3348.0,2107.9
/srv/shared_leopard_toad/2025/Documents/06.10-13.10.2025/4Z/106MEDIA/DSCF0900.JPG,DSCF0900.JPG,4Z/106MEDIA,2,Western_Leopard_Toad,0.8349,3647.4,1661.6,3928.2,1928.2
/srv/shared_leopard_toad/2025/Documents/06.10-13.10.2025/4Z/106MEDIA/DSCF0768.JPG,DSCF0768.JPG,4Z/106MEDIA,2,Western_Leopard_Toad,0.2937,3653.9,1658.5,3924.8,1923.6
/srv/shared_leopard_toad/2025/Documents/06.10-13.10.2025/4Z/106MEDIA/DSCF0768.JPG,DSCF0768.JPG,4Z/106MEDIA,0,Other_Amphibian,0.2703,3222.7,1965.6,3347.5,2106.8
/srv/shared_leopard_toad/2025/Documents/06.10-13.10.2025/4Z/106MEDIA/DSCF0768.JPG,DSCF0768.JPG,4Z/106MEDIA,0,Other_Amphibian,0.2486,3226.7,1967.6,3347.8,2110.1
/srv/shared_leopard_toad/2025/Documents/06.10-13.10.2025/4Z/106MEDIA/DSCF0335.JPG,DSCF0335.JPG,4Z/106MEDIA,2,Western_Leopard_Toad,0.3203,3657.3,1655.6,3930.2,1923.1
/srv/shared_leopard_toad/2025/Documents/06.10-13.10.2025/4Z/106MEDIA/DSCF0335.JPG,DSCF0335.JPG,4Z/106MEDIA,0,Other_Amphibian,0.3061,3219.7,1966.7,3346.5,2108.1
/srv/shared_leopard_toad/2025/Documents/06.10-13.10.2025/4Z/106MEDIA/DSCF0335.JPG,DSCF0335.JPG,4Z/106MEDIA,0,Other_Amphibian,0.2586,3229.2,1970.8,3350.6,2113.4
/srv/shared_leopard_toad/2025/Documents/06.10-13.10.2025/4Z/106MEDIA/DSCF0877.JPG,DSCF0877.JPG,4Z/106MEDIA,0,Other_Amphibian,0.2602,3230.7,1967.5,3350.9,2111.1
/srv/shared_leopard_toad/2025/Documents/06.10-13.10.2025/4Z/106MEDIA/DSCF0877.JPG,DSCF0877.JPG,4Z/106MEDIA,0,Other_Amphibian,0.2505,3222.0,1966.7,3348.0,2108.4
/srv/shared_leopard_toad/2025/Documents/06.10-13.10.2025/4Z/106MEDIA/DSCF0523.JPG,DSCF0523.JPG,4Z/106MEDIA,2,Western_Leopard_Toad,0.2731,3656.4,1655.6,3927.9,1923.2
/srv/shared_leopard_toad/2025/Documents/06.10-13.10.2025/4Z/106MEDIA/DSCF0262.JPG,DSCF0262.JPG,4Z/106MEDIA,2,Western_Leopard_Toad,0.3209,3656.0,1657.0,3926.8,1923.3
/srv/shared_leopard_toad/2025/Documents/06.10-13.10.2025/4Z/106MEDIA/DSCF0262.JPG,DSCF0262.JPG,4Z/106MEDIA,0,Other_Amphibian,0.2783,3221.0,1968.5,3347.0,2108.0
/srv/shared_leopard_toad/2025/Documents/06.10-13.10.2025/4Z/106MEDIA/DSCF0262.JPG,DSCF0262.JPG,4Z/106MEDIA,0,Other_Amphibian,0.2396,3229.4,1973.6,3351.7,2113.6
/srv/shared_leopard_toad/2025/Documents/06.10-13.10.2025/4Z/106MEDIA/DSCF0655.JPG,DSCF0655.JPG,4Z/106MEDIA,2,Western_Leopard_Toad,0.2202,3653.3,1656.9,3924.7,1924.2
/srv/shared_leopard_toad/2025/Documents/06.10-13.10.2025/4Z/106MEDIA/DSCF0655.JPG,DSCF0655.JPG,4Z/106MEDIA,0,Other_Amphibian,0.2031,3229.2,1969.6,3353.1,2114.4
/srv/shared_leopard_toad/2025/Documents/06.10-13.10.2025/4Z/106MEDIA/DSCF0965.JPG,DSCF0965.JPG,4Z/106MEDIA,2,Western_Leopard_Toad,0.8450,3645.1,1660.2,3929.8,1923.5
/srv/shared_leopard_toad/2025/Documents/06.10-13.10.2025/4Z/106MEDIA/DSCF0965.JPG,DSCF0965.JPG,4Z/106MEDIA,0,Other_Amphibian,0.5928,3220.5,1954.5,3355.4,2114.7
/srv/shared_leopard_toad/2025/Documents/06.10-13.10.2025/4Z/106MEDIA/DSCF0965.JPG,DSCF0965.JPG,4Z/106MEDIA,0,Other_Amphibian,0.4487,3222.5,1954.5,3356.5,2114.3
/srv/shared_leopard_toad/2025/Documents/06.10-13.10.2025/4Z/106MEDIA/DSCF0750.JPG,DSCF0750.JPG,4Z/106MEDIA,2,Western_Leopard_Toad,0.2304,3654.9,1656.3,3926.5,1924.2
/srv/shared_leopard_toad/2025/Documents/06.10-13.10.2025/4Z/106MEDIA/DSCF0750.JPG,DSCF0750.JPG,4Z/106MEDIA,0,Other_Amphibian,0.2302,3226.6,1968.4,3350.0,2111.3
/srv/shared_leopard_toad/2025/Documents/06.10-13.10.2025/4Z/106MEDIA/DSCF0750.JPG,DSCF0750.JPG,4Z/106MEDIA,0,Other_Amphibian,0.2024,3225.5,1967.5,3351.9,2109.4
/srv/shared_leopard_toad/2025/Documents/06.10-13.10.2025/4Z/106MEDIA/DSCF0223.JPG,DSCF0223.JPG,4Z/106MEDIA,2,Western_Leopard_Toad,0.3230,3653.3,1657.7,3924.5,1923.7
/srv/shared_leopard_toad/2025/Documents/06.10-13.10.2025/4Z/106MEDIA/DSCF0223.JPG,DSCF0223.JPG,4Z/106MEDIA,0,Other_Amphibian,0.2346,3221.8,1967.2,3347.5,2107.4
/srv/shared_leopard_toad/2025/Documents/06.10-13.10.2025/4Z/106MEDIA/DSCF0223.JPG,DSCF0223.JPG,4Z/106MEDIA,0,Other_Amphibian,0.2026,3230.0,1974.0,3351.5,2115.2
/srv/shared_leopard_toad/2025/Documents/06.10-13.10.2025/4Z/106MEDIA/DSCF0669.JPG,DSCF0669.JPG,4Z/106MEDIA,0,Other_Amphibian,0.2725,3227.1,1968.3,3349.9,2110.5
/srv/shared_leopard_toad/2025/Documents/06.10-13.10.2025/4Z/106MEDIA/DSCF0669.JPG,DSCF0669.JPG,4Z/106MEDIA,0,Other_Amphibian,0.2655,3222.4,1966.5,3348.1,2107.7
/srv/shared_leopard_toad/2025/Documents/06.10-13.10.2025/4Z/106MEDIA/DSCF0669.JPG,DSCF0669.JPG,4Z/106MEDIA,2,Western_Leopard_Toad,0.2648,3654.8,1654.2,3927.4,1923.5
/srv/shared_leopard_toad/2025/Documents/06.10-13.10.2025/4Z/106MEDIA/DSCF0745.JPG,DSCF0745.JPG,4Z/106MEDIA,2,Western_Leopard_Toad,0.3058,3653.5,1656.3,3925.5,1924.9
/srv/shared_leopard_toad/2025/Documents/06.10-13.10.2025/4Z/106MEDIA/DSCF0127.JPG,DSCF0127.JPG,4Z/106MEDIA,2,Western_Leopard_Toad,0.4359,3654.7,1657.9,3930.2,1922.7
/srv/shared_leopard_toad/2025/Documents/06.10-13.10.2025/4Z/106MEDIA/DSCF0127.JPG,DSCF0127.JPG,4Z/106MEDIA,0,Other_Amphibian,0.2241,3222.0,1968.1,3348.4,2108.3
/srv/shared_leopard_toad/2025/Documents/06.10-13.10.2025/4Z/106MEDIA/DSCF0127.JPG,DSCF0127.JPG,4Z/106MEDIA,0,Other_Amphibian,0.2062,3229.7,1973.8,3351.8,2115.1
/srv/shared_leopard_toad/2025/Documents/06.10-13.10.2025/4Z/106MEDIA/DSCF0601.JPG,DSCF0601.JPG,4Z/106MEDIA,0,Other_Amphibian,0.2457,3227.8,1969.7,3352.6,2113.6
/srv/shared_leopard_toad/2025/Documents/06.10-13.10.2025/4Z/106MEDIA/DSCF0601.JPG,DSCF0601.JPG,4Z/106MEDIA,0,Other_Amphibian,0.2365,3225.6,1967.5,3352.4,2109.9
/srv/shared_leopard_toad/2025/Documents/06.10-13.10.2025/4Z/106MEDIA/DSCF0601.JPG,DSCF0601.JPG,4Z/106MEDIA,2,Western_Leopard_Toad,0.2338,3654.1,1658.0,3926.5,1924.4
/srv/shared_leopard_toad/2025/Documents/06.10-13.10.2025/4Z/106MEDIA/DSCF0753.JPG,DSCF0753.JPG,4Z/106MEDIA,0,Other_Amphibian,0.2057,3226.9,1968.7,3351.6,2114.1
/srv/shared_leopard_toad/2025/Documents/06.10-13.10.2025/4Z/106MEDIA/DSCF0753.JPG,DSCF0753.JPG,4Z/106MEDIA,0,Other_Amphibian,0.2001,3221.7,1965.7,3349.9,2109.6
/srv/shared_leopard_toad/2025/Documents/06.10-13.10.2025/4Z/106MEDIA/DSCF0095.JPG,DSCF0095.JPG,4Z/106MEDIA,2,Western_Leopard_Toad,0.2827,3655.4,1657.7,3927.8,1923.6
/srv/shared_leopard_toad/2025/Documents/06.10-13.10.2025/4Z/106MEDIA/DSCF0095.JPG,DSCF0095.JPG,4Z/106MEDIA,0,Other_Amphibian,0.2561,3226.5,1968.4,3349.9,2110.4
/srv/shared_leopard_toad/2025/Documents/06.10-13.10.2025/4Z/106MEDIA/DSCF0095.JPG,DSCF0095.JPG,4Z/106MEDIA,0,Other_Amphibian,0.2548,3220.7,1967.2,3347.1,2108.0
/srv/shared_leopard_toad/2025/Documents/06.10-13.10.2025/4Z/106MEDIA/DSCF0363.JPG,DSCF0363.JPG,4Z/106MEDIA,2,Western_Leopard_Toad,0.2155,3656.6,1656.0,3926.3,1924.6
/srv/shared_leopard_toad/2025/Documents/06.10-13.10.2025/4Z/106MEDIA/DSCF0823.JPG,DSCF0823.JPG,4Z/106MEDIA,2,Western_Leopard_Toad,0.2499,3653.7,1657.5,3924.9,1923.3
/srv/shared_leopard_toad/2025/Documents/06.10-13.10.2025/4Z/106MEDIA/DSCF0823.JPG,DSCF0823.JPG,4Z/106MEDIA,0,Other_Amphibian,0.2412,3227.3,1967.8,3352.7,2110.9
/srv/shared_leopard_toad/2025/Documents/06.10-13.10.2025/4Z/106MEDIA/DSCF0823.JPG,DSCF0823.JPG,4Z/106MEDIA,0,Other_Amphibian,0.2260,3220.8,1966.8,3350.3,2108.3
/srv/shared_leopard_toad/2025/Documents/06.10-13.10.2025/4Z/106MEDIA/DSCF0154.JPG,DSCF0154.JPG,4Z/106MEDIA,2,Western_Leopard_Toad,0.2940,3655.9,1657.9,3927.7,1923.6
/srv/shared_leopard_toad/2025/Documents/06.10-13.10.2025/4Z/106MEDIA/DSCF0154.JPG,DSCF0154.JPG,4Z/106MEDIA,0,Other_Amphibian,0.2489,3222.1,1966.7,3347.4,2106.8
/srv/shared_leopard_toad/2025/Documents/06.10-13.10.2025/4Z/106MEDIA/DSCF0154.JPG,DSCF0154.JPG,4Z/106MEDIA,0,Other_Amphibian,0.2379,3228.3,1970.5,3349.8,2111.3
/srv/shared_leopard_toad/2025/Documents/06.10-13.10.2025/4Z/106MEDIA/DSCF0376.JPG,DSCF0376.JPG,4Z/106MEDIA,2,Western_Leopard_Toad,0.3356,3656.3,1655.2,3925.8,1922.8
/srv/shared_leopard_toad/2025/Documents/06.10-13.10.2025/4Z/106MEDIA/DSCF0376.JPG,DSCF0376.JPG,4Z/106MEDIA,0,Other_Amphibian,0.2204,3223.2,1967.5,3349.3,2107.1
/srv/shared_leopard_toad/2025/Documents/06.10-13.10.2025/4Z/106MEDIA/DSCF0376.JPG,DSCF0376.JPG,4Z/106MEDIA,0,Other_Amphibian,0.2026,3231.6,1975.3,3353.3,2116.7
/srv/shared_leopard_toad/2025/Documents/06.10-13.10.2025/4Z/106MEDIA/DSCF0186.JPG,DSCF0186.JPG,4Z/106MEDIA,2,Western_Leopard_Toad,0.5677,3653.6,1656.2,3929.6,1922.9
/srv/shared_leopard_toad/2025/Documents/06.10-13.10.2025/4Z/106MEDIA/DSCF0196.JPG,DSCF0196.JPG,4Z/106MEDIA,2,Western_Leopard_Toad,0.2377,3656.1,1656.3,3924.0,1922.7
/srv/shared_leopard_toad/2025/Documents/06.10-13.10.2025/4Z/106MEDIA/DSCF0196.JPG,DSCF0196.JPG,4Z/106MEDIA,0,Other_Amphibian,0.2206,3225.4,1965.1,3347.2,2105.0
/srv/shared_leopard_toad/2025/Documents/06.10-13.10.2025/4Z/106MEDIA/DSCF0196.JPG,DSCF0196.JPG,4Z/106MEDIA,0,Other_Amphibian,0.2075,3229.3,1969.6,3347.4,2109.9
/srv/shared_leopard_toad/2025/Documents/06.10-13.10.2025/4Z/106MEDIA/DSCF0577.JPG,DSCF0577.JPG,4Z/106MEDIA,2,Western_Leopard_Toad,0.2671,3653.3,1656.1,3925.0,1924.9
/srv/shared_leopard_toad/2025/Documents/06.10-13.10.2025/4Z/106MEDIA/DSCF0577.JPG,DSCF0577.JPG,4Z/106MEDIA,0,Other_Amphibian,0.2470,3226.3,1968.7,3352.0,2108.2
/srv/shared_leopard_toad/2025/Documents/06.10-13.10.2025/4Z/106MEDIA/DSCF0577.JPG,DSCF0577.JPG,4Z/106MEDIA,0,Other_Amphibian,0.2374,3226.7,1971.6,3349.3,2112.3
/srv/shared_leopard_toad/2025/Documents/06.10-13.10.2025/4Z/106MEDIA/DSCF0478.JPG,DSCF0478.JPG,4Z/106MEDIA,2,Western_Leopard_Toad,0.3807,3654.7,1656.2,3930.5,1921.8
/srv/shared_leopard_toad/2025/Documents/06.10-13.10.2025/4Z/106MEDIA/DSCF0478.JPG,DSCF0478.JPG,4Z/106MEDIA,0,Other_Amphibian,0.2890,3222.2,1966.3,3347.8,2107.4
/srv/shared_leopard_toad/2025/Documents/06.10-13.10.2025/4Z/106MEDIA/DSCF0478.JPG,DSCF0478.JPG,4Z/106MEDIA,0,Other_Amphibian,0.2278,3231.2,1974.8,3352.5,2116.8
/srv/shared_leopard_toad/2025/Documents/06.10-13.10.2025/4Z/106MEDIA/DSCF0123.JPG,DSCF0123.JPG,4Z/106MEDIA,2,Western_Leopard_Toad,0.2309,3654.9,1656.2,3923.7,1924.3
/srv/shared_leopard_toad/2025/Documents/06.10-13.10.2025/4Z/106MEDIA/DSCF0666.JPG,DSCF0666.JPG,4Z/106MEDIA,2,Western_Leopard_Toad,0.2284,3653.9,1656.8,3925.3,1923.6
/srv/shared_leopard_toad/2025/Documents/06.10-13.10.2025/4Z/106MEDIA/DSCF0280.JPG,DSCF0280.JPG,4Z/106MEDIA,2,Western_Leopard_Toad,0.2410,3654.4,1657.3,3926.5,1923.8
/srv/shared_leopard_toad/2025/Documents/06.10-13.10.2025/4Z/106MEDIA/DSCF0280.JPG,DSCF0280.JPG,4Z/106MEDIA,0,Other_Amphibian,0.2323,3222.8,1965.6,3349.5,2106.2
/srv/shared_leopard_toad/2025/Documents/06.10-13.10.2025/4Z/106MEDIA/DSCF0280.JPG,DSCF0280.JPG,4Z/106MEDIA,0,Other_Amphibian,0.2308,3226.8,1968.1,3350.8,2109.3
/srv/shared_leopard_toad/2025/Documents/06.10-13.10.2025/4Z/106MEDIA/DSCF0629.JPG,DSCF0629.JPG,4Z/106MEDIA,0,Other_Amphibian,0.2590,3226.8,1968.2,3350.8,2112.3
/srv/shared_leopard_toad/2025/Documents/06.10-13.10.2025/4Z/106MEDIA/DSCF0629.JPG,DSCF0629.JPG,4Z/106MEDIA,0,Other_Amphibian,0.2585,3218.1,1966.8,3347.8,2108.9
/srv/shared_leopard_toad/2025/Documents/06.10-13.10.2025/4Z/106MEDIA/DSCF0629.JPG,DSCF0629.JPG,4Z/106MEDIA,2,Western_Leopard_Toad,0.2180,3656.1,1656.6,3925.7,1925.0
/srv/shared_leopard_toad/2025/Documents/06.10-13.10.2025/4Z/106MEDIA/DSCF0675.JPG,DSCF0675.JPG,4Z/106MEDIA,0,Other_Amphibian,0.2356,3226.0,1971.8,3348.0,2114.1
/srv/shared_leopard_toad/2025/Documents/06.10-13.10.2025/4Z/106MEDIA/DSCF0675.JPG,DSCF0675.JPG,4Z/106MEDIA,0,Other_Amphibian,0.2133,3221.2,1968.2,3349.1,2108.7
/srv/shared_leopard_toad/2025/Documents/06.10-13.10.2025/4Z/106MEDIA/DSCF0675.JPG,DSCF0675.JPG,4Z/106MEDIA,2,Western_Leopard_Toad,0.2051,3654.2,1656.9,3925.1,1923.7
/srv/shared_leopard_toad/2025/Documents/06.10-13.10.2025/4Z/106MEDIA/DSCF0049.JPG,DSCF0049.JPG,4Z/106MEDIA,0,Other_Amphibian,0.2198,3656.0,1654.0,3925.6,1923.4
/srv/shared_leopard_toad/2025/Documents/06.10-13.10.2025/4Z/106MEDIA/DSCF0049.JPG,DSCF0049.JPG,4Z/106MEDIA,0,Other_Amphibian,0.2060,3230.0,1973.1,3354.7,2116.0
/srv/shared_leopard_toad/2025/Documents/06.10-13.10.2025/4Z/106MEDIA/DSCF0208.JPG,DSCF0208.JPG,4Z/106MEDIA,0,Other_Amphibian,0.3028,3220.0,1966.5,3346.2,2108.1
/srv/shared_leopard_toad/2025/Documents/06.10-13.10.2025/4Z/106MEDIA/DSCF0208.JPG,DSCF0208.JPG,4Z/106MEDIA,2,Western_Leopard_Toad,0.2914,3654.2,1655.7,3924.0,1922.3
/srv/shared_leopard_toad/2025/Documents/06.10-13.10.2025/4Z/106MEDIA/DSCF0208.JPG,DSCF0208.JPG,4Z/106MEDIA,0,Other_Amphibian,0.2752,3225.8,1968.1,3348.4,2109.8
/srv/shared_leopard_toad/2025/Documents/06.10-13.10.2025/4Z/106MEDIA/DSCF0635.JPG,DSCF0635.JPG,4Z/106MEDIA,2,Western_Leopard_Toad,0.3117,3655.3,1656.0,3926.6,1924.2
/srv/shared_leopard_toad/2025/Documents/06.10-13.10.2025/4Z/106MEDIA/DSCF0635.JPG,DSCF0635.JPG,4Z/106MEDIA,0,Other_Amphibian,0.2178,3226.9,1974.2,3348.2,2114.5
/srv/shared_leopard_toad/2025/Documents/06.10-13.10.2025/4Z/106MEDIA/DSCF0635.JPG,DSCF0635.JPG,4Z/106MEDIA,0,Other_Amphibian,0.2084,3220.9,1969.1,3348.3,2107.7
/srv/shared_leopard_toad/2025/Documents/06.10-13.10.2025/4Z/106MEDIA/DSCF0065.JPG,DSCF0065.JPG,4Z/106MEDIA,2,Western_Leopard_Toad,0.4720,3656.0,1656.1,3931.3,1921.6
/srv/shared_leopard_toad/2025/Documents/06.10-13.10.2025/4Z/106MEDIA/DSCF0065.JPG,DSCF0065.JPG,4Z/106MEDIA,0,Other_Amphibian,0.3029,3221.2,1967.9,3349.3,2109.5
/srv/shared_leopard_toad/2025/Documents/06.10-13.10.2025/4Z/106MEDIA/DSCF0065.JPG,DSCF0065.JPG,4Z/106MEDIA,0,Other_Amphibian,0.2650,3229.4,1973.3,3354.1,2115.4
/srv/shared_leopard_toad/2025/Documents/06.10-13.10.2025/4Z/106MEDIA/DSCF0414.JPG,DSCF0414.JPG,4Z/106MEDIA,0,Other_Amphibian,0.2957,3223.0,1966.8,3346.2,2106.4
/srv/shared_leopard_toad/2025/Documents/06.10-13.10.2025/4Z/106MEDIA/DSCF0414.JPG,DSCF0414.JPG,4Z/106MEDIA,0,Other_Amphibian,0.2412,3229.8,1970.3,3348.7,2110.6
/srv/shared_leopard_toad/2025/Documents/06.10-13.10.2025/4Z/106MEDIA/DSCF0820.JPG,DSCF0820.JPG,4Z/106MEDIA,0,Other_Amphibian,0.2524,3227.3,1965.4,3352.5,2110.3
/srv/shared_leopard_toad/2025/Documents/06.10-13.10.2025/4Z/106MEDIA/DSCF0820.JPG,DSCF0820.JPG,4Z/106MEDIA,2,Western_Leopard_Toad,0.2416,3653.2,1657.2,3923.3,1924.0
/srv/shared_leopard_toad/2025/Documents/06.10-13.10.2025/4Z/106MEDIA/DSCF0820.JPG,DSCF0820.JPG,4Z/106MEDIA,0,Other_Amphibian,0.2290,3220.9,1966.1,3350.2,2108.6
/srv/shared_leopard_toad/2025/Documents/06.10-13.10.2025/4Z/106MEDIA/DSCF0782.JPG,DSCF0782.JPG,4Z/106MEDIA,2,Western_Leopard_Toad,0.3480,3652.4,1657.5,3928.2,1923.7
/srv/shared_leopard_toad/2025/Documents/06.10-13.10.2025/4Z/106MEDIA/DSCF0782.JPG,DSCF0782.JPG,4Z/106MEDIA,0,Other_Amphibian,0.2919,3219.9,1967.1,3347.3,2107.8
/srv/shared_leopard_toad/2025/Documents/06.10-13.10.2025/4Z/106MEDIA/DSCF0782.JPG,DSCF0782.JPG,4Z/106MEDIA,0,Other_Amphibian,0.2464,3227.1,1971.1,3349.7,2112.8
/srv/shared_leopard_toad/2025/Documents/06.10-13.10.2025/4Z/106MEDIA/DSCF0074.JPG,DSCF0074.JPG,4Z/106MEDIA,2,Western_Leopard_Toad,0.2967,3655.9,1657.5,3928.9,1923.2
/srv/shared_leopard_toad/2025/Documents/06.10-13.10.2025/4Z/106MEDIA/DSCF0074.JPG,DSCF0074.JPG,4Z/106MEDIA,0,Other_Amphibian,0.2530,3222.7,1966.6,3350.2,2107.1
/srv/shared_leopard_toad/2025/Documents/06.10-13.10.2025/4Z/106MEDIA/DSCF0074.JPG,DSCF0074.JPG,4Z/106MEDIA,0,Other_Amphibian,0.2364,3228.7,1971.9,3353.5,2112.9
/srv/shared_leopard_toad/2025/Documents/06.10-13.10.2025/4Z/106MEDIA/DSCF0110.JPG,DSCF0110.JPG,4Z/106MEDIA,2,Western_Leopard_Toad,0.4342,3654.5,1656.9,3929.4,1923.7
/srv/shared_leopard_toad/2025/Documents/06.10-13.10.2025/4Z/106MEDIA/DSCF0110.JPG,DSCF0110.JPG,4Z/106MEDIA,0,Other_Amphibian,0.2258,3221.3,1967.2,3346.1,2105.5
/srv/shared_leopard_toad/2025/Documents/06.10-13.10.2025/4Z/106MEDIA/DSCF0421.JPG,DSCF0421.JPG,4Z/106MEDIA,2,Western_Leopard_Toad,0.3364,3654.4,1657.5,3927.6,1923.8
/srv/shared_leopard_toad/2025/Documents/06.10-13.10.2025/4Z/106MEDIA/DSCF0421.JPG,DSCF0421.JPG,4Z/106MEDIA,0,Other_Amphibian,0.2561,3222.9,1966.1,3347.1,2106.6
/srv/shared_leopard_toad/2025/Documents/06.10-13.10.2025/4Z/106MEDIA/DSCF0421.JPG,DSCF0421.JPG,4Z/106MEDIA,0,Other_Amphibian,0.2251,3228.3,1970.4,3349.3,2112.3
/srv/shared_leopard_toad/2025/Documents/06.10-13.10.2025/4Z/106MEDIA/DSCF0907.JPG,DSCF0907.JPG,4Z/106MEDIA,2,Western_Leopard_Toad,0.8679,3644.3,1666.8,3925.3,1933.0
/srv/shared_leopard_toad/2025/Documents/06.10-13.10.2025/4Z/106MEDIA/DSCF0533.JPG,DSCF0533.JPG,4Z/106MEDIA,0,Other_Amphibian,0.2249,3224.4,1967.2,3350.0,2107.2
/srv/shared_leopard_toad/2025/Documents/06.10-13.10.2025/4Z/106MEDIA/DSCF0533.JPG,DSCF0533.JPG,4Z/106MEDIA,0,Other_Amphibian,0.2196,3230.9,1974.2,3353.7,2115.6
/srv/shared_leopard_toad/2025/Documents/06.10-13.10.2025/4Z/106MEDIA/DSCF0511.JPG,DSCF0511.JPG,4Z/106MEDIA,0,Other_Amphibian,0.2995,3220.0,1966.9,3346.4,2106.5
/srv/shared_leopard_toad/2025/Documents/06.10-13.10.2025/4Z/106MEDIA/DSCF0511.JPG,DSCF0511.JPG,4Z/106MEDIA,2,Western_Leopard_Toad,0.2816,3654.0,1655.4,3925.1,1921.9
/srv/shared_leopard_toad/2025/Documents/06.10-13.10.2025/4Z/106MEDIA/DSCF0511.JPG,DSCF0511.JPG,4Z/106MEDIA,0,Other_Amphibian,0.2618,3228.4,1969.7,3350.0,2110.7
/srv/shared_leopard_toad/2025/Documents/06.10-13.10.2025/4Z/106MEDIA/DSCF0503.JPG,DSCF0503.JPG,4Z/106MEDIA,0,Other_Amphibian,0.2799,3220.5,1966.8,3346.6,2107.2
/srv/shared_leopard_toad/2025/Documents/06.10-13.10.2025/4Z/106MEDIA/DSCF0503.JPG,DSCF0503.JPG,4Z/106MEDIA,2,Western_Leopard_Toad,0.2705,3654.7,1656.5,3924.7,1922.6
/srv/shared_leopard_toad/2025/Documents/06.10-13.10.2025/4Z/106MEDIA/DSCF0503.JPG,DSCF0503.JPG,4Z/106MEDIA,0,Other_Amphibian,0.2530,3223.7,1968.0,3347.0,2108.4
/srv/shared_leopard_toad/2025/Documents/06.10-13.10.2025/4Z/106MEDIA/DSCF0622.JPG,DSCF0622.JPG,4Z/106MEDIA,2,Western_Leopard_Toad,0.2807,3654.1,1656.8,3926.6,1924.0
/srv/shared_leopard_toad/2025/Documents/06.10-13.10.2025/4Z/106MEDIA/DSCF0622.JPG,DSCF0622.JPG,4Z/106MEDIA,0,Other_Amphibian,0.2231,3226.9,1967.5,3350.3,2112.5
/srv/shared_leopard_toad/2025/Documents/06.10-13.10.2025/4Z/106MEDIA/DSCF0622.JPG,DSCF0622.JPG,4Z/106MEDIA,0,Other_Amphibian,0.2114,3223.6,1966.8,3349.4,2110.1
/srv/shared_leopard_toad/2025/Documents/06.10-13.10.2025/4Z/106MEDIA/DSCF0418.JPG,DSCF0418.JPG,4Z/106MEDIA,2,Western_Leopard_Toad,0.3123,3653.2,1657.3,3928.4,1923.4
/srv/shared_leopard_toad/2025/Documents/06.10-13.10.2025/4Z/106MEDIA/DSCF0418.JPG,DSCF0418.JPG,4Z/106MEDIA,0,Other_Amphibian,0.2827,3222.6,1967.7,3348.1,2107.4
/srv/shared_leopard_toad/2025/Documents/06.10-13.10.2025/4Z/106MEDIA/DSCF0418.JPG,DSCF0418.JPG,4Z/106MEDIA,0,Other_Amphibian,0.2438,3230.2,1973.5,3351.0,2114.3
/srv/shared_leopard_toad/2025/Documents/06.10-13.10.2025/4Z/106MEDIA/DSCF0211.JPG,DSCF0211.JPG,4Z/106MEDIA,0,Other_Amphibian,0.3182,3219.9,1967.0,3347.8,2107.3
/srv/shared_leopard_toad/2025/Documents/06.10-13.10.2025/4Z/106MEDIA/DSCF0211.JPG,DSCF0211.JPG,4Z/106MEDIA,0,Other_Amphibian,0.2728,3228.9,1972.5,3351.9,2114.0
/srv/shared_leopard_toad/2025/Documents/06.10-13.10.2025/4Z/106MEDIA/DSCF0621.JPG,DSCF0621.JPG,4Z/106MEDIA,0,Other_Amphibian,0.2246,3230.5,1973.6,3353.0,2116.9
/srv/shared_leopard_toad/2025/Documents/06.10-13.10.2025/4Z/106MEDIA/DSCF0621.JPG,DSCF0621.JPG,4Z/106MEDIA,0,Other_Amphibian,0.2213,3224.3,1967.8,3351.3,2108.9
/srv/shared_leopard_toad/2025/Documents/06.10-13.10.2025/4Z/106MEDIA/DSCF0030.JPG,DSCF0030.JPG,4Z/106MEDIA,0,Other_Amphibian,0.2891,3654.7,1657.5,3927.2,1923.5
/srv/shared_leopard_toad/2025/Documents/06.10-13.10.2025/4Z/106MEDIA/DSCF0030.JPG,DSCF0030.JPG,4Z/106MEDIA,0,Other_Amphibian,0.2401,3222.8,1966.7,3348.8,2106.9
/srv/shared_leopard_toad/2025/Documents/06.10-13.10.2025/4Z/106MEDIA/DSCF0030.JPG,DSCF0030.JPG,4Z/106MEDIA,0,Other_Amphibian,0.2328,3223.9,1967.8,3346.9,2109.4
/srv/shared_leopard_toad/2025/Documents/06.10-13.10.2025/4Z/106MEDIA/DSCF0483.JPG,DSCF0483.JPG,4Z/106MEDIA,0,Other_Amphibian,0.3538,3220.0,1967.5,3348.7,2109.3
/srv/shared_leopard_toad/2025/Documents/06.10-13.10.2025/4Z/106MEDIA/DSCF0483.JPG,DSCF0483.JPG,4Z/106MEDIA,0,Other_Amphibian,0.2881,3229.0,1972.7,3353.0,2114.9
/srv/shared_leopard_toad/2025/Documents/06.10-13.10.2025/4Z/106MEDIA/DSCF0483.JPG,DSCF0483.JPG,4Z/106MEDIA,2,Western_Leopard_Toad,0.2855,3653.2,1659.4,3924.7,1923.5
/srv/shared_leopard_toad/2025/Documents/06.10-13.10.2025/4Z/106MEDIA/DSCF0121.JPG,DSCF0121.JPG,4Z/106MEDIA,2,Western_Leopard_Toad,0.2073,3653.9,1657.1,3924.7,1924.6
/srv/shared_leopard_toad/2025/Documents/06.10-13.10.2025/4Z/106MEDIA/DSCF0937.JPG,DSCF0937.JPG,4Z/106MEDIA,2,Western_Leopard_Toad,0.7917,3641.8,1659.9,3931.1,1924.1
/srv/shared_leopard_toad/2025/Documents/06.10-13.10.2025/4Z/106MEDIA/DSCF0937.JPG,DSCF0937.JPG,4Z/106MEDIA,0,Other_Amphibian,0.7379,3218.6,1959.4,3353.5,2116.4
/srv/shared_leopard_toad/2025/Documents/06.10-13.10.2025/4Z/106MEDIA/DSCF0937.JPG,DSCF0937.JPG,4Z/106MEDIA,0,Other_Amphibian,0.3359,3227.0,1964.6,3358.3,2120.8
/srv/shared_leopard_toad/2025/Documents/06.10-13.10.2025/4Z/106MEDIA/DSCF0686.JPG,DSCF0686.JPG,4Z/106MEDIA,2,Western_Leopard_Toad,0.3481,3652.9,1656.9,3926.3,1922.8
/srv/shared_leopard_toad/2025/Documents/06.10-13.10.2025/4Z/106MEDIA/DSCF0686.JPG,DSCF0686.JPG,4Z/106MEDIA,0,Other_Amphibian,0.2878,3226.5,1965.8,3350.4,2110.4
/srv/shared_leopard_toad/2025/Documents/06.10-13.10.2025/4Z/106MEDIA/DSCF0686.JPG,DSCF0686.JPG,4Z/106MEDIA,0,Other_Amphibian,0.2775,3219.9,1966.2,3347.7,2108.7
/srv/shared_leopard_toad/2025/Documents/06.10-13.10.2025/4Z/106MEDIA/DSCF0790.JPG,DSCF0790.JPG,4Z/106MEDIA,2,Western_Leopard_Toad,0.2790,3654.0,1655.3,3926.6,1923.5
/srv/shared_leopard_toad/2025/Documents/06.10-13.10.2025/4Z/106MEDIA/DSCF0790.JPG,DSCF0790.JPG,4Z/106MEDIA,0,Other_Amphibian,0.2217,3226.7,1969.3,3350.3,2109.8
/srv/shared_leopard_toad/2025/Documents/06.10-13.10.2025/4Z/106MEDIA/DSCF0790.JPG,DSCF0790.JPG,4Z/106MEDIA,0,Other_Amphibian,0.2199,3226.6,1968.1,3352.8,2108.4
/srv/shared_leopard_toad/2025/Documents/06.10-13.10.2025/4Z/106MEDIA/DSCF0333.JPG,DSCF0333.JPG,4Z/106MEDIA,2,Western_Leopard_Toad,0.3172,3655.0,1655.6,3925.3,1921.8
/srv/shared_leopard_toad/2025/Documents/06.10-13.10.2025/4Z/106MEDIA/DSCF0482.JPG,DSCF0482.JPG,4Z/106MEDIA,2,Western_Leopard_Toad,0.3482,3654.5,1655.4,3930.7,1922.0
/srv/shared_leopard_toad/2025/Documents/06.10-13.10.2025/4Z/106MEDIA/DSCF0482.JPG,DSCF0482.JPG,4Z/106MEDIA,0,Other_Amphibian,0.2341,3223.4,1966.8,3348.5,2106.9
/srv/shared_leopard_toad/2025/Documents/06.10-13.10.2025/4Z/106MEDIA/DSCF0482.JPG,DSCF0482.JPG,4Z/106MEDIA,0,Other_Amphibian,0.2094,3231.7,1974.3,3352.9,2116.2
/srv/shared_leopard_toad/2025/Documents/06.10-13.10.2025/4Z/106MEDIA/DSCF0805.JPG,DSCF0805.JPG,4Z/106MEDIA,2,Western_Leopard_Toad,0.3639,3654.7,1656.1,3927.8,1922.4
/srv/shared_leopard_toad/2025/Documents/06.10-13.10.2025/4Z/106MEDIA/DSCF0805.JPG,DSCF0805.JPG,4Z/106MEDIA,0,Other_Amphibian,0.2592,3226.6,1966.6,3351.1,2109.1
/srv/shared_leopard_toad/2025/Documents/06.10-13.10.2025/4Z/106MEDIA/DSCF0805.JPG,DSCF0805.JPG,4Z/106MEDIA,0,Other_Amphibian,0.2525,3221.9,1966.9,3349.8,2108.0
/srv/shared_leopard_toad/2025/Documents/06.10-13.10.2025/4Z/106MEDIA/DSCF0113.JPG,DSCF0113.JPG,4Z/106MEDIA,2,Western_Leopard_Toad,0.3739,3655.4,1654.9,3927.1,1923.3
/srv/shared_leopard_toad/2025/Documents/06.10-13.10.2025/4Z/106MEDIA/DSCF0113.JPG,DSCF0113.JPG,4Z/106MEDIA,0,Other_Amphibian,0.2512,3220.6,1965.9,3346.6,2107.8
/srv/shared_leopard_toad/2025/Documents/06.10-13.10.2025/4Z/106MEDIA/DSCF0113.JPG,DSCF0113.JPG,4Z/106MEDIA,0,Other_Amphibian,0.2297,3228.5,1968.3,3350.7,2112.1
/srv/shared_leopard_toad/2025/Documents/06.10-13.10.2025/4Z/106MEDIA/DSCF0387.JPG,DSCF0387.JPG,4Z/106MEDIA,0,Other_Amphibian,0.3114,3221.1,1968.2,3349.1,2107.0
/srv/shared_leopard_toad/2025/Documents/06.10-13.10.2025/4Z/106MEDIA/DSCF0387.JPG,DSCF0387.JPG,4Z/106MEDIA,0,Other_Amphibian,0.3046,3226.6,1969.9,3350.1,2109.3
/srv/shared_leopard_toad/2025/Documents/06.10-13.10.2025/4Z/106MEDIA/DSCF0387.JPG,DSCF0387.JPG,4Z/106MEDIA,0,Other_Amphibian,0.2627,3652.8,1654.7,3928.9,1925.5
/srv/shared_leopard_toad/2025/Documents/06.10-13.10.2025/4Z/106MEDIA/DSCF0962.JPG,DSCF0962.JPG,4Z/106MEDIA,2,Western_Leopard_Toad,0.6774,3642.1,1659.4,3926.7,1923.2
/srv/shared_leopard_toad/2025/Documents/06.10-13.10.2025/4Z/106MEDIA/DSCF0962.JPG,DSCF0962.JPG,4Z/106MEDIA,0,Other_Amphibian,0.6495,3217.9,1962.5,3351.5,2112.2
/srv/shared_leopard_toad/2025/Documents/06.10-13.10.2025/4Z/106MEDIA/DSCF0962.JPG,DSCF0962.JPG,4Z/106MEDIA,0,Other_Amphibian,0.6376,3216.1,1963.3,3350.4,2112.2
/srv/shared_leopard_toad/2025/Documents/06.10-13.10.2025/4Z/106MEDIA/DSCF0867.JPG,DSCF0867.JPG,4Z/106MEDIA,0,Other_Amphibian,0.2902,3228.1,1966.3,3352.9,2110.9
/srv/shared_leopard_toad/2025/Documents/06.10-13.10.2025/4Z/106MEDIA/DSCF0867.JPG,DSCF0867.JPG,4Z/106MEDIA,0,Other_Amphibian,0.2760,3220.4,1965.6,3349.6,2107.9
/srv/shared_leopard_toad/2025/Documents/06.10-13.10.2025/4Z/106MEDIA/DSCF0867.JPG,DSCF0867.JPG,4Z/106MEDIA,2,Western_Leopard_Toad,0.2062,3653.0,1656.9,3923.8,1923.8
/srv/shared_leopard_toad/2025/Documents/06.10-13.10.2025/4Z/106MEDIA/DSCF0874.JPG,DSCF0874.JPG,4Z/106MEDIA,0,Other_Amphibian,0.2854,3227.7,1965.1,3351.0,2108.8
/srv/shared_leopard_toad/2025/Documents/06.10-13.10.2025/4Z/106MEDIA/DSCF0874.JPG,DSCF0874.JPG,4Z/106MEDIA,0,Other_Amphibian,0.2735,3219.6,1966.1,3348.9,2107.5
/srv/shared_leopard_toad/2025/Documents/06.10-13.10.2025/4Z/106MEDIA/DSCF0548.JPG,DSCF0548.JPG,4Z/106MEDIA,0,Other_Amphibian,0.2412,3221.0,1966.9,3346.9,2106.9
/srv/shared_leopard_toad/2025/Documents/06.10-13.10.2025/4Z/106MEDIA/DSCF0548.JPG,DSCF0548.JPG,4Z/106MEDIA,0,Other_Amphibian,0.2052,3230.8,1975.8,3351.7,2117.0
/srv/shared_leopard_toad/2025/Documents/06.10-13.10.2025/4Z/106MEDIA/DSCF0786.JPG,DSCF0786.JPG,4Z/106MEDIA,0,Other_Amphibian,0.3106,3220.7,1965.9,3348.5,2108.1
/srv/shared_leopard_toad/2025/Documents/06.10-13.10.2025/4Z/106MEDIA/DSCF0786.JPG,DSCF0786.JPG,4Z/106MEDIA,0,Other_Amphibian,0.2965,3228.5,1966.0,3352.4,2109.9
/srv/shared_leopard_toad/2025/Documents/06.10-13.10.2025/4Z/106MEDIA/DSCF0786.JPG,DSCF0786.JPG,4Z/106MEDIA,2,Western_Leopard_Toad,0.2607,3656.6,1654.0,3929.3,1923.6
/srv/shared_leopard_toad/2025/Documents/06.10-13.10.2025/4Z/106MEDIA/DSCF0091.JPG,DSCF0091.JPG,4Z/106MEDIA,2,Western_Leopard_Toad,0.3940,3654.5,1657.7,3930.7,1923.0
/srv/shared_leopard_toad/2025/Documents/06.10-13.10.2025/4Z/106MEDIA/DSCF0091.JPG,DSCF0091.JPG,4Z/106MEDIA,0,Other_Amphibian,0.2132,3221.3,1967.3,3348.6,2107.5
/srv/shared_leopard_toad/2025/Documents/06.10-13.10.2025/4Z/106MEDIA/DSCF0660.JPG,DSCF0660.JPG,4Z/106MEDIA,2,Western_Leopard_Toad,0.3011,3654.0,1657.8,3927.2,1925.5
/srv/shared_leopard_toad/2025/Documents/06.10-13.10.2025/4Z/106MEDIA/DSCF0554.JPG,DSCF0554.JPG,4Z/106MEDIA,2,Western_Leopard_Toad,0.2389,3653.4,1656.6,3923.9,1923.4
/srv/shared_leopard_toad/2025/Documents/06.10-13.10.2025/4Z/106MEDIA/DSCF0942.JPG,DSCF0942.JPG,4Z/106MEDIA,2,Western_Leopard_Toad,0.8464,3645.4,1660.5,3930.5,1922.0
/srv/shared_leopard_toad/2025/Documents/06.10-13.10.2025/4Z/106MEDIA/DSCF0942.JPG,DSCF0942.JPG,4Z/106MEDIA,0,Other_Amphibian,0.7025,3220.2,1959.4,3354.7,2115.2
/srv/shared_leopard_toad/2025/Documents/06.10-13.10.2025/4Z/106MEDIA/DSCF0942.JPG,DSCF0942.JPG,4Z/106MEDIA,0,Other_Amphibian,0.3005,3227.7,1965.2,3360.1,2120.9
/srv/shared_leopard_toad/2025/Documents/06.10-13.10.2025/4Z/106MEDIA/DSCF0991.JPG,DSCF0991.JPG,4Z/106MEDIA,2,Western_Leopard_Toad,0.6588,3647.9,1653.8,3926.5,1925.0
/srv/shared_leopard_toad/2025/Documents/06.10-13.10.2025/4Z/106MEDIA/DSCF0991.JPG,DSCF0991.JPG,4Z/106MEDIA,0,Other_Amphibian,0.6208,3212.9,1958.1,3346.9,2109.2
/srv/shared_leopard_toad/2025/Documents/06.10-13.10.2025/4Z/106MEDIA/DSCF0991.JPG,DSCF0991.JPG,4Z/106MEDIA,0,Other_Amphibian,0.5988,3212.9,1958.1,3346.8,2108.3
/srv/shared_leopard_toad/2025/Documents/06.10-13.10.2025/4Z/106MEDIA/DSCF0130.JPG,DSCF0130.JPG,4Z/106MEDIA,2,Western_Leopard_Toad,0.2963,3655.1,1657.3,3926.4,1923.2
/srv/shared_leopard_toad/2025/Documents/06.10-13.10.2025/4Z/106MEDIA/DSCF0130.JPG,DSCF0130.JPG,4Z/106MEDIA,0,Other_Amphibian,0.2248,3221.3,1967.7,3345.3,2107.9
/srv/shared_leopard_toad/2025/Documents/06.10-13.10.2025/4Z/106MEDIA/DSCF0691.JPG,DSCF0691.JPG,4Z/106MEDIA,2,Western_Leopard_Toad,0.3388,3655.2,1654.7,3928.9,1922.9
/srv/shared_leopard_toad/2025/Documents/06.10-13.10.2025/4Z/106MEDIA/DSCF0691.JPG,DSCF0691.JPG,4Z/106MEDIA,0,Other_Amphibian,0.2372,3224.8,1969.2,3349.0,2112.9
/srv/shared_leopard_toad/2025/Documents/06.10-13.10.2025/4Z/106MEDIA/DSCF0691.JPG,DSCF0691.JPG,4Z/106MEDIA,0,Other_Amphibian,0.2191,3219.3,1967.1,3347.2,2109.4
/srv/shared_leopard_toad/2025/Documents/06.10-13.10.2025/4Z/106MEDIA/DSCF0966.JPG,DSCF0966.JPG,4Z/106MEDIA,2,Western_Leopard_Toad,0.5533,3642.0,1661.5,3924.3,1923.1
/srv/shared_leopard_toad/2025/Documents/06.10-13.10.2025/4Z/106MEDIA/DSCF0966.JPG,DSCF0966.JPG,4Z/106MEDIA,0,Other_Amphibian,0.5446,3218.0,1963.8,3352.2,2117.9
/srv/shared_leopard_toad/2025/Documents/06.10-13.10.2025/4Z/106MEDIA/DSCF0966.JPG,DSCF0966.JPG,4Z/106MEDIA,0,Other_Amphibian,0.5101,3227.1,1965.2,3357.1,2117.5
/srv/shared_leopard_toad/2025/Documents/06.10-13.10.2025/4Z/106MEDIA/DSCF0632.JPG,DSCF0632.JPG,4Z/106MEDIA,0,Other_Amphibian,0.2528,3227.6,1967.1,3350.8,2113.0
/srv/shared_leopard_toad/2025/Documents/06.10-13.10.2025/4Z/106MEDIA/DSCF0632.JPG,DSCF0632.JPG,4Z/106MEDIA,0,Other_Amphibian,0.2120,3220.9,1967.7,3348.3,2110.9
/srv/shared_leopard_toad/2025/Documents/06.10-13.10.2025/4Z/106MEDIA/DSCF0031.JPG,DSCF0031.JPG,4Z/106MEDIA,0,Other_Amphibian,0.3483,3220.4,1967.1,3346.0,2106.9
/srv/shared_leopard_toad/2025/Documents/06.10-13.10.2025/4Z/106MEDIA/DSCF0031.JPG,DSCF0031.JPG,4Z/106MEDIA,0,Other_Amphibian,0.2788,3228.6,1967.0,3349.5,2107.7
/srv/shared_leopard_toad/2025/Documents/06.10-13.10.2025/4Z/106MEDIA/DSCF0031.JPG,DSCF0031.JPG,4Z/106MEDIA,2,Western_Leopard_Toad,0.2403,3655.9,1658.6,3927.8,1923.5
/srv/shared_leopard_toad/2025/Documents/06.10-13.10.2025/4Z/106MEDIA/DSCF0985.JPG,DSCF0985.JPG,4Z/106MEDIA,2,Western_Leopard_Toad,0.8307,3642.4,1657.4,3933.0,1924.5
/srv/shared_leopard_toad/2025/Documents/06.10-13.10.2025/4Z/106MEDIA/DSCF0985.JPG,DSCF0985.JPG,4Z/106MEDIA,0,Other_Amphibian,0.6012,3216.7,1962.2,3362.5,2114.8
/srv/shared_leopard_toad/2025/Documents/06.10-13.10.2025/4Z/106MEDIA/DSCF0985.JPG,DSCF0985.JPG,4Z/106MEDIA,0,Other_Amphibian,0.5676,3223.7,1960.8,3362.8,2114.1
/srv/shared_leopard_toad/2025/Documents/06.10-13.10.2025/4Z/106MEDIA/DSCF0985.JPG,DSCF0985.JPG,4Z/106MEDIA,2,Western_Leopard_Toad,0.2145,5043.0,977.4,5335.2,1321.0
/srv/shared_leopard_toad/2025/Documents/06.10-13.10.2025/4Z/106MEDIA/DSCF0841.JPG,DSCF0841.JPG,4Z/106MEDIA,2,Western_Leopard_Toad,0.4093,3654.5,1656.2,3928.2,1922.9
/srv/shared_leopard_toad/2025/Documents/06.10-13.10.2025/4Z/106MEDIA/DSCF0841.JPG,DSCF0841.JPG,4Z/106MEDIA,0,Other_Amphibian,0.2712,3220.5,1967.2,3349.2,2107.5
/srv/shared_leopard_toad/2025/Documents/06.10-13.10.2025/4Z/106MEDIA/DSCF0841.JPG,DSCF0841.JPG,4Z/106MEDIA,0,Other_Amphibian,0.2559,3223.8,1970.4,3347.4,2112.0
/srv/shared_leopard_toad/2025/Documents/06.10-13.10.2025/4Z/106MEDIA/DSCF0391.JPG,DSCF0391.JPG,4Z/106MEDIA,0,Other_Amphibian,0.2843,3222.8,1967.3,3347.2,2106.4
/srv/shared_leopard_toad/2025/Documents/06.10-13.10.2025/4Z/106MEDIA/DSCF0391.JPG,DSCF0391.JPG,4Z/106MEDIA,2,Western_Leopard_Toad,0.2811,3654.5,1656.8,3927.5,1925.2
/srv/shared_leopard_toad/2025/Documents/06.10-13.10.2025/4Z/106MEDIA/DSCF0391.JPG,DSCF0391.JPG,4Z/106MEDIA,0,Other_Amphibian,0.2546,3228.3,1968.5,3349.0,2108.4
/srv/shared_leopard_toad/2025/Documents/06.10-13.10.2025/4Z/106MEDIA/DSCF0516.JPG,DSCF0516.JPG,4Z/106MEDIA,2,Western_Leopard_Toad,0.3258,3656.3,1656.2,3927.8,1922.7
/srv/shared_leopard_toad/2025/Documents/06.10-13.10.2025/4Z/106MEDIA/DSCF0516.JPG,DSCF0516.JPG,4Z/106MEDIA,0,Other_Amphibian,0.2312,3223.7,1968.0,3346.7,2105.6
/srv/shared_leopard_toad/2025/Documents/06.10-13.10.2025/4Z/106MEDIA/DSCF0516.JPG,DSCF0516.JPG,4Z/106MEDIA,0,Other_Amphibian,0.2266,3229.4,1970.7,3349.0,2109.1
/srv/shared_leopard_toad/2025/Documents/06.10-13.10.2025/4Z/106MEDIA/DSCF0191.JPG,DSCF0191.JPG,4Z/106MEDIA,2,Western_Leopard_Toad,0.2896,3653.7,1656.4,3927.6,1924.1
/srv/shared_leopard_toad/2025/Documents/06.10-13.10.2025/4Z/106MEDIA/DSCF0191.JPG,DSCF0191.JPG,4Z/106MEDIA,0,Other_Amphibian,0.2781,3220.1,1967.4,3346.8,2107.2
/srv/shared_leopard_toad/2025/Documents/06.10-13.10.2025/4Z/106MEDIA/DSCF0191.JPG,DSCF0191.JPG,4Z/106MEDIA,0,Other_Amphibian,0.2491,3228.1,1972.8,3349.9,2114.0
/srv/shared_leopard_toad/2025/Documents/06.10-13.10.2025/4Z/106MEDIA/DSCF0500.JPG,DSCF0500.JPG,4Z/106MEDIA,2,Western_Leopard_Toad,0.3987,3656.7,1652.7,3928.2,1922.4
/srv/shared_leopard_toad/2025/Documents/06.10-13.10.2025/4Z/106MEDIA/DSCF0500.JPG,DSCF0500.JPG,4Z/106MEDIA,0,Other_Amphibian,0.2874,3221.3,1967.5,3346.1,2107.3
/srv/shared_leopard_toad/2025/Documents/06.10-13.10.2025/4Z/106MEDIA/DSCF0500.JPG,DSCF0500.JPG,4Z/106MEDIA,0,Other_Amphibian,0.2520,3228.6,1970.2,3349.2,2110.2
/srv/shared_leopard_toad/2025/Documents/06.10-13.10.2025/4Z/106MEDIA/DSCF0058.JPG,DSCF0058.JPG,4Z/106MEDIA,0,Other_Amphibian,0.3946,3655.0,1656.2,3930.0,1922.3
/srv/shared_leopard_toad/2025/Documents/06.10-13.10.2025/4Z/106MEDIA/DSCF0058.JPG,DSCF0058.JPG,4Z/106MEDIA,0,Other_Amphibian,0.3215,3223.0,1967.2,3348.5,2106.5
/srv/shared_leopard_toad/2025/Documents/06.10-13.10.2025/4Z/106MEDIA/DSCF0058.JPG,DSCF0058.JPG,4Z/106MEDIA,0,Other_Amphibian,0.2699,3229.9,1969.9,3351.8,2110.1
/srv/shared_leopard_toad/2025/Documents/06.10-13.10.2025/4Z/106MEDIA/DSCF0169.JPG,DSCF0169.JPG,4Z/106MEDIA,0,Other_Amphibian,0.2602,3222.2,1968.3,3348.9,2107.9
/srv/shared_leopard_toad/2025/Documents/06.10-13.10.2025/4Z/106MEDIA/DSCF0169.JPG,DSCF0169.JPG,4Z/106MEDIA,0,Other_Amphibian,0.2507,3228.0,1972.0,3351.5,2112.5
/srv/shared_leopard_toad/2025/Documents/06.10-13.10.2025/4Z/106MEDIA/DSCF0169.JPG,DSCF0169.JPG,4Z/106MEDIA,2,Western_Leopard_Toad,0.2152,3654.3,1656.2,3924.5,1923.6
/srv/shared_leopard_toad/2025/Documents/06.10-13.10.2025/4Z/106MEDIA/DSCF0706.JPG,DSCF0706.JPG,4Z/106MEDIA,2,Western_Leopard_Toad,0.3302,3655.2,1655.4,3929.6,1922.9
/srv/shared_leopard_toad/2025/Documents/06.10-13.10.2025/4Z/106MEDIA/DSCF0706.JPG,DSCF0706.JPG,4Z/106MEDIA,0,Other_Amphibian,0.3079,3218.0,1967.5,3348.0,2108.6
/srv/shared_leopard_toad/2025/Documents/06.10-13.10.2025/4Z/106MEDIA/DSCF0706.JPG,DSCF0706.JPG,4Z/106MEDIA,0,Other_Amphibian,0.2934,3226.4,1967.4,3352.0,2110.3
/srv/shared_leopard_toad/2025/Documents/06.10-13.10.2025/4Z/106MEDIA/DSCF0525.JPG,DSCF0525.JPG,4Z/106MEDIA,2,Western_Leopard_Toad,0.2387,3657.0,1655.3,3926.1,1923.3
/srv/shared_leopard_toad/2025/Documents/06.10-13.10.2025/4Z/106MEDIA/DSCF0525.JPG,DSCF0525.JPG,4Z/106MEDIA,0,Other_Amphibian,0.2189,3222.1,1966.7,3347.1,2107.0
/srv/shared_leopard_toad/2025/Documents/06.10-13.10.2025/4Z/106MEDIA/DSCF0798.JPG,DSCF0798.JPG,4Z/106MEDIA,2,Western_Leopard_Toad,0.5799,3653.5,1657.0,3930.9,1922.3
/srv/shared_leopard_toad/2025/Documents/06.10-13.10.2025/4Z/106MEDIA/DSCF0798.JPG,DSCF0798.JPG,4Z/106MEDIA,0,Other_Amphibian,0.2384,3220.0,1967.6,3348.6,2108.9
/srv/shared_leopard_toad/2025/Documents/06.10-13.10.2025/4Z/106MEDIA/DSCF0798.JPG,DSCF0798.JPG,4Z/106MEDIA,0,Other_Amphibian,0.2177,3227.7,1970.9,3352.1,2114.0
/srv/shared_leopard_toad/2025/Documents/06.10-13.10.2025/4Z/106MEDIA/DSCF0757.JPG,DSCF0757.JPG,4Z/106MEDIA,2,Western_Leopard_Toad,0.2436,3654.1,1655.0,3925.7,1923.6
/srv/shared_leopard_toad/2025/Documents/06.10-13.10.2025/4Z/106MEDIA/DSCF0757.JPG,DSCF0757.JPG,4Z/106MEDIA,0,Other_Amphibian,0.2161,3223.8,1969.2,3347.5,2112.6
/srv/shared_leopard_toad/2025/Documents/06.10-13.10.2025/4Z/106MEDIA/DSCF0144.JPG,DSCF0144.JPG,4Z/106MEDIA,2,Western_Leopard_Toad,0.3320,3656.4,1654.4,3929.8,1923.5
/srv/shared_leopard_toad/2025/Documents/06.10-13.10.2025/4Z/106MEDIA/DSCF0144.JPG,DSCF0144.JPG,4Z/106MEDIA,0,Other_Amphibian,0.2507,3221.7,1966.8,3347.3,2107.9
/srv/shared_leopard_toad/2025/Documents/06.10-13.10.2025/4Z/106MEDIA/DSCF0144.JPG,DSCF0144.JPG,4Z/106MEDIA,0,Other_Amphibian,0.2097,3229.9,1972.9,3352.1,2114.6
/srv/shared_leopard_toad/2025/Documents/06.10-13.10.2025/4Z/106MEDIA/DSCF0904.JPG,DSCF0904.JPG,4Z/106MEDIA,2,Western_Leopard_Toad,0.8412,3646.8,1668.2,3922.6,1930.6
/srv/shared_leopard_toad/2025/Documents/06.10-13.10.2025/4Z/106MEDIA/DSCF0238.JPG,DSCF0238.JPG,4Z/106MEDIA,2,Western_Leopard_Toad,0.2984,3655.5,1654.4,3927.0,1921.8
/srv/shared_leopard_toad/2025/Documents/06.10-13.10.2025/4Z/106MEDIA/DSCF0238.JPG,DSCF0238.JPG,4Z/106MEDIA,0,Other_Amphibian,0.2938,3219.9,1967.0,3347.2,2107.1
/srv/shared_leopard_toad/2025/Documents/06.10-13.10.2025/4Z/106MEDIA/DSCF0238.JPG,DSCF0238.JPG,4Z/106MEDIA,0,Other_Amphibian,0.2821,3225.7,1968.5,3348.9,2109.5
/srv/shared_leopard_toad/2025/Documents/06.10-13.10.2025/4Z/106MEDIA/DSCF0086.JPG,DSCF0086.JPG,4Z/106MEDIA,0,Other_Amphibian,0.2327,3226.0,1966.7,3349.4,2107.3
/srv/shared_leopard_toad/2025/Documents/06.10-13.10.2025/4Z/106MEDIA/DSCF0086.JPG,DSCF0086.JPG,4Z/106MEDIA,0,Other_Amphibian,0.2257,3228.5,1967.6,3350.1,2109.6
/srv/shared_leopard_toad/2025/Documents/06.10-13.10.2025/4Z/106MEDIA/DSCF0086.JPG,DSCF0086.JPG,4Z/106MEDIA,2,Western_Leopard_Toad,0.2134,3654.3,1655.2,3926.7,1924.7
/srv/shared_leopard_toad/2025/Documents/06.10-13.10.2025/4Z/106MEDIA/DSCF0735.JPG,DSCF0735.JPG,4Z/106MEDIA,2,Western_Leopard_Toad,0.4239,3655.2,1654.9,3928.4,1922.4
/srv/shared_leopard_toad/2025/Documents/06.10-13.10.2025/4Z/106MEDIA/DSCF0735.JPG,DSCF0735.JPG,4Z/106MEDIA,0,Other_Amphibian,0.2134,3220.1,1965.1,3345.3,2107.4
/srv/shared_leopard_toad/2025/Documents/06.10-13.10.2025/4Z/106MEDIA/DSCF0613.JPG,DSCF0613.JPG,4Z/106MEDIA,2,Western_Leopard_Toad,0.2932,3653.9,1654.7,3927.9,1924.4
/srv/shared_leopard_toad/2025/Documents/06.10-13.10.2025/4Z/106MEDIA/DSCF0613.JPG,DSCF0613.JPG,4Z/106MEDIA,0,Other_Amphibian,0.2489,3229.9,1967.6,3353.1,2112.4
/srv/shared_leopard_toad/2025/Documents/06.10-13.10.2025/4Z/106MEDIA/DSCF0613.JPG,DSCF0613.JPG,4Z/106MEDIA,0,Other_Amphibian,0.2395,3221.9,1966.7,3349.0,2109.3
/srv/shared_leopard_toad/2025/Documents/06.10-13.10.2025/4Z/106MEDIA/DSCF0551.JPG,DSCF0551.JPG,4Z/106MEDIA,2,Western_Leopard_Toad,0.2709,3652.3,1657.1,3924.9,1923.5
/srv/shared_leopard_toad/2025/Documents/06.10-13.10.2025/4Z/106MEDIA/DSCF0551.JPG,DSCF0551.JPG,4Z/106MEDIA,0,Other_Amphibian,0.2096,3224.9,1969.1,3350.3,2107.9
/srv/shared_leopard_toad/2025/Documents/06.10-13.10.2025/4Z/106MEDIA/DSCF0748.JPG,DSCF0748.JPG,4Z/106MEDIA,2,Western_Leopard_Toad,0.2444,3652.0,1656.3,3923.2,1924.9
/srv/shared_leopard_toad/2025/Documents/06.10-13.10.2025/4Z/106MEDIA/DSCF0192.JPG,DSCF0192.JPG,4Z/106MEDIA,0,Other_Amphibian,0.2616,3227.9,1970.1,3351.7,2111.7
/srv/shared_leopard_toad/2025/Documents/06.10-13.10.2025/4Z/106MEDIA/DSCF0192.JPG,DSCF0192.JPG,4Z/106MEDIA,2,Western_Leopard_Toad,0.2604,3654.4,1656.3,3929.4,1923.3
/srv/shared_leopard_toad/2025/Documents/06.10-13.10.2025/4Z/106MEDIA/DSCF0192.JPG,DSCF0192.JPG,4Z/106MEDIA,0,Other_Amphibian,0.2411,3221.5,1969.5,3349.8,2109.6
/srv/shared_leopard_toad/2025/Documents/06.10-13.10.2025/4Z/106MEDIA/DSCF0114.JPG,DSCF0114.JPG,4Z/106MEDIA,2,Western_Leopard_Toad,0.4700,3657.8,1656.5,3929.8,1922.6
/srv/shared_leopard_toad/2025/Documents/06.10-13.10.2025/4Z/106MEDIA/DSCF0114.JPG,DSCF0114.JPG,4Z/106MEDIA,0,Other_Amphibian,0.2156,3223.1,1967.8,3348.4,2107.9
/srv/shared_leopard_toad/2025/Documents/06.10-13.10.2025/4Z/106MEDIA/DSCF0182.JPG,DSCF0182.JPG,4Z/106MEDIA,0,Other_Amphibian,0.2590,3223.2,1966.1,3347.1,2107.8
/srv/shared_leopard_toad/2025/Documents/06.10-13.10.2025/4Z/106MEDIA/DSCF0182.JPG,DSCF0182.JPG,4Z/106MEDIA,2,Western_Leopard_Toad,0.2470,3653.1,1656.7,3926.6,1922.4
/srv/shared_leopard_toad/2025/Documents/06.10-13.10.2025/4Z/106MEDIA/DSCF0182.JPG,DSCF0182.JPG,4Z/106MEDIA,0,Other_Amphibian,0.2150,3229.5,1971.0,3351.2,2112.7
/srv/shared_leopard_toad/2025/Documents/06.10-13.10.2025/4Z/106MEDIA/DSCF0299.JPG,DSCF0299.JPG,4Z/106MEDIA,2,Western_Leopard_Toad,0.2384,3654.8,1656.9,3925.7,1924.1
/srv/shared_leopard_toad/2025/Documents/06.10-13.10.2025/4Z/106MEDIA/DSCF0816.JPG,DSCF0816.JPG,4Z/106MEDIA,2,Western_Leopard_Toad,0.3786,3654.0,1657.1,3927.8,1923.3
/srv/shared_leopard_toad/2025/Documents/06.10-13.10.2025/4Z/106MEDIA/DSCF0816.JPG,DSCF0816.JPG,4Z/106MEDIA,0,Other_Amphibian,0.2888,3216.6,1965.2,3346.9,2108.5
/srv/shared_leopard_toad/2025/Documents/06.10-13.10.2025/4Z/106MEDIA/DSCF0816.JPG,DSCF0816.JPG,4Z/106MEDIA,0,Other_Amphibian,0.2746,3226.2,1966.7,3350.4,2112.0
/srv/shared_leopard_toad/2025/Documents/06.10-13.10.2025/4Z/106MEDIA/DSCF0293.JPG,DSCF0293.JPG,4Z/106MEDIA,2,Western_Leopard_Toad,0.3785,3655.4,1653.7,3929.9,1922.7
/srv/shared_leopard_toad/2025/Documents/06.10-13.10.2025/4Z/106MEDIA/DSCF0293.JPG,DSCF0293.JPG,4Z/106MEDIA,0,Other_Amphibian,0.2066,3222.7,1968.1,3349.0,2107.6
/srv/shared_leopard_toad/2025/Documents/06.10-13.10.2025/4Z/106MEDIA/DSCF0293.JPG,DSCF0293.JPG,4Z/106MEDIA,0,Other_Amphibian,0.2025,3230.0,1974.7,3353.5,2115.2
/srv/shared_leopard_toad/2025/Documents/06.10-13.10.2025/4Z/106MEDIA/DSCF0020.JPG,DSCF0020.JPG,4Z/106MEDIA,2,Western_Leopard_Toad,0.4937,3653.6,1656.5,3929.6,1924.6
/srv/shared_leopard_toad/2025/Documents/06.10-13.10.2025/4Z/106MEDIA/DSCF0020.JPG,DSCF0020.JPG,4Z/106MEDIA,0,Other_Amphibian,0.2095,3223.4,1968.1,3348.9,2109.1
/srv/shared_leopard_toad/2025/Documents/06.10-13.10.2025/4Z/106MEDIA/DSCF0195.JPG,DSCF0195.JPG,4Z/106MEDIA,0,Other_Amphibian,0.2938,3221.8,1966.9,3347.9,2106.1
/srv/shared_leopard_toad/2025/Documents/06.10-13.10.2025/4Z/106MEDIA/DSCF0195.JPG,DSCF0195.JPG,4Z/106MEDIA,2,Western_Leopard_Toad,0.2842,3655.7,1656.9,3927.1,1922.3
/srv/shared_leopard_toad/2025/Documents/06.10-13.10.2025/4Z/106MEDIA/DSCF0195.JPG,DSCF0195.JPG,4Z/106MEDIA,0,Other_Amphibian,0.2537,3230.8,1973.3,3352.3,2113.6
/srv/shared_leopard_toad/2025/Documents/06.10-13.10.2025/4Z/106MEDIA/DSCF0018.JPG,DSCF0018.JPG,4Z/106MEDIA,2,Western_Leopard_Toad,0.3087,3655.6,1655.3,3929.8,1924.4
/srv/shared_leopard_toad/2025/Documents/06.10-13.10.2025/4Z/106MEDIA/DSCF0018.JPG,DSCF0018.JPG,4Z/106MEDIA,0,Other_Amphibian,0.2524,3229.0,1970.3,3354.4,2112.5
/srv/shared_leopard_toad/2025/Documents/06.10-13.10.2025/4Z/106MEDIA/DSCF0018.JPG,DSCF0018.JPG,4Z/106MEDIA,0,Other_Amphibian,0.2384,3222.9,1967.8,3350.5,2108.6
/srv/shared_leopard_toad/2025/Documents/06.10-13.10.2025/4Z/106MEDIA/DSCF0794.JPG,DSCF0794.JPG,4Z/106MEDIA,2,Western_Leopard_Toad,0.4161,3653.2,1657.4,3926.3,1923.7
/srv/shared_leopard_toad/2025/Documents/06.10-13.10.2025/4Z/106MEDIA/DSCF0794.JPG,DSCF0794.JPG,4Z/106MEDIA,0,Other_Amphibian,0.2961,3218.5,1965.3,3347.8,2108.0
/srv/shared_leopard_toad/2025/Documents/06.10-13.10.2025/4Z/106MEDIA/DSCF0794.JPG,DSCF0794.JPG,4Z/106MEDIA,0,Other_Amphibian,0.2731,3226.8,1966.0,3351.0,2110.2
/srv/shared_leopard_toad/2025/Documents/06.10-13.10.2025/4Z/106MEDIA/DSCF0527.JPG,DSCF0527.JPG,4Z/106MEDIA,0,Other_Amphibian,0.2803,3226.5,1967.0,3348.8,2108.8
/srv/shared_leopard_toad/2025/Documents/06.10-13.10.2025/4Z/106MEDIA/DSCF0527.JPG,DSCF0527.JPG,4Z/106MEDIA,0,Other_Amphibian,0.2776,3220.4,1966.3,3346.8,2106.3
/srv/shared_leopard_toad/2025/Documents/06.10-13.10.2025/4Z/106MEDIA/DSCF0527.JPG,DSCF0527.JPG,4Z/106MEDIA,2,Western_Leopard_Toad,0.2544,3657.4,1655.9,3926.6,1922.8
/srv/shared_leopard_toad/2025/Documents/06.10-13.10.2025/4Z/106MEDIA/DSCF0338.JPG,DSCF0338.JPG,4Z/106MEDIA,2,Western_Leopard_Toad,0.2826,3652.4,1655.3,3927.0,1922.8
/srv/shared_leopard_toad/2025/Documents/06.10-13.10.2025/4Z/106MEDIA/DSCF0940.JPG,DSCF0940.JPG,4Z/106MEDIA,2,Western_Leopard_Toad,0.7857,3642.8,1659.8,3930.2,1921.1
/srv/shared_leopard_toad/2025/Documents/06.10-13.10.2025/4Z/106MEDIA/DSCF0940.JPG,DSCF0940.JPG,4Z/106MEDIA,0,Other_Amphibian,0.6692,3217.3,1963.2,3349.4,2114.2
/srv/shared_leopard_toad/2025/Documents/06.10-13.10.2025/4Z/106MEDIA/DSCF0940.JPG,DSCF0940.JPG,4Z/106MEDIA,0,Other_Amphibian,0.6502,3218.8,1963.0,3350.6,2114.9
/srv/shared_leopard_toad/2025/Documents/06.10-13.10.2025/4Z/106MEDIA/DSCF0360.JPG,DSCF0360.JPG,4Z/106MEDIA,2,Western_Leopard_Toad,0.4102,3656.5,1655.6,3929.9,1922.4
/srv/shared_leopard_toad/2025/Documents/06.10-13.10.2025/4Z/106MEDIA/DSCF0360.JPG,DSCF0360.JPG,4Z/106MEDIA,0,Other_Amphibian,0.2420,3224.8,1968.2,3348.1,2106.2
/srv/shared_leopard_toad/2025/Documents/06.10-13.10.2025/4Z/106MEDIA/DSCF0360.JPG,DSCF0360.JPG,4Z/106MEDIA,0,Other_Amphibian,0.2201,3228.4,1973.1,3348.4,2111.7
/srv/shared_leopard_toad/2025/Documents/06.10-13.10.2025/4Z/106MEDIA/DSCF0206.JPG,DSCF0206.JPG,4Z/106MEDIA,0,Other_Amphibian,0.2613,3225.1,1966.0,3350.6,2106.9
/srv/shared_leopard_toad/2025/Documents/06.10-13.10.2025/4Z/106MEDIA/DSCF0206.JPG,DSCF0206.JPG,4Z/106MEDIA,0,Other_Amphibian,0.2298,3227.1,1969.8,3349.6,2112.1
/srv/shared_leopard_toad/2025/Documents/06.10-13.10.2025/4Z/106MEDIA/DSCF0902.JPG,DSCF0902.JPG,4Z/106MEDIA,2,Western_Leopard_Toad,0.8279,3644.3,1668.5,3922.6,1928.2
/srv/shared_leopard_toad/2025/Documents/06.10-13.10.2025/4Z/106MEDIA/DSCF0778.JPG,DSCF0778.JPG,4Z/106MEDIA,2,Western_Leopard_Toad,0.4509,3653.6,1656.5,3928.3,1923.1
/srv/shared_leopard_toad/2025/Documents/06.10-13.10.2025/4Z/106MEDIA/DSCF0778.JPG,DSCF0778.JPG,4Z/106MEDIA,0,Other_Amphibian,0.2763,3219.7,1966.0,3347.2,2107.3
/srv/shared_leopard_toad/2025/Documents/06.10-13.10.2025/4Z/106MEDIA/DSCF0059.JPG,DSCF0059.JPG,4Z/106MEDIA,2,Western_Leopard_Toad,0.4400,3656.0,1656.3,3931.8,1923.8
/srv/shared_leopard_toad/2025/Documents/06.10-13.10.2025/4Z/106MEDIA/DSCF0059.JPG,DSCF0059.JPG,4Z/106MEDIA,0,Other_Amphibian,0.3245,3220.7,1968.3,3348.5,2108.4
/srv/shared_leopard_toad/2025/Documents/06.10-13.10.2025/4Z/106MEDIA/DSCF0059.JPG,DSCF0059.JPG,4Z/106MEDIA,0,Other_Amphibian,0.3017,3229.0,1969.9,3352.4,2111.0
/srv/shared_leopard_toad/2025/Documents/06.10-13.10.2025/4Z/106MEDIA/DSCF0791.JPG,DSCF0791.JPG,4Z/106MEDIA,2,Western_Leopard_Toad,0.2410,3654.7,1657.8,3924.9,1923.3
/srv/shared_leopard_toad/2025/Documents/06.10-13.10.2025/4Z/106MEDIA/DSCF0558.JPG,DSCF0558.JPG,4Z/106MEDIA,2,Western_Leopard_Toad,0.3668,3655.0,1656.8,3928.9,1923.0
/srv/shared_leopard_toad/2025/Documents/06.10-13.10.2025/4Z/106MEDIA/DSCF0558.JPG,DSCF0558.JPG,4Z/106MEDIA,0,Other_Amphibian,0.2429,3229.6,1971.9,3350.6,2114.0
/srv/shared_leopard_toad/2025/Documents/06.10-13.10.2025/4Z/106MEDIA/DSCF0558.JPG,DSCF0558.JPG,4Z/106MEDIA,0,Other_Amphibian,0.2387,3221.0,1968.0,3347.0,2108.2
/srv/shared_leopard_toad/2025/Documents/06.10-13.10.2025/4Z/106MEDIA/DSCF0826.JPG,DSCF0826.JPG,4Z/106MEDIA,0,Other_Amphibian,0.2969,3220.6,1964.4,3347.5,2107.3
/srv/shared_leopard_toad/2025/Documents/06.10-13.10.2025/4Z/106MEDIA/DSCF0826.JPG,DSCF0826.JPG,4Z/106MEDIA,0,Other_Amphibian,0.2819,3227.1,1964.6,3349.8,2109.1
/srv/shared_leopard_toad/2025/Documents/06.10-13.10.2025/4Z/106MEDIA/DSCF0826.JPG,DSCF0826.JPG,4Z/106MEDIA,2,Western_Leopard_Toad,0.2726,3653.6,1657.0,3925.1,1922.8
/srv/shared_leopard_toad/2025/Documents/06.10-13.10.2025/4Z/106MEDIA/DSCF0088.JPG,DSCF0088.JPG,4Z/106MEDIA,2,Western_Leopard_Toad,0.3087,3653.8,1656.0,3927.5,1923.7
/srv/shared_leopard_toad/2025/Documents/06.10-13.10.2025/4Z/106MEDIA/DSCF0088.JPG,DSCF0088.JPG,4Z/106MEDIA,0,Other_Amphibian,0.2745,3220.0,1966.3,3346.6,2108.3
/srv/shared_leopard_toad/2025/Documents/06.10-13.10.2025/4Z/106MEDIA/DSCF0088.JPG,DSCF0088.JPG,4Z/106MEDIA,0,Other_Amphibian,0.2263,3229.0,1973.4,3351.0,2116.1
/srv/shared_leopard_toad/2025/Documents/06.10-13.10.2025/4Z/106MEDIA/DSCF0775.JPG,DSCF0775.JPG,4Z/106MEDIA,2,Western_Leopard_Toad,0.3850,3651.6,1657.2,3927.2,1923.9
/srv/shared_leopard_toad/2025/Documents/06.10-13.10.2025/4Z/106MEDIA/DSCF0811.JPG,DSCF0811.JPG,4Z/106MEDIA,2,Western_Leopard_Toad,0.3542,3654.2,1657.4,3925.9,1922.8
/srv/shared_leopard_toad/2025/Documents/06.10-13.10.2025/4Z/106MEDIA/DSCF0811.JPG,DSCF0811.JPG,4Z/106MEDIA,0,Other_Amphibian,0.2198,3221.4,1969.6,3346.2,2113.0
/srv/shared_leopard_toad/2025/Documents/06.10-13.10.2025/4Z/106MEDIA/DSCF0811.JPG,DSCF0811.JPG,4Z/106MEDIA,0,Other_Amphibian,0.2103,3222.2,1967.0,3350.7,2108.8
/srv/shared_leopard_toad/2025/Documents/06.10-13.10.2025/4Z/106MEDIA/DSCF0689.JPG,DSCF0689.JPG,4Z/106MEDIA,2,Western_Leopard_Toad,0.3497,3654.2,1656.6,3929.4,1923.1
/srv/shared_leopard_toad/2025/Documents/06.10-13.10.2025/4Z/106MEDIA/DSCF0278.JPG,DSCF0278.JPG,4Z/106MEDIA,0,Other_Amphibian,0.3234,3222.3,1967.7,3348.2,2107.2
/srv/shared_leopard_toad/2025/Documents/06.10-13.10.2025/4Z/106MEDIA/DSCF0278.JPG,DSCF0278.JPG,4Z/106MEDIA,0,Other_Amphibian,0.2985,3229.7,1969.0,3351.6,2109.9
/srv/shared_leopard_toad/2025/Documents/06.10-13.10.2025/4Z/106MEDIA/DSCF0278.JPG,DSCF0278.JPG,4Z/106MEDIA,2,Western_Leopard_Toad,0.2409,3654.5,1655.3,3926.1,1921.6
/srv/shared_leopard_toad/2025/Documents/06.10-13.10.2025/4Z/106MEDIA/DSCF0625.JPG,DSCF0625.JPG,4Z/106MEDIA,2,Western_Leopard_Toad,0.3405,3654.4,1657.4,3924.8,1922.6
/srv/shared_leopard_toad/2025/Documents/06.10-13.10.2025/4Z/106MEDIA/DSCF0625.JPG,DSCF0625.JPG,4Z/106MEDIA,0,Other_Amphibian,0.2300,3228.2,1967.9,3350.0,2113.1
/srv/shared_leopard_toad/2025/Documents/06.10-13.10.2025/4Z/106MEDIA/DSCF0625.JPG,DSCF0625.JPG,4Z/106MEDIA,0,Other_Amphibian,0.2142,3221.9,1966.3,3348.3,2109.1
/srv/shared_leopard_toad/2025/Documents/06.10-13.10.2025/4Z/106MEDIA/DSCF0645.JPG,DSCF0645.JPG,4Z/106MEDIA,0,Other_Amphibian,0.3002,3222.3,1967.3,3347.8,2108.3
/srv/shared_leopard_toad/2025/Documents/06.10-13.10.2025/4Z/106MEDIA/DSCF0645.JPG,DSCF0645.JPG,4Z/106MEDIA,0,Other_Amphibian,0.2984,3226.1,1968.6,3347.6,2111.3
/srv/shared_leopard_toad/2025/Documents/06.10-13.10.2025/4Z/106MEDIA/DSCF0645.JPG,DSCF0645.JPG,4Z/106MEDIA,2,Western_Leopard_Toad,0.2441,3654.6,1656.5,3924.9,1922.3
/srv/shared_leopard_toad/2025/Documents/06.10-13.10.2025/4Z/106MEDIA/DSCF0216.JPG,DSCF0216.JPG,4Z/106MEDIA,2,Western_Leopard_Toad,0.2939,3654.1,1657.1,3927.8,1922.7
/srv/shared_leopard_toad/2025/Documents/06.10-13.10.2025/4Z/106MEDIA/DSCF0216.JPG,DSCF0216.JPG,4Z/106MEDIA,0,Other_Amphibian,0.2822,3220.8,1966.4,3347.8,2107.6
/srv/shared_leopard_toad/2025/Documents/06.10-13.10.2025/4Z/106MEDIA/DSCF0216.JPG,DSCF0216.JPG,4Z/106MEDIA,0,Other_Amphibian,0.2571,3229.7,1971.7,3352.2,2114.3
/srv/shared_leopard_toad/2025/Documents/06.10-13.10.2025/4Z/106MEDIA/DSCF0050.JPG,DSCF0050.JPG,4Z/106MEDIA,2,Western_Leopard_Toad,0.3314,3656.2,1657.4,3929.8,1923.0
/srv/shared_leopard_toad/2025/Documents/06.10-13.10.2025/4Z/106MEDIA/DSCF0050.JPG,DSCF0050.JPG,4Z/106MEDIA,0,Other_Amphibian,0.2831,3220.9,1966.6,3348.9,2108.7
/srv/shared_leopard_toad/2025/Documents/06.10-13.10.2025/4Z/106MEDIA/DSCF0050.JPG,DSCF0050.JPG,4Z/106MEDIA,0,Other_Amphibian,0.2775,3228.4,1968.9,3352.4,2112.9
/srv/shared_leopard_toad/2025/Documents/06.10-13.10.2025/4Z/106MEDIA/DSCF0099.JPG,DSCF0099.JPG,4Z/106MEDIA,2,Western_Leopard_Toad,0.3198,3652.9,1658.8,3927.6,1923.6
/srv/shared_leopard_toad/2025/Documents/06.10-13.10.2025/4Z/106MEDIA/DSCF0463.JPG,DSCF0463.JPG,4Z/106MEDIA,2,Western_Leopard_Toad,0.3346,3656.5,1651.5,3928.1,1922.4
/srv/shared_leopard_toad/2025/Documents/06.10-13.10.2025/4Z/106MEDIA/DSCF0463.JPG,DSCF0463.JPG,4Z/106MEDIA,0,Other_Amphibian,0.2619,3223.1,1967.2,3345.4,2106.4
/srv/shared_leopard_toad/2025/Documents/06.10-13.10.2025/4Z/106MEDIA/DSCF0327.JPG,DSCF0327.JPG,4Z/106MEDIA,2,Western_Leopard_Toad,0.2102,3654.8,1657.9,3925.0,1923.1
/srv/shared_leopard_toad/2025/Documents/06.10-13.10.2025/4Z/106MEDIA/DSCF0727.JPG,DSCF0727.JPG,4Z/106MEDIA,2,Western_Leopard_Toad,0.2754,3653.8,1658.5,3923.9,1925.0
/srv/shared_leopard_toad/2025/Documents/06.10-13.10.2025/4Z/106MEDIA/DSCF0727.JPG,DSCF0727.JPG,4Z/106MEDIA,0,Other_Amphibian,0.2585,3219.2,1967.1,3346.7,2108.2
/srv/shared_leopard_toad/2025/Documents/06.10-13.10.2025/4Z/106MEDIA/DSCF0727.JPG,DSCF0727.JPG,4Z/106MEDIA,0,Other_Amphibian,0.2429,3228.0,1968.9,3350.5,2111.7
/srv/shared_leopard_toad/2025/Documents/06.10-13.10.2025/4Z/106MEDIA/DSCF0909.JPG,DSCF0909.JPG,4Z/106MEDIA,2,Western_Leopard_Toad,0.8775,3644.0,1665.6,3925.9,1931.7
/srv/shared_leopard_toad/2025/Documents/06.10-13.10.2025/4Z/106MEDIA/DSCF0840.JPG,DSCF0840.JPG,4Z/106MEDIA,0,Other_Amphibian,0.2796,3220.6,1965.5,3347.9,2106.4
/srv/shared_leopard_toad/2025/Documents/06.10-13.10.2025/4Z/106MEDIA/DSCF0840.JPG,DSCF0840.JPG,4Z/106MEDIA,0,Other_Amphibian,0.2652,3225.4,1966.2,3349.4,2108.1
/srv/shared_leopard_toad/2025/Documents/06.10-13.10.2025/4Z/106MEDIA/DSCF0840.JPG,DSCF0840.JPG,4Z/106MEDIA,2,Western_Leopard_Toad,0.2093,3655.5,1655.6,3925.6,1922.9
/srv/shared_leopard_toad/2025/Documents/06.10-13.10.2025/4Z/106MEDIA/DSCF0964.JPG,DSCF0964.JPG,4Z/106MEDIA,2,Western_Leopard_Toad,0.8151,3647.0,1661.4,3924.7,1920.3
/srv/shared_leopard_toad/2025/Documents/06.10-13.10.2025/4Z/106MEDIA/DSCF0964.JPG,DSCF0964.JPG,4Z/106MEDIA,0,Other_Amphibian,0.6472,3216.4,1958.5,3353.2,2115.5
/srv/shared_leopard_toad/2025/Documents/06.10-13.10.2025/4Z/106MEDIA/DSCF0964.JPG,DSCF0964.JPG,4Z/106MEDIA,0,Other_Amphibian,0.6353,3217.2,1959.2,3354.1,2116.8
/srv/shared_leopard_toad/2025/Documents/06.10-13.10.2025/4Z/106MEDIA/DSCF0605.JPG,DSCF0605.JPG,4Z/106MEDIA,2,Western_Leopard_Toad,0.3119,3654.1,1656.8,3926.9,1923.6
/srv/shared_leopard_toad/2025/Documents/06.10-13.10.2025/4Z/106MEDIA/DSCF0605.JPG,DSCF0605.JPG,4Z/106MEDIA,0,Other_Amphibian,0.2589,3224.6,1968.9,3347.0,2111.6
/srv/shared_leopard_toad/2025/Documents/06.10-13.10.2025/4Z/106MEDIA/DSCF0605.JPG,DSCF0605.JPG,4Z/106MEDIA,0,Other_Amphibian,0.2529,3219.8,1966.9,3347.4,2107.9
/srv/shared_leopard_toad/2025/Documents/06.10-13.10.2025/4Z/106MEDIA/DSCF0967.JPG,DSCF0967.JPG,4Z/106MEDIA,2,Western_Leopard_Toad,0.7963,3642.5,1660.3,3932.4,1925.2
/srv/shared_leopard_toad/2025/Documents/06.10-13.10.2025/4Z/106MEDIA/DSCF0967.JPG,DSCF0967.JPG,4Z/106MEDIA,0,Other_Amphibian,0.6822,3214.4,1958.6,3348.6,2112.6
/srv/shared_leopard_toad/2025/Documents/06.10-13.10.2025/4Z/106MEDIA/DSCF0967.JPG,DSCF0967.JPG,4Z/106MEDIA,0,Other_Amphibian,0.5196,3218.3,1959.1,3348.7,2112.1
/srv/shared_leopard_toad/2025/Documents/06.10-13.10.2025/4Z/106MEDIA/DSCF0087.JPG,DSCF0087.JPG,4Z/106MEDIA,2,Western_Leopard_Toad,0.3924,3652.8,1657.4,3928.9,1922.4
/srv/shared_leopard_toad/2025/Documents/06.10-13.10.2025/4Z/106MEDIA/DSCF0087.JPG,DSCF0087.JPG,4Z/106MEDIA,0,Other_Amphibian,0.2171,3221.0,1968.0,3348.0,2106.6
/srv/shared_leopard_toad/2025/Documents/06.10-13.10.2025/4Z/106MEDIA/DSCF0314.JPG,DSCF0314.JPG,4Z/106MEDIA,0,Other_Amphibian,0.2176,3656.6,1655.5,3928.7,1923.4
/srv/shared_leopard_toad/2025/Documents/06.10-13.10.2025/4Z/106MEDIA/DSCF0760.JPG,DSCF0760.JPG,4Z/106MEDIA,2,Western_Leopard_Toad,0.3737,3654.5,1654.8,3928.9,1923.0
/srv/shared_leopard_toad/2025/Documents/06.10-13.10.2025/4Z/106MEDIA/DSCF0760.JPG,DSCF0760.JPG,4Z/106MEDIA,0,Other_Amphibian,0.2527,3228.1,1967.7,3352.3,2110.5
/srv/shared_leopard_toad/2025/Documents/06.10-13.10.2025/4Z/106MEDIA/DSCF0760.JPG,DSCF0760.JPG,4Z/106MEDIA,0,Other_Amphibian,0.2417,3223.7,1967.7,3351.0,2109.1
/srv/shared_leopard_toad/2025/Documents/06.10-13.10.2025/4Z/106MEDIA/DSCF0222.JPG,DSCF0222.JPG,4Z/106MEDIA,2,Western_Leopard_Toad,0.2429,3654.8,1657.0,3922.3,1923.6
/srv/shared_leopard_toad/2025/Documents/06.10-13.10.2025/4Z/106MEDIA/DSCF0222.JPG,DSCF0222.JPG,4Z/106MEDIA,0,Other_Amphibian,0.2339,3223.0,1966.3,3349.3,2106.6
/srv/shared_leopard_toad/2025/Documents/06.10-13.10.2025/4Z/106MEDIA/DSCF0222.JPG,DSCF0222.JPG,4Z/106MEDIA,0,Other_Amphibian,0.2261,3228.9,1973.3,3352.0,2114.2
/srv/shared_leopard_toad/2025/Documents/06.10-13.10.2025/4Z/106MEDIA/DSCF0593.JPG,DSCF0593.JPG,4Z/106MEDIA,2,Western_Leopard_Toad,0.2663,3653.9,1655.6,3927.2,1924.6
/srv/shared_leopard_toad/2025/Documents/06.10-13.10.2025/4Z/106MEDIA/DSCF0593.JPG,DSCF0593.JPG,4Z/106MEDIA,0,Other_Amphibian,0.2621,3227.1,1967.8,3349.4,2109.8
/srv/shared_leopard_toad/2025/Documents/06.10-13.10.2025/4Z/106MEDIA/DSCF0593.JPG,DSCF0593.JPG,4Z/106MEDIA,0,Other_Amphibian,0.2527,3221.4,1967.7,3347.6,2108.3
/srv/shared_leopard_toad/2025/Documents/06.10-13.10.2025/4Z/106MEDIA/DSCF0588.JPG,DSCF0588.JPG,4Z/106MEDIA,0,Other_Amphibian,0.3121,3218.3,1966.0,3347.4,2108.7
/srv/shared_leopard_toad/2025/Documents/06.10-13.10.2025/4Z/106MEDIA/DSCF0588.JPG,DSCF0588.JPG,4Z/106MEDIA,0,Other_Amphibian,0.2967,3226.4,1965.6,3351.8,2110.3
/srv/shared_leopard_toad/2025/Documents/06.10-13.10.2025/4Z/106MEDIA/DSCF0588.JPG,DSCF0588.JPG,4Z/106MEDIA,2,Western_Leopard_Toad,0.2484,3653.3,1656.1,3927.3,1923.9
/srv/shared_leopard_toad/2025/Documents/06.10-13.10.2025/4Z/106MEDIA/DSCF0903.JPG,DSCF0903.JPG,4Z/106MEDIA,2,Western_Leopard_Toad,0.8553,3642.6,1666.3,3922.5,1930.4
/srv/shared_leopard_toad/2025/Documents/06.10-13.10.2025/4Z/106MEDIA/DSCF0903.JPG,DSCF0903.JPG,4Z/106MEDIA,2,Western_Leopard_Toad,0.2345,5045.6,991.5,5343.5,1309.4
/srv/shared_leopard_toad/2025/Documents/06.10-13.10.2025/4Z/106MEDIA/DSCF0889.JPG,DSCF0889.JPG,4Z/106MEDIA,2,Western_Leopard_Toad,0.3102,3651.1,1656.8,3927.2,1924.1
/srv/shared_leopard_toad/2025/Documents/06.10-13.10.2025/4Z/106MEDIA/DSCF0889.JPG,DSCF0889.JPG,4Z/106MEDIA,0,Other_Amphibian,0.2183,3222.0,1968.4,3347.3,2108.5
/srv/shared_leopard_toad/2025/Documents/06.10-13.10.2025/4Z/106MEDIA/DSCF0889.JPG,DSCF0889.JPG,4Z/106MEDIA,0,Other_Amphibian,0.2102,3222.8,1972.3,3343.6,2114.2
/srv/shared_leopard_toad/2025/Documents/06.10-13.10.2025/4Z/106MEDIA/DSCF0068.JPG,DSCF0068.JPG,4Z/106MEDIA,0,Other_Amphibian,0.2796,3654.6,1656.1,3928.0,1923.8
/srv/shared_leopard_toad/2025/Documents/06.10-13.10.2025/4Z/106MEDIA/DSCF0068.JPG,DSCF0068.JPG,4Z/106MEDIA,0,Other_Amphibian,0.2092,3223.2,1968.2,3349.2,2108.4
/srv/shared_leopard_toad/2025/Documents/06.10-13.10.2025/4Z/106MEDIA/DSCF0724.JPG,DSCF0724.JPG,4Z/106MEDIA,0,Other_Amphibian,0.2389,3227.7,1970.3,3348.3,2112.8
/srv/shared_leopard_toad/2025/Documents/06.10-13.10.2025/4Z/106MEDIA/DSCF0724.JPG,DSCF0724.JPG,4Z/106MEDIA,0,Other_Amphibian,0.2298,3223.3,1967.5,3348.1,2108.4
/srv/shared_leopard_toad/2025/Documents/06.10-13.10.2025/4Z/106MEDIA/DSCF0724.JPG,DSCF0724.JPG,4Z/106MEDIA,2,Western_Leopard_Toad,0.2043,3654.5,1656.4,3924.5,1923.8
/srv/shared_leopard_toad/2025/Documents/06.10-13.10.2025/4Z/106MEDIA/DSCF0619.JPG,DSCF0619.JPG,4Z/106MEDIA,2,Western_Leopard_Toad,0.2759,3655.9,1655.2,3928.0,1923.1
/srv/shared_leopard_toad/2025/Documents/06.10-13.10.2025/4Z/106MEDIA/DSCF0619.JPG,DSCF0619.JPG,4Z/106MEDIA,0,Other_Amphibian,0.2708,3220.6,1966.8,3348.0,2108.2
/srv/shared_leopard_toad/2025/Documents/06.10-13.10.2025/4Z/106MEDIA/DSCF0619.JPG,DSCF0619.JPG,4Z/106MEDIA,0,Other_Amphibian,0.2382,3228.3,1971.2,3351.8,2113.6
/srv/shared_leopard_toad/2025/Documents/06.10-13.10.2025/4Z/106MEDIA/DSCF0025.JPG,DSCF0025.JPG,4Z/106MEDIA,0,Other_Amphibian,0.3369,3655.3,1656.4,3929.5,1923.5
/srv/shared_leopard_toad/2025/Documents/06.10-13.10.2025/4Z/106MEDIA/DSCF0997.JPG,DSCF0997.JPG,4Z/106MEDIA,2,Western_Leopard_Toad,0.8772,3642.7,1658.7,3932.9,1924.0
/srv/shared_leopard_toad/2025/Documents/06.10-13.10.2025/4Z/106MEDIA/DSCF0693.JPG,DSCF0693.JPG,4Z/106MEDIA,2,Western_Leopard_Toad,0.4289,3652.3,1656.8,3929.4,1923.6
/srv/shared_leopard_toad/2025/Documents/06.10-13.10.2025/4Z/106MEDIA/DSCF0693.JPG,DSCF0693.JPG,4Z/106MEDIA,0,Other_Amphibian,0.2472,3225.2,1970.7,3351.8,2115.1
/srv/shared_leopard_toad/2025/Documents/06.10-13.10.2025/4Z/106MEDIA/DSCF0693.JPG,DSCF0693.JPG,4Z/106MEDIA,0,Other_Amphibian,0.2279,3222.2,1968.9,3351.7,2111.4
/srv/shared_leopard_toad/2025/Documents/06.10-13.10.2025/4Z/106MEDIA/DSCF0741.JPG,DSCF0741.JPG,4Z/106MEDIA,0,Other_Amphibian,0.3482,3220.1,1966.2,3347.7,2108.4
/srv/shared_leopard_toad/2025/Documents/06.10-13.10.2025/4Z/106MEDIA/DSCF0741.JPG,DSCF0741.JPG,4Z/106MEDIA,0,Other_Amphibian,0.3179,3229.5,1966.6,3352.6,2110.7
/srv/shared_leopard_toad/2025/Documents/06.10-13.10.2025/4Z/106MEDIA/DSCF0741.JPG,DSCF0741.JPG,4Z/106MEDIA,2,Western_Leopard_Toad,0.2340,3654.3,1654.0,3925.9,1923.4
/srv/shared_leopard_toad/2025/Documents/06.10-13.10.2025/4Z/106MEDIA/DSCF0538.JPG,DSCF0538.JPG,4Z/106MEDIA,2,Western_Leopard_Toad,0.2070,3656.6,1655.5,3925.4,1923.0
/srv/shared_leopard_toad/2025/Documents/06.10-13.10.2025/4Z/106MEDIA/DSCF0913.JPG,DSCF0913.JPG,4Z/106MEDIA,2,Western_Leopard_Toad,0.8652,3647.0,1667.8,3924.6,1931.8
/srv/shared_leopard_toad/2025/Documents/06.10-13.10.2025/4Z/106MEDIA/DSCF0454.JPG,DSCF0454.JPG,4Z/106MEDIA,2,Western_Leopard_Toad,0.3414,3653.8,1653.0,3925.4,1923.3
/srv/shared_leopard_toad/2025/Documents/06.10-13.10.2025/4Z/106MEDIA/DSCF0454.JPG,DSCF0454.JPG,4Z/106MEDIA,0,Other_Amphibian,0.2314,3223.0,1966.9,3346.4,2107.2
/srv/shared_leopard_toad/2025/Documents/06.10-13.10.2025/4Z/106MEDIA/DSCF0188.JPG,DSCF0188.JPG,4Z/106MEDIA,0,Other_Amphibian,0.2857,3220.1,1966.6,3348.2,2108.1
/srv/shared_leopard_toad/2025/Documents/06.10-13.10.2025/4Z/106MEDIA/DSCF0188.JPG,DSCF0188.JPG,4Z/106MEDIA,0,Other_Amphibian,0.2711,3228.8,1971.4,3352.7,2114.4
/srv/shared_leopard_toad/2025/Documents/06.10-13.10.2025/4Z/106MEDIA/DSCF0188.JPG,DSCF0188.JPG,4Z/106MEDIA,2,Western_Leopard_Toad,0.2249,3656.3,1656.2,3926.6,1922.1
/srv/shared_leopard_toad/2025/Documents/06.10-13.10.2025/4Z/106MEDIA/DSCF0947.JPG,DSCF0947.JPG,4Z/106MEDIA,0,Other_Amphibian,0.6072,3217.8,1960.8,3349.6,2117.2
/srv/shared_leopard_toad/2025/Documents/06.10-13.10.2025/4Z/106MEDIA/DSCF0947.JPG,DSCF0947.JPG,4Z/106MEDIA,0,Other_Amphibian,0.6023,3221.1,1961.0,3352.3,2117.7
/srv/shared_leopard_toad/2025/Documents/06.10-13.10.2025/4Z/106MEDIA/DSCF0947.JPG,DSCF0947.JPG,4Z/106MEDIA,2,Western_Leopard_Toad,0.4795,3644.7,1660.5,3925.8,1925.5
/srv/shared_leopard_toad/2025/Documents/06.10-13.10.2025/4Z/106MEDIA/DSCF0772.JPG,DSCF0772.JPG,4Z/106MEDIA,0,Other_Amphibian,0.2743,3228.0,1968.1,3351.4,2111.9
/srv/shared_leopard_toad/2025/Documents/06.10-13.10.2025/4Z/106MEDIA/DSCF0772.JPG,DSCF0772.JPG,4Z/106MEDIA,0,Other_Amphibian,0.2716,3220.7,1965.5,3348.6,2107.6
/srv/shared_leopard_toad/2025/Documents/06.10-13.10.2025/4Z/106MEDIA/DSCF0844.JPG,DSCF0844.JPG,4Z/106MEDIA,0,Other_Amphibian,0.3278,3217.7,1965.9,3348.7,2107.4
/srv/shared_leopard_toad/2025/Documents/06.10-13.10.2025/4Z/106MEDIA/DSCF0844.JPG,DSCF0844.JPG,4Z/106MEDIA,0,Other_Amphibian,0.3197,3226.3,1966.1,3351.8,2109.6
/srv/shared_leopard_toad/2025/Documents/06.10-13.10.2025/4Z/106MEDIA/DSCF0844.JPG,DSCF0844.JPG,4Z/106MEDIA,2,Western_Leopard_Toad,0.2934,3655.2,1655.0,3927.1,1924.0
/srv/shared_leopard_toad/2025/Documents/06.10-13.10.2025/4Z/106MEDIA/DSCF0824.JPG,DSCF0824.JPG,4Z/106MEDIA,2,Western_Leopard_Toad,0.3038,3653.4,1656.4,3925.9,1923.6
/srv/shared_leopard_toad/2025/Documents/06.10-13.10.2025/4Z/106MEDIA/DSCF0824.JPG,DSCF0824.JPG,4Z/106MEDIA,0,Other_Amphibian,0.2909,3220.9,1966.6,3349.2,2106.8
/srv/shared_leopard_toad/2025/Documents/06.10-13.10.2025/4Z/106MEDIA/DSCF0824.JPG,DSCF0824.JPG,4Z/106MEDIA,0,Other_Amphibian,0.2798,3224.9,1967.7,3348.3,2109.5
/srv/shared_leopard_toad/2025/Documents/06.10-13.10.2025/4Z/106MEDIA/DSCF0133.JPG,DSCF0133.JPG,4Z/106MEDIA,0,Other_Amphibian,0.2625,3221.7,1967.6,3346.1,2108.3
/srv/shared_leopard_toad/2025/Documents/06.10-13.10.2025/4Z/106MEDIA/DSCF0133.JPG,DSCF0133.JPG,4Z/106MEDIA,0,Other_Amphibian,0.2394,3230.2,1971.2,3349.9,2112.8
/srv/shared_leopard_toad/2025/Documents/06.10-13.10.2025/4Z/106MEDIA/DSCF0133.JPG,DSCF0133.JPG,4Z/106MEDIA,2,Western_Leopard_Toad,0.2344,3654.8,1658.2,3925.3,1922.3
/srv/shared_leopard_toad/2025/Documents/06.10-13.10.2025/4Z/106MEDIA/DSCF0886.JPG,DSCF0886.JPG,4Z/106MEDIA,0,Other_Amphibian,0.2565,3227.4,1968.0,3351.8,2112.0
/srv/shared_leopard_toad/2025/Documents/06.10-13.10.2025/4Z/106MEDIA/DSCF0886.JPG,DSCF0886.JPG,4Z/106MEDIA,0,Other_Amphibian,0.2025,3219.5,1969.0,3350.0,2110.4
/srv/shared_leopard_toad/2025/Documents/06.10-13.10.2025/4Z/106MEDIA/DSCF0181.JPG,DSCF0181.JPG,4Z/106MEDIA,2,Western_Leopard_Toad,0.3009,3654.4,1657.1,3927.0,1923.4
/srv/shared_leopard_toad/2025/Documents/06.10-13.10.2025/4Z/106MEDIA/DSCF0181.JPG,DSCF0181.JPG,4Z/106MEDIA,0,Other_Amphibian,0.2072,3231.0,1974.6,3354.2,2117.7
/srv/shared_leopard_toad/2025/Documents/06.10-13.10.2025/4Z/106MEDIA/DSCF0773.JPG,DSCF0773.JPG,4Z/106MEDIA,0,Other_Amphibian,0.2793,3227.0,1965.3,3350.0,2108.8
/srv/shared_leopard_toad/2025/Documents/06.10-13.10.2025/4Z/106MEDIA/DSCF0773.JPG,DSCF0773.JPG,4Z/106MEDIA,0,Other_Amphibian,0.2707,3219.8,1966.0,3348.2,2107.6
/srv/shared_leopard_toad/2025/Documents/06.10-13.10.2025/4Z/106MEDIA/DSCF0773.JPG,DSCF0773.JPG,4Z/106MEDIA,2,Western_Leopard_Toad,0.2299,3654.7,1656.5,3925.3,1923.7
/srv/shared_leopard_toad/2025/Documents/06.10-13.10.2025/4Z/106MEDIA/DSCF0849.JPG,DSCF0849.JPG,4Z/106MEDIA,2,Western_Leopard_Toad,0.4473,3655.0,1655.9,3930.7,1922.8
/srv/shared_leopard_toad/2025/Documents/06.10-13.10.2025/4Z/106MEDIA/DSCF0849.JPG,DSCF0849.JPG,4Z/106MEDIA,0,Other_Amphibian,0.2376,3228.7,1972.0,3351.3,2113.5
/srv/shared_leopard_toad/2025/Documents/06.10-13.10.2025/4Z/106MEDIA/DSCF0849.JPG,DSCF0849.JPG,4Z/106MEDIA,0,Other_Amphibian,0.2141,3220.4,1968.9,3348.3,2108.9
/srv/shared_leopard_toad/2025/Documents/06.10-13.10.2025/4Z/106MEDIA/DSCF0916.JPG,DSCF0916.JPG,4Z/106MEDIA,2,Western_Leopard_Toad,0.8204,3645.0,1669.0,3920.7,1931.0
/srv/shared_leopard_toad/2025/Documents/06.10-13.10.2025/4Z/106MEDIA/DSCF0685.JPG,DSCF0685.JPG,4Z/106MEDIA,2,Western_Leopard_Toad,0.2446,3653.1,1657.2,3925.6,1924.3
/srv/shared_leopard_toad/2025/Documents/06.10-13.10.2025/4Z/106MEDIA/DSCF0685.JPG,DSCF0685.JPG,4Z/106MEDIA,0,Other_Amphibian,0.2249,3222.0,1970.4,3346.0,2112.6
/srv/shared_leopard_toad/2025/Documents/06.10-13.10.2025/4Z/106MEDIA/DSCF0209.JPG,DSCF0209.JPG,4Z/106MEDIA,0,Other_Amphibian,0.3076,3222.4,1965.7,3347.6,2106.8
/srv/shared_leopard_toad/2025/Documents/06.10-13.10.2025/4Z/106MEDIA/DSCF0209.JPG,DSCF0209.JPG,4Z/106MEDIA,0,Other_Amphibian,0.2851,3227.2,1967.6,3349.5,2109.4
/srv/shared_leopard_toad/2025/Documents/06.10-13.10.2025/4Z/106MEDIA/DSCF0209.JPG,DSCF0209.JPG,4Z/106MEDIA,0,Other_Amphibian,0.2080,3653.9,1656.5,3925.7,1924.0
/srv/shared_leopard_toad/2025/Documents/06.10-13.10.2025/4Z/106MEDIA/DSCF0725.JPG,DSCF0725.JPG,4Z/106MEDIA,0,Other_Amphibian,0.3186,3221.2,1966.7,3348.1,2107.6
/srv/shared_leopard_toad/2025/Documents/06.10-13.10.2025/4Z/106MEDIA/DSCF0725.JPG,DSCF0725.JPG,4Z/106MEDIA,0,Other_Amphibian,0.3028,3224.1,1967.2,3346.1,2109.8
/srv/shared_leopard_toad/2025/Documents/06.10-13.10.2025/4Z/106MEDIA/DSCF0550.JPG,DSCF0550.JPG,4Z/106MEDIA,2,Western_Leopard_Toad,0.3323,3655.5,1655.7,3928.9,1922.9
/srv/shared_leopard_toad/2025/Documents/06.10-13.10.2025/4Z/106MEDIA/DSCF0550.JPG,DSCF0550.JPG,4Z/106MEDIA,0,Other_Amphibian,0.2637,3221.4,1967.6,3347.6,2105.6
/srv/shared_leopard_toad/2025/Documents/06.10-13.10.2025/4Z/106MEDIA/DSCF0550.JPG,DSCF0550.JPG,4Z/106MEDIA,0,Other_Amphibian,0.2228,3227.8,1971.7,3349.6,2110.2
/srv/shared_leopard_toad/2025/Documents/06.10-13.10.2025/4Z/106MEDIA/DSCF0015.JPG,DSCF0015.JPG,4Z/106MEDIA,2,Western_Leopard_Toad,0.3041,3653.1,1658.7,3926.3,1924.8
/srv/shared_leopard_toad/2025/Documents/06.10-13.10.2025/4Z/106MEDIA/DSCF0015.JPG,DSCF0015.JPG,4Z/106MEDIA,0,Other_Amphibian,0.2034,3223.4,1968.3,3350.0,2107.3
/srv/shared_leopard_toad/2025/Documents/06.10-13.10.2025/4Z/106MEDIA/DSCF0015.JPG,DSCF0015.JPG,4Z/106MEDIA,0,Other_Amphibian,0.2028,3227.9,1972.0,3351.8,2111.9
/srv/shared_leopard_toad/2025/Documents/06.10-13.10.2025/4Z/106MEDIA/DSCF0612.JPG,DSCF0612.JPG,4Z/106MEDIA,0,Other_Amphibian,0.2343,3223.2,1971.0,3346.7,2113.0
/srv/shared_leopard_toad/2025/Documents/06.10-13.10.2025/4Z/106MEDIA/DSCF0612.JPG,DSCF0612.JPG,4Z/106MEDIA,2,Western_Leopard_Toad,0.2326,3652.3,1659.4,3926.9,1924.9
/srv/shared_leopard_toad/2025/Documents/06.10-13.10.2025/4Z/106MEDIA/DSCF0612.JPG,DSCF0612.JPG,4Z/106MEDIA,0,Other_Amphibian,0.2240,3227.1,1970.2,3353.7,2110.8
/srv/shared_leopard_toad/2025/Documents/06.10-13.10.2025/4Z/106MEDIA/DSCF0633.JPG,DSCF0633.JPG,4Z/106MEDIA,0,Other_Amphibian,0.4168,1085.8,2535.8,1311.4,2852.6
/srv/shared_leopard_toad/2025/Documents/06.10-13.10.2025/4Z/106MEDIA/DSCF0633.JPG,DSCF0633.JPG,4Z/106MEDIA,2,Western_Leopard_Toad,0.2619,3656.2,1652.9,3926.8,1924.8
/srv/shared_leopard_toad/2025/Documents/06.10-13.10.2025/4Z/106MEDIA/DSCF0626.JPG,DSCF0626.JPG,4Z/106MEDIA,0,Other_Amphibian,0.2770,3225.4,1966.4,3350.2,2107.8
/srv/shared_leopard_toad/2025/Documents/06.10-13.10.2025/4Z/106MEDIA/DSCF0626.JPG,DSCF0626.JPG,4Z/106MEDIA,0,Other_Amphibian,0.2560,3228.3,1969.1,3350.2,2111.6
/srv/shared_leopard_toad/2025/Documents/06.10-13.10.2025/4Z/106MEDIA/DSCF0626.JPG,DSCF0626.JPG,4Z/106MEDIA,2,Western_Leopard_Toad,0.2088,3653.1,1656.3,3925.7,1925.3
/srv/shared_leopard_toad/2025/Documents/06.10-13.10.2025/4Z/106MEDIA/DSCF0839.JPG,DSCF0839.JPG,4Z/106MEDIA,2,Western_Leopard_Toad,0.3920,3653.3,1655.8,3927.4,1922.0
/srv/shared_leopard_toad/2025/Documents/06.10-13.10.2025/4Z/106MEDIA/DSCF0839.JPG,DSCF0839.JPG,4Z/106MEDIA,0,Other_Amphibian,0.3406,3217.5,1965.3,3346.3,2108.0
/srv/shared_leopard_toad/2025/Documents/06.10-13.10.2025/4Z/106MEDIA/DSCF0839.JPG,DSCF0839.JPG,4Z/106MEDIA,0,Other_Amphibian,0.3014,3225.1,1965.7,3348.7,2109.9
/srv/shared_leopard_toad/2025/Documents/06.10-13.10.2025/4Z/106MEDIA/DSCF0076.JPG,DSCF0076.JPG,4Z/106MEDIA,0,Other_Amphibian,0.2621,3222.2,1967.1,3348.2,2107.1
/srv/shared_leopard_toad/2025/Documents/06.10-13.10.2025/4Z/106MEDIA/DSCF0076.JPG,DSCF0076.JPG,4Z/106MEDIA,2,Western_Leopard_Toad,0.2287,3654.3,1656.9,3929.3,1923.6
/srv/shared_leopard_toad/2025/Documents/06.10-13.10.2025/4Z/106MEDIA/DSCF0076.JPG,DSCF0076.JPG,4Z/106MEDIA,0,Other_Amphibian,0.2066,3228.8,1973.6,3351.8,2114.0
/srv/shared_leopard_toad/2025/Documents/06.10-13.10.2025/4Z/106MEDIA/DSCF0690.JPG,DSCF0690.JPG,4Z/106MEDIA,2,Western_Leopard_Toad,0.2805,3655.3,1656.8,3926.3,1923.8
/srv/shared_leopard_toad/2025/Documents/06.10-13.10.2025/4Z/106MEDIA/DSCF0690.JPG,DSCF0690.JPG,4Z/106MEDIA,0,Other_Amphibian,0.2624,3220.9,1966.6,3348.4,2107.6
/srv/shared_leopard_toad/2025/Documents/06.10-13.10.2025/4Z/106MEDIA/DSCF0690.JPG,DSCF0690.JPG,4Z/106MEDIA,0,Other_Amphibian,0.2515,3227.5,1968.6,3351.5,2110.7
/srv/shared_leopard_toad/2025/Documents/06.10-13.10.2025/4Z/106MEDIA/DSCF0918.JPG,DSCF0918.JPG,4Z/106MEDIA,2,Western_Leopard_Toad,0.8498,3647.4,1667.2,3923.8,1929.5
/srv/shared_leopard_toad/2025/Documents/06.10-13.10.2025/4Z/106MEDIA/DSCF0240.JPG,DSCF0240.JPG,4Z/106MEDIA,2,Western_Leopard_Toad,0.3244,3656.2,1656.3,3929.2,1922.5
/srv/shared_leopard_toad/2025/Documents/06.10-13.10.2025/4Z/106MEDIA/DSCF0240.JPG,DSCF0240.JPG,4Z/106MEDIA,0,Other_Amphibian,0.2287,3221.9,1966.7,3346.7,2107.8
/srv/shared_leopard_toad/2025/Documents/06.10-13.10.2025/4Z/106MEDIA/DSCF0240.JPG,DSCF0240.JPG,4Z/106MEDIA,0,Other_Amphibian,0.2115,3229.3,1971.7,3350.5,2113.9
/srv/shared_leopard_toad/2025/Documents/06.10-13.10.2025/4Z/106MEDIA/DSCF0714.JPG,DSCF0714.JPG,4Z/106MEDIA,0,Other_Amphibian,0.2666,3229.4,1971.6,3355.2,2114.8
/srv/shared_leopard_toad/2025/Documents/06.10-13.10.2025/4Z/106MEDIA/DSCF0714.JPG,DSCF0714.JPG,4Z/106MEDIA,0,Other_Amphibian,0.2618,3221.9,1967.9,3351.1,2110.1
/srv/shared_leopard_toad/2025/Documents/06.10-13.10.2025/4Z/106MEDIA/DSCF0714.JPG,DSCF0714.JPG,4Z/106MEDIA,2,Western_Leopard_Toad,0.2199,3656.2,1657.1,3924.1,1923.8
/srv/shared_leopard_toad/2025/Documents/06.10-13.10.2025/4Z/106MEDIA/DSCF0302.JPG,DSCF0302.JPG,4Z/106MEDIA,2,Western_Leopard_Toad,0.2862,3655.9,1655.7,3927.3,1924.2
/srv/shared_leopard_toad/2025/Documents/06.10-13.10.2025/4Z/106MEDIA/DSCF0801.JPG,DSCF0801.JPG,4Z/106MEDIA,0,Other_Amphibian,0.2488,3227.3,1966.1,3351.2,2111.4
/srv/shared_leopard_toad/2025/Documents/06.10-13.10.2025/4Z/106MEDIA/DSCF0801.JPG,DSCF0801.JPG,4Z/106MEDIA,0,Other_Amphibian,0.2316,3220.7,1965.6,3349.0,2108.6
/srv/shared_leopard_toad/2025/Documents/06.10-13.10.2025/4Z/106MEDIA/DSCF0801.JPG,DSCF0801.JPG,4Z/106MEDIA,2,Western_Leopard_Toad,0.2112,3653.1,1657.7,3923.8,1923.0
/srv/shared_leopard_toad/2025/Documents/06.10-13.10.2025/4Z/106MEDIA/DSCF0232.JPG,DSCF0232.JPG,4Z/106MEDIA,2,Western_Leopard_Toad,0.3505,3654.6,1657.8,3929.4,1923.3
/srv/shared_leopard_toad/2025/Documents/06.10-13.10.2025/4Z/106MEDIA/DSCF0232.JPG,DSCF0232.JPG,4Z/106MEDIA,0,Other_Amphibian,0.2791,3220.4,1967.9,3346.5,2106.6
/srv/shared_leopard_toad/2025/Documents/06.10-13.10.2025/4Z/106MEDIA/DSCF0232.JPG,DSCF0232.JPG,4Z/106MEDIA,0,Other_Amphibian,0.2292,3228.7,1972.6,3348.9,2111.6
/srv/shared_leopard_toad/2025/Documents/06.10-13.10.2025/4Z/106MEDIA/DSCF0545.JPG,DSCF0545.JPG,4Z/106MEDIA,2,Western_Leopard_Toad,0.4053,3653.1,1653.6,3930.4,1922.6
/srv/shared_leopard_toad/2025/Documents/06.10-13.10.2025/4Z/106MEDIA/DSCF0377.JPG,DSCF0377.JPG,4Z/106MEDIA,2,Western_Leopard_Toad,0.3138,3656.4,1654.8,3928.0,1922.4
/srv/shared_leopard_toad/2025/Documents/06.10-13.10.2025/4Z/106MEDIA/DSCF0377.JPG,DSCF0377.JPG,4Z/106MEDIA,0,Other_Amphibian,0.2265,3226.1,1966.9,3348.3,2105.3
/srv/shared_leopard_toad/2025/Documents/06.10-13.10.2025/4Z/106MEDIA/DSCF0705.JPG,DSCF0705.JPG,4Z/106MEDIA,2,Western_Leopard_Toad,0.3752,3652.3,1657.9,3926.6,1924.2
/srv/shared_leopard_toad/2025/Documents/06.10-13.10.2025/4Z/106MEDIA/DSCF0705.JPG,DSCF0705.JPG,4Z/106MEDIA,0,Other_Amphibian,0.3031,3218.4,1967.0,3345.5,2107.5
/srv/shared_leopard_toad/2025/Documents/06.10-13.10.2025/4Z/106MEDIA/DSCF0705.JPG,DSCF0705.JPG,4Z/106MEDIA,0,Other_Amphibian,0.2534,3226.2,1967.6,3348.4,2109.4
/srv/shared_leopard_toad/2025/Documents/06.10-13.10.2025/4Z/106MEDIA/DSCF0813.JPG,DSCF0813.JPG,4Z/106MEDIA,0,Other_Amphibian,0.2800,3226.6,1965.9,3349.1,2109.3
/srv/shared_leopard_toad/2025/Documents/06.10-13.10.2025/4Z/106MEDIA/DSCF0813.JPG,DSCF0813.JPG,4Z/106MEDIA,0,Other_Amphibian,0.2623,3222.0,1965.9,3349.7,2107.3
/srv/shared_leopard_toad/2025/Documents/06.10-13.10.2025/4Z/106MEDIA/DSCF0813.JPG,DSCF0813.JPG,4Z/106MEDIA,2,Western_Leopard_Toad,0.2301,3654.0,1655.2,3926.4,1923.4
/srv/shared_leopard_toad/2025/Documents/06.10-13.10.2025/4Z/106MEDIA/DSCF0830.JPG,DSCF0830.JPG,4Z/106MEDIA,2,Western_Leopard_Toad,0.3752,3653.1,1656.9,3925.4,1923.4
/srv/shared_leopard_toad/2025/Documents/06.10-13.10.2025/4Z/106MEDIA/DSCF0830.JPG,DSCF0830.JPG,4Z/106MEDIA,0,Other_Amphibian,0.2466,3219.2,1964.9,3347.2,2107.8
/srv/shared_leopard_toad/2025/Documents/06.10-13.10.2025/4Z/106MEDIA/DSCF0830.JPG,DSCF0830.JPG,4Z/106MEDIA,0,Other_Amphibian,0.2391,3224.1,1966.8,3348.5,2111.1
/srv/shared_leopard_toad/2025/Documents/06.10-13.10.2025/4Z/106MEDIA/DSCF0048.JPG,DSCF0048.JPG,4Z/106MEDIA,2,Western_Leopard_Toad,0.3294,3653.2,1655.7,3926.5,1923.4
/srv/shared_leopard_toad/2025/Documents/06.10-13.10.2025/4Z/106MEDIA/DSCF0048.JPG,DSCF0048.JPG,4Z/106MEDIA,0,Other_Amphibian,0.3233,3219.0,1966.6,3344.3,2107.9
/srv/shared_leopard_toad/2025/Documents/06.10-13.10.2025/4Z/106MEDIA/DSCF0048.JPG,DSCF0048.JPG,4Z/106MEDIA,0,Other_Amphibian,0.2506,3224.6,1969.1,3345.9,2109.2
/srv/shared_leopard_toad/2025/Documents/06.10-13.10.2025/4Z/106MEDIA/DSCF0267.JPG,DSCF0267.JPG,4Z/106MEDIA,2,Western_Leopard_Toad,0.3198,3654.9,1656.6,3927.9,1923.3
/srv/shared_leopard_toad/2025/Documents/06.10-13.10.2025/4Z/106MEDIA/DSCF0267.JPG,DSCF0267.JPG,4Z/106MEDIA,0,Other_Amphibian,0.2871,3221.9,1966.8,3347.6,2107.0
/srv/shared_leopard_toad/2025/Documents/06.10-13.10.2025/4Z/106MEDIA/DSCF0267.JPG,DSCF0267.JPG,4Z/106MEDIA,0,Other_Amphibian,0.2533,3228.1,1970.1,3349.9,2111.2
/srv/shared_leopard_toad/2025/Documents/06.10-13.10.2025/4Z/106MEDIA/DSCF0319.JPG,DSCF0319.JPG,4Z/106MEDIA,2,Western_Leopard_Toad,0.3995,3656.4,1654.2,3928.7,1922.2
/srv/shared_leopard_toad/2025/Documents/06.10-13.10.2025/4Z/106MEDIA/DSCF0319.JPG,DSCF0319.JPG,4Z/106MEDIA,0,Other_Amphibian,0.2517,3223.0,1966.5,3346.8,2107.4
/srv/shared_leopard_toad/2025/Documents/06.10-13.10.2025/4Z/106MEDIA/DSCF0319.JPG,DSCF0319.JPG,4Z/106MEDIA,0,Other_Amphibian,0.2191,3230.7,1972.8,3350.3,2114.2
/srv/shared_leopard_toad/2025/Documents/06.10-13.10.2025/4Z/106MEDIA/DSCF0150.JPG,DSCF0150.JPG,4Z/106MEDIA,2,Western_Leopard_Toad,0.3177,3656.4,1657.3,3928.0,1922.9
/srv/shared_leopard_toad/2025/Documents/06.10-13.10.2025/4Z/106MEDIA/DSCF0150.JPG,DSCF0150.JPG,4Z/106MEDIA,0,Other_Amphibian,0.2000,3222.3,1968.3,3348.4,2106.7
/srv/shared_leopard_toad/2025/Documents/06.10-13.10.2025/4Z/106MEDIA/DSCF0510.JPG,DSCF0510.JPG,4Z/106MEDIA,2,Western_Leopard_Toad,0.2868,3652.5,1656.9,3924.7,1923.9
/srv/shared_leopard_toad/2025/Documents/06.10-13.10.2025/4Z/106MEDIA/DSCF0510.JPG,DSCF0510.JPG,4Z/106MEDIA,0,Other_Amphibian,0.2233,3223.0,1966.6,3348.8,2107.3
/srv/shared_leopard_toad/2025/Documents/06.10-13.10.2025/4Z/106MEDIA/DSCF0510.JPG,DSCF0510.JPG,4Z/106MEDIA,0,Other_Amphibian,0.2180,3228.7,1971.0,3351.1,2113.0
/srv/shared_leopard_toad/2025/Documents/06.10-13.10.2025/4Z/106MEDIA/DSCF0643.JPG,DSCF0643.JPG,4Z/106MEDIA,0,Other_Amphibian,0.2388,3224.4,1968.7,3348.0,2111.2
/srv/shared_leopard_toad/2025/Documents/06.10-13.10.2025/4Z/106MEDIA/DSCF0643.JPG,DSCF0643.JPG,4Z/106MEDIA,0,Other_Amphibian,0.2319,3221.8,1967.5,3349.0,2108.2
/srv/shared_leopard_toad/2025/Documents/06.10-13.10.2025/4Z/106MEDIA/DSCF0323.JPG,DSCF0323.JPG,4Z/106MEDIA,2,Western_Leopard_Toad,0.4447,3654.9,1655.8,3929.8,1922.0
/srv/shared_leopard_toad/2025/Documents/06.10-13.10.2025/4Z/106MEDIA/DSCF0323.JPG,DSCF0323.JPG,4Z/106MEDIA,0,Other_Amphibian,0.2824,3222.2,1966.7,3348.3,2108.4
/srv/shared_leopard_toad/2025/Documents/06.10-13.10.2025/4Z/106MEDIA/DSCF0323.JPG,DSCF0323.JPG,4Z/106MEDIA,0,Other_Amphibian,0.2442,3230.9,1973.3,3353.3,2116.3
/srv/shared_leopard_toad/2025/Documents/06.10-13.10.2025/4Z/106MEDIA/DSCF0013.JPG,DSCF0013.JPG,4Z/106MEDIA,2,Western_Leopard_Toad,0.2743,3654.9,1656.5,3927.9,1923.6
/srv/shared_leopard_toad/2025/Documents/06.10-13.10.2025/4Z/106MEDIA/DSCF0876.JPG,DSCF0876.JPG,4Z/106MEDIA,0,Other_Amphibian,0.2425,3223.6,1969.0,3347.3,2112.0
/srv/shared_leopard_toad/2025/Documents/06.10-13.10.2025/4Z/106MEDIA/DSCF0876.JPG,DSCF0876.JPG,4Z/106MEDIA,0,Other_Amphibian,0.2124,3222.8,1967.6,3350.8,2108.8
/srv/shared_leopard_toad/2025/Documents/06.10-13.10.2025/4Z/106MEDIA/DSCF0108.JPG,DSCF0108.JPG,4Z/106MEDIA,2,Western_Leopard_Toad,0.4890,3653.5,1657.7,3929.9,1923.7
/srv/shared_leopard_toad/2025/Documents/06.10-13.10.2025/4Z/106MEDIA/DSCF0108.JPG,DSCF0108.JPG,4Z/106MEDIA,0,Other_Amphibian,0.2882,3219.4,1968.2,3346.1,2107.3
/srv/shared_leopard_toad/2025/Documents/06.10-13.10.2025/4Z/106MEDIA/DSCF0108.JPG,DSCF0108.JPG,4Z/106MEDIA,0,Other_Amphibian,0.2543,3224.4,1968.3,3347.0,2107.9
/srv/shared_leopard_toad/2025/Documents/06.10-13.10.2025/4Z/106MEDIA/DSCF0277.JPG,DSCF0277.JPG,4Z/106MEDIA,0,Other_Amphibian,0.2564,3223.4,1966.3,3349.3,2107.0
/srv/shared_leopard_toad/2025/Documents/06.10-13.10.2025/4Z/106MEDIA/DSCF0277.JPG,DSCF0277.JPG,4Z/106MEDIA,0,Other_Amphibian,0.2428,3228.2,1969.1,3351.2,2110.6
/srv/shared_leopard_toad/2025/Documents/06.10-13.10.2025/4Z/106MEDIA/DSCF0901.JPG,DSCF0901.JPG,4Z/106MEDIA,2,Western_Leopard_Toad,0.8580,3646.5,1666.4,3924.3,1931.0
/srv/shared_leopard_toad/2025/Documents/06.10-13.10.2025/4Z/106MEDIA/DSCF0153.JPG,DSCF0153.JPG,4Z/106MEDIA,2,Western_Leopard_Toad,0.2570,3655.6,1655.2,3928.9,1923.5
/srv/shared_leopard_toad/2025/Documents/06.10-13.10.2025/4Z/106MEDIA/DSCF0747.JPG,DSCF0747.JPG,4Z/106MEDIA,2,Western_Leopard_Toad,0.3474,3656.0,1655.5,3926.0,1923.2
/srv/shared_leopard_toad/2025/Documents/06.10-13.10.2025/4Z/106MEDIA/DSCF0747.JPG,DSCF0747.JPG,4Z/106MEDIA,0,Other_Amphibian,0.3405,3221.9,1966.1,3346.5,2106.9
/srv/shared_leopard_toad/2025/Documents/06.10-13.10.2025/4Z/106MEDIA/DSCF0747.JPG,DSCF0747.JPG,4Z/106MEDIA,0,Other_Amphibian,0.3024,3227.4,1966.5,3347.6,2108.2
/srv/shared_leopard_toad/2025/Documents/06.10-13.10.2025/4Z/106MEDIA/DSCF0079.JPG,DSCF0079.JPG,4Z/106MEDIA,0,Other_Amphibian,0.3579,3651.9,1656.0,3932.4,1922.6
/srv/shared_leopard_toad/2025/Documents/06.10-13.10.2025/4Z/106MEDIA/DSCF0079.JPG,DSCF0079.JPG,4Z/106MEDIA,0,Other_Amphibian,0.3459,3221.6,1966.6,3349.9,2106.9
/srv/shared_leopard_toad/2025/Documents/06.10-13.10.2025/4Z/106MEDIA/DSCF0079.JPG,DSCF0079.JPG,4Z/106MEDIA,0,Other_Amphibian,0.2649,3228.4,1970.2,3352.3,2110.9
/srv/shared_leopard_toad/2025/Documents/06.10-13.10.2025/4Z/106MEDIA/DSCF0996.JPG,DSCF0996.JPG,4Z/106MEDIA,2,Western_Leopard_Toad,0.8065,3640.0,1655.4,3934.3,1925.0
/srv/shared_leopard_toad/2025/Documents/06.10-13.10.2025/4Z/106MEDIA/DSCF0996.JPG,DSCF0996.JPG,4Z/106MEDIA,0,Other_Amphibian,0.4911,3214.2,1954.1,3343.5,2109.4
/srv/shared_leopard_toad/2025/Documents/06.10-13.10.2025/4Z/106MEDIA/DSCF0996.JPG,DSCF0996.JPG,4Z/106MEDIA,0,Other_Amphibian,0.4646,3214.9,1954.0,3344.4,2109.7
/srv/shared_leopard_toad/2025/Documents/06.10-13.10.2025/4Z/106MEDIA/DSCF0996.JPG,DSCF0996.JPG,4Z/106MEDIA,2,Western_Leopard_Toad,0.2208,5047.7,975.4,5340.3,1321.5
/srv/shared_leopard_toad/2025/Documents/06.10-13.10.2025/4Z/106MEDIA/DSCF0610.JPG,DSCF0610.JPG,4Z/106MEDIA,2,Western_Leopard_Toad,0.4876,3653.8,1657.5,3930.4,1922.0
/srv/shared_leopard_toad/2025/Documents/06.10-13.10.2025/4Z/106MEDIA/DSCF0610.JPG,DSCF0610.JPG,4Z/106MEDIA,0,Other_Amphibian,0.2188,3219.9,1969.2,3348.8,2108.6
/srv/shared_leopard_toad/2025/Documents/06.10-13.10.2025/4Z/106MEDIA/DSCF0610.JPG,DSCF0610.JPG,4Z/106MEDIA,0,Other_Amphibian,0.2086,3227.2,1973.7,3351.1,2114.9
/srv/shared_leopard_toad/2025/Documents/06.10-13.10.2025/4Z/106MEDIA/DSCF0692.JPG,DSCF0692.JPG,4Z/106MEDIA,0,Other_Amphibian,0.3250,3219.2,1967.3,3348.2,2108.7
/srv/shared_leopard_toad/2025/Documents/06.10-13.10.2025/4Z/106MEDIA/DSCF0692.JPG,DSCF0692.JPG,4Z/106MEDIA,0,Other_Amphibian,0.3051,3226.6,1966.8,3351.2,2109.9
/srv/shared_leopard_toad/2025/Documents/06.10-13.10.2025/4Z/106MEDIA/DSCF0692.JPG,DSCF0692.JPG,4Z/106MEDIA,2,Western_Leopard_Toad,0.2944,3652.6,1655.4,3927.2,1923.5
/srv/shared_leopard_toad/2025/Documents/06.10-13.10.2025/4Z/106MEDIA/DSCF0542.JPG,DSCF0542.JPG,4Z/106MEDIA,2,Western_Leopard_Toad,0.2888,3655.0,1656.0,3927.1,1922.7
/srv/shared_leopard_toad/2025/Documents/06.10-13.10.2025/4Z/106MEDIA/DSCF0542.JPG,DSCF0542.JPG,4Z/106MEDIA,0,Other_Amphibian,0.2480,3221.8,1965.8,3347.8,2107.7
/srv/shared_leopard_toad/2025/Documents/06.10-13.10.2025/4Z/106MEDIA/DSCF0542.JPG,DSCF0542.JPG,4Z/106MEDIA,0,Other_Amphibian,0.2382,3227.4,1969.8,3350.3,2112.5
/srv/shared_leopard_toad/2025/Documents/06.10-13.10.2025/4Z/106MEDIA/DSCF0708.JPG,DSCF0708.JPG,4Z/106MEDIA,2,Western_Leopard_Toad,0.4097,3654.5,1657.2,3928.1,1923.5
/srv/shared_leopard_toad/2025/Documents/06.10-13.10.2025/4Z/106MEDIA/DSCF0708.JPG,DSCF0708.JPG,4Z/106MEDIA,0,Other_Amphibian,0.2612,3219.6,1967.7,3347.4,2108.4
/srv/shared_leopard_toad/2025/Documents/06.10-13.10.2025/4Z/106MEDIA/DSCF0708.JPG,DSCF0708.JPG,4Z/106MEDIA,0,Other_Amphibian,0.2477,3227.8,1969.0,3351.1,2111.6
/srv/shared_leopard_toad/2025/Documents/06.10-13.10.2025/4Z/106MEDIA/DSCF0119.JPG,DSCF0119.JPG,4Z/106MEDIA,0,Other_Amphibian,0.3109,3220.5,1966.4,3347.2,2106.9
/srv/shared_leopard_toad/2025/Documents/06.10-13.10.2025/4Z/106MEDIA/DSCF0119.JPG,DSCF0119.JPG,4Z/106MEDIA,0,Other_Amphibian,0.2854,3227.4,1968.7,3349.8,2110.3
/srv/shared_leopard_toad/2025/Documents/06.10-13.10.2025/4Z/106MEDIA/DSCF0408.JPG,DSCF0408.JPG,4Z/106MEDIA,0,Other_Amphibian,0.2928,3226.9,1967.5,3350.6,2109.6
/srv/shared_leopard_toad/2025/Documents/06.10-13.10.2025/4Z/106MEDIA/DSCF0408.JPG,DSCF0408.JPG,4Z/106MEDIA,0,Other_Amphibian,0.2766,3221.8,1967.1,3348.9,2107.8
/srv/shared_leopard_toad/2025/Documents/06.10-13.10.2025/4Z/106MEDIA/DSCF0846.JPG,DSCF0846.JPG,4Z/106MEDIA,0,Other_Amphibian,0.3208,3218.5,1966.3,3347.7,2108.2
/srv/shared_leopard_toad/2025/Documents/06.10-13.10.2025/4Z/106MEDIA/DSCF0846.JPG,DSCF0846.JPG,4Z/106MEDIA,0,Other_Amphibian,0.3087,3225.6,1966.7,3349.9,2110.0
/srv/shared_leopard_toad/2025/Documents/06.10-13.10.2025/4Z/106MEDIA/DSCF0469.JPG,DSCF0469.JPG,4Z/106MEDIA,2,Western_Leopard_Toad,0.3790,3656.5,1652.7,3927.6,1922.2
/srv/shared_leopard_toad/2025/Documents/06.10-13.10.2025/4Z/106MEDIA/DSCF0469.JPG,DSCF0469.JPG,4Z/106MEDIA,0,Other_Amphibian,0.2245,3222.7,1966.8,3347.7,2107.9
/srv/shared_leopard_toad/2025/Documents/06.10-13.10.2025/4Z/106MEDIA/DSCF0098.JPG,DSCF0098.JPG,4Z/106MEDIA,2,Western_Leopard_Toad,0.3654,3654.1,1657.4,3928.2,1923.3
/srv/shared_leopard_toad/2025/Documents/06.10-13.10.2025/4Z/106MEDIA/DSCF0098.JPG,DSCF0098.JPG,4Z/106MEDIA,0,Other_Amphibian,0.2357,3228.4,1970.2,3350.0,2111.5
/srv/shared_leopard_toad/2025/Documents/06.10-13.10.2025/4Z/106MEDIA/DSCF0098.JPG,DSCF0098.JPG,4Z/106MEDIA,0,Other_Amphibian,0.2142,3221.1,1968.5,3346.8,2108.2
/srv/shared_leopard_toad/2025/Documents/06.10-13.10.2025/4Z/106MEDIA/DSCF0961.JPG,DSCF0961.JPG,4Z/106MEDIA,0,Other_Amphibian,0.6760,3221.3,1963.9,3352.5,2117.8
/srv/shared_leopard_toad/2025/Documents/06.10-13.10.2025/4Z/106MEDIA/DSCF0961.JPG,DSCF0961.JPG,4Z/106MEDIA,0,Other_Amphibian,0.6508,3219.7,1963.0,3350.8,2118.0
/srv/shared_leopard_toad/2025/Documents/06.10-13.10.2025/4Z/106MEDIA/DSCF0961.JPG,DSCF0961.JPG,4Z/106MEDIA,2,Western_Leopard_Toad,0.6009,3644.7,1661.1,3924.8,1923.9
/srv/shared_leopard_toad/2025/Documents/06.10-13.10.2025/4Z/106MEDIA/DSCF0214.JPG,DSCF0214.JPG,4Z/106MEDIA,2,Western_Leopard_Toad,0.2984,3656.2,1655.3,3928.3,1923.4
/srv/shared_leopard_toad/2025/Documents/06.10-13.10.2025/4Z/106MEDIA/DSCF0804.JPG,DSCF0804.JPG,4Z/106MEDIA,2,Western_Leopard_Toad,0.4475,3653.5,1655.8,3928.9,1922.6
/srv/shared_leopard_toad/2025/Documents/06.10-13.10.2025/4Z/106MEDIA/DSCF0804.JPG,DSCF0804.JPG,4Z/106MEDIA,0,Other_Amphibian,0.2930,3219.1,1966.7,3347.4,2107.9
/srv/shared_leopard_toad/2025/Documents/06.10-13.10.2025/4Z/106MEDIA/DSCF0804.JPG,DSCF0804.JPG,4Z/106MEDIA,0,Other_Amphibian,0.2725,3225.6,1967.3,3349.6,2110.1
/srv/shared_leopard_toad/2025/Documents/06.10-13.10.2025/4Z/106MEDIA/DSCF0825.JPG,DSCF0825.JPG,4Z/106MEDIA,0,Other_Amphibian,0.2054,3222.7,1964.8,3347.3,2108.0
/srv/shared_leopard_toad/2025/Documents/06.10-13.10.2025/4Z/106MEDIA/DSCF0825.JPG,DSCF0825.JPG,4Z/106MEDIA,0,Other_Amphibian,0.2045,3227.9,1966.7,3348.8,2111.9
/srv/shared_leopard_toad/2025/Documents/06.10-13.10.2025/4Z/106MEDIA/DSCF0915.JPG,DSCF0915.JPG,4Z/106MEDIA,2,Western_Leopard_Toad,0.8686,3646.9,1669.6,3927.5,1930.0
/srv/shared_leopard_toad/2025/Documents/06.10-13.10.2025/4Z/106MEDIA/DSCF0627.JPG,DSCF0627.JPG,4Z/106MEDIA,2,Western_Leopard_Toad,0.3369,3654.1,1657.1,3927.7,1924.9
/srv/shared_leopard_toad/2025/Documents/06.10-13.10.2025/4Z/106MEDIA/DSCF0627.JPG,DSCF0627.JPG,4Z/106MEDIA,0,Other_Amphibian,0.2020,3227.3,1969.0,3350.3,2112.5
/srv/shared_leopard_toad/2025/Documents/06.10-13.10.2025/4Z/106MEDIA/DSCF0425.JPG,DSCF0425.JPG,4Z/106MEDIA,2,Western_Leopard_Toad,0.2860,3655.3,1656.9,3925.8,1923.2
/srv/shared_leopard_toad/2025/Documents/06.10-13.10.2025/4Z/106MEDIA/DSCF0425.JPG,DSCF0425.JPG,4Z/106MEDIA,0,Other_Amphibian,0.2003,3224.9,1967.7,3348.9,2106.6
/srv/shared_leopard_toad/2025/Documents/06.10-13.10.2025/4Z/106MEDIA/DSCF0420.JPG,DSCF0420.JPG,4Z/106MEDIA,0,Other_Amphibian,0.2602,3221.8,1968.2,3347.1,2107.2
/srv/shared_leopard_toad/2025/Documents/06.10-13.10.2025/4Z/106MEDIA/DSCF0420.JPG,DSCF0420.JPG,4Z/106MEDIA,0,Other_Amphibian,0.2548,3228.7,1968.6,3350.0,2109.2
/srv/shared_leopard_toad/2025/Documents/06.10-13.10.2025/4Z/106MEDIA/DSCF0420.JPG,DSCF0420.JPG,4Z/106MEDIA,2,Western_Leopard_Toad,0.2470,3656.1,1654.7,3926.7,1923.2
/srv/shared_leopard_toad/2025/Documents/06.10-13.10.2025/4Z/106MEDIA/DSCF0398.JPG,DSCF0398.JPG,4Z/106MEDIA,0,Other_Amphibian,0.2424,3654.9,1653.3,3929.4,1924.8
/srv/shared_leopard_toad/2025/Documents/06.10-13.10.2025/4Z/106MEDIA/DSCF0398.JPG,DSCF0398.JPG,4Z/106MEDIA,0,Other_Amphibian,0.2145,3222.0,1967.1,3348.1,2107.3
/srv/shared_leopard_toad/2025/Documents/06.10-13.10.2025/4Z/106MEDIA/DSCF0205.JPG,DSCF0205.JPG,4Z/106MEDIA,2,Western_Leopard_Toad,0.3292,3654.8,1656.8,3927.5,1923.2
/srv/shared_leopard_toad/2025/Documents/06.10-13.10.2025/4Z/106MEDIA/DSCF0540.JPG,DSCF0540.JPG,4Z/106MEDIA,2,Western_Leopard_Toad,0.2406,3655.3,1657.1,3925.1,1924.2
/srv/shared_leopard_toad/2025/Documents/06.10-13.10.2025/4Z/106MEDIA/DSCF0540.JPG,DSCF0540.JPG,4Z/106MEDIA,0,Other_Amphibian,0.2177,3225.4,1967.0,3349.4,2106.7
/srv/shared_leopard_toad/2025/Documents/06.10-13.10.2025/4Z/106MEDIA/DSCF0618.JPG,DSCF0618.JPG,4Z/106MEDIA,0,Other_Amphibian,0.2699,3224.3,1968.6,3351.2,2107.7
/srv/shared_leopard_toad/2025/Documents/06.10-13.10.2025/4Z/106MEDIA/DSCF0618.JPG,DSCF0618.JPG,4Z/106MEDIA,0,Other_Amphibian,0.2622,3230.2,1970.7,3354.0,2110.7
/srv/shared_leopard_toad/2025/Documents/06.10-13.10.2025/4Z/106MEDIA/DSCF0618.JPG,DSCF0618.JPG,4Z/106MEDIA,2,Western_Leopard_Toad,0.2232,3653.6,1654.8,3926.5,1922.9
/srv/shared_leopard_toad/2025/Documents/06.10-13.10.2025/4Z/106MEDIA/DSCF0112.JPG,DSCF0112.JPG,4Z/106MEDIA,2,Western_Leopard_Toad,0.5480,3654.7,1656.3,3929.7,1922.8
/srv/shared_leopard_toad/2025/Documents/06.10-13.10.2025/4Z/106MEDIA/DSCF0112.JPG,DSCF0112.JPG,4Z/106MEDIA,0,Other_Amphibian,0.2670,3221.0,1966.7,3346.8,2107.4
/srv/shared_leopard_toad/2025/Documents/06.10-13.10.2025/4Z/106MEDIA/DSCF0112.JPG,DSCF0112.JPG,4Z/106MEDIA,0,Other_Amphibian,0.2200,3229.3,1973.3,3351.2,2115.1
/srv/shared_leopard_toad/2025/Documents/06.10-13.10.2025/4Z/106MEDIA/DSCF0111.JPG,DSCF0111.JPG,4Z/106MEDIA,2,Western_Leopard_Toad,0.4379,3654.8,1656.6,3928.7,1923.8
/srv/shared_leopard_toad/2025/Documents/06.10-13.10.2025/4Z/106MEDIA/DSCF0263.JPG,DSCF0263.JPG,4Z/106MEDIA,2,Western_Leopard_Toad,0.6163,3653.6,1656.2,3927.9,1922.4
/srv/shared_leopard_toad/2025/Documents/06.10-13.10.2025/4Z/106MEDIA/DSCF0263.JPG,DSCF0263.JPG,4Z/106MEDIA,0,Other_Amphibian,0.2333,3222.4,1966.9,3347.9,2108.2
/srv/shared_leopard_toad/2025/Documents/06.10-13.10.2025/4Z/106MEDIA/DSCF0263.JPG,DSCF0263.JPG,4Z/106MEDIA,0,Other_Amphibian,0.2259,3225.7,1970.3,3348.8,2112.7
/srv/shared_leopard_toad/2025/Documents/06.10-13.10.2025/4Z/106MEDIA/DSCF0586.JPG,DSCF0586.JPG,4Z/106MEDIA,2,Western_Leopard_Toad,0.5556,3654.0,1654.7,3931.7,1924.9
/srv/shared_leopard_toad/2025/Documents/06.10-13.10.2025/4Z/106MEDIA/DSCF0586.JPG,DSCF0586.JPG,4Z/106MEDIA,0,Other_Amphibian,0.2796,3221.2,1967.6,3347.8,2109.1
/srv/shared_leopard_toad/2025/Documents/06.10-13.10.2025/4Z/106MEDIA/DSCF0586.JPG,DSCF0586.JPG,4Z/106MEDIA,0,Other_Amphibian,0.2271,3225.2,1973.0,3348.5,2115.3
/srv/shared_leopard_toad/2025/Documents/06.10-13.10.2025/4Z/106MEDIA/DSCF0349.JPG,DSCF0349.JPG,4Z/106MEDIA,0,Other_Amphibian,0.2671,3222.8,1966.7,3349.6,2107.7
/srv/shared_leopard_toad/2025/Documents/06.10-13.10.2025/4Z/106MEDIA/DSCF0349.JPG,DSCF0349.JPG,4Z/106MEDIA,0,Other_Amphibian,0.2507,3231.5,1973.3,3354.0,2115.9
/srv/shared_leopard_toad/2025/Documents/06.10-13.10.2025/4Z/106MEDIA/DSCF0349.JPG,DSCF0349.JPG,4Z/106MEDIA,2,Western_Leopard_Toad,0.2260,3653.9,1657.5,3927.0,1923.3
/srv/shared_leopard_toad/2025/Documents/06.10-13.10.2025/4Z/106MEDIA/DSCF0828.JPG,DSCF0828.JPG,4Z/106MEDIA,0,Other_Amphibian,0.3629,3223.9,1964.3,3348.4,2107.8
/srv/shared_leopard_toad/2025/Documents/06.10-13.10.2025/4Z/106MEDIA/DSCF0828.JPG,DSCF0828.JPG,4Z/106MEDIA,0,Other_Amphibian,0.3608,3218.6,1965.2,3347.6,2106.6
/srv/shared_leopard_toad/2025/Documents/06.10-13.10.2025/4Z/106MEDIA/DSCF0555.JPG,DSCF0555.JPG,4Z/106MEDIA,2,Western_Leopard_Toad,0.4407,3656.6,1656.1,3930.7,1922.9
/srv/shared_leopard_toad/2025/Documents/06.10-13.10.2025/4Z/106MEDIA/DSCF0555.JPG,DSCF0555.JPG,4Z/106MEDIA,0,Other_Amphibian,0.2645,3221.9,1966.3,3347.0,2107.6
/srv/shared_leopard_toad/2025/Documents/06.10-13.10.2025/4Z/106MEDIA/DSCF0695.JPG,DSCF0695.JPG,4Z/106MEDIA,2,Western_Leopard_Toad,0.3174,3656.6,1655.8,3927.7,1923.4
/srv/shared_leopard_toad/2025/Documents/06.10-13.10.2025/4Z/106MEDIA/DSCF0695.JPG,DSCF0695.JPG,4Z/106MEDIA,0,Other_Amphibian,0.2296,3226.8,1968.8,3350.6,2112.1
/srv/shared_leopard_toad/2025/Documents/06.10-13.10.2025/4Z/106MEDIA/DSCF0764.JPG,DSCF0764.JPG,4Z/106MEDIA,2,Western_Leopard_Toad,0.2493,3654.7,1655.7,3928.0,1923.2
/srv/shared_leopard_toad/2025/Documents/06.10-13.10.2025/4Z/106MEDIA/DSCF0764.JPG,DSCF0764.JPG,4Z/106MEDIA,0,Other_Amphibian,0.2152,3229.2,1970.0,3353.8,2113.4
/srv/shared_leopard_toad/2025/Documents/06.10-13.10.2025/4Z/106MEDIA/DSCF0764.JPG,DSCF0764.JPG,4Z/106MEDIA,0,Other_Amphibian,0.2134,3224.4,1966.3,3351.4,2108.6
/srv/shared_leopard_toad/2025/Documents/06.10-13.10.2025/4Z/106MEDIA/DSCF0953.JPG,DSCF0953.JPG,4Z/106MEDIA,0,Other_Amphibian,0.7058,3216.8,1961.2,3349.0,2117.7
/srv/shared_leopard_toad/2025/Documents/06.10-13.10.2025/4Z/106MEDIA/DSCF0953.JPG,DSCF0953.JPG,4Z/106MEDIA,0,Other_Amphibian,0.6757,3216.9,1961.9,3347.2,2118.1
/srv/shared_leopard_toad/2025/Documents/06.10-13.10.2025/4Z/106MEDIA/DSCF0953.JPG,DSCF0953.JPG,4Z/106MEDIA,2,Western_Leopard_Toad,0.6506,3644.4,1660.9,3927.1,1923.8
/srv/shared_leopard_toad/2025/Documents/06.10-13.10.2025/4Z/106MEDIA/DSCF0657.JPG,DSCF0657.JPG,4Z/106MEDIA,0,Other_Amphibian,0.2379,3228.2,1970.9,3355.0,2114.3
/srv/shared_leopard_toad/2025/Documents/06.10-13.10.2025/4Z/106MEDIA/DSCF0657.JPG,DSCF0657.JPG,4Z/106MEDIA,2,Western_Leopard_Toad,0.2356,3653.5,1655.4,3924.4,1924.3
/srv/shared_leopard_toad/2025/Documents/06.10-13.10.2025/4Z/106MEDIA/DSCF0657.JPG,DSCF0657.JPG,4Z/106MEDIA,0,Other_Amphibian,0.2306,3220.8,1967.3,3351.5,2109.2
/srv/shared_leopard_toad/2025/Documents/06.10-13.10.2025/4Z/106MEDIA/DSCF0163.JPG,DSCF0163.JPG,4Z/106MEDIA,2,Western_Leopard_Toad,0.2597,3655.1,1656.8,3928.3,1924.4
/srv/shared_leopard_toad/2025/Documents/06.10-13.10.2025/4Z/106MEDIA/DSCF0163.JPG,DSCF0163.JPG,4Z/106MEDIA,0,Other_Amphibian,0.2264,3228.3,1972.5,3351.4,2114.2
/srv/shared_leopard_toad/2025/Documents/06.10-13.10.2025/4Z/106MEDIA/DSCF0163.JPG,DSCF0163.JPG,4Z/106MEDIA,0,Other_Amphibian,0.2182,3221.0,1967.4,3348.0,2107.9
/srv/shared_leopard_toad/2025/Documents/06.10-13.10.2025/4Z/106MEDIA/DSCF0587.JPG,DSCF0587.JPG,4Z/106MEDIA,2,Western_Leopard_Toad,0.3735,3655.2,1655.0,3929.7,1922.4
/srv/shared_leopard_toad/2025/Documents/06.10-13.10.2025/4Z/106MEDIA/DSCF0587.JPG,DSCF0587.JPG,4Z/106MEDIA,0,Other_Amphibian,0.2542,3222.3,1971.6,3345.6,2114.6
/srv/shared_leopard_toad/2025/Documents/06.10-13.10.2025/4Z/106MEDIA/DSCF0587.JPG,DSCF0587.JPG,4Z/106MEDIA,0,Other_Amphibian,0.2495,3221.5,1968.4,3348.7,2109.3
/srv/shared_leopard_toad/2025/Documents/06.10-13.10.2025/4Z/106MEDIA/DSCF0711.JPG,DSCF0711.JPG,4Z/106MEDIA,2,Western_Leopard_Toad,0.2926,3657.4,1655.1,3925.8,1923.1
/srv/shared_leopard_toad/2025/Documents/06.10-13.10.2025/4Z/106MEDIA/DSCF0711.JPG,DSCF0711.JPG,4Z/106MEDIA,0,Other_Amphibian,0.2821,3223.8,1966.1,3348.5,2107.5
/srv/shared_leopard_toad/2025/Documents/06.10-13.10.2025/4Z/106MEDIA/DSCF0711.JPG,DSCF0711.JPG,4Z/106MEDIA,0,Other_Amphibian,0.2524,3227.7,1971.4,3348.7,2113.6
/srv/shared_leopard_toad/2025/Documents/06.10-13.10.2025/4Z/106MEDIA/DSCF0563.JPG,DSCF0563.JPG,4Z/106MEDIA,0,Other_Amphibian,0.2157,3225.3,1966.7,3349.0,2107.6
/srv/shared_leopard_toad/2025/Documents/06.10-13.10.2025/4Z/106MEDIA/DSCF0563.JPG,DSCF0563.JPG,4Z/106MEDIA,0,Other_Amphibian,0.2107,3231.9,1972.6,3352.6,2115.1
/srv/shared_leopard_toad/2025/Documents/06.10-13.10.2025/4Z/106MEDIA/DSCF0283.JPG,DSCF0283.JPG,4Z/106MEDIA,2,Western_Leopard_Toad,0.2392,3654.3,1655.1,3926.6,1922.5
/srv/shared_leopard_toad/2025/Documents/06.10-13.10.2025/4Z/106MEDIA/DSCF0283.JPG,DSCF0283.JPG,4Z/106MEDIA,0,Other_Amphibian,0.2194,3222.6,1967.4,3348.0,2106.0
/srv/shared_leopard_toad/2025/Documents/06.10-13.10.2025/4Z/106MEDIA/DSCF0283.JPG,DSCF0283.JPG,4Z/106MEDIA,0,Other_Amphibian,0.2001,3231.0,1974.1,3351.7,2114.4
/srv/shared_leopard_toad/2025/Documents/06.10-13.10.2025/4Z/106MEDIA/DSCF0869.JPG,DSCF0869.JPG,4Z/106MEDIA,0,Other_Amphibian,0.3167,3218.2,1966.1,3348.1,2107.3
/srv/shared_leopard_toad/2025/Documents/06.10-13.10.2025/4Z/106MEDIA/DSCF0869.JPG,DSCF0869.JPG,4Z/106MEDIA,0,Other_Amphibian,0.3112,3226.8,1966.8,3351.9,2109.8
/srv/shared_leopard_toad/2025/Documents/06.10-13.10.2025/4Z/106MEDIA/DSCF0470.JPG,DSCF0470.JPG,4Z/106MEDIA,0,Other_Amphibian,0.2986,3221.7,1967.5,3347.7,2106.0
/srv/shared_leopard_toad/2025/Documents/06.10-13.10.2025/4Z/106MEDIA/DSCF0470.JPG,DSCF0470.JPG,4Z/106MEDIA,2,Western_Leopard_Toad,0.2874,3655.6,1652.9,3928.2,1923.0
/srv/shared_leopard_toad/2025/Documents/06.10-13.10.2025/4Z/106MEDIA/DSCF0470.JPG,DSCF0470.JPG,4Z/106MEDIA,0,Other_Amphibian,0.2668,3229.8,1970.8,3351.8,2110.0
/srv/shared_leopard_toad/2025/Documents/06.10-13.10.2025/4Z/106MEDIA/DSCF0710.JPG,DSCF0710.JPG,4Z/106MEDIA,2,Western_Leopard_Toad,0.3183,3656.7,1657.2,3926.5,1923.4
/srv/shared_leopard_toad/2025/Documents/06.10-13.10.2025/4Z/106MEDIA/DSCF0710.JPG,DSCF0710.JPG,4Z/106MEDIA,0,Other_Amphibian,0.2095,3226.1,1967.2,3349.7,2108.8
/srv/shared_leopard_toad/2025/Documents/06.10-13.10.2025/4Z/106MEDIA/DSCF0406.JPG,DSCF0406.JPG,4Z/106MEDIA,0,Other_Amphibian,0.2049,3230.1,1975.5,3351.1,2115.0
/srv/shared_leopard_toad/2025/Documents/06.10-13.10.2025/4Z/106MEDIA/DSCF0406.JPG,DSCF0406.JPG,4Z/106MEDIA,0,Other_Amphibian,0.2035,3224.3,1969.0,3348.6,2107.6
/srv/shared_leopard_toad/2025/Documents/06.10-13.10.2025/4Z/106MEDIA/DSCF0863.JPG,DSCF0863.JPG,4Z/106MEDIA,2,Western_Leopard_Toad,0.3554,3654.2,1656.5,3927.7,1922.6
/srv/shared_leopard_toad/2025/Documents/06.10-13.10.2025/4Z/106MEDIA/DSCF0863.JPG,DSCF0863.JPG,4Z/106MEDIA,0,Other_Amphibian,0.2946,3223.0,1968.8,3349.1,2108.0
/srv/shared_leopard_toad/2025/Documents/06.10-13.10.2025/4Z/106MEDIA/DSCF0863.JPG,DSCF0863.JPG,4Z/106MEDIA,0,Other_Amphibian,0.2929,3228.5,1968.4,3351.5,2109.3
/srv/shared_leopard_toad/2025/Documents/06.10-13.10.2025/4Z/106MEDIA/DSCF0128.JPG,DSCF0128.JPG,4Z/106MEDIA,2,Western_Leopard_Toad,0.4441,3654.2,1656.8,3928.5,1923.1
/srv/shared_leopard_toad/2025/Documents/06.10-13.10.2025/4Z/106MEDIA/DSCF0128.JPG,DSCF0128.JPG,4Z/106MEDIA,0,Other_Amphibian,0.2736,3220.3,1967.7,3344.1,2107.1
/srv/shared_leopard_toad/2025/Documents/06.10-13.10.2025/4Z/106MEDIA/DSCF0128.JPG,DSCF0128.JPG,4Z/106MEDIA,0,Other_Amphibian,0.2382,3228.7,1969.4,3348.2,2109.5
/srv/shared_leopard_toad/2025/Documents/06.10-13.10.2025/4Z/106MEDIA/DSCF0265.JPG,DSCF0265.JPG,4Z/106MEDIA,2,Western_Leopard_Toad,0.3350,3653.6,1655.5,3929.0,1923.1
/srv/shared_leopard_toad/2025/Documents/06.10-13.10.2025/4Z/106MEDIA/DSCF0265.JPG,DSCF0265.JPG,4Z/106MEDIA,0,Other_Amphibian,0.2087,2832.0,2417.2,2978.8,2532.6
/srv/shared_leopard_toad/2025/Documents/06.10-13.10.2025/4Z/106MEDIA/DSCF0850.JPG,DSCF0850.JPG,4Z/106MEDIA,0,Other_Amphibian,0.3383,3218.9,1965.1,3346.9,2107.7
/srv/shared_leopard_toad/2025/Documents/06.10-13.10.2025/4Z/106MEDIA/DSCF0850.JPG,DSCF0850.JPG,4Z/106MEDIA,0,Other_Amphibian,0.3247,3227.6,1964.0,3350.3,2108.7
/srv/shared_leopard_toad/2025/Documents/06.10-13.10.2025/4Z/106MEDIA/DSCF0850.JPG,DSCF0850.JPG,4Z/106MEDIA,2,Western_Leopard_Toad,0.3132,3653.5,1658.3,3928.0,1923.3
/srv/shared_leopard_toad/2025/Documents/06.10-13.10.2025/4Z/106MEDIA/DSCF0022.JPG,DSCF0022.JPG,4Z/106MEDIA,0,Other_Amphibian,0.3121,3220.6,1967.7,3348.3,2107.7
/srv/shared_leopard_toad/2025/Documents/06.10-13.10.2025/4Z/106MEDIA/DSCF0022.JPG,DSCF0022.JPG,4Z/106MEDIA,0,Other_Amphibian,0.2787,3225.5,1968.4,3349.7,2108.5
/srv/shared_leopard_toad/2025/Documents/06.10-13.10.2025/4Z/106MEDIA/DSCF0022.JPG,DSCF0022.JPG,4Z/106MEDIA,0,Other_Amphibian,0.2203,3653.3,1656.5,3927.9,1924.1
/srv/shared_leopard_toad/2025/Documents/06.10-13.10.2025/4Z/106MEDIA/DSCF0389.JPG,DSCF0389.JPG,4Z/106MEDIA,2,Western_Leopard_Toad,0.2024,3652.6,1656.7,3923.2,1925.9
/srv/shared_leopard_toad/2025/Documents/06.10-13.10.2025/4Z/106MEDIA/DSCF0198.JPG,DSCF0198.JPG,4Z/106MEDIA,2,Western_Leopard_Toad,0.2976,3653.8,1657.6,3926.8,1923.5
/srv/shared_leopard_toad/2025/Documents/06.10-13.10.2025/4Z/106MEDIA/DSCF0198.JPG,DSCF0198.JPG,4Z/106MEDIA,0,Other_Amphibian,0.2508,3221.9,1966.5,3346.2,2107.4
/srv/shared_leopard_toad/2025/Documents/06.10-13.10.2025/4Z/106MEDIA/DSCF0198.JPG,DSCF0198.JPG,4Z/106MEDIA,0,Other_Amphibian,0.2402,3229.9,1971.0,3350.1,2112.9
/srv/shared_leopard_toad/2025/Documents/06.10-13.10.2025/4Z/106MEDIA/DSCF0379.JPG,DSCF0379.JPG,4Z/106MEDIA,2,Western_Leopard_Toad,0.2993,3656.7,1655.0,3929.3,1923.7
/srv/shared_leopard_toad/2025/Documents/06.10-13.10.2025/4Z/106MEDIA/DSCF0379.JPG,DSCF0379.JPG,4Z/106MEDIA,0,Other_Amphibian,0.2168,3223.7,1967.7,3346.5,2106.6
/srv/shared_leopard_toad/2025/Documents/06.10-13.10.2025/4Z/106MEDIA/DSCF0395.JPG,DSCF0395.JPG,4Z/106MEDIA,2,Western_Leopard_Toad,0.4485,3657.2,1655.4,3929.7,1925.0
/srv/shared_leopard_toad/2025/Documents/06.10-13.10.2025/4Z/106MEDIA/DSCF0395.JPG,DSCF0395.JPG,4Z/106MEDIA,0,Other_Amphibian,0.2044,3223.3,1968.0,3347.9,2108.3
/srv/shared_leopard_toad/2025/Documents/06.10-13.10.2025/4Z/106MEDIA/DSCF0011.JPG,DSCF0011.JPG,4Z/106MEDIA,0,Other_Amphibian,0.3336,3220.6,1967.5,3347.0,2107.1
/srv/shared_leopard_toad/2025/Documents/06.10-13.10.2025/4Z/106MEDIA/DSCF0011.JPG,DSCF0011.JPG,4Z/106MEDIA,0,Other_Amphibian,0.2923,3228.9,1968.5,3350.6,2109.8
/srv/shared_leopard_toad/2025/Documents/06.10-13.10.2025/4Z/106MEDIA/DSCF0011.JPG,DSCF0011.JPG,4Z/106MEDIA,2,Western_Leopard_Toad,0.2693,3655.9,1654.0,3928.5,1922.7
/srv/shared_leopard_toad/2025/Documents/06.10-13.10.2025/4Z/106MEDIA/DSCF0570.JPG,DSCF0570.JPG,4Z/106MEDIA,2,Western_Leopard_Toad,0.3887,3652.9,1656.3,3928.1,1922.7
/srv/shared_leopard_toad/2025/Documents/06.10-13.10.2025/4Z/106MEDIA/DSCF0570.JPG,DSCF0570.JPG,4Z/106MEDIA,0,Other_Amphibian,0.3056,3227.8,1967.9,3352.4,2113.5
/srv/shared_leopard_toad/2025/Documents/06.10-13.10.2025/4Z/106MEDIA/DSCF0570.JPG,DSCF0570.JPG,4Z/106MEDIA,0,Other_Amphibian,0.2948,3217.5,1967.4,3347.0,2110.6
/srv/shared_leopard_toad/2025/Documents/06.10-13.10.2025/4Z/106MEDIA/DSCF0785.JPG,DSCF0785.JPG,4Z/106MEDIA,2,Western_Leopard_Toad,0.2191,3653.7,1656.7,3923.6,1922.4
/srv/shared_leopard_toad/2025/Documents/06.10-13.10.2025/4Z/106MEDIA/DSCF0785.JPG,DSCF0785.JPG,4Z/106MEDIA,0,Other_Amphibian,0.2106,3224.9,1966.1,3348.6,2107.6
/srv/shared_leopard_toad/2025/Documents/06.10-13.10.2025/4Z/106MEDIA/DSCF0073.JPG,DSCF0073.JPG,4Z/106MEDIA,0,Other_Amphibian,0.3017,3220.5,1968.7,3346.9,2108.4
/srv/shared_leopard_toad/2025/Documents/06.10-13.10.2025/4Z/106MEDIA/DSCF0073.JPG,DSCF0073.JPG,4Z/106MEDIA,0,Other_Amphibian,0.2592,3229.0,1972.2,3351.7,2112.2
/srv/shared_leopard_toad/2025/Documents/06.10-13.10.2025/4Z/106MEDIA/DSCF0073.JPG,DSCF0073.JPG,4Z/106MEDIA,2,Western_Leopard_Toad,0.2342,3653.7,1657.7,3926.6,1923.9
/srv/shared_leopard_toad/2025/Documents/06.10-13.10.2025/4Z/106MEDIA/DSCF0999.JPG,DSCF0999.JPG,4Z/106MEDIA,2,Western_Leopard_Toad,0.8071,3645.1,1660.5,3934.5,1925.2
/srv/shared_leopard_toad/2025/Documents/06.10-13.10.2025/4Z/106MEDIA/DSCF0999.JPG,DSCF0999.JPG,4Z/106MEDIA,0,Other_Amphibian,0.3384,3218.9,1958.0,3344.7,2109.1
/srv/shared_leopard_toad/2025/Documents/06.10-13.10.2025/4Z/106MEDIA/DSCF0999.JPG,DSCF0999.JPG,4Z/106MEDIA,0,Other_Amphibian,0.3340,3219.0,1958.3,3345.9,2108.8
/srv/shared_leopard_toad/2025/Documents/06.10-13.10.2025/4Z/106MEDIA/DSCF0183.JPG,DSCF0183.JPG,4Z/106MEDIA,2,Western_Leopard_Toad,0.3168,3656.4,1656.2,3928.0,1923.5
/srv/shared_leopard_toad/2025/Documents/06.10-13.10.2025/4Z/106MEDIA/DSCF0183.JPG,DSCF0183.JPG,4Z/106MEDIA,0,Other_Amphibian,0.2189,3223.6,1965.5,3347.4,2106.3
/srv/shared_leopard_toad/2025/Documents/06.10-13.10.2025/4Z/106MEDIA/DSCF0687.JPG,DSCF0687.JPG,4Z/106MEDIA,2,Western_Leopard_Toad,0.4197,3653.4,1658.2,3928.7,1924.0
/srv/shared_leopard_toad/2025/Documents/06.10-13.10.2025/4Z/106MEDIA/DSCF0687.JPG,DSCF0687.JPG,4Z/106MEDIA,0,Other_Amphibian,0.2230,3225.0,1970.0,3349.5,2112.5
/srv/shared_leopard_toad/2025/Documents/06.10-13.10.2025/4Z/106MEDIA/DSCF0687.JPG,DSCF0687.JPG,4Z/106MEDIA,0,Other_Amphibian,0.2197,3221.6,1967.9,3349.0,2109.0
/srv/shared_leopard_toad/2025/Documents/06.10-13.10.2025/4Z/106MEDIA/DSCF0894.JPG,DSCF0894.JPG,4Z/106MEDIA,2,Western_Leopard_Toad,0.3453,3650.8,1659.2,3925.8,1923.6
/srv/shared_leopard_toad/2025/Documents/06.10-13.10.2025/4Z/106MEDIA/DSCF0894.JPG,DSCF0894.JPG,4Z/106MEDIA,0,Other_Amphibian,0.3040,3218.2,1965.5,3345.6,2108.6
/srv/shared_leopard_toad/2025/Documents/06.10-13.10.2025/4Z/106MEDIA/DSCF0894.JPG,DSCF0894.JPG,4Z/106MEDIA,0,Other_Amphibian,0.2945,3224.6,1965.0,3346.7,2109.3
/srv/shared_leopard_toad/2025/Documents/06.10-13.10.2025/4Z/106MEDIA/DSCF0370.JPG,DSCF0370.JPG,4Z/106MEDIA,0,Other_Amphibian,0.2735,3222.3,1967.4,3348.4,2108.0
/srv/shared_leopard_toad/2025/Documents/06.10-13.10.2025/4Z/106MEDIA/DSCF0370.JPG,DSCF0370.JPG,4Z/106MEDIA,0,Other_Amphibian,0.2365,3232.0,1974.6,3352.8,2116.2
/srv/shared_leopard_toad/2025/Documents/06.10-13.10.2025/4Z/106MEDIA/DSCF0370.JPG,DSCF0370.JPG,4Z/106MEDIA,2,Western_Leopard_Toad,0.2139,3652.9,1659.4,3926.5,1923.4
/srv/shared_leopard_toad/2025/Documents/06.10-13.10.2025/4Z/106MEDIA/DSCF0289.JPG,DSCF0289.JPG,4Z/106MEDIA,2,Western_Leopard_Toad,0.3310,3653.8,1656.0,3929.3,1923.6
/srv/shared_leopard_toad/2025/Documents/06.10-13.10.2025/4Z/106MEDIA/DSCF0718.JPG,DSCF0718.JPG,4Z/106MEDIA,2,Western_Leopard_Toad,0.3010,3653.8,1655.7,3926.7,1923.0
/srv/shared_leopard_toad/2025/Documents/06.10-13.10.2025/4Z/106MEDIA/DSCF0718.JPG,DSCF0718.JPG,4Z/106MEDIA,0,Other_Amphibian,0.2649,3218.4,1966.5,3347.3,2108.6
/srv/shared_leopard_toad/2025/Documents/06.10-13.10.2025/4Z/106MEDIA/DSCF0718.JPG,DSCF0718.JPG,4Z/106MEDIA,0,Other_Amphibian,0.2639,3227.4,1968.0,3350.5,2112.3
/srv/shared_leopard_toad/2025/Documents/06.10-13.10.2025/4Z/106MEDIA/DSCF0017.JPG,DSCF0017.JPG,4Z/106MEDIA,2,Western_Leopard_Toad,0.3394,3654.7,1657.4,3927.2,1924.2
/srv/shared_leopard_toad/2025/Documents/06.10-13.10.2025/4Z/106MEDIA/DSCF0017.JPG,DSCF0017.JPG,4Z/106MEDIA,0,Other_Amphibian,0.2385,3221.1,1967.2,3347.6,2108.3
/srv/shared_leopard_toad/2025/Documents/06.10-13.10.2025/4Z/106MEDIA/DSCF0017.JPG,DSCF0017.JPG,4Z/106MEDIA,0,Other_Amphibian,0.2262,3227.0,1970.4,3350.0,2111.7
/srv/shared_leopard_toad/2025/Documents/06.10-13.10.2025/4Z/106MEDIA/DSCF0726.JPG,DSCF0726.JPG,4Z/106MEDIA,2,Western_Leopard_Toad,0.3929,3654.3,1656.2,3928.0,1922.9
/srv/shared_leopard_toad/2025/Documents/06.10-13.10.2025/4Z/106MEDIA/DSCF0783.JPG,DSCF0783.JPG,4Z/106MEDIA,2,Western_Leopard_Toad,0.3159,3653.0,1655.1,3927.4,1923.3
/srv/shared_leopard_toad/2025/Documents/06.10-13.10.2025/4Z/106MEDIA/DSCF0783.JPG,DSCF0783.JPG,4Z/106MEDIA,0,Other_Amphibian,0.2255,3225.3,1968.4,3348.2,2111.8
/srv/shared_leopard_toad/2025/Documents/06.10-13.10.2025/4Z/106MEDIA/DSCF0783.JPG,DSCF0783.JPG,4Z/106MEDIA,0,Other_Amphibian,0.2197,3224.4,1966.2,3350.6,2109.0
/srv/shared_leopard_toad/2025/Documents/06.10-13.10.2025/4Z/106MEDIA/DSCF0440.JPG,DSCF0440.JPG,4Z/106MEDIA,0,Other_Amphibian,0.2844,3220.1,1966.6,3347.1,2108.2
/srv/shared_leopard_toad/2025/Documents/06.10-13.10.2025/4Z/106MEDIA/DSCF0440.JPG,DSCF0440.JPG,4Z/106MEDIA,0,Other_Amphibian,0.2523,3228.6,1970.3,3350.7,2112.5
/srv/shared_leopard_toad/2025/Documents/06.10-13.10.2025/4Z/106MEDIA/DSCF0440.JPG,DSCF0440.JPG,4Z/106MEDIA,2,Western_Leopard_Toad,0.2520,3655.1,1655.2,3925.5,1923.4
/srv/shared_leopard_toad/2025/Documents/06.10-13.10.2025/4Z/106MEDIA/DSCF0857.JPG,DSCF0857.JPG,4Z/106MEDIA,2,Western_Leopard_Toad,0.3972,3653.1,1656.9,3926.8,1923.3
/srv/shared_leopard_toad/2025/Documents/06.10-13.10.2025/4Z/106MEDIA/DSCF0857.JPG,DSCF0857.JPG,4Z/106MEDIA,0,Other_Amphibian,0.2853,3227.0,1967.4,3352.6,2112.1
/srv/shared_leopard_toad/2025/Documents/06.10-13.10.2025/4Z/106MEDIA/DSCF0857.JPG,DSCF0857.JPG,4Z/106MEDIA,0,Other_Amphibian,0.2702,3219.7,1967.4,3349.7,2110.0
/srv/shared_leopard_toad/2025/Documents/06.10-13.10.2025/4Z/106MEDIA/DSCF0703.JPG,DSCF0703.JPG,4Z/106MEDIA,2,Western_Leopard_Toad,0.4413,3654.6,1656.8,3929.2,1922.9
/srv/shared_leopard_toad/2025/Documents/06.10-13.10.2025/4Z/106MEDIA/DSCF0779.JPG,DSCF0779.JPG,4Z/106MEDIA,2,Western_Leopard_Toad,0.4980,3652.5,1657.7,3928.6,1922.6
/srv/shared_leopard_toad/2025/Documents/06.10-13.10.2025/4Z/106MEDIA/DSCF0779.JPG,DSCF0779.JPG,4Z/106MEDIA,0,Other_Amphibian,0.3090,3220.5,1966.1,3346.6,2107.8
/srv/shared_leopard_toad/2025/Documents/06.10-13.10.2025/4Z/106MEDIA/DSCF0779.JPG,DSCF0779.JPG,4Z/106MEDIA,0,Other_Amphibian,0.2635,3229.7,1968.1,3350.4,2111.7
/srv/shared_leopard_toad/2025/Documents/06.10-13.10.2025/4Z/106MEDIA/DSCF0881.JPG,DSCF0881.JPG,4Z/106MEDIA,0,Other_Amphibian,0.3045,3228.3,1966.9,3349.3,2108.5
/srv/shared_leopard_toad/2025/Documents/06.10-13.10.2025/4Z/106MEDIA/DSCF0881.JPG,DSCF0881.JPG,4Z/106MEDIA,0,Other_Amphibian,0.2788,3220.4,1967.8,3347.6,2107.2
/srv/shared_leopard_toad/2025/Documents/06.10-13.10.2025/4Z/106MEDIA/DSCF0881.JPG,DSCF0881.JPG,4Z/106MEDIA,2,Western_Leopard_Toad,0.2583,3649.7,1658.8,3925.0,1923.5
/srv/shared_leopard_toad/2025/Documents/06.10-13.10.2025/4Z/106MEDIA/DSCF0075.JPG,DSCF0075.JPG,4Z/106MEDIA,0,Other_Amphibian,0.2894,3221.1,1966.1,3347.7,2107.6
/srv/shared_leopard_toad/2025/Documents/06.10-13.10.2025/4Z/106MEDIA/DSCF0075.JPG,DSCF0075.JPG,4Z/106MEDIA,0,Other_Amphibian,0.2601,3228.2,1968.3,3351.5,2110.8
/srv/shared_leopard_toad/2025/Documents/06.10-13.10.2025/4Z/106MEDIA/DSCF0075.JPG,DSCF0075.JPG,4Z/106MEDIA,0,Other_Amphibian,0.2332,3656.4,1654.6,3928.6,1922.3
/srv/shared_leopard_toad/2025/Documents/06.10-13.10.2025/4Z/106MEDIA/DSCF0571.JPG,DSCF0571.JPG,4Z/106MEDIA,2,Western_Leopard_Toad,0.3733,3656.5,1656.0,3927.5,1922.8
/srv/shared_leopard_toad/2025/Documents/06.10-13.10.2025/4Z/106MEDIA/DSCF0571.JPG,DSCF0571.JPG,4Z/106MEDIA,0,Other_Amphibian,0.2500,3224.2,1966.8,3350.1,2108.3
/srv/shared_leopard_toad/2025/Documents/06.10-13.10.2025/4Z/106MEDIA/DSCF0571.JPG,DSCF0571.JPG,4Z/106MEDIA,0,Other_Amphibian,0.2458,3224.7,1968.0,3347.5,2110.9
/srv/shared_leopard_toad/2025/Documents/06.10-13.10.2025/4Z/106MEDIA/DSCF0958.JPG,DSCF0958.JPG,4Z/106MEDIA,2,Western_Leopard_Toad,0.7667,3638.9,1660.3,3927.7,1921.8
/srv/shared_leopard_toad/2025/Documents/06.10-13.10.2025/4Z/106MEDIA/DSCF0958.JPG,DSCF0958.JPG,4Z/106MEDIA,0,Other_Amphibian,0.6995,3215.7,1955.0,3350.6,2116.5
/srv/shared_leopard_toad/2025/Documents/06.10-13.10.2025/4Z/106MEDIA/DSCF0958.JPG,DSCF0958.JPG,4Z/106MEDIA,0,Other_Amphibian,0.5731,3216.5,1956.0,3351.0,2117.3
/srv/shared_leopard_toad/2025/Documents/06.10-13.10.2025/4Z/106MEDIA/DSCF0958.JPG,DSCF0958.JPG,4Z/106MEDIA,2,Western_Leopard_Toad,0.2165,3652.2,1664.9,3936.8,1925.1
/srv/shared_leopard_toad/2025/Documents/06.10-13.10.2025/4Z/106MEDIA/DSCF0375.JPG,DSCF0375.JPG,4Z/106MEDIA,2,Western_Leopard_Toad,0.3188,3656.2,1655.5,3926.8,1921.9
/srv/shared_leopard_toad/2025/Documents/06.10-13.10.2025/4Z/106MEDIA/DSCF0375.JPG,DSCF0375.JPG,4Z/106MEDIA,0,Other_Amphibian,0.2247,3227.9,1967.8,3352.5,2107.8
/srv/shared_leopard_toad/2025/Documents/06.10-13.10.2025/4Z/106MEDIA/DSCF0375.JPG,DSCF0375.JPG,4Z/106MEDIA,0,Other_Amphibian,0.2205,3228.4,1971.3,3350.9,2111.9
/srv/shared_leopard_toad/2025/Documents/06.10-13.10.2025/4Z/106MEDIA/DSCF0929.JPG,DSCF0929.JPG,4Z/106MEDIA,2,Western_Leopard_Toad,0.6584,3641.3,1669.6,3918.7,1936.9
/srv/shared_leopard_toad/2025/Documents/06.10-13.10.2025/4Z/106MEDIA/DSCF0337.JPG,DSCF0337.JPG,4Z/106MEDIA,2,Western_Leopard_Toad,0.2256,3655.0,1656.5,3926.1,1923.2
/srv/shared_leopard_toad/2025/Documents/06.10-13.10.2025/4Z/106MEDIA/DSCF0639.JPG,DSCF0639.JPG,4Z/106MEDIA,2,Western_Leopard_Toad,0.3496,3655.4,1655.0,3929.3,1922.5
/srv/shared_leopard_toad/2025/Documents/06.10-13.10.2025/4Z/106MEDIA/DSCF0972.JPG,DSCF0972.JPG,4Z/106MEDIA,2,Western_Leopard_Toad,0.7354,3645.4,1660.8,3929.5,1920.5
/srv/shared_leopard_toad/2025/Documents/06.10-13.10.2025/4Z/106MEDIA/DSCF0972.JPG,DSCF0972.JPG,4Z/106MEDIA,0,Other_Amphibian,0.7339,3217.2,1957.4,3350.5,2115.4
/srv/shared_leopard_toad/2025/Documents/06.10-13.10.2025/4Z/106MEDIA/DSCF0972.JPG,DSCF0972.JPG,4Z/106MEDIA,0,Other_Amphibian,0.7133,3216.8,1957.2,3350.6,2115.2
/srv/shared_leopard_toad/2025/Documents/06.10-13.10.2025/4Z/106MEDIA/DSCF0316.JPG,DSCF0316.JPG,4Z/106MEDIA,2,Western_Leopard_Toad,0.3205,3652.6,1656.7,3925.5,1923.7
/srv/shared_leopard_toad/2025/Documents/06.10-13.10.2025/4Z/106MEDIA/DSCF0316.JPG,DSCF0316.JPG,4Z/106MEDIA,0,Other_Amphibian,0.2641,3228.8,1970.0,3352.7,2115.2
/srv/shared_leopard_toad/2025/Documents/06.10-13.10.2025/4Z/106MEDIA/DSCF0316.JPG,DSCF0316.JPG,4Z/106MEDIA,0,Other_Amphibian,0.2615,3219.9,1966.3,3347.3,2109.3
/srv/shared_leopard_toad/2025/Documents/06.10-13.10.2025/4Z/106MEDIA/DSCF0043.JPG,DSCF0043.JPG,4Z/106MEDIA,0,Other_Amphibian,0.2634,3220.5,1967.5,3348.3,2108.6
/srv/shared_leopard_toad/2025/Documents/06.10-13.10.2025/4Z/106MEDIA/DSCF0043.JPG,DSCF0043.JPG,4Z/106MEDIA,0,Other_Amphibian,0.2535,3229.8,1972.6,3351.7,2114.2
/srv/shared_leopard_toad/2025/Documents/06.10-13.10.2025/4Z/106MEDIA/DSCF0043.JPG,DSCF0043.JPG,4Z/106MEDIA,2,Western_Leopard_Toad,0.2246,3657.0,1655.2,3926.8,1923.8
/srv/shared_leopard_toad/2025/Documents/06.10-13.10.2025/4Z/106MEDIA/DSCF0275.JPG,DSCF0275.JPG,4Z/106MEDIA,2,Western_Leopard_Toad,0.2759,3656.0,1657.0,3925.6,1923.6
/srv/shared_leopard_toad/2025/Documents/06.10-13.10.2025/4Z/106MEDIA/DSCF0245.JPG,DSCF0245.JPG,4Z/106MEDIA,2,Western_Leopard_Toad,0.2794,3655.9,1658.1,3928.5,1923.6
/srv/shared_leopard_toad/2025/Documents/06.10-13.10.2025/4Z/106MEDIA/DSCF0245.JPG,DSCF0245.JPG,4Z/106MEDIA,0,Other_Amphibian,0.2430,3223.2,1967.1,3348.6,2105.7
/srv/shared_leopard_toad/2025/Documents/06.10-13.10.2025/4Z/106MEDIA/DSCF0603.JPG,DSCF0603.JPG,4Z/106MEDIA,0,Other_Amphibian,0.2466,3227.0,1968.4,3351.6,2111.6
/srv/shared_leopard_toad/2025/Documents/06.10-13.10.2025/4Z/106MEDIA/DSCF0603.JPG,DSCF0603.JPG,4Z/106MEDIA,0,Other_Amphibian,0.2430,3223.1,1966.6,3351.1,2108.5
/srv/shared_leopard_toad/2025/Documents/06.10-13.10.2025/4Z/106MEDIA/DSCF0603.JPG,DSCF0603.JPG,4Z/106MEDIA,2,Western_Leopard_Toad,0.2055,3655.1,1654.6,3925.4,1924.0
/srv/shared_leopard_toad/2025/Documents/06.10-13.10.2025/4Z/106MEDIA/DSCF0492.JPG,DSCF0492.JPG,4Z/106MEDIA,2,Western_Leopard_Toad,0.3906,3656.0,1656.3,3930.8,1922.5
/srv/shared_leopard_toad/2025/Documents/06.10-13.10.2025/4Z/106MEDIA/DSCF0492.JPG,DSCF0492.JPG,4Z/106MEDIA,0,Other_Amphibian,0.2614,3223.0,1968.0,3349.0,2107.2
/srv/shared_leopard_toad/2025/Documents/06.10-13.10.2025/4Z/106MEDIA/DSCF0530.JPG,DSCF0530.JPG,4Z/106MEDIA,2,Western_Leopard_Toad,0.2508,3651.8,1656.4,3925.5,1923.2
/srv/shared_leopard_toad/2025/Documents/06.10-13.10.2025/4Z/106MEDIA/DSCF0654.JPG,DSCF0654.JPG,4Z/106MEDIA,0,Other_Amphibian,0.3059,3226.1,1966.2,3349.3,2109.2
/srv/shared_leopard_toad/2025/Documents/06.10-13.10.2025/4Z/106MEDIA/DSCF0654.JPG,DSCF0654.JPG,4Z/106MEDIA,0,Other_Amphibian,0.2987,3219.9,1966.6,3347.7,2107.0
/srv/shared_leopard_toad/2025/Documents/06.10-13.10.2025/4Z/106MEDIA/DSCF0654.JPG,DSCF0654.JPG,4Z/106MEDIA,2,Western_Leopard_Toad,0.2093,3654.4,1655.9,3925.8,1924.3
/srv/shared_leopard_toad/2025/Documents/06.10-13.10.2025/4Z/106MEDIA/DSCF0887.JPG,DSCF0887.JPG,4Z/106MEDIA,0,Other_Amphibian,0.2329,3228.4,1969.2,3348.7,2114.0
/srv/shared_leopard_toad/2025/Documents/06.10-13.10.2025/4Z/106MEDIA/DSCF0521.JPG,DSCF0521.JPG,4Z/106MEDIA,2,Western_Leopard_Toad,0.2502,3652.6,1657.6,3924.8,1923.5
/srv/shared_leopard_toad/2025/Documents/06.10-13.10.2025/4Z/106MEDIA/DSCF0521.JPG,DSCF0521.JPG,4Z/106MEDIA,0,Other_Amphibian,0.2035,3222.1,1966.7,3346.8,2107.3
/srv/shared_leopard_toad/2025/Documents/06.10-13.10.2025/4Z/106MEDIA/DSCF0132.JPG,DSCF0132.JPG,4Z/106MEDIA,2,Western_Leopard_Toad,0.2485,3655.0,1656.1,3926.1,1923.2
/srv/shared_leopard_toad/2025/Documents/06.10-13.10.2025/4Z/106MEDIA/DSCF0457.JPG,DSCF0457.JPG,4Z/106MEDIA,2,Western_Leopard_Toad,0.4409,3653.8,1651.3,3929.9,1922.8
/srv/shared_leopard_toad/2025/Documents/06.10-13.10.2025/4Z/106MEDIA/DSCF0457.JPG,DSCF0457.JPG,4Z/106MEDIA,0,Other_Amphibian,0.2585,3221.0,1968.5,3348.0,2107.7
/srv/shared_leopard_toad/2025/Documents/06.10-13.10.2025/4Z/106MEDIA/DSCF0126.JPG,DSCF0126.JPG,4Z/106MEDIA,2,Western_Leopard_Toad,0.2917,3655.0,1654.9,3927.7,1923.1
/srv/shared_leopard_toad/2025/Documents/06.10-13.10.2025/4Z/106MEDIA/DSCF0971.JPG,DSCF0971.JPG,4Z/106MEDIA,2,Western_Leopard_Toad,0.8069,3646.2,1660.5,3930.6,1925.3
/srv/shared_leopard_toad/2025/Documents/06.10-13.10.2025/4Z/106MEDIA/DSCF0971.JPG,DSCF0971.JPG,4Z/106MEDIA,0,Other_Amphibian,0.6660,3216.6,1959.8,3349.8,2116.7
/srv/shared_leopard_toad/2025/Documents/06.10-13.10.2025/4Z/106MEDIA/DSCF0971.JPG,DSCF0971.JPG,4Z/106MEDIA,0,Other_Amphibian,0.6562,3218.8,1959.7,3349.8,2116.8
/srv/shared_leopard_toad/2025/Documents/06.10-13.10.2025/4Z/106MEDIA/DSCF0456.JPG,DSCF0456.JPG,4Z/106MEDIA,2,Western_Leopard_Toad,0.4105,3654.7,1653.1,3930.5,1923.4
/srv/shared_leopard_toad/2025/Documents/06.10-13.10.2025/4Z/106MEDIA/DSCF0456.JPG,DSCF0456.JPG,4Z/106MEDIA,0,Other_Amphibian,0.2993,3222.2,1967.3,3346.8,2108.1
/srv/shared_leopard_toad/2025/Documents/06.10-13.10.2025/4Z/106MEDIA/DSCF0456.JPG,DSCF0456.JPG,4Z/106MEDIA,0,Other_Amphibian,0.2308,3230.7,1975.1,3351.3,2116.5
/srv/shared_leopard_toad/2025/Documents/06.10-13.10.2025/4Z/106MEDIA/DSCF0954.JPG,DSCF0954.JPG,4Z/106MEDIA,0,Other_Amphibian,0.7291,3219.2,1959.8,3356.3,2116.4
/srv/shared_leopard_toad/2025/Documents/06.10-13.10.2025/4Z/106MEDIA/DSCF0954.JPG,DSCF0954.JPG,4Z/106MEDIA,2,Western_Leopard_Toad,0.7248,3648.0,1659.2,3923.7,1922.0
/srv/shared_leopard_toad/2025/Documents/06.10-13.10.2025/4Z/106MEDIA/DSCF0954.JPG,DSCF0954.JPG,4Z/106MEDIA,0,Other_Amphibian,0.6834,3216.7,1959.8,3352.7,2116.8
/srv/shared_leopard_toad/2025/Documents/06.10-13.10.2025/4Z/106MEDIA/DSCF0799.JPG,DSCF0799.JPG,4Z/106MEDIA,2,Western_Leopard_Toad,0.3661,3655.3,1654.1,3927.3,1922.9
/srv/shared_leopard_toad/2025/Documents/06.10-13.10.2025/4Z/106MEDIA/DSCF0799.JPG,DSCF0799.JPG,4Z/106MEDIA,0,Other_Amphibian,0.2309,3221.9,1967.9,3348.2,2108.5
/srv/shared_leopard_toad/2025/Documents/06.10-13.10.2025/4Z/106MEDIA/DSCF0799.JPG,DSCF0799.JPG,4Z/106MEDIA,0,Other_Amphibian,0.2146,3221.4,1972.4,3342.8,2114.3
/srv/shared_leopard_toad/2025/Documents/06.10-13.10.2025/4Z/106MEDIA/DSCF0249.JPG,DSCF0249.JPG,4Z/106MEDIA,2,Western_Leopard_Toad,0.3484,3655.4,1653.6,3926.9,1923.5
/srv/shared_leopard_toad/2025/Documents/06.10-13.10.2025/4Z/106MEDIA/DSCF0093.JPG,DSCF0093.JPG,4Z/106MEDIA,0,Other_Amphibian,0.3056,3222.2,1966.5,3348.1,2106.5
/srv/shared_leopard_toad/2025/Documents/06.10-13.10.2025/4Z/106MEDIA/DSCF0093.JPG,DSCF0093.JPG,4Z/106MEDIA,0,Other_Amphibian,0.2673,3227.8,1968.3,3350.0,2108.9
/srv/shared_leopard_toad/2025/Documents/06.10-13.10.2025/4Z/106MEDIA/DSCF0093.JPG,DSCF0093.JPG,4Z/106MEDIA,2,Western_Leopard_Toad,0.2483,3652.2,1659.3,3927.4,1924.7
/srv/shared_leopard_toad/2025/Documents/06.10-13.10.2025/4Z/106MEDIA/DSCF0355.JPG,DSCF0355.JPG,4Z/106MEDIA,2,Western_Leopard_Toad,0.3123,3654.4,1657.3,3926.4,1923.7
/srv/shared_leopard_toad/2025/Documents/06.10-13.10.2025/4Z/106MEDIA/DSCF0355.JPG,DSCF0355.JPG,4Z/106MEDIA,0,Other_Amphibian,0.2403,3221.2,1966.4,3347.6,2106.9
/srv/shared_leopard_toad/2025/Documents/06.10-13.10.2025/4Z/106MEDIA/DSCF0355.JPG,DSCF0355.JPG,4Z/106MEDIA,0,Other_Amphibian,0.2327,3230.2,1972.8,3351.5,2115.0
/srv/shared_leopard_toad/2025/Documents/06.10-13.10.2025/4Z/106MEDIA/DSCF0083.JPG,DSCF0083.JPG,4Z/106MEDIA,2,Western_Leopard_Toad,0.3203,3655.2,1656.5,3931.4,1923.2
/srv/shared_leopard_toad/2025/Documents/06.10-13.10.2025/4Z/106MEDIA/DSCF0083.JPG,DSCF0083.JPG,4Z/106MEDIA,0,Other_Amphibian,0.2772,3220.9,1966.9,3347.4,2106.6
/srv/shared_leopard_toad/2025/Documents/06.10-13.10.2025/4Z/106MEDIA/DSCF0083.JPG,DSCF0083.JPG,4Z/106MEDIA,0,Other_Amphibian,0.2278,3229.0,1970.7,3351.4,2111.4
/srv/shared_leopard_toad/2025/Documents/06.10-13.10.2025/4Z/106MEDIA/DSCF0682.JPG,DSCF0682.JPG,4Z/106MEDIA,2,Western_Leopard_Toad,0.4058,3656.2,1657.1,3929.5,1924.0
/srv/shared_leopard_toad/2025/Documents/06.10-13.10.2025/4Z/106MEDIA/DSCF0682.JPG,DSCF0682.JPG,4Z/106MEDIA,0,Other_Amphibian,0.2317,3221.1,1968.5,3349.4,2109.5
/srv/shared_leopard_toad/2025/Documents/06.10-13.10.2025/4Z/106MEDIA/DSCF0682.JPG,DSCF0682.JPG,4Z/106MEDIA,0,Other_Amphibian,0.2198,3224.3,1973.4,3349.1,2115.6
/srv/shared_leopard_toad/2025/Documents/06.10-13.10.2025/4Z/106MEDIA/DSCF0535.JPG,DSCF0535.JPG,4Z/106MEDIA,0,Other_Amphibian,0.2571,3224.3,1969.3,3347.3,2110.3
/srv/shared_leopard_toad/2025/Documents/06.10-13.10.2025/4Z/106MEDIA/DSCF0535.JPG,DSCF0535.JPG,4Z/106MEDIA,0,Other_Amphibian,0.2536,3224.8,1967.4,3351.2,2106.8
/srv/shared_leopard_toad/2025/Documents/06.10-13.10.2025/4Z/106MEDIA/DSCF0285.JPG,DSCF0285.JPG,4Z/106MEDIA,0,Other_Amphibian,0.2309,3226.2,1967.2,3349.6,2108.3
/srv/shared_leopard_toad/2025/Documents/06.10-13.10.2025/4Z/106MEDIA/DSCF0285.JPG,DSCF0285.JPG,4Z/106MEDIA,0,Other_Amphibian,0.2274,3230.2,1974.3,3348.9,2117.0
/srv/shared_leopard_toad/2025/Documents/06.10-13.10.2025/4Z/106MEDIA/DSCF0787.JPG,DSCF0787.JPG,4Z/106MEDIA,0,Other_Amphibian,0.2703,3219.6,1965.6,3350.2,2108.8
/srv/shared_leopard_toad/2025/Documents/06.10-13.10.2025/4Z/106MEDIA/DSCF0787.JPG,DSCF0787.JPG,4Z/106MEDIA,0,Other_Amphibian,0.2633,3226.4,1966.2,3352.9,2111.1
/srv/shared_leopard_toad/2025/Documents/06.10-13.10.2025/4Z/106MEDIA/DSCF0787.JPG,DSCF0787.JPG,4Z/106MEDIA,2,Western_Leopard_Toad,0.2196,3651.0,1657.1,3925.3,1924.5
/srv/shared_leopard_toad/2025/Documents/06.10-13.10.2025/4Z/106MEDIA/DSCF0756.JPG,DSCF0756.JPG,4Z/106MEDIA,0,Other_Amphibian,0.3010,3224.5,1965.2,3349.2,2110.0
/srv/shared_leopard_toad/2025/Documents/06.10-13.10.2025/4Z/106MEDIA/DSCF0756.JPG,DSCF0756.JPG,4Z/106MEDIA,0,Other_Amphibian,0.2976,3220.0,1965.8,3347.8,2109.1
/srv/shared_leopard_toad/2025/Documents/06.10-13.10.2025/4Z/106MEDIA/DSCF0756.JPG,DSCF0756.JPG,4Z/106MEDIA,2,Western_Leopard_Toad,0.2740,3654.6,1654.3,3927.3,1923.3
/srv/shared_leopard_toad/2025/Documents/06.10-13.10.2025/4Z/106MEDIA/DSCF0199.JPG,DSCF0199.JPG,4Z/106MEDIA,2,Western_Leopard_Toad,0.2806,3654.4,1654.9,3925.8,1923.5
/srv/shared_leopard_toad/2025/Documents/06.10-13.10.2025/4Z/106MEDIA/DSCF0199.JPG,DSCF0199.JPG,4Z/106MEDIA,0,Other_Amphibian,0.2802,3223.6,1966.2,3346.9,2106.7
/srv/shared_leopard_toad/2025/Documents/06.10-13.10.2025/4Z/106MEDIA/DSCF0199.JPG,DSCF0199.JPG,4Z/106MEDIA,0,Other_Amphibian,0.2538,3228.7,1969.6,3349.0,2110.3
/srv/shared_leopard_toad/2025/Documents/06.10-13.10.2025/4Z/106MEDIA/DSCF0517.JPG,DSCF0517.JPG,4Z/106MEDIA,2,Western_Leopard_Toad,0.2908,3654.7,1654.3,3926.9,1922.2
/srv/shared_leopard_toad/2025/Documents/06.10-13.10.2025/4Z/106MEDIA/DSCF0281.JPG,DSCF0281.JPG,4Z/106MEDIA,2,Western_Leopard_Toad,0.4345,3654.1,1655.3,3929.9,1922.3
/srv/shared_leopard_toad/2025/Documents/06.10-13.10.2025/4Z/106MEDIA/DSCF0281.JPG,DSCF0281.JPG,4Z/106MEDIA,0,Other_Amphibian,0.2282,3223.2,1968.0,3348.8,2107.2
/srv/shared_leopard_toad/2025/Documents/06.10-13.10.2025/4Z/106MEDIA/DSCF0281.JPG,DSCF0281.JPG,4Z/106MEDIA,0,Other_Amphibian,0.2031,3229.0,1974.1,3351.2,2113.5
/srv/shared_leopard_toad/2025/Documents/06.10-13.10.2025/4Z/106MEDIA/DSCF0614.JPG,DSCF0614.JPG,4Z/106MEDIA,2,Western_Leopard_Toad,0.4867,3654.6,1655.7,3929.6,1922.1
/srv/shared_leopard_toad/2025/Documents/06.10-13.10.2025/4Z/106MEDIA/DSCF0614.JPG,DSCF0614.JPG,4Z/106MEDIA,0,Other_Amphibian,0.3175,3219.2,1965.9,3347.2,2109.4
/srv/shared_leopard_toad/2025/Documents/06.10-13.10.2025/4Z/106MEDIA/DSCF0614.JPG,DSCF0614.JPG,4Z/106MEDIA,0,Other_Amphibian,0.2811,3226.0,1968.4,3349.8,2113.6
/srv/shared_leopard_toad/2025/Documents/06.10-13.10.2025/4Z/106MEDIA/DSCF0674.JPG,DSCF0674.JPG,4Z/106MEDIA,2,Western_Leopard_Toad,0.2893,3654.9,1657.0,3924.8,1923.6
/srv/shared_leopard_toad/2025/Documents/06.10-13.10.2025/4Z/106MEDIA/DSCF0674.JPG,DSCF0674.JPG,4Z/106MEDIA,0,Other_Amphibian,0.2604,3222.2,1966.5,3347.6,2108.2
/srv/shared_leopard_toad/2025/Documents/06.10-13.10.2025/4Z/106MEDIA/DSCF0674.JPG,DSCF0674.JPG,4Z/106MEDIA,0,Other_Amphibian,0.2407,3229.0,1969.2,3350.5,2112.2
/srv/shared_leopard_toad/2025/Documents/06.10-13.10.2025/4Z/106MEDIA/DSCF0597.JPG,DSCF0597.JPG,4Z/106MEDIA,2,Western_Leopard_Toad,0.2570,3653.3,1656.0,3925.1,1924.4
/srv/shared_leopard_toad/2025/Documents/06.10-13.10.2025/4Z/106MEDIA/DSCF0597.JPG,DSCF0597.JPG,4Z/106MEDIA,0,Other_Amphibian,0.2448,3223.2,1966.2,3347.3,2108.0
/srv/shared_leopard_toad/2025/Documents/06.10-13.10.2025/4Z/106MEDIA/DSCF0597.JPG,DSCF0597.JPG,4Z/106MEDIA,0,Other_Amphibian,0.2432,3229.1,1967.3,3349.4,2110.6
/srv/shared_leopard_toad/2025/Documents/06.10-13.10.2025/4Z/106MEDIA/DSCF0120.JPG,DSCF0120.JPG,4Z/106MEDIA,0,Other_Amphibian,0.2357,3228.4,1967.8,3353.4,2111.4
/srv/shared_leopard_toad/2025/Documents/06.10-13.10.2025/4Z/106MEDIA/DSCF0120.JPG,DSCF0120.JPG,4Z/106MEDIA,0,Other_Amphibian,0.2246,3221.4,1967.1,3349.9,2108.5
/srv/shared_leopard_toad/2025/Documents/06.10-13.10.2025/4Z/106MEDIA/DSCF0715.JPG,DSCF0715.JPG,4Z/106MEDIA,2,Western_Leopard_Toad,0.5068,3654.3,1656.4,3928.1,1924.1
/srv/shared_leopard_toad/2025/Documents/06.10-13.10.2025/4Z/106MEDIA/DSCF0715.JPG,DSCF0715.JPG,4Z/106MEDIA,0,Other_Amphibian,0.2253,3220.6,1968.8,3346.5,2107.5
/srv/shared_leopard_toad/2025/Documents/06.10-13.10.2025/4Z/106MEDIA/DSCF0715.JPG,DSCF0715.JPG,4Z/106MEDIA,0,Other_Amphibian,0.2011,3222.3,1972.1,3343.0,2111.8
/srv/shared_leopard_toad/2025/Documents/06.10-13.10.2025/4Z/106MEDIA/DSCF0364.JPG,DSCF0364.JPG,4Z/106MEDIA,0,Other_Amphibian,0.2349,3231.1,1973.2,3353.5,2115.6
/srv/shared_leopard_toad/2025/Documents/06.10-13.10.2025/4Z/106MEDIA/DSCF0364.JPG,DSCF0364.JPG,4Z/106MEDIA,0,Other_Amphibian,0.2255,3222.5,1967.6,3349.7,2108.4
/srv/shared_leopard_toad/2025/Documents/06.10-13.10.2025/4Z/106MEDIA/DSCF0364.JPG,DSCF0364.JPG,4Z/106MEDIA,2,Western_Leopard_Toad,0.2199,3656.3,1656.6,3925.1,1923.5
/srv/shared_leopard_toad/2025/Documents/06.10-13.10.2025/4Z/106MEDIA/DSCF0673.JPG,DSCF0673.JPG,4Z/106MEDIA,2,Western_Leopard_Toad,0.2946,3654.7,1657.7,3926.2,1925.0
/srv/shared_leopard_toad/2025/Documents/06.10-13.10.2025/4Z/106MEDIA/DSCF0673.JPG,DSCF0673.JPG,4Z/106MEDIA,0,Other_Amphibian,0.2019,3222.1,1969.9,3346.3,2114.1
/srv/shared_leopard_toad/2025/Documents/06.10-13.10.2025/4Z/106MEDIA/DSCF0255.JPG,DSCF0255.JPG,4Z/106MEDIA,0,Other_Amphibian,0.3387,3222.1,1967.3,3345.8,2107.5
/srv/shared_leopard_toad/2025/Documents/06.10-13.10.2025/4Z/106MEDIA/DSCF0255.JPG,DSCF0255.JPG,4Z/106MEDIA,0,Other_Amphibian,0.2857,3228.2,1969.2,3347.9,2109.8
/srv/shared_leopard_toad/2025/Documents/06.10-13.10.2025/4Z/106MEDIA/DSCF0255.JPG,DSCF0255.JPG,4Z/106MEDIA,2,Western_Leopard_Toad,0.2148,3654.7,1656.8,3922.7,1923.1
/srv/shared_leopard_toad/2025/Documents/06.10-13.10.2025/4Z/106MEDIA/DSCF0477.JPG,DSCF0477.JPG,4Z/106MEDIA,2,Western_Leopard_Toad,0.5008,3654.8,1656.6,3929.6,1922.5
/srv/shared_leopard_toad/2025/Documents/06.10-13.10.2025/4Z/106MEDIA/DSCF0477.JPG,DSCF0477.JPG,4Z/106MEDIA,0,Other_Amphibian,0.2850,3220.8,1967.8,3345.7,2106.7
/srv/shared_leopard_toad/2025/Documents/06.10-13.10.2025/4Z/106MEDIA/DSCF0477.JPG,DSCF0477.JPG,4Z/106MEDIA,0,Other_Amphibian,0.2205,3231.1,1976.7,3350.6,2116.4
/srv/shared_leopard_toad/2025/Documents/06.10-13.10.2025/4Z/106MEDIA/DSCF0166.JPG,DSCF0166.JPG,4Z/106MEDIA,2,Western_Leopard_Toad,0.4389,3655.1,1657.8,3927.8,1922.1
/srv/shared_leopard_toad/2025/Documents/06.10-13.10.2025/4Z/106MEDIA/DSCF0166.JPG,DSCF0166.JPG,4Z/106MEDIA,0,Other_Amphibian,0.2653,3223.2,1967.5,3347.3,2107.5
/srv/shared_leopard_toad/2025/Documents/06.10-13.10.2025/4Z/106MEDIA/DSCF0166.JPG,DSCF0166.JPG,4Z/106MEDIA,0,Other_Amphibian,0.2188,3229.3,1975.0,3350.3,2115.9
/srv/shared_leopard_toad/2025/Documents/06.10-13.10.2025/4Z/106MEDIA/DSCF0441.JPG,DSCF0441.JPG,4Z/106MEDIA,2,Western_Leopard_Toad,0.3647,3657.6,1657.8,3928.7,1922.8
/srv/shared_leopard_toad/2025/Documents/06.10-13.10.2025/4Z/106MEDIA/DSCF0441.JPG,DSCF0441.JPG,4Z/106MEDIA,0,Other_Amphibian,0.2395,3223.5,1968.1,3349.9,2107.1
/srv/shared_leopard_toad/2025/Documents/06.10-13.10.2025/4Z/106MEDIA/DSCF0441.JPG,DSCF0441.JPG,4Z/106MEDIA,0,Other_Amphibian,0.2193,3231.6,1974.8,3353.4,2115.1
/srv/shared_leopard_toad/2025/Documents/06.10-13.10.2025/4Z/106MEDIA/DSCF0810.JPG,DSCF0810.JPG,4Z/106MEDIA,0,Other_Amphibian,0.2371,3223.5,1969.2,3345.5,2110.4
/srv/shared_leopard_toad/2025/Documents/06.10-13.10.2025/4Z/106MEDIA/DSCF0810.JPG,DSCF0810.JPG,4Z/106MEDIA,2,Western_Leopard_Toad,0.2349,3650.6,1655.6,3924.9,1924.0
/srv/shared_leopard_toad/2025/Documents/06.10-13.10.2025/4Z/106MEDIA/DSCF0810.JPG,DSCF0810.JPG,4Z/106MEDIA,0,Other_Amphibian,0.2283,3226.8,1968.5,3352.0,2108.5
/srv/shared_leopard_toad/2025/Documents/06.10-13.10.2025/4Z/106MEDIA/DSCF0976.JPG,DSCF0976.JPG,4Z/106MEDIA,2,Western_Leopard_Toad,0.8582,3643.8,1660.8,3930.6,1924.6
/srv/shared_leopard_toad/2025/Documents/06.10-13.10.2025/4Z/106MEDIA/DSCF0976.JPG,DSCF0976.JPG,4Z/106MEDIA,0,Other_Amphibian,0.3858,3218.2,1961.0,3352.0,2117.0
/srv/shared_leopard_toad/2025/Documents/06.10-13.10.2025/4Z/106MEDIA/DSCF0814.JPG,DSCF0814.JPG,4Z/106MEDIA,2,Western_Leopard_Toad,0.4012,3652.8,1655.9,3925.8,1922.9
/srv/shared_leopard_toad/2025/Documents/06.10-13.10.2025/4Z/106MEDIA/DSCF0814.JPG,DSCF0814.JPG,4Z/106MEDIA,0,Other_Amphibian,0.3257,3220.7,1964.7,3346.6,2106.7
/srv/shared_leopard_toad/2025/Documents/06.10-13.10.2025/4Z/106MEDIA/DSCF0814.JPG,DSCF0814.JPG,4Z/106MEDIA,0,Other_Amphibian,0.2987,3226.9,1964.8,3349.1,2108.1
/srv/shared_leopard_toad/2025/Documents/06.10-13.10.2025/4Z/106MEDIA/DSCF0698.JPG,DSCF0698.JPG,4Z/106MEDIA,2,Western_Leopard_Toad,0.2607,3653.9,1656.5,3926.8,1924.4
/srv/shared_leopard_toad/2025/Documents/06.10-13.10.2025/4Z/106MEDIA/DSCF0698.JPG,DSCF0698.JPG,4Z/106MEDIA,0,Other_Amphibian,0.2339,3223.1,1969.1,3348.7,2112.0
/srv/shared_leopard_toad/2025/Documents/06.10-13.10.2025/4Z/106MEDIA/DSCF0698.JPG,DSCF0698.JPG,4Z/106MEDIA,0,Other_Amphibian,0.2042,3221.9,1969.4,3351.4,2110.0
/srv/shared_leopard_toad/2025/Documents/06.10-13.10.2025/4Z/106MEDIA/DSCF0475.JPG,DSCF0475.JPG,4Z/106MEDIA,0,Other_Amphibian,0.3184,3655.3,1652.8,3925.6,1923.2
/srv/shared_leopard_toad/2025/Documents/06.10-13.10.2025/4Z/106MEDIA/DSCF0475.JPG,DSCF0475.JPG,4Z/106MEDIA,0,Other_Amphibian,0.2409,3228.4,1970.9,3351.2,2113.3
/srv/shared_leopard_toad/2025/Documents/06.10-13.10.2025/4Z/106MEDIA/DSCF0475.JPG,DSCF0475.JPG,4Z/106MEDIA,0,Other_Amphibian,0.2384,3220.4,1967.0,3347.8,2107.5
/srv/shared_leopard_toad/2025/Documents/06.10-13.10.2025/4Z/106MEDIA/DSCF0219.JPG,DSCF0219.JPG,4Z/106MEDIA,2,Western_Leopard_Toad,0.2457,3657.6,1655.4,3924.7,1921.6
/srv/shared_leopard_toad/2025/Documents/06.10-13.10.2025/4Z/106MEDIA/DSCF0219.JPG,DSCF0219.JPG,4Z/106MEDIA,0,Other_Amphibian,0.2272,3220.4,1966.9,3346.0,2108.1
/srv/shared_leopard_toad/2025/Documents/06.10-13.10.2025/4Z/106MEDIA/DSCF0219.JPG,DSCF0219.JPG,4Z/106MEDIA,0,Other_Amphibian,0.2064,3228.5,1973.4,3350.0,2115.2
/srv/shared_leopard_toad/2025/Documents/06.10-13.10.2025/4Z/106MEDIA/DSCF0480.JPG,DSCF0480.JPG,4Z/106MEDIA,2,Western_Leopard_Toad,0.3162,3655.2,1657.0,3928.0,1922.8
/srv/shared_leopard_toad/2025/Documents/06.10-13.10.2025/4Z/106MEDIA/DSCF0480.JPG,DSCF0480.JPG,4Z/106MEDIA,0,Other_Amphibian,0.3161,3220.2,1966.6,3347.5,2107.8
/srv/shared_leopard_toad/2025/Documents/06.10-13.10.2025/4Z/106MEDIA/DSCF0480.JPG,DSCF0480.JPG,4Z/106MEDIA,0,Other_Amphibian,0.2707,3226.4,1969.6,3349.9,2111.2
/srv/shared_leopard_toad/2025/Documents/06.10-13.10.2025/4Z/106MEDIA/DSCF0737.JPG,DSCF0737.JPG,4Z/106MEDIA,0,Other_Amphibian,0.3637,3218.1,1965.3,3348.7,2108.6
/srv/shared_leopard_toad/2025/Documents/06.10-13.10.2025/4Z/106MEDIA/DSCF0737.JPG,DSCF0737.JPG,4Z/106MEDIA,0,Other_Amphibian,0.3499,3225.7,1965.1,3350.8,2110.1
/srv/shared_leopard_toad/2025/Documents/06.10-13.10.2025/4Z/106MEDIA/DSCF0737.JPG,DSCF0737.JPG,4Z/106MEDIA,2,Western_Leopard_Toad,0.3462,3655.4,1657.0,3927.8,1922.7
/srv/shared_leopard_toad/2025/Documents/06.10-13.10.2025/4Z/106MEDIA/DSCF0330.JPG,DSCF0330.JPG,4Z/106MEDIA,2,Western_Leopard_Toad,0.3531,3656.4,1654.9,3929.0,1922.9
/srv/shared_leopard_toad/2025/Documents/06.10-13.10.2025/4Z/106MEDIA/DSCF0428.JPG,DSCF0428.JPG,4Z/106MEDIA,0,Other_Amphibian,0.2708,3221.8,1966.7,3349.0,2107.4
/srv/shared_leopard_toad/2025/Documents/06.10-13.10.2025/4Z/106MEDIA/DSCF0428.JPG,DSCF0428.JPG,4Z/106MEDIA,0,Other_Amphibian,0.2555,3228.7,1969.7,3352.4,2112.0
/srv/shared_leopard_toad/2025/Documents/06.10-13.10.2025/4Z/106MEDIA/DSCF0428.JPG,DSCF0428.JPG,4Z/106MEDIA,0,Other_Amphibian,0.2438,3656.7,1654.7,3927.7,1922.5
/srv/shared_leopard_toad/2025/Documents/06.10-13.10.2025/4Z/106MEDIA/DSCF0749.JPG,DSCF0749.JPG,4Z/106MEDIA,2,Western_Leopard_Toad,0.2915,3653.7,1655.9,3927.1,1924.0
/srv/shared_leopard_toad/2025/Documents/06.10-13.10.2025/4Z/106MEDIA/DSCF0749.JPG,DSCF0749.JPG,4Z/106MEDIA,0,Other_Amphibian,0.2253,3223.8,1967.9,3349.7,2108.0
/srv/shared_leopard_toad/2025/Documents/06.10-13.10.2025/4Z/106MEDIA/DSCF0749.JPG,DSCF0749.JPG,4Z/106MEDIA,0,Other_Amphibian,0.2176,3225.1,1971.0,3347.0,2112.0
/srv/shared_leopard_toad/2025/Documents/06.10-13.10.2025/4Z/106MEDIA/DSCF0684.JPG,DSCF0684.JPG,4Z/106MEDIA,2,Western_Leopard_Toad,0.2304,3655.2,1656.9,3925.5,1924.4
/srv/shared_leopard_toad/2025/Documents/06.10-13.10.2025/4Z/106MEDIA/DSCF0684.JPG,DSCF0684.JPG,4Z/106MEDIA,0,Other_Amphibian,0.2090,3225.7,1969.9,3351.4,2113.1
/srv/shared_leopard_toad/2025/Documents/06.10-13.10.2025/4Z/106MEDIA/DSCF0177.JPG,DSCF0177.JPG,4Z/106MEDIA,2,Western_Leopard_Toad,0.4365,3654.5,1655.5,3928.1,1922.9
/srv/shared_leopard_toad/2025/Documents/06.10-13.10.2025/4Z/106MEDIA/DSCF0177.JPG,DSCF0177.JPG,4Z/106MEDIA,0,Other_Amphibian,0.3083,3220.3,1966.6,3346.1,2107.7
/srv/shared_leopard_toad/2025/Documents/06.10-13.10.2025/4Z/106MEDIA/DSCF0177.JPG,DSCF0177.JPG,4Z/106MEDIA,0,Other_Amphibian,0.2655,3228.3,1968.9,3350.5,2110.5
/srv/shared_leopard_toad/2025/Documents/06.10-13.10.2025/4Z/106MEDIA/DSCF0296.JPG,DSCF0296.JPG,4Z/106MEDIA,2,Western_Leopard_Toad,0.3218,3655.4,1656.2,3927.9,1922.0
/srv/shared_leopard_toad/2025/Documents/06.10-13.10.2025/4Z/106MEDIA/DSCF0427.JPG,DSCF0427.JPG,4Z/106MEDIA,2,Western_Leopard_Toad,0.3359,3656.5,1657.6,3928.1,1922.2
/srv/shared_leopard_toad/2025/Documents/06.10-13.10.2025/4Z/106MEDIA/DSCF0427.JPG,DSCF0427.JPG,4Z/106MEDIA,0,Other_Amphibian,0.3069,3221.7,1966.9,3349.0,2106.9
/srv/shared_leopard_toad/2025/Documents/06.10-13.10.2025/4Z/106MEDIA/DSCF0427.JPG,DSCF0427.JPG,4Z/106MEDIA,0,Other_Amphibian,0.2623,3229.0,1972.0,3351.8,2113.4
/srv/shared_leopard_toad/2025/Documents/06.10-13.10.2025/4Z/106MEDIA/DSCF0743.JPG,DSCF0743.JPG,4Z/106MEDIA,2,Western_Leopard_Toad,0.3364,3653.2,1653.0,3927.5,1923.8
/srv/shared_leopard_toad/2025/Documents/06.10-13.10.2025/4Z/106MEDIA/DSCF0743.JPG,DSCF0743.JPG,4Z/106MEDIA,0,Other_Amphibian,0.2487,3226.8,1969.1,3351.0,2108.5
/srv/shared_leopard_toad/2025/Documents/06.10-13.10.2025/4Z/106MEDIA/DSCF0743.JPG,DSCF0743.JPG,4Z/106MEDIA,0,Other_Amphibian,0.2447,3221.8,1972.0,3343.7,2111.8
/srv/shared_leopard_toad/2025/Documents/06.10-13.10.2025/4Z/106MEDIA/DSCF0046.JPG,DSCF0046.JPG,4Z/106MEDIA,2,Western_Leopard_Toad,0.3229,3654.9,1656.2,3930.9,1923.5
/srv/shared_leopard_toad/2025/Documents/06.10-13.10.2025/4Z/106MEDIA/DSCF0046.JPG,DSCF0046.JPG,4Z/106MEDIA,0,Other_Amphibian,0.3192,3222.2,1967.6,3347.7,2107.4
/srv/shared_leopard_toad/2025/Documents/06.10-13.10.2025/4Z/106MEDIA/DSCF0046.JPG,DSCF0046.JPG,4Z/106MEDIA,0,Other_Amphibian,0.2890,3228.0,1968.2,3349.8,2108.8
/srv/shared_leopard_toad/2025/Documents/06.10-13.10.2025/4Z/106MEDIA/DSCF0071.JPG,DSCF0071.JPG,4Z/106MEDIA,2,Western_Leopard_Toad,0.3236,3655.9,1657.0,3928.4,1923.4
/srv/shared_leopard_toad/2025/Documents/06.10-13.10.2025/4Z/106MEDIA/DSCF0071.JPG,DSCF0071.JPG,4Z/106MEDIA,0,Other_Amphibian,0.2297,3222.9,1965.7,3348.1,2107.1
/srv/shared_leopard_toad/2025/Documents/06.10-13.10.2025/4Z/106MEDIA/DSCF0028.JPG,DSCF0028.JPG,4Z/106MEDIA,0,Other_Amphibian,0.2853,3657.6,1654.4,3928.5,1924.2
/srv/shared_leopard_toad/2025/Documents/06.10-13.10.2025/4Z/106MEDIA/DSCF0028.JPG,DSCF0028.JPG,4Z/106MEDIA,0,Other_Amphibian,0.2578,3224.3,1966.2,3349.4,2106.9
/srv/shared_leopard_toad/2025/Documents/06.10-13.10.2025/4Z/106MEDIA/DSCF0028.JPG,DSCF0028.JPG,4Z/106MEDIA,0,Other_Amphibian,0.2311,3229.2,1971.5,3352.9,2112.7
/srv/shared_leopard_toad/2025/Documents/06.10-13.10.2025/4Z/106MEDIA/DSCF0437.JPG,DSCF0437.JPG,4Z/106MEDIA,2,Western_Leopard_Toad,0.3592,3656.2,1655.5,3929.5,1923.1
/srv/shared_leopard_toad/2025/Documents/06.10-13.10.2025/4Z/106MEDIA/DSCF0437.JPG,DSCF0437.JPG,4Z/106MEDIA,0,Other_Amphibian,0.3455,3220.0,1967.1,3346.4,2108.6
/srv/shared_leopard_toad/2025/Documents/06.10-13.10.2025/4Z/106MEDIA/DSCF0437.JPG,DSCF0437.JPG,4Z/106MEDIA,0,Other_Amphibian,0.2775,3230.5,1972.5,3352.7,2114.7
/srv/shared_leopard_toad/2025/Documents/06.10-13.10.2025/4Z/106MEDIA/DSCF0080.JPG,DSCF0080.JPG,4Z/106MEDIA,0,Other_Amphibian,0.2696,3221.8,1966.6,3349.3,2107.5
/srv/shared_leopard_toad/2025/Documents/06.10-13.10.2025/4Z/106MEDIA/DSCF0080.JPG,DSCF0080.JPG,4Z/106MEDIA,0,Other_Amphibian,0.2672,3225.4,1967.4,3351.1,2109.3
/srv/shared_leopard_toad/2025/Documents/06.10-13.10.2025/4Z/106MEDIA/DSCF0080.JPG,DSCF0080.JPG,4Z/106MEDIA,2,Western_Leopard_Toad,0.2128,3655.4,1657.9,3926.0,1923.4
/srv/shared_leopard_toad/2025/Documents/06.10-13.10.2025/4Z/106MEDIA/DSCF0694.JPG,DSCF0694.JPG,4Z/106MEDIA,2,Western_Leopard_Toad,0.3825,3656.2,1655.1,3927.3,1923.0
/srv/shared_leopard_toad/2025/Documents/06.10-13.10.2025/4Z/106MEDIA/DSCF0694.JPG,DSCF0694.JPG,4Z/106MEDIA,0,Other_Amphibian,0.3223,3218.6,1967.5,3346.5,2109.2
/srv/shared_leopard_toad/2025/Documents/06.10-13.10.2025/4Z/106MEDIA/DSCF0694.JPG,DSCF0694.JPG,4Z/106MEDIA,0,Other_Amphibian,0.2943,3227.0,1968.2,3350.9,2111.5
/srv/shared_leopard_toad/2025/Documents/06.10-13.10.2025/4Z/106MEDIA/DSCF0969.JPG,DSCF0969.JPG,4Z/106MEDIA,2,Western_Leopard_Toad,0.7846,3644.4,1661.1,3931.9,1922.6
/srv/shared_leopard_toad/2025/Documents/06.10-13.10.2025/4Z/106MEDIA/DSCF0969.JPG,DSCF0969.JPG,4Z/106MEDIA,0,Other_Amphibian,0.6909,3218.1,1960.5,3355.5,2113.3
/srv/shared_leopard_toad/2025/Documents/06.10-13.10.2025/4Z/106MEDIA/DSCF0969.JPG,DSCF0969.JPG,4Z/106MEDIA,0,Other_Amphibian,0.5908,3217.9,1961.1,3355.1,2112.9
/srv/shared_leopard_toad/2025/Documents/06.10-13.10.2025/4Z/106MEDIA/DSCF0032.JPG,DSCF0032.JPG,4Z/106MEDIA,2,Western_Leopard_Toad,0.4611,3652.9,1656.9,3931.7,1923.2
/srv/shared_leopard_toad/2025/Documents/06.10-13.10.2025/4Z/106MEDIA/DSCF0032.JPG,DSCF0032.JPG,4Z/106MEDIA,0,Other_Amphibian,0.2713,3220.4,1967.8,3347.2,2108.6
/srv/shared_leopard_toad/2025/Documents/06.10-13.10.2025/4Z/106MEDIA/DSCF0032.JPG,DSCF0032.JPG,4Z/106MEDIA,0,Other_Amphibian,0.2386,3228.4,1972.8,3352.2,2114.5
/srv/shared_leopard_toad/2025/Documents/06.10-13.10.2025/4Z/106MEDIA/DSCF0598.JPG,DSCF0598.JPG,4Z/106MEDIA,0,Other_Amphibian,0.2309,3226.6,1970.4,3349.7,2112.6
/srv/shared_leopard_toad/2025/Documents/06.10-13.10.2025/4Z/106MEDIA/DSCF0598.JPG,DSCF0598.JPG,4Z/106MEDIA,2,Western_Leopard_Toad,0.2250,3653.5,1656.6,3926.3,1924.8
/srv/shared_leopard_toad/2025/Documents/06.10-13.10.2025/4Z/106MEDIA/DSCF0598.JPG,DSCF0598.JPG,4Z/106MEDIA,0,Other_Amphibian,0.2245,3224.5,1968.4,3350.7,2109.0
/srv/shared_leopard_toad/2025/Documents/06.10-13.10.2025/4Z/106MEDIA/DSCF0905.JPG,DSCF0905.JPG,4Z/106MEDIA,2,Western_Leopard_Toad,0.8450,3645.8,1669.8,3921.9,1930.5
/srv/shared_leopard_toad/2025/Documents/06.10-13.10.2025/4Z/106MEDIA/DSCF0306.JPG,DSCF0306.JPG,4Z/106MEDIA,2,Western_Leopard_Toad,0.2347,3654.1,1657.6,3925.8,1924.0
/srv/shared_leopard_toad/2025/Documents/06.10-13.10.2025/4Z/106MEDIA/DSCF0131.JPG,DSCF0131.JPG,4Z/106MEDIA,2,Western_Leopard_Toad,0.3989,3655.9,1655.1,3930.1,1922.2
/srv/shared_leopard_toad/2025/Documents/06.10-13.10.2025/4Z/106MEDIA/DSCF0473.JPG,DSCF0473.JPG,4Z/106MEDIA,0,Other_Amphibian,0.3580,3655.3,1650.3,3930.6,1923.3
/srv/shared_leopard_toad/2025/Documents/06.10-13.10.2025/4Z/106MEDIA/DSCF0473.JPG,DSCF0473.JPG,4Z/106MEDIA,0,Other_Amphibian,0.2198,3221.4,1968.0,3347.4,2106.9
/srv/shared_leopard_toad/2025/Documents/06.10-13.10.2025/4Z/106MEDIA/DSCF0176.JPG,DSCF0176.JPG,4Z/106MEDIA,0,Other_Amphibian,0.2697,3224.1,1966.6,3349.0,2107.2
/srv/shared_leopard_toad/2025/Documents/06.10-13.10.2025/4Z/106MEDIA/DSCF0176.JPG,DSCF0176.JPG,4Z/106MEDIA,2,Western_Leopard_Toad,0.2428,3655.4,1656.4,3925.3,1921.9
/srv/shared_leopard_toad/2025/Documents/06.10-13.10.2025/4Z/106MEDIA/DSCF0176.JPG,DSCF0176.JPG,4Z/106MEDIA,0,Other_Amphibian,0.2275,3230.8,1972.9,3352.2,2114.0
/srv/shared_leopard_toad/2025/Documents/06.10-13.10.2025/4Z/106MEDIA/DSCF0932.JPG,DSCF0932.JPG,4Z/106MEDIA,2,Western_Leopard_Toad,0.3956,3643.5,1670.3,3916.7,1933.1
/srv/shared_leopard_toad/2025/Documents/06.10-13.10.2025/4Z/106MEDIA/DSCF0498.JPG,DSCF0498.JPG,4Z/106MEDIA,2,Western_Leopard_Toad,0.3388,3653.8,1656.4,3926.4,1922.6
/srv/shared_leopard_toad/2025/Documents/06.10-13.10.2025/4Z/106MEDIA/DSCF0498.JPG,DSCF0498.JPG,4Z/106MEDIA,0,Other_Amphibian,0.2186,3229.9,1972.1,3350.3,2112.7
/srv/shared_leopard_toad/2025/Documents/06.10-13.10.2025/4Z/106MEDIA/DSCF0212.JPG,DSCF0212.JPG,4Z/106MEDIA,0,Other_Amphibian,0.2259,3222.6,1965.8,3348.0,2106.6
/srv/shared_leopard_toad/2025/Documents/06.10-13.10.2025/4Z/106MEDIA/DSCF0212.JPG,DSCF0212.JPG,4Z/106MEDIA,2,Western_Leopard_Toad,0.2115,3653.4,1658.4,3923.2,1924.5
/srv/shared_leopard_toad/2025/Documents/06.10-13.10.2025/4Z/106MEDIA/DSCF0928.JPG,DSCF0928.JPG,4Z/106MEDIA,2,Western_Leopard_Toad,0.7963,3643.7,1667.4,3922.7,1932.6
/srv/shared_leopard_toad/2025/Documents/06.10-13.10.2025/4Z/106MEDIA/DSCF0960.JPG,DSCF0960.JPG,4Z/106MEDIA,0,Other_Amphibian,0.6960,3218.7,1959.4,3352.8,2118.0
/srv/shared_leopard_toad/2025/Documents/06.10-13.10.2025/4Z/106MEDIA/DSCF0960.JPG,DSCF0960.JPG,4Z/106MEDIA,0,Other_Amphibian,0.6757,3217.7,1958.7,3350.3,2116.6
/srv/shared_leopard_toad/2025/Documents/06.10-13.10.2025/4Z/106MEDIA/DSCF0960.JPG,DSCF0960.JPG,4Z/106MEDIA,2,Western_Leopard_Toad,0.6660,3645.0,1660.6,3923.3,1921.1
/srv/shared_leopard_toad/2025/Documents/06.10-13.10.2025/4Z/106MEDIA/DSCF0102.JPG,DSCF0102.JPG,4Z/106MEDIA,2,Western_Leopard_Toad,0.3511,3655.4,1654.7,3928.8,1923.0
/srv/shared_leopard_toad/2025/Documents/06.10-13.10.2025/4Z/106MEDIA/DSCF0102.JPG,DSCF0102.JPG,4Z/106MEDIA,0,Other_Amphibian,0.2807,3222.3,1966.9,3346.8,2106.7
/srv/shared_leopard_toad/2025/Documents/06.10-13.10.2025/4Z/106MEDIA/DSCF0102.JPG,DSCF0102.JPG,4Z/106MEDIA,0,Other_Amphibian,0.2563,3223.1,1967.5,3344.8,2108.3
/srv/shared_leopard_toad/2025/Documents/06.10-13.10.2025/4Z/106MEDIA/DSCF0770.JPG,DSCF0770.JPG,4Z/106MEDIA,2,Western_Leopard_Toad,0.3380,3654.2,1655.6,3927.9,1923.2
/srv/shared_leopard_toad/2025/Documents/06.10-13.10.2025/4Z/106MEDIA/DSCF0770.JPG,DSCF0770.JPG,4Z/106MEDIA,0,Other_Amphibian,0.2309,3227.1,1970.1,3349.7,2112.5
/srv/shared_leopard_toad/2025/Documents/06.10-13.10.2025/4Z/106MEDIA/DSCF0770.JPG,DSCF0770.JPG,4Z/106MEDIA,0,Other_Amphibian,0.2185,3222.5,1967.6,3348.7,2108.3
/srv/shared_leopard_toad/2025/Documents/06.10-13.10.2025/4Z/106MEDIA/DSCF0413.JPG,DSCF0413.JPG,4Z/106MEDIA,2,Western_Leopard_Toad,0.3977,3655.0,1655.3,3927.6,1922.9
/srv/shared_leopard_toad/2025/Documents/06.10-13.10.2025/4Z/106MEDIA/DSCF0413.JPG,DSCF0413.JPG,4Z/106MEDIA,0,Other_Amphibian,0.2555,3221.8,1966.5,3346.0,2106.1
/srv/shared_leopard_toad/2025/Documents/06.10-13.10.2025/4Z/106MEDIA/DSCF0438.JPG,DSCF0438.JPG,4Z/106MEDIA,2,Western_Leopard_Toad,0.3513,3655.8,1655.2,3928.1,1921.6
/srv/shared_leopard_toad/2025/Documents/06.10-13.10.2025/4Z/106MEDIA/DSCF0438.JPG,DSCF0438.JPG,4Z/106MEDIA,0,Other_Amphibian,0.2191,3222.2,1967.4,3348.0,2107.7
/srv/shared_leopard_toad/2025/Documents/06.10-13.10.2025/4Z/106MEDIA/DSCF0453.JPG,DSCF0453.JPG,4Z/106MEDIA,0,Other_Amphibian,0.2884,3220.9,1968.5,3347.5,2108.1
/srv/shared_leopard_toad/2025/Documents/06.10-13.10.2025/4Z/106MEDIA/DSCF0453.JPG,DSCF0453.JPG,4Z/106MEDIA,0,Other_Amphibian,0.2727,3229.2,1971.0,3351.7,2111.7
/srv/shared_leopard_toad/2025/Documents/06.10-13.10.2025/4Z/106MEDIA/DSCF0453.JPG,DSCF0453.JPG,4Z/106MEDIA,2,Western_Leopard_Toad,0.2611,3654.2,1655.5,3927.4,1923.3
/srv/shared_leopard_toad/2025/Documents/06.10-13.10.2025/4Z/106MEDIA/DSCF0291.JPG,DSCF0291.JPG,4Z/106MEDIA,2,Western_Leopard_Toad,0.2498,3656.8,1654.9,3927.0,1923.4
/srv/shared_leopard_toad/2025/Documents/06.10-13.10.2025/4Z/106MEDIA/DSCF0021.JPG,DSCF0021.JPG,4Z/106MEDIA,2,Western_Leopard_Toad,0.3354,3655.6,1656.9,3929.6,1922.8
/srv/shared_leopard_toad/2025/Documents/06.10-13.10.2025/4Z/106MEDIA/DSCF0021.JPG,DSCF0021.JPG,4Z/106MEDIA,0,Other_Amphibian,0.2965,3217.8,1967.6,3346.7,2109.9
/srv/shared_leopard_toad/2025/Documents/06.10-13.10.2025/4Z/106MEDIA/DSCF0021.JPG,DSCF0021.JPG,4Z/106MEDIA,0,Other_Amphibian,0.2609,3224.5,1969.3,3349.5,2111.7
/srv/shared_leopard_toad/2025/Documents/06.10-13.10.2025/4Z/106MEDIA/DSCF0227.JPG,DSCF0227.JPG,4Z/106MEDIA,2,Western_Leopard_Toad,0.3512,3656.2,1655.0,3927.0,1922.1
/srv/shared_leopard_toad/2025/Documents/06.10-13.10.2025/4Z/106MEDIA/DSCF0227.JPG,DSCF0227.JPG,4Z/106MEDIA,0,Other_Amphibian,0.3257,3228.4,1966.9,3365.9,2109.7
/srv/shared_leopard_toad/2025/Documents/06.10-13.10.2025/4Z/106MEDIA/DSCF0227.JPG,DSCF0227.JPG,4Z/106MEDIA,0,Other_Amphibian,0.2830,3232.2,1968.8,3369.2,2111.9
/srv/shared_leopard_toad/2025/Documents/06.10-13.10.2025/4Z/106MEDIA/DSCF0054.JPG,DSCF0054.JPG,4Z/106MEDIA,2,Western_Leopard_Toad,0.2157,3652.3,1658.1,3926.2,1924.1
/srv/shared_leopard_toad/2025/Documents/06.10-13.10.2025/4Z/106MEDIA/DSCF0054.JPG,DSCF0054.JPG,4Z/106MEDIA,0,Other_Amphibian,0.2028,3221.8,1967.5,3349.2,2107.8
/srv/shared_leopard_toad/2025/Documents/06.10-13.10.2025/4Z/106MEDIA/DSCF0397.JPG,DSCF0397.JPG,4Z/106MEDIA,2,Western_Leopard_Toad,0.2823,3656.1,1655.4,3927.4,1924.4
/srv/shared_leopard_toad/2025/Documents/06.10-13.10.2025/4Z/106MEDIA/DSCF0334.JPG,DSCF0334.JPG,4Z/106MEDIA,2,Western_Leopard_Toad,0.4173,3655.0,1656.5,3930.0,1923.3
/srv/shared_leopard_toad/2025/Documents/06.10-13.10.2025/4Z/106MEDIA/DSCF0334.JPG,DSCF0334.JPG,4Z/106MEDIA,0,Other_Amphibian,0.2302,3224.5,1966.5,3347.8,2105.3
/srv/shared_leopard_toad/2025/Documents/06.10-13.10.2025/4Z/106MEDIA/DSCF0481.JPG,DSCF0481.JPG,4Z/106MEDIA,2,Western_Leopard_Toad,0.2898,3654.7,1656.9,3926.8,1922.4
/srv/shared_leopard_toad/2025/Documents/06.10-13.10.2025/4Z/106MEDIA/DSCF0481.JPG,DSCF0481.JPG,4Z/106MEDIA,0,Other_Amphibian,0.2871,3224.2,1967.3,3349.0,2107.1
/srv/shared_leopard_toad/2025/Documents/06.10-13.10.2025/4Z/106MEDIA/DSCF0481.JPG,DSCF0481.JPG,4Z/106MEDIA,0,Other_Amphibian,0.2682,3230.1,1971.1,3351.7,2111.6
/srv/shared_leopard_toad/2025/Documents/06.10-13.10.2025/4Z/106MEDIA/DSCF0815.JPG,DSCF0815.JPG,4Z/106MEDIA,2,Western_Leopard_Toad,0.5407,3654.0,1655.2,3927.8,1922.3
/srv/shared_leopard_toad/2025/Documents/06.10-13.10.2025/4Z/106MEDIA/DSCF0815.JPG,DSCF0815.JPG,4Z/106MEDIA,0,Other_Amphibian,0.2493,3221.0,1968.1,3350.4,2109.3
/srv/shared_leopard_toad/2025/Documents/06.10-13.10.2025/4Z/106MEDIA/DSCF0815.JPG,DSCF0815.JPG,4Z/106MEDIA,0,Other_Amphibian,0.2427,3229.2,1971.8,3354.1,2114.1
/srv/shared_leopard_toad/2025/Documents/06.10-13.10.2025/4Z/106MEDIA/DSCF0300.JPG,DSCF0300.JPG,4Z/106MEDIA,2,Western_Leopard_Toad,0.2843,3652.8,1656.2,3927.4,1923.4
/srv/shared_leopard_toad/2025/Documents/06.10-13.10.2025/4Z/106MEDIA/DSCF0696.JPG,DSCF0696.JPG,4Z/106MEDIA,0,Other_Amphibian,0.2816,3223.8,1967.6,3347.9,2109.2
/srv/shared_leopard_toad/2025/Documents/06.10-13.10.2025/4Z/106MEDIA/DSCF0696.JPG,DSCF0696.JPG,4Z/106MEDIA,0,Other_Amphibian,0.2643,3218.2,1968.2,3347.0,2108.1
/srv/shared_leopard_toad/2025/Documents/06.10-13.10.2025/4Z/106MEDIA/DSCF0696.JPG,DSCF0696.JPG,4Z/106MEDIA,2,Western_Leopard_Toad,0.2453,3656.3,1656.9,3924.8,1922.9
/srv/shared_leopard_toad/2025/Documents/06.10-13.10.2025/4Z/106MEDIA/DSCF0136.JPG,DSCF0136.JPG,4Z/106MEDIA,2,Western_Leopard_Toad,0.2482,3655.4,1657.3,3924.6,1923.4
/srv/shared_leopard_toad/2025/Documents/06.10-13.10.2025/4Z/106MEDIA/DSCF0136.JPG,DSCF0136.JPG,4Z/106MEDIA,0,Other_Amphibian,0.2265,3224.0,1966.6,3349.0,2107.5
/srv/shared_leopard_toad/2025/Documents/06.10-13.10.2025/4Z/106MEDIA/DSCF0136.JPG,DSCF0136.JPG,4Z/106MEDIA,0,Other_Amphibian,0.2145,3227.9,1972.3,3350.0,2114.3
/srv/shared_leopard_toad/2025/Documents/06.10-13.10.2025/4Z/106MEDIA/DSCF0946.JPG,DSCF0946.JPG,4Z/106MEDIA,0,Other_Amphibian,0.7166,3216.9,1960.9,3350.1,2114.2
/srv/shared_leopard_toad/2025/Documents/06.10-13.10.2025/4Z/106MEDIA/DSCF0946.JPG,DSCF0946.JPG,4Z/106MEDIA,0,Other_Amphibian,0.6743,3217.1,1961.7,3347.8,2114.7
/srv/shared_leopard_toad/2025/Documents/06.10-13.10.2025/4Z/106MEDIA/DSCF0946.JPG,DSCF0946.JPG,4Z/106MEDIA,2,Western_Leopard_Toad,0.5601,3641.1,1659.5,3926.4,1925.3
/srv/shared_leopard_toad/2025/Documents/06.10-13.10.2025/4Z/106MEDIA/DSCF0569.JPG,DSCF0569.JPG,4Z/106MEDIA,2,Western_Leopard_Toad,0.3174,3655.0,1655.8,3928.5,1922.9
/srv/shared_leopard_toad/2025/Documents/06.10-13.10.2025/4Z/106MEDIA/DSCF0204.JPG,DSCF0204.JPG,4Z/106MEDIA,0,Other_Amphibian,0.2532,3223.4,1966.5,3349.6,2106.5
/srv/shared_leopard_toad/2025/Documents/06.10-13.10.2025/4Z/106MEDIA/DSCF0204.JPG,DSCF0204.JPG,4Z/106MEDIA,0,Other_Amphibian,0.2405,3231.3,1971.9,3353.1,2112.9
/srv/shared_leopard_toad/2025/Documents/06.10-13.10.2025/4Z/106MEDIA/DSCF0122.JPG,DSCF0122.JPG,4Z/106MEDIA,2,Western_Leopard_Toad,0.2834,3654.8,1655.6,3927.3,1924.1
/srv/shared_leopard_toad/2025/Documents/06.10-13.10.2025/4Z/106MEDIA/DSCF0733.JPG,DSCF0733.JPG,4Z/106MEDIA,0,Other_Amphibian,0.2694,3225.7,1966.3,3348.6,2109.8
/srv/shared_leopard_toad/2025/Documents/06.10-13.10.2025/4Z/106MEDIA/DSCF0733.JPG,DSCF0733.JPG,4Z/106MEDIA,0,Other_Amphibian,0.2689,3221.8,1966.2,3348.9,2108.0
/srv/shared_leopard_toad/2025/Documents/06.10-13.10.2025/4Z/106MEDIA/DSCF0733.JPG,DSCF0733.JPG,4Z/106MEDIA,2,Western_Leopard_Toad,0.2338,3654.9,1655.9,3923.1,1923.2
/srv/shared_leopard_toad/2025/Documents/06.10-13.10.2025/4Z/106MEDIA/DSCF0831.JPG,DSCF0831.JPG,4Z/106MEDIA,2,Western_Leopard_Toad,0.5795,3654.0,1656.5,3929.3,1923.1
/srv/shared_leopard_toad/2025/Documents/06.10-13.10.2025/4Z/106MEDIA/DSCF0831.JPG,DSCF0831.JPG,4Z/106MEDIA,0,Other_Amphibian,0.2769,3219.6,1965.7,3348.1,2108.2
/srv/shared_leopard_toad/2025/Documents/06.10-13.10.2025/4Z/106MEDIA/DSCF0831.JPG,DSCF0831.JPG,4Z/106MEDIA,0,Other_Amphibian,0.2541,3227.6,1968.5,3351.5,2112.9
/srv/shared_leopard_toad/2025/Documents/06.10-13.10.2025/4Z/106MEDIA/DSCF0294.JPG,DSCF0294.JPG,4Z/106MEDIA,2,Western_Leopard_Toad,0.2876,3655.9,1656.6,3927.1,1923.8
/srv/shared_leopard_toad/2025/Documents/06.10-13.10.2025/4Z/106MEDIA/DSCF0294.JPG,DSCF0294.JPG,4Z/106MEDIA,0,Other_Amphibian,0.2055,3221.7,1968.5,3346.3,2107.6
/srv/shared_leopard_toad/2025/Documents/06.10-13.10.2025/4Z/106MEDIA/DSCF0294.JPG,DSCF0294.JPG,4Z/106MEDIA,0,Other_Amphibian,0.2032,3229.3,1972.8,3350.0,2112.5
/srv/shared_leopard_toad/2025/Documents/06.10-13.10.2025/4Z/106MEDIA/DSCF0276.JPG,DSCF0276.JPG,4Z/106MEDIA,0,Other_Amphibian,0.2560,3228.6,1971.4,3351.6,2114.8
/srv/shared_leopard_toad/2025/Documents/06.10-13.10.2025/4Z/106MEDIA/DSCF0276.JPG,DSCF0276.JPG,4Z/106MEDIA,0,Other_Amphibian,0.2346,3219.5,1967.4,3348.1,2108.6
/srv/shared_leopard_toad/2025/Documents/06.10-13.10.2025/4Z/106MEDIA/DSCF0415.JPG,DSCF0415.JPG,4Z/106MEDIA,2,Western_Leopard_Toad,0.3537,3654.4,1657.2,3927.4,1922.4
/srv/shared_leopard_toad/2025/Documents/06.10-13.10.2025/4Z/106MEDIA/DSCF0415.JPG,DSCF0415.JPG,4Z/106MEDIA,0,Other_Amphibian,0.3079,3219.0,1967.2,3347.0,2106.8
/srv/shared_leopard_toad/2025/Documents/06.10-13.10.2025/4Z/106MEDIA/DSCF0415.JPG,DSCF0415.JPG,4Z/106MEDIA,0,Other_Amphibian,0.2857,3226.4,1971.4,3349.2,2112.2
/srv/shared_leopard_toad/2025/Documents/06.10-13.10.2025/4Z/106MEDIA/DSCF0771.JPG,DSCF0771.JPG,4Z/106MEDIA,0,Other_Amphibian,0.3053,3220.2,1965.7,3349.1,2107.2
/srv/shared_leopard_toad/2025/Documents/06.10-13.10.2025/4Z/106MEDIA/DSCF0771.JPG,DSCF0771.JPG,4Z/106MEDIA,0,Other_Amphibian,0.2810,3228.1,1967.8,3351.8,2111.1
/srv/shared_leopard_toad/2025/Documents/06.10-13.10.2025/4Z/106MEDIA/DSCF0771.JPG,DSCF0771.JPG,4Z/106MEDIA,2,Western_Leopard_Toad,0.2655,3653.6,1655.6,3926.2,1923.8
/srv/shared_leopard_toad/2025/Documents/06.10-13.10.2025/4Z/106MEDIA/DSCF0977.JPG,DSCF0977.JPG,4Z/106MEDIA,2,Western_Leopard_Toad,0.8686,3643.0,1659.2,3931.2,1924.2
/srv/shared_leopard_toad/2025/Documents/06.10-13.10.2025/4Z/106MEDIA/DSCF0977.JPG,DSCF0977.JPG,4Z/106MEDIA,0,Other_Amphibian,0.4643,3219.5,1957.7,3354.0,2109.8
/srv/shared_leopard_toad/2025/Documents/06.10-13.10.2025/4Z/106MEDIA/DSCF0977.JPG,DSCF0977.JPG,4Z/106MEDIA,0,Other_Amphibian,0.3050,3224.8,1964.5,3355.3,2115.9
/srv/shared_leopard_toad/2025/Documents/06.10-13.10.2025/4Z/106MEDIA/DSCF0806.JPG,DSCF0806.JPG,4Z/106MEDIA,2,Western_Leopard_Toad,0.2122,3654.5,1655.8,3927.2,1924.2
/srv/shared_leopard_toad/2025/Documents/06.10-13.10.2025/4Z/106MEDIA/DSCF0142.JPG,DSCF0142.JPG,4Z/106MEDIA,0,Other_Amphibian,0.3212,3220.8,1967.4,3346.9,2107.5
/srv/shared_leopard_toad/2025/Documents/06.10-13.10.2025/4Z/106MEDIA/DSCF0142.JPG,DSCF0142.JPG,4Z/106MEDIA,0,Other_Amphibian,0.2919,3228.4,1969.1,3351.3,2109.8
/srv/shared_leopard_toad/2025/Documents/06.10-13.10.2025/4Z/106MEDIA/DSCF0142.JPG,DSCF0142.JPG,4Z/106MEDIA,2,Western_Leopard_Toad,0.2894,3654.4,1657.0,3925.5,1922.9
/srv/shared_leopard_toad/2025/Documents/06.10-13.10.2025/4Z/106MEDIA/DSCF0552.JPG,DSCF0552.JPG,4Z/106MEDIA,2,Western_Leopard_Toad,0.3115,3652.1,1658.7,3925.6,1922.4
/srv/shared_leopard_toad/2025/Documents/06.10-13.10.2025/4Z/106MEDIA/DSCF0179.JPG,DSCF0179.JPG,4Z/106MEDIA,2,Western_Leopard_Toad,0.2746,3654.9,1657.3,3925.4,1924.1
/srv/shared_leopard_toad/2025/Documents/06.10-13.10.2025/4Z/106MEDIA/DSCF0575.JPG,DSCF0575.JPG,4Z/106MEDIA,0,Other_Amphibian,0.2183,3224.2,1969.4,3346.2,2112.6
/srv/shared_leopard_toad/2025/Documents/06.10-13.10.2025/4Z/106MEDIA/DSCF0575.JPG,DSCF0575.JPG,4Z/106MEDIA,0,Other_Amphibian,0.2095,3225.3,1967.4,3350.8,2108.8
/srv/shared_leopard_toad/2025/Documents/06.10-13.10.2025/4Z/106MEDIA/DSCF0066.JPG,DSCF0066.JPG,4Z/106MEDIA,2,Western_Leopard_Toad,0.2246,3655.1,1658.4,3925.7,1923.6
/srv/shared_leopard_toad/2025/Documents/06.10-13.10.2025/4Z/106MEDIA/DSCF0019.JPG,DSCF0019.JPG,4Z/106MEDIA,0,Other_Amphibian,0.3263,3653.6,1656.5,3928.8,1924.7
/srv/shared_leopard_toad/2025/Documents/06.10-13.10.2025/4Z/106MEDIA/DSCF0019.JPG,DSCF0019.JPG,4Z/106MEDIA,0,Other_Amphibian,0.2413,3226.5,1971.7,3352.1,2112.6
/srv/shared_leopard_toad/2025/Documents/06.10-13.10.2025/4Z/106MEDIA/DSCF0019.JPG,DSCF0019.JPG,4Z/106MEDIA,0,Other_Amphibian,0.2114,3221.3,1970.4,3350.6,2110.3
/srv/shared_leopard_toad/2025/Documents/06.10-13.10.2025/4Z/106MEDIA/DSCF0160.JPG,DSCF0160.JPG,4Z/106MEDIA,0,Other_Amphibian,0.2687,3220.8,1966.7,3347.7,2106.5
/srv/shared_leopard_toad/2025/Documents/06.10-13.10.2025/4Z/106MEDIA/DSCF0160.JPG,DSCF0160.JPG,4Z/106MEDIA,0,Other_Amphibian,0.2481,3228.1,1970.3,3350.9,2110.7
/srv/shared_leopard_toad/2025/Documents/06.10-13.10.2025/4Z/106MEDIA/DSCF0034.JPG,DSCF0034.JPG,4Z/106MEDIA,0,Other_Amphibian,0.2804,3221.4,1967.5,3348.1,2108.8
/srv/shared_leopard_toad/2025/Documents/06.10-13.10.2025/4Z/106MEDIA/DSCF0034.JPG,DSCF0034.JPG,4Z/106MEDIA,0,Other_Amphibian,0.2564,3228.6,1971.2,3351.1,2112.7
/srv/shared_leopard_toad/2025/Documents/06.10-13.10.2025/4Z/106MEDIA/DSCF0818.JPG,DSCF0818.JPG,4Z/106MEDIA,2,Western_Leopard_Toad,0.2924,3655.1,1656.3,3928.5,1922.6
/srv/shared_leopard_toad/2025/Documents/06.10-13.10.2025/4Z/106MEDIA/DSCF0818.JPG,DSCF0818.JPG,4Z/106MEDIA,0,Other_Amphibian,0.2429,3220.8,1965.8,3347.4,2107.0
/srv/shared_leopard_toad/2025/Documents/06.10-13.10.2025/4Z/106MEDIA/DSCF0818.JPG,DSCF0818.JPG,4Z/106MEDIA,0,Other_Amphibian,0.2044,3228.6,1972.3,3350.9,2114.2
/srv/shared_leopard_toad/2025/Documents/06.10-13.10.2025/4Z/106MEDIA/DSCF0583.JPG,DSCF0583.JPG,4Z/106MEDIA,2,Western_Leopard_Toad,0.2707,3653.6,1658.4,3925.9,1924.5
/srv/shared_leopard_toad/2025/Documents/06.10-13.10.2025/4Z/106MEDIA/DSCF0583.JPG,DSCF0583.JPG,4Z/106MEDIA,0,Other_Amphibian,0.2099,3229.9,1971.6,3351.2,2111.9
/srv/shared_leopard_toad/2025/Documents/06.10-13.10.2025/4Z/106MEDIA/DSCF0583.JPG,DSCF0583.JPG,4Z/106MEDIA,0,Other_Amphibian,0.2039,3227.5,1968.8,3351.2,2108.7
/srv/shared_leopard_toad/2025/Documents/06.10-13.10.2025/4Z/106MEDIA/DSCF0005.JPG,DSCF0005.JPG,4Z/106MEDIA,0,Other_Amphibian,0.2254,3225.6,1966.4,3348.8,2107.2
/srv/shared_leopard_toad/2025/Documents/06.10-13.10.2025/4Z/106MEDIA/DSCF0005.JPG,DSCF0005.JPG,4Z/106MEDIA,0,Other_Amphibian,0.2035,3228.8,1971.8,3349.3,2113.6
/srv/shared_leopard_toad/2025/Documents/06.10-13.10.2025/4Z/106MEDIA/DSCF0005.JPG,DSCF0005.JPG,4Z/106MEDIA,2,Western_Leopard_Toad,0.2022,3655.0,1654.5,3925.9,1924.3
/srv/shared_leopard_toad/2025/Documents/06.10-13.10.2025/4Z/106MEDIA/DSCF0452.JPG,DSCF0452.JPG,4Z/106MEDIA,2,Western_Leopard_Toad,0.3755,3655.4,1656.4,3929.9,1922.8
/srv/shared_leopard_toad/2025/Documents/06.10-13.10.2025/4Z/106MEDIA/DSCF0452.JPG,DSCF0452.JPG,4Z/106MEDIA,0,Other_Amphibian,0.2476,3223.4,1967.8,3349.5,2107.7
/srv/shared_leopard_toad/2025/Documents/06.10-13.10.2025/4Z/106MEDIA/DSCF0952.JPG,DSCF0952.JPG,4Z/106MEDIA,0,Other_Amphibian,0.7442,3216.1,1958.9,3352.3,2113.7
/srv/shared_leopard_toad/2025/Documents/06.10-13.10.2025/4Z/106MEDIA/DSCF0952.JPG,DSCF0952.JPG,4Z/106MEDIA,0,Other_Amphibian,0.7301,3215.6,1959.3,3350.2,2113.2
/srv/shared_leopard_toad/2025/Documents/06.10-13.10.2025/4Z/106MEDIA/DSCF0952.JPG,DSCF0952.JPG,4Z/106MEDIA,2,Western_Leopard_Toad,0.7116,3645.5,1660.6,3925.6,1922.5
/srv/shared_leopard_toad/2025/Documents/06.10-13.10.2025/4Z/106MEDIA/DSCF0172.JPG,DSCF0172.JPG,4Z/106MEDIA,2,Western_Leopard_Toad,0.4041,3656.0,1656.6,3926.9,1922.3
/srv/shared_leopard_toad/2025/Documents/06.10-13.10.2025/4Z/106MEDIA/DSCF0172.JPG,DSCF0172.JPG,4Z/106MEDIA,0,Other_Amphibian,0.2322,3223.4,1967.0,3346.1,2105.6
/srv/shared_leopard_toad/2025/Documents/06.10-13.10.2025/4Z/106MEDIA/DSCF0257.JPG,DSCF0257.JPG,4Z/106MEDIA,2,Western_Leopard_Toad,0.2806,3654.6,1655.2,3926.7,1922.4
/srv/shared_leopard_toad/2025/Documents/06.10-13.10.2025/4Z/106MEDIA/DSCF0257.JPG,DSCF0257.JPG,4Z/106MEDIA,0,Other_Amphibian,0.2324,3221.8,1967.3,3348.3,2107.5
/srv/shared_leopard_toad/2025/Documents/06.10-13.10.2025/4Z/106MEDIA/DSCF0257.JPG,DSCF0257.JPG,4Z/106MEDIA,0,Other_Amphibian,0.2251,3229.2,1972.1,3351.8,2113.1
/srv/shared_leopard_toad/2025/Documents/06.10-13.10.2025/4Z/106MEDIA/DSCF0382.JPG,DSCF0382.JPG,4Z/106MEDIA,0,Other_Amphibian,0.2966,3222.8,1967.2,3349.5,2107.0
/srv/shared_leopard_toad/2025/Documents/06.10-13.10.2025/4Z/106MEDIA/DSCF0382.JPG,DSCF0382.JPG,4Z/106MEDIA,0,Other_Amphibian,0.2857,3230.5,1969.1,3352.8,2110.1
/srv/shared_leopard_toad/2025/Documents/06.10-13.10.2025/4Z/106MEDIA/DSCF0382.JPG,DSCF0382.JPG,4Z/106MEDIA,2,Western_Leopard_Toad,0.2026,3657.7,1653.3,3927.9,1922.4
/srv/shared_leopard_toad/2025/Documents/06.10-13.10.2025/4Z/106MEDIA/DSCF0467.JPG,DSCF0467.JPG,4Z/106MEDIA,0,Other_Amphibian,0.4038,3655.4,1653.4,3931.1,1922.3
/srv/shared_leopard_toad/2025/Documents/06.10-13.10.2025/4Z/106MEDIA/DSCF0467.JPG,DSCF0467.JPG,4Z/106MEDIA,0,Other_Amphibian,0.2791,3222.3,1967.7,3349.1,2107.3
/srv/shared_leopard_toad/2025/Documents/06.10-13.10.2025/4Z/106MEDIA/DSCF0467.JPG,DSCF0467.JPG,4Z/106MEDIA,0,Other_Amphibian,0.2333,3231.2,1975.9,3352.6,2116.4
/srv/shared_leopard_toad/2025/Documents/06.10-13.10.2025/4Z/106MEDIA/DSCF0162.JPG,DSCF0162.JPG,4Z/106MEDIA,2,Western_Leopard_Toad,0.2764,3655.8,1657.3,3928.8,1923.2
/srv/shared_leopard_toad/2025/Documents/06.10-13.10.2025/4Z/106MEDIA/DSCF0162.JPG,DSCF0162.JPG,4Z/106MEDIA,0,Other_Amphibian,0.2130,3223.2,1966.4,3348.2,2106.8
/srv/shared_leopard_toad/2025/Documents/06.10-13.10.2025/4Z/106MEDIA/DSCF0274.JPG,DSCF0274.JPG,4Z/106MEDIA,0,Other_Amphibian,0.2706,3221.0,1966.6,3348.7,2108.1
/srv/shared_leopard_toad/2025/Documents/06.10-13.10.2025/4Z/106MEDIA/DSCF0274.JPG,DSCF0274.JPG,4Z/106MEDIA,0,Other_Amphibian,0.2705,3227.4,1968.5,3351.2,2111.5
/srv/shared_leopard_toad/2025/Documents/06.10-13.10.2025/4Z/106MEDIA/DSCF0259.JPG,DSCF0259.JPG,4Z/106MEDIA,2,Western_Leopard_Toad,0.2669,3656.7,1655.1,3926.7,1922.5
/srv/shared_leopard_toad/2025/Documents/06.10-13.10.2025/4Z/106MEDIA/DSCF0797.JPG,DSCF0797.JPG,4Z/106MEDIA,2,Western_Leopard_Toad,0.3241,3653.5,1655.2,3927.1,1924.1
/srv/shared_leopard_toad/2025/Documents/06.10-13.10.2025/4Z/106MEDIA/DSCF0797.JPG,DSCF0797.JPG,4Z/106MEDIA,0,Other_Amphibian,0.2903,3219.5,1965.7,3349.6,2106.7
/srv/shared_leopard_toad/2025/Documents/06.10-13.10.2025/4Z/106MEDIA/DSCF0797.JPG,DSCF0797.JPG,4Z/106MEDIA,0,Other_Amphibian,0.2720,3225.6,1966.4,3350.4,2109.2
/srv/shared_leopard_toad/2025/Documents/06.10-13.10.2025/4Z/106MEDIA/DSCF0665.JPG,DSCF0665.JPG,4Z/106MEDIA,2,Western_Leopard_Toad,0.3367,3652.7,1657.5,3925.5,1923.8
/srv/shared_leopard_toad/2025/Documents/06.10-13.10.2025/4Z/106MEDIA/DSCF0665.JPG,DSCF0665.JPG,4Z/106MEDIA,0,Other_Amphibian,0.2604,3223.3,1970.1,3346.9,2109.9
/srv/shared_leopard_toad/2025/Documents/06.10-13.10.2025/4Z/106MEDIA/DSCF0665.JPG,DSCF0665.JPG,4Z/106MEDIA,0,Other_Amphibian,0.2507,3222.6,1970.6,3349.7,2108.6
/srv/shared_leopard_toad/2025/Documents/06.10-13.10.2025/4Z/106MEDIA/DSCF0630.JPG,DSCF0630.JPG,4Z/106MEDIA,2,Western_Leopard_Toad,0.2963,3655.5,1655.9,3929.0,1922.6
/srv/shared_leopard_toad/2025/Documents/06.10-13.10.2025/4Z/106MEDIA/DSCF0630.JPG,DSCF0630.JPG,4Z/106MEDIA,0,Other_Amphibian,0.2398,3227.5,1967.7,3351.9,2110.4
/srv/shared_leopard_toad/2025/Documents/06.10-13.10.2025/4Z/106MEDIA/DSCF0630.JPG,DSCF0630.JPG,4Z/106MEDIA,0,Other_Amphibian,0.2101,3225.1,1968.9,3351.9,2109.7
/srv/shared_leopard_toad/2025/Documents/06.10-13.10.2025/4Z/106MEDIA/DSCF0776.JPG,DSCF0776.JPG,4Z/106MEDIA,0,Other_Amphibian,0.2955,3218.0,1965.8,3349.0,2107.9
/srv/shared_leopard_toad/2025/Documents/06.10-13.10.2025/4Z/106MEDIA/DSCF0776.JPG,DSCF0776.JPG,4Z/106MEDIA,0,Other_Amphibian,0.2839,3225.4,1966.4,3351.8,2109.9
/srv/shared_leopard_toad/2025/Documents/06.10-13.10.2025/4Z/106MEDIA/DSCF0776.JPG,DSCF0776.JPG,4Z/106MEDIA,2,Western_Leopard_Toad,0.2682,3654.1,1655.0,3926.9,1923.3
/srv/shared_leopard_toad/2025/Documents/06.10-13.10.2025/4Z/106MEDIA/DSCF0957.JPG,DSCF0957.JPG,4Z/106MEDIA,0,Other_Amphibian,0.7003,3214.8,1958.2,3346.9,2113.4
/srv/shared_leopard_toad/2025/Documents/06.10-13.10.2025/4Z/106MEDIA/DSCF0957.JPG,DSCF0957.JPG,4Z/106MEDIA,0,Other_Amphibian,0.6990,3215.4,1958.1,3349.1,2113.9
/srv/shared_leopard_toad/2025/Documents/06.10-13.10.2025/4Z/106MEDIA/DSCF0957.JPG,DSCF0957.JPG,4Z/106MEDIA,2,Western_Leopard_Toad,0.6949,3642.8,1658.9,3926.6,1924.9
/srv/shared_leopard_toad/2025/Documents/06.10-13.10.2025/4Z/106MEDIA/DSCF0557.JPG,DSCF0557.JPG,4Z/106MEDIA,2,Western_Leopard_Toad,0.3038,3653.7,1656.4,3928.3,1923.6
/srv/shared_leopard_toad/2025/Documents/06.10-13.10.2025/4Z/106MEDIA/DSCF0766.JPG,DSCF0766.JPG,4Z/106MEDIA,0,Other_Amphibian,0.2465,3221.1,1965.9,3348.6,2108.1
/srv/shared_leopard_toad/2025/Documents/06.10-13.10.2025/4Z/106MEDIA/DSCF0766.JPG,DSCF0766.JPG,4Z/106MEDIA,0,Other_Amphibian,0.2344,3229.4,1969.5,3352.3,2113.4
/srv/shared_leopard_toad/2025/Documents/06.10-13.10.2025/4Z/106MEDIA/DSCF0766.JPG,DSCF0766.JPG,4Z/106MEDIA,2,Western_Leopard_Toad,0.2065,3653.9,1658.0,3924.0,1924.4
/srv/shared_leopard_toad/2025/Documents/06.10-13.10.2025/4Z/106MEDIA/DSCF0496.JPG,DSCF0496.JPG,4Z/106MEDIA,2,Western_Leopard_Toad,0.3207,3655.4,1656.2,3924.7,1923.4
/srv/shared_leopard_toad/2025/Documents/06.10-13.10.2025/4Z/106MEDIA/DSCF0496.JPG,DSCF0496.JPG,4Z/106MEDIA,0,Other_Amphibian,0.2021,3221.3,1967.8,3347.9,2108.2
/srv/shared_leopard_toad/2025/Documents/06.10-13.10.2025/4Z/106MEDIA/DSCF0035.JPG,DSCF0035.JPG,4Z/106MEDIA,0,Other_Amphibian,0.3291,3653.7,1656.6,3928.5,1923.6
/srv/shared_leopard_toad/2025/Documents/06.10-13.10.2025/4Z/106MEDIA/DSCF0035.JPG,DSCF0035.JPG,4Z/106MEDIA,0,Other_Amphibian,0.2038,3227.7,1971.3,3352.3,2110.6
/srv/shared_leopard_toad/2025/Documents/06.10-13.10.2025/4Z/106MEDIA/DSCF0995.JPG,DSCF0995.JPG,4Z/106MEDIA,2,Western_Leopard_Toad,0.8521,3645.0,1656.9,3934.8,1921.4
/srv/shared_leopard_toad/2025/Documents/06.10-13.10.2025/4Z/106MEDIA/DSCF0995.JPG,DSCF0995.JPG,4Z/106MEDIA,0,Other_Amphibian,0.5436,3216.2,1955.3,3345.2,2110.5
/srv/shared_leopard_toad/2025/Documents/06.10-13.10.2025/4Z/106MEDIA/DSCF0995.JPG,DSCF0995.JPG,4Z/106MEDIA,0,Other_Amphibian,0.5046,3215.5,1955.9,3343.4,2111.0
/srv/shared_leopard_toad/2025/Documents/06.10-13.10.2025/4Z/106MEDIA/DSCF0269.JPG,DSCF0269.JPG,4Z/106MEDIA,0,Other_Amphibian,0.2636,3223.1,1966.4,3348.2,2106.7
/srv/shared_leopard_toad/2025/Documents/06.10-13.10.2025/4Z/106MEDIA/DSCF0269.JPG,DSCF0269.JPG,4Z/106MEDIA,0,Other_Amphibian,0.2601,3228.5,1969.4,3350.1,2110.8
/srv/shared_leopard_toad/2025/Documents/06.10-13.10.2025/4Z/106MEDIA/DSCF0269.JPG,DSCF0269.JPG,4Z/106MEDIA,0,Other_Amphibian,0.2032,3654.8,1656.0,3925.1,1922.9
/srv/shared_leopard_toad/2025/Documents/06.10-13.10.2025/4Z/106MEDIA/DSCF0004.JPG,DSCF0004.JPG,4Z/106MEDIA,0,Other_Amphibian,0.3336,3220.7,1967.7,3349.2,2108.0
/srv/shared_leopard_toad/2025/Documents/06.10-13.10.2025/4Z/106MEDIA/DSCF0004.JPG,DSCF0004.JPG,4Z/106MEDIA,0,Other_Amphibian,0.3010,3228.0,1970.0,3352.9,2111.0
/srv/shared_leopard_toad/2025/Documents/06.10-13.10.2025/4Z/106MEDIA/DSCF0004.JPG,DSCF0004.JPG,4Z/106MEDIA,2,Western_Leopard_Toad,0.2303,3654.3,1658.1,3930.0,1923.3
/srv/shared_leopard_toad/2025/Documents/06.10-13.10.2025/4Z/106MEDIA/DSCF0434.JPG,DSCF0434.JPG,4Z/106MEDIA,0,Other_Amphibian,0.2803,3223.8,1967.5,3349.7,2105.6
/srv/shared_leopard_toad/2025/Documents/06.10-13.10.2025/4Z/106MEDIA/DSCF0434.JPG,DSCF0434.JPG,4Z/106MEDIA,0,Other_Amphibian,0.2569,3228.6,1972.3,3349.6,2111.1
/srv/shared_leopard_toad/2025/Documents/06.10-13.10.2025/4Z/106MEDIA/DSCF0434.JPG,DSCF0434.JPG,4Z/106MEDIA,0,Other_Amphibian,0.2458,3655.5,1654.4,3925.2,1923.2
/srv/shared_leopard_toad/2025/Documents/06.10-13.10.2025/4Z/106MEDIA/DSCF0159.JPG,DSCF0159.JPG,4Z/106MEDIA,2,Western_Leopard_Toad,0.3699,3655.6,1656.4,3928.3,1922.3
/srv/shared_leopard_toad/2025/Documents/06.10-13.10.2025/4Z/106MEDIA/DSCF0159.JPG,DSCF0159.JPG,4Z/106MEDIA,0,Other_Amphibian,0.2294,3223.2,1965.6,3346.3,2107.0
/srv/shared_leopard_toad/2025/Documents/06.10-13.10.2025/4Z/106MEDIA/DSCF0159.JPG,DSCF0159.JPG,4Z/106MEDIA,0,Other_Amphibian,0.2163,3231.0,1971.7,3350.3,2114.5
/srv/shared_leopard_toad/2025/Documents/06.10-13.10.2025/4Z/106MEDIA/DSCF0313.JPG,DSCF0313.JPG,4Z/106MEDIA,0,Other_Amphibian,0.2055,3223.8,1967.7,3347.9,2107.8
/srv/shared_leopard_toad/2025/Documents/06.10-13.10.2025/4Z/106MEDIA/DSCF0313.JPG,DSCF0313.JPG,4Z/106MEDIA,0,Other_Amphibian,0.2025,3231.2,1973.8,3351.7,2115.2
/srv/shared_leopard_toad/2025/Documents/06.10-13.10.2025/4Z/106MEDIA/DSCF0297.JPG,DSCF0297.JPG,4Z/106MEDIA,2,Western_Leopard_Toad,0.4052,3656.4,1655.6,3929.8,1922.6
/srv/shared_leopard_toad/2025/Documents/06.10-13.10.2025/4Z/106MEDIA/DSCF0719.JPG,DSCF0719.JPG,4Z/106MEDIA,2,Western_Leopard_Toad,0.4436,3655.3,1654.7,3930.3,1922.2
/srv/shared_leopard_toad/2025/Documents/06.10-13.10.2025/4Z/106MEDIA/DSCF0424.JPG,DSCF0424.JPG,4Z/106MEDIA,2,Western_Leopard_Toad,0.3491,3656.5,1655.4,3928.8,1923.4
/srv/shared_leopard_toad/2025/Documents/06.10-13.10.2025/4Z/106MEDIA/DSCF0424.JPG,DSCF0424.JPG,4Z/106MEDIA,0,Other_Amphibian,0.2688,3223.8,1968.0,3348.7,2106.1
/srv/shared_leopard_toad/2025/Documents/06.10-13.10.2025/4Z/106MEDIA/DSCF0424.JPG,DSCF0424.JPG,4Z/106MEDIA,0,Other_Amphibian,0.2317,3230.3,1973.3,3352.1,2111.7
/srv/shared_leopard_toad/2025/Documents/06.10-13.10.2025/4Z/106MEDIA/DSCF0170.JPG,DSCF0170.JPG,4Z/106MEDIA,2,Western_Leopard_Toad,0.2822,3655.6,1657.6,3926.1,1924.8
/srv/shared_leopard_toad/2025/Documents/06.10-13.10.2025/4Z/106MEDIA/DSCF0170.JPG,DSCF0170.JPG,4Z/106MEDIA,0,Other_Amphibian,0.2791,3222.3,1965.9,3347.5,2107.9
/srv/shared_leopard_toad/2025/Documents/06.10-13.10.2025/4Z/106MEDIA/DSCF0170.JPG,DSCF0170.JPG,4Z/106MEDIA,0,Other_Amphibian,0.2502,3228.7,1970.5,3351.2,2113.0
/srv/shared_leopard_toad/2025/Documents/06.10-13.10.2025/4Z/106MEDIA/DSCF0352.JPG,DSCF0352.JPG,4Z/106MEDIA,2,Western_Leopard_Toad,0.2779,3655.0,1657.7,3927.0,1923.6
/srv/shared_leopard_toad/2025/Documents/06.10-13.10.2025/4Z/106MEDIA/DSCF0352.JPG,DSCF0352.JPG,4Z/106MEDIA,0,Other_Amphibian,0.2741,3221.3,1968.0,3347.3,2107.7
/srv/shared_leopard_toad/2025/Documents/06.10-13.10.2025/4Z/106MEDIA/DSCF0352.JPG,DSCF0352.JPG,4Z/106MEDIA,0,Other_Amphibian,0.2573,3229.2,1970.7,3350.9,2111.8
/srv/shared_leopard_toad/2025/Documents/06.10-13.10.2025/4Z/106MEDIA/DSCF0628.JPG,DSCF0628.JPG,4Z/106MEDIA,2,Western_Leopard_Toad,0.2788,3652.3,1657.1,3926.9,1924.9
/srv/shared_leopard_toad/2025/Documents/06.10-13.10.2025/4Z/106MEDIA/DSCF0628.JPG,DSCF0628.JPG,4Z/106MEDIA,0,Other_Amphibian,0.2319,3228.2,1968.7,3352.0,2111.3
/srv/shared_leopard_toad/2025/Documents/06.10-13.10.2025/4Z/106MEDIA/DSCF0628.JPG,DSCF0628.JPG,4Z/106MEDIA,0,Other_Amphibian,0.2251,3221.9,1967.1,3349.5,2108.7
/srv/shared_leopard_toad/2025/Documents/06.10-13.10.2025/4Z/106MEDIA/DSCF0793.JPG,DSCF0793.JPG,4Z/106MEDIA,0,Other_Amphibian,0.2544,3224.5,1968.8,3350.6,2111.9
/srv/shared_leopard_toad/2025/Documents/06.10-13.10.2025/4Z/106MEDIA/DSCF0793.JPG,DSCF0793.JPG,4Z/106MEDIA,0,Other_Amphibian,0.2436,3223.2,1968.1,3352.2,2109.5
/srv/shared_leopard_toad/2025/Documents/06.10-13.10.2025/4Z/106MEDIA/DSCF0793.JPG,DSCF0793.JPG,4Z/106MEDIA,2,Western_Leopard_Toad,0.2314,3654.4,1656.4,3925.3,1922.7
/srv/shared_leopard_toad/2025/Documents/06.10-13.10.2025/4Z/106MEDIA/DSCF0879.JPG,DSCF0879.JPG,4Z/106MEDIA,0,Other_Amphibian,0.2077,3227.7,1970.2,3349.6,2112.7
/srv/shared_leopard_toad/2025/Documents/06.10-13.10.2025/4Z/106MEDIA/DSCF0646.JPG,DSCF0646.JPG,4Z/106MEDIA,2,Western_Leopard_Toad,0.3167,3655.1,1655.1,3929.7,1923.9
/srv/shared_leopard_toad/2025/Documents/06.10-13.10.2025/4Z/106MEDIA/DSCF0646.JPG,DSCF0646.JPG,4Z/106MEDIA,0,Other_Amphibian,0.2290,3220.8,1967.4,3348.1,2108.2
/srv/shared_leopard_toad/2025/Documents/06.10-13.10.2025/4Z/106MEDIA/DSCF0646.JPG,DSCF0646.JPG,4Z/106MEDIA,0,Other_Amphibian,0.2040,3227.6,1971.8,3351.4,2113.9
/srv/shared_leopard_toad/2025/Documents/06.10-13.10.2025/4Z/106MEDIA/DSCF0859.JPG,DSCF0859.JPG,4Z/106MEDIA,0,Other_Amphibian,0.2731,3228.1,1965.4,3350.7,2111.0
/srv/shared_leopard_toad/2025/Documents/06.10-13.10.2025/4Z/106MEDIA/DSCF0859.JPG,DSCF0859.JPG,4Z/106MEDIA,0,Other_Amphibian,0.2423,3222.2,1966.0,3349.0,2109.4
/srv/shared_leopard_toad/2025/Documents/06.10-13.10.2025/4Z/106MEDIA/DSCF0547.JPG,DSCF0547.JPG,4Z/106MEDIA,2,Western_Leopard_Toad,0.3169,3653.4,1658.2,3926.8,1922.2
/srv/shared_leopard_toad/2025/Documents/06.10-13.10.2025/4Z/106MEDIA/DSCF0547.JPG,DSCF0547.JPG,4Z/106MEDIA,0,Other_Amphibian,0.2211,3227.4,1967.2,3349.8,2107.5
/srv/shared_leopard_toad/2025/Documents/06.10-13.10.2025/4Z/106MEDIA/DSCF0547.JPG,DSCF0547.JPG,4Z/106MEDIA,0,Other_Amphibian,0.2046,3231.6,1974.7,3350.8,2115.8
/srv/shared_leopard_toad/2025/Documents/06.10-13.10.2025/4Z/106MEDIA/DSCF0161.JPG,DSCF0161.JPG,4Z/106MEDIA,2,Western_Leopard_Toad,0.2783,3655.9,1655.2,3928.1,1923.3
/srv/shared_leopard_toad/2025/Documents/06.10-13.10.2025/4Z/106MEDIA/DSCF0321.JPG,DSCF0321.JPG,4Z/106MEDIA,2,Western_Leopard_Toad,0.3233,3653.3,1657.4,3927.7,1924.1
/srv/shared_leopard_toad/2025/Documents/06.10-13.10.2025/4Z/106MEDIA/DSCF0321.JPG,DSCF0321.JPG,4Z/106MEDIA,0,Other_Amphibian,0.2504,3222.2,1967.6,3348.4,2107.8
/srv/shared_leopard_toad/2025/Documents/06.10-13.10.2025/4Z/106MEDIA/DSCF0321.JPG,DSCF0321.JPG,4Z/106MEDIA,0,Other_Amphibian,0.2240,3226.8,1969.8,3349.1,2109.9
/srv/shared_leopard_toad/2025/Documents/06.10-13.10.2025/4Z/106MEDIA/DSCF0919.JPG,DSCF0919.JPG,4Z/106MEDIA,2,Western_Leopard_Toad,0.7810,3642.8,1667.0,3921.8,1934.8
/srv/shared_leopard_toad/2025/Documents/06.10-13.10.2025/4Z/106MEDIA/DSCF0919.JPG,DSCF0919.JPG,4Z/106MEDIA,2,Western_Leopard_Toad,0.6390,5028.9,947.1,5343.3,1295.3
/srv/shared_leopard_toad/2025/Documents/06.10-13.10.2025/4Z/106MEDIA/DSCF0002.JPG,DSCF0002.JPG,4Z/106MEDIA,0,Other_Amphibian,0.3755,3656.0,1655.3,3930.2,1923.6
/srv/shared_leopard_toad/2025/Documents/06.10-13.10.2025/4Z/106MEDIA/DSCF0002.JPG,DSCF0002.JPG,4Z/106MEDIA,0,Other_Amphibian,0.2879,3219.7,1968.2,3344.9,2108.4
/srv/shared_leopard_toad/2025/Documents/06.10-13.10.2025/4Z/106MEDIA/DSCF0002.JPG,DSCF0002.JPG,4Z/106MEDIA,0,Other_Amphibian,0.2451,3230.8,1973.0,3350.5,2113.6
/srv/shared_leopard_toad/2025/Documents/06.10-13.10.2025/4Z/106MEDIA/DSCF0845.JPG,DSCF0845.JPG,4Z/106MEDIA,2,Western_Leopard_Toad,0.3500,3654.8,1656.6,3930.4,1923.9
/srv/shared_leopard_toad/2025/Documents/06.10-13.10.2025/4Z/106MEDIA/DSCF0845.JPG,DSCF0845.JPG,4Z/106MEDIA,0,Other_Amphibian,0.2008,3230.3,1972.3,3353.2,2114.5
/srv/shared_leopard_toad/2025/Documents/06.10-13.10.2025/4Z/106MEDIA/DSCF0751.JPG,DSCF0751.JPG,4Z/106MEDIA,0,Other_Amphibian,0.2739,3222.8,1966.7,3350.2,2107.2
/srv/shared_leopard_toad/2025/Documents/06.10-13.10.2025/4Z/106MEDIA/DSCF0751.JPG,DSCF0751.JPG,4Z/106MEDIA,0,Other_Amphibian,0.2584,3227.7,1968.4,3351.2,2109.9
/srv/shared_leopard_toad/2025/Documents/06.10-13.10.2025/4Z/106MEDIA/DSCF0578.JPG,DSCF0578.JPG,4Z/106MEDIA,0,Other_Amphibian,0.3265,3219.3,1967.0,3348.1,2109.0
/srv/shared_leopard_toad/2025/Documents/06.10-13.10.2025/4Z/106MEDIA/DSCF0578.JPG,DSCF0578.JPG,4Z/106MEDIA,0,Other_Amphibian,0.3151,3226.4,1967.3,3350.1,2111.1
/srv/shared_leopard_toad/2025/Documents/06.10-13.10.2025/4Z/106MEDIA/DSCF0578.JPG,DSCF0578.JPG,4Z/106MEDIA,2,Western_Leopard_Toad,0.2418,3653.4,1653.9,3929.0,1923.3
/srv/shared_leopard_toad/2025/Documents/06.10-13.10.2025/4Z/106MEDIA/DSCF0847.JPG,DSCF0847.JPG,4Z/106MEDIA,2,Western_Leopard_Toad,0.4064,3655.1,1653.6,3930.9,1923.0
/srv/shared_leopard_toad/2025/Documents/06.10-13.10.2025/4Z/106MEDIA/DSCF0847.JPG,DSCF0847.JPG,4Z/106MEDIA,0,Other_Amphibian,0.3632,3217.8,1964.5,3348.3,2108.2
/srv/shared_leopard_toad/2025/Documents/06.10-13.10.2025/4Z/106MEDIA/DSCF0847.JPG,DSCF0847.JPG,4Z/106MEDIA,0,Other_Amphibian,0.3249,3227.2,1965.5,3352.6,2111.0
/srv/shared_leopard_toad/2025/Documents/06.10-13.10.2025/4Z/106MEDIA/DSCF0803.JPG,DSCF0803.JPG,4Z/106MEDIA,0,Other_Amphibian,0.2868,3225.5,1964.3,3350.6,2110.4
/srv/shared_leopard_toad/2025/Documents/06.10-13.10.2025/4Z/106MEDIA/DSCF0803.JPG,DSCF0803.JPG,4Z/106MEDIA,0,Other_Amphibian,0.2726,3218.0,1965.3,3347.6,2109.1
/srv/shared_leopard_toad/2025/Documents/06.10-13.10.2025/4Z/106MEDIA/DSCF0803.JPG,DSCF0803.JPG,4Z/106MEDIA,2,Western_Leopard_Toad,0.2277,3655.4,1654.6,3928.6,1923.6
/srv/shared_leopard_toad/2025/Documents/06.10-13.10.2025/4Z/106MEDIA/DSCF0585.JPG,DSCF0585.JPG,4Z/106MEDIA,2,Western_Leopard_Toad,0.2516,3654.2,1655.7,3927.6,1924.6
/srv/shared_leopard_toad/2025/Documents/06.10-13.10.2025/4Z/106MEDIA/DSCF0228.JPG,DSCF0228.JPG,4Z/106MEDIA,2,Western_Leopard_Toad,0.2522,3656.2,1655.3,3927.5,1921.9
/srv/shared_leopard_toad/2025/Documents/06.10-13.10.2025/4Z/106MEDIA/DSCF0228.JPG,DSCF0228.JPG,4Z/106MEDIA,0,Other_Amphibian,0.2344,3227.9,1968.6,3365.7,2110.2
/srv/shared_leopard_toad/2025/Documents/06.10-13.10.2025/4Z/106MEDIA/DSCF0253.JPG,DSCF0253.JPG,4Z/106MEDIA,2,Western_Leopard_Toad,0.2608,3656.5,1657.1,3926.3,1924.6
/srv/shared_leopard_toad/2025/Documents/06.10-13.10.2025/4Z/106MEDIA/DSCF0218.JPG,DSCF0218.JPG,4Z/106MEDIA,2,Western_Leopard_Toad,0.4080,3653.7,1657.5,3928.8,1922.9
/srv/shared_leopard_toad/2025/Documents/06.10-13.10.2025/4Z/106MEDIA/DSCF0218.JPG,DSCF0218.JPG,4Z/106MEDIA,0,Other_Amphibian,0.2355,3222.3,1967.2,3347.1,2107.5
/srv/shared_leopard_toad/2025/Documents/06.10-13.10.2025/4Z/106MEDIA/DSCF0435.JPG,DSCF0435.JPG,4Z/106MEDIA,0,Other_Amphibian,0.2213,3655.2,1654.0,3926.6,1924.4
/srv/shared_leopard_toad/2025/Documents/06.10-13.10.2025/4Z/106MEDIA/DSCF0435.JPG,DSCF0435.JPG,4Z/106MEDIA,0,Other_Amphibian,0.2024,3229.4,1973.1,3348.7,2112.3
/srv/shared_leopard_toad/2025/Documents/06.10-13.10.2025/4Z/106MEDIA/DSCF0819.JPG,DSCF0819.JPG,4Z/106MEDIA,2,Western_Leopard_Toad,0.4230,3652.5,1657.5,3928.3,1922.9
/srv/shared_leopard_toad/2025/Documents/06.10-13.10.2025/4Z/106MEDIA/DSCF0819.JPG,DSCF0819.JPG,4Z/106MEDIA,0,Other_Amphibian,0.2641,3218.5,1965.0,3347.6,2109.1
/srv/shared_leopard_toad/2025/Documents/06.10-13.10.2025/4Z/106MEDIA/DSCF0819.JPG,DSCF0819.JPG,4Z/106MEDIA,0,Other_Amphibian,0.2614,3225.2,1965.2,3349.6,2110.7
/srv/shared_leopard_toad/2025/Documents/06.10-13.10.2025/4Z/106MEDIA/DSCF0680.JPG,DSCF0680.JPG,4Z/106MEDIA,2,Western_Leopard_Toad,0.3643,3654.4,1657.1,3926.2,1922.9
/srv/shared_leopard_toad/2025/Documents/06.10-13.10.2025/4Z/106MEDIA/DSCF0680.JPG,DSCF0680.JPG,4Z/106MEDIA,0,Other_Amphibian,0.2427,3227.3,1969.6,3351.6,2114.0
/srv/shared_leopard_toad/2025/Documents/06.10-13.10.2025/4Z/106MEDIA/DSCF0680.JPG,DSCF0680.JPG,4Z/106MEDIA,0,Other_Amphibian,0.2383,3219.1,1966.9,3348.1,2109.6
/srv/shared_leopard_toad/2025/Documents/06.10-13.10.2025/4Z/106MEDIA/DSCF0260.JPG,DSCF0260.JPG,4Z/106MEDIA,0,Other_Amphibian,0.2559,3220.5,1967.5,3348.3,2106.5
/srv/shared_leopard_toad/2025/Documents/06.10-13.10.2025/4Z/106MEDIA/DSCF0260.JPG,DSCF0260.JPG,4Z/106MEDIA,0,Other_Amphibian,0.2399,3225.7,1970.4,3349.5,2109.8
/srv/shared_leopard_toad/2025/Documents/06.10-13.10.2025/4Z/106MEDIA/DSCF0260.JPG,DSCF0260.JPG,4Z/106MEDIA,0,Other_Amphibian,0.2102,3656.3,1655.7,3926.8,1923.7
/srv/shared_leopard_toad/2025/Documents/06.10-13.10.2025/4Z/106MEDIA/DSCF0115.JPG,DSCF0115.JPG,4Z/106MEDIA,2,Western_Leopard_Toad,0.3422,3656.8,1657.2,3927.0,1922.4
/srv/shared_leopard_toad/2025/Documents/06.10-13.10.2025/4Z/106MEDIA/DSCF0115.JPG,DSCF0115.JPG,4Z/106MEDIA,0,Other_Amphibian,0.3203,3219.8,1967.4,3346.3,2108.0
/srv/shared_leopard_toad/2025/Documents/06.10-13.10.2025/4Z/106MEDIA/DSCF0115.JPG,DSCF0115.JPG,4Z/106MEDIA,0,Other_Amphibian,0.2886,3227.2,1968.9,3348.8,2109.8
/srv/shared_leopard_toad/2025/Documents/06.10-13.10.2025/4Z/106MEDIA/DSCF0462.JPG,DSCF0462.JPG,4Z/106MEDIA,2,Western_Leopard_Toad,0.3614,3656.1,1651.5,3927.0,1923.0
/srv/shared_leopard_toad/2025/Documents/06.10-13.10.2025/4Z/106MEDIA/DSCF0462.JPG,DSCF0462.JPG,4Z/106MEDIA,0,Other_Amphibian,0.2660,3222.9,1968.2,3349.2,2107.9
/srv/shared_leopard_toad/2025/Documents/06.10-13.10.2025/4Z/106MEDIA/DSCF0462.JPG,DSCF0462.JPG,4Z/106MEDIA,0,Other_Amphibian,0.2490,3229.6,1972.2,3351.8,2112.4
/srv/shared_leopard_toad/2025/Documents/06.10-13.10.2025/4Z/106MEDIA/DSCF0037.JPG,DSCF0037.JPG,4Z/106MEDIA,2,Western_Leopard_Toad,0.2549,3657.0,1657.2,3927.0,1923.8
/srv/shared_leopard_toad/2025/Documents/06.10-13.10.2025/4Z/106MEDIA/DSCF0037.JPG,DSCF0037.JPG,4Z/106MEDIA,0,Other_Amphibian,0.2305,3223.5,1968.4,3348.1,2105.9
/srv/shared_leopard_toad/2025/Documents/06.10-13.10.2025/4Z/106MEDIA/DSCF0037.JPG,DSCF0037.JPG,4Z/106MEDIA,0,Other_Amphibian,0.2079,3229.8,1974.6,3350.7,2112.7
/srv/shared_leopard_toad/2025/Documents/06.10-13.10.2025/4Z/106MEDIA/DSCF0056.JPG,DSCF0056.JPG,4Z/106MEDIA,2,Western_Leopard_Toad,0.3258,3655.7,1656.2,3927.7,1923.6
/srv/shared_leopard_toad/2025/Documents/06.10-13.10.2025/4Z/106MEDIA/DSCF0056.JPG,DSCF0056.JPG,4Z/106MEDIA,0,Other_Amphibian,0.2110,3223.0,1971.6,3350.1,2109.5
/srv/shared_leopard_toad/2025/Documents/06.10-13.10.2025/4Z/106MEDIA/DSCF0056.JPG,DSCF0056.JPG,4Z/106MEDIA,0,Other_Amphibian,0.2067,3224.8,1973.1,3348.4,2110.9
/srv/shared_leopard_toad/2025/Documents/06.10-13.10.2025/4Z/106MEDIA/DSCF0522.JPG,DSCF0522.JPG,4Z/106MEDIA,0,Other_Amphibian,0.2002,3224.3,1965.8,3346.6,2105.6
/srv/shared_leopard_toad/2025/Documents/06.10-13.10.2025/4Z/106MEDIA/DSCF0641.JPG,DSCF0641.JPG,4Z/106MEDIA,2,Western_Leopard_Toad,0.2105,3655.4,1657.8,3923.4,1924.1
/srv/shared_leopard_toad/2025/Documents/06.10-13.10.2025/4Z/106MEDIA/DSCF0624.JPG,DSCF0624.JPG,4Z/106MEDIA,2,Western_Leopard_Toad,0.3689,3654.8,1656.5,3928.4,1922.8
/srv/shared_leopard_toad/2025/Documents/06.10-13.10.2025/4Z/106MEDIA/DSCF0624.JPG,DSCF0624.JPG,4Z/106MEDIA,0,Other_Amphibian,0.2930,3220.9,1966.9,3348.6,2108.9
/srv/shared_leopard_toad/2025/Documents/06.10-13.10.2025/4Z/106MEDIA/DSCF0624.JPG,DSCF0624.JPG,4Z/106MEDIA,0,Other_Amphibian,0.2561,3228.9,1969.9,3353.4,2113.4
/srv/shared_leopard_toad/2025/Documents/06.10-13.10.2025/4Z/106MEDIA/DSCF0561.JPG,DSCF0561.JPG,4Z/106MEDIA,2,Western_Leopard_Toad,0.3297,3654.8,1655.6,3930.9,1921.9
/srv/shared_leopard_toad/2025/Documents/06.10-13.10.2025/4Z/106MEDIA/DSCF0561.JPG,DSCF0561.JPG,4Z/106MEDIA,0,Other_Amphibian,0.2417,3222.8,1968.7,3348.4,2107.7
/srv/shared_leopard_toad/2025/Documents/06.10-13.10.2025/4Z/106MEDIA/DSCF0561.JPG,DSCF0561.JPG,4Z/106MEDIA,0,Other_Amphibian,0.2033,3232.1,1977.5,3353.2,2117.9
/srv/shared_leopard_toad/2025/Documents/06.10-13.10.2025/4Z/106MEDIA/DSCF0616.JPG,DSCF0616.JPG,4Z/106MEDIA,2,Western_Leopard_Toad,0.4236,3657.1,1655.5,3930.9,1923.6
/srv/shared_leopard_toad/2025/Documents/06.10-13.10.2025/4Z/106MEDIA/DSCF0616.JPG,DSCF0616.JPG,4Z/106MEDIA,0,Other_Amphibian,0.2556,3218.9,1968.9,3345.5,2109.3
/srv/shared_leopard_toad/2025/Documents/06.10-13.10.2025/4Z/106MEDIA/DSCF0616.JPG,DSCF0616.JPG,4Z/106MEDIA,0,Other_Amphibian,0.2518,3228.4,1969.5,3350.3,2111.8
/srv/shared_leopard_toad/2025/Documents/06.10-13.10.2025/4Z/106MEDIA/DSCF0829.JPG,DSCF0829.JPG,4Z/106MEDIA,2,Western_Leopard_Toad,0.5022,3652.2,1657.3,3928.7,1922.8
/srv/shared_leopard_toad/2025/Documents/06.10-13.10.2025/4Z/106MEDIA/DSCF0829.JPG,DSCF0829.JPG,4Z/106MEDIA,0,Other_Amphibian,0.2628,3221.0,1966.3,3348.5,2108.7
/srv/shared_leopard_toad/2025/Documents/06.10-13.10.2025/4Z/106MEDIA/DSCF0829.JPG,DSCF0829.JPG,4Z/106MEDIA,0,Other_Amphibian,0.2386,3227.6,1968.5,3352.4,2112.0
/srv/shared_leopard_toad/2025/Documents/06.10-13.10.2025/4Z/106MEDIA/DSCF0137.JPG,DSCF0137.JPG,4Z/106MEDIA,2,Western_Leopard_Toad,0.3390,3655.7,1658.1,3926.7,1923.1
/srv/shared_leopard_toad/2025/Documents/06.10-13.10.2025/4Z/106MEDIA/DSCF0137.JPG,DSCF0137.JPG,4Z/106MEDIA,0,Other_Amphibian,0.2173,3223.8,1967.2,3349.3,2107.6
/srv/shared_leopard_toad/2025/Documents/06.10-13.10.2025/4Z/106MEDIA/DSCF0137.JPG,DSCF0137.JPG,4Z/106MEDIA,0,Other_Amphibian,0.2008,3229.0,1973.8,3350.4,2115.5
/srv/shared_leopard_toad/2025/Documents/06.10-13.10.2025/4Z/106MEDIA/DSCF0069.JPG,DSCF0069.JPG,4Z/106MEDIA,0,Other_Amphibian,0.3359,3219.0,1968.3,3347.9,2107.5
/srv/shared_leopard_toad/2025/Documents/06.10-13.10.2025/4Z/106MEDIA/DSCF0069.JPG,DSCF0069.JPG,4Z/106MEDIA,2,Western_Leopard_Toad,0.3093,3655.4,1656.8,3929.6,1923.7
/srv/shared_leopard_toad/2025/Documents/06.10-13.10.2025/4Z/106MEDIA/DSCF0069.JPG,DSCF0069.JPG,4Z/106MEDIA,0,Other_Amphibian,0.2833,3227.2,1973.1,3350.8,2112.9
/srv/shared_leopard_toad/2025/Documents/06.10-13.10.2025/4Z/106MEDIA/DSCF0484.JPG,DSCF0484.JPG,4Z/106MEDIA,2,Western_Leopard_Toad,0.4331,3656.7,1654.5,3928.0,1921.7
/srv/shared_leopard_toad/2025/Documents/06.10-13.10.2025/4Z/106MEDIA/DSCF0484.JPG,DSCF0484.JPG,4Z/106MEDIA,0,Other_Amphibian,0.3618,3221.6,1966.4,3346.3,2106.3
/srv/shared_leopard_toad/2025/Documents/06.10-13.10.2025/4Z/106MEDIA/DSCF0484.JPG,DSCF0484.JPG,4Z/106MEDIA,0,Other_Amphibian,0.3007,3229.7,1966.8,3350.0,2107.9
/srv/shared_leopard_toad/2025/Documents/06.10-13.10.2025/4Z/106MEDIA/DSCF0471.JPG,DSCF0471.JPG,4Z/106MEDIA,0,Other_Amphibian,0.3828,3656.6,1653.0,3928.5,1922.7
/srv/shared_leopard_toad/2025/Documents/06.10-13.10.2025/4Z/106MEDIA/DSCF0609.JPG,DSCF0609.JPG,4Z/106MEDIA,2,Western_Leopard_Toad,0.2979,3653.6,1658.1,3928.4,1923.9
/srv/shared_leopard_toad/2025/Documents/06.10-13.10.2025/4Z/106MEDIA/DSCF0609.JPG,DSCF0609.JPG,4Z/106MEDIA,0,Other_Amphibian,0.2163,3226.3,1967.2,3351.2,2110.5
/srv/shared_leopard_toad/2025/Documents/06.10-13.10.2025/4Z/106MEDIA/DSCF0239.JPG,DSCF0239.JPG,4Z/106MEDIA,2,Western_Leopard_Toad,0.5361,3655.5,1657.2,3930.0,1921.7
/srv/shared_leopard_toad/2025/Documents/06.10-13.10.2025/4Z/106MEDIA/DSCF0239.JPG,DSCF0239.JPG,4Z/106MEDIA,0,Other_Amphibian,0.3180,3219.6,1966.5,3348.8,2108.6
/srv/shared_leopard_toad/2025/Documents/06.10-13.10.2025/4Z/106MEDIA/DSCF0239.JPG,DSCF0239.JPG,4Z/106MEDIA,0,Other_Amphibian,0.2584,3228.7,1972.9,3352.5,2115.9
/srv/shared_leopard_toad/2025/Documents/06.10-13.10.2025/4Z/106MEDIA/DSCF0329.JPG,DSCF0329.JPG,4Z/106MEDIA,2,Western_Leopard_Toad,0.3584,3655.7,1654.3,3930.4,1923.3
/srv/shared_leopard_toad/2025/Documents/06.10-13.10.2025/4Z/106MEDIA/DSCF0129.JPG,DSCF0129.JPG,4Z/106MEDIA,0,Other_Amphibian,0.2115,3228.8,1969.6,3351.7,2111.4
/srv/shared_leopard_toad/2025/Documents/06.10-13.10.2025/4Z/106MEDIA/DSCF0129.JPG,DSCF0129.JPG,4Z/106MEDIA,0,Other_Amphibian,0.2113,3225.2,1966.8,3349.8,2107.4
/srv/shared_leopard_toad/2025/Documents/06.10-13.10.2025/4Z/106MEDIA/DSCF0147.JPG,DSCF0147.JPG,4Z/106MEDIA,2,Western_Leopard_Toad,0.4378,3656.8,1656.2,3929.0,1922.4
/srv/shared_leopard_toad/2025/Documents/06.10-13.10.2025/4Z/106MEDIA/DSCF0147.JPG,DSCF0147.JPG,4Z/106MEDIA,0,Other_Amphibian,0.2366,3222.3,1966.9,3347.0,2107.4
/srv/shared_leopard_toad/2025/Documents/06.10-13.10.2025/4Z/106MEDIA/DSCF0147.JPG,DSCF0147.JPG,4Z/106MEDIA,0,Other_Amphibian,0.2076,3231.1,1974.7,3351.9,2116.8
/srv/shared_leopard_toad/2025/Documents/06.10-13.10.2025/4Z/106MEDIA/DSCF0882.JPG,DSCF0882.JPG,4Z/106MEDIA,2,Western_Leopard_Toad,0.2194,3649.9,1658.2,3926.0,1923.8
/srv/shared_leopard_toad/2025/Documents/06.10-13.10.2025/4Z/106MEDIA/DSCF0261.JPG,DSCF0261.JPG,4Z/106MEDIA,2,Western_Leopard_Toad,0.5599,3654.9,1656.2,3930.1,1921.8
/srv/shared_leopard_toad/2025/Documents/06.10-13.10.2025/4Z/106MEDIA/DSCF0062.JPG,DSCF0062.JPG,4Z/106MEDIA,0,Other_Amphibian,0.2727,3223.3,1967.5,3346.4,2107.6
/srv/shared_leopard_toad/2025/Documents/06.10-13.10.2025/4Z/106MEDIA/DSCF0062.JPG,DSCF0062.JPG,4Z/106MEDIA,0,Other_Amphibian,0.2541,3228.1,1968.2,3348.4,2109.1
/srv/shared_leopard_toad/2025/Documents/06.10-13.10.2025/4Z/106MEDIA/DSCF0062.JPG,DSCF0062.JPG,4Z/106MEDIA,2,Western_Leopard_Toad,0.2353,3654.7,1655.4,3929.4,1924.0
/srv/shared_leopard_toad/2025/Documents/06.10-13.10.2025/4Z/106MEDIA/DSCF0326.JPG,DSCF0326.JPG,4Z/106MEDIA,0,Other_Amphibian,0.2263,3230.9,1972.1,3350.8,2112.0
/srv/shared_leopard_toad/2025/Documents/06.10-13.10.2025/4Z/106MEDIA/DSCF0326.JPG,DSCF0326.JPG,4Z/106MEDIA,0,Other_Amphibian,0.2176,3226.4,1966.4,3349.2,2105.8
/srv/shared_leopard_toad/2025/Documents/06.10-13.10.2025/4Z/106MEDIA/DSCF0809.JPG,DSCF0809.JPG,4Z/106MEDIA,0,Other_Amphibian,0.3552,3223.3,1964.2,3349.9,2108.8
/srv/shared_leopard_toad/2025/Documents/06.10-13.10.2025/4Z/106MEDIA/DSCF0809.JPG,DSCF0809.JPG,4Z/106MEDIA,0,Other_Amphibian,0.3402,3218.6,1965.6,3348.9,2108.4
/srv/shared_leopard_toad/2025/Documents/06.10-13.10.2025/4Z/106MEDIA/DSCF0809.JPG,DSCF0809.JPG,4Z/106MEDIA,2,Western_Leopard_Toad,0.2110,3653.2,1655.4,3923.6,1922.2
/srv/shared_leopard_toad/2025/Documents/06.10-13.10.2025/4Z/106MEDIA/DSCF0975.JPG,DSCF0975.JPG,4Z/106MEDIA,2,Western_Leopard_Toad,0.7615,3649.0,1659.9,3927.3,1921.7
/srv/shared_leopard_toad/2025/Documents/06.10-13.10.2025/4Z/106MEDIA/DSCF0975.JPG,DSCF0975.JPG,4Z/106MEDIA,0,Other_Amphibian,0.7150,3215.4,1954.5,3353.3,2111.4
/srv/shared_leopard_toad/2025/Documents/06.10-13.10.2025/4Z/106MEDIA/DSCF0975.JPG,DSCF0975.JPG,4Z/106MEDIA,0,Other_Amphibian,0.6336,3215.6,1955.4,3352.7,2111.4
/srv/shared_leopard_toad/2025/Documents/06.10-13.10.2025/4Z/106MEDIA/DSCF0796.JPG,DSCF0796.JPG,4Z/106MEDIA,2,Western_Leopard_Toad,0.5060,3653.7,1655.7,3929.7,1922.5
/srv/shared_leopard_toad/2025/Documents/06.10-13.10.2025/4Z/106MEDIA/DSCF0796.JPG,DSCF0796.JPG,4Z/106MEDIA,0,Other_Amphibian,0.3113,3219.7,1966.4,3347.8,2107.4
/srv/shared_leopard_toad/2025/Documents/06.10-13.10.2025/4Z/106MEDIA/DSCF0796.JPG,DSCF0796.JPG,4Z/106MEDIA,0,Other_Amphibian,0.2614,3228.6,1970.4,3352.2,2112.8
/srv/shared_leopard_toad/2025/Documents/06.10-13.10.2025/4Z/106MEDIA/DSCF0495.JPG,DSCF0495.JPG,4Z/106MEDIA,2,Western_Leopard_Toad,0.3332,3655.0,1654.9,3927.4,1923.5
/srv/shared_leopard_toad/2025/Documents/06.10-13.10.2025/4Z/106MEDIA/DSCF0590.JPG,DSCF0590.JPG,4Z/106MEDIA,2,Western_Leopard_Toad,0.2627,3653.7,1656.1,3925.3,1924.1
/srv/shared_leopard_toad/2025/Documents/06.10-13.10.2025/4Z/106MEDIA/DSCF0590.JPG,DSCF0590.JPG,4Z/106MEDIA,0,Other_Amphibian,0.2117,3225.2,1967.0,3349.6,2108.2
/srv/shared_leopard_toad/2025/Documents/06.10-13.10.2025/4Z/106MEDIA/DSCF0590.JPG,DSCF0590.JPG,4Z/106MEDIA,0,Other_Amphibian,0.2000,3222.9,1969.7,3346.2,2111.0
/srv/shared_leopard_toad/2025/Documents/06.10-13.10.2025/4Z/106MEDIA/DSCF0934.JPG,DSCF0934.JPG,4Z/106MEDIA,2,Western_Leopard_Toad,0.5975,3647.6,1670.2,3921.1,1934.2
/srv/shared_leopard_toad/2025/Documents/06.10-13.10.2025/4Z/106MEDIA/DSCF0934.JPG,DSCF0934.JPG,4Z/106MEDIA,2,Western_Leopard_Toad,0.2751,832.4,1679.9,1016.2,1965.7
/srv/shared_leopard_toad/2025/Documents/06.10-13.10.2025/4Z/106MEDIA/DSCF0175.JPG,DSCF0175.JPG,4Z/106MEDIA,2,Western_Leopard_Toad,0.4484,3656.2,1656.4,3928.4,1923.5
/srv/shared_leopard_toad/2025/Documents/06.10-13.10.2025/4Z/106MEDIA/DSCF0175.JPG,DSCF0175.JPG,4Z/106MEDIA,0,Other_Amphibian,0.3014,3218.1,1966.4,3345.3,2108.8
/srv/shared_leopard_toad/2025/Documents/06.10-13.10.2025/4Z/106MEDIA/DSCF0175.JPG,DSCF0175.JPG,4Z/106MEDIA,0,Other_Amphibian,0.2176,3228.1,1973.2,3350.7,2116.2
/srv/shared_leopard_toad/2025/Documents/06.10-13.10.2025/4Z/106MEDIA/DSCF0951.JPG,DSCF0951.JPG,4Z/106MEDIA,0,Other_Amphibian,0.7147,3214.6,1958.3,3356.4,2118.7
/srv/shared_leopard_toad/2025/Documents/06.10-13.10.2025/4Z/106MEDIA/DSCF0951.JPG,DSCF0951.JPG,4Z/106MEDIA,2,Western_Leopard_Toad,0.7007,3645.3,1662.2,3926.6,1921.9
/srv/shared_leopard_toad/2025/Documents/06.10-13.10.2025/4Z/106MEDIA/DSCF0951.JPG,DSCF0951.JPG,4Z/106MEDIA,0,Other_Amphibian,0.6947,3216.4,1959.3,3357.0,2119.5
/srv/shared_leopard_toad/2025/Documents/06.10-13.10.2025/4Z/106MEDIA/DSCF0647.JPG,DSCF0647.JPG,4Z/106MEDIA,2,Western_Leopard_Toad,0.3887,3655.8,1656.2,3928.6,1923.8
/srv/shared_leopard_toad/2025/Documents/06.10-13.10.2025/4Z/106MEDIA/DSCF0647.JPG,DSCF0647.JPG,4Z/106MEDIA,0,Other_Amphibian,0.2350,3220.0,1965.5,3348.6,2110.6
/srv/shared_leopard_toad/2025/Documents/06.10-13.10.2025/4Z/106MEDIA/DSCF0647.JPG,DSCF0647.JPG,4Z/106MEDIA,0,Other_Amphibian,0.2223,3230.2,1970.1,3353.9,2117.7
/srv/shared_leopard_toad/2025/Documents/06.10-13.10.2025/4Z/106MEDIA/DSCF0573.JPG,DSCF0573.JPG,4Z/106MEDIA,2,Western_Leopard_Toad,0.2440,3655.8,1655.8,3926.5,1924.1
/srv/shared_leopard_toad/2025/Documents/06.10-13.10.2025/4Z/106MEDIA/DSCF0573.JPG,DSCF0573.JPG,4Z/106MEDIA,0,Other_Amphibian,0.2240,3229.2,1969.4,3350.9,2114.2
/srv/shared_leopard_toad/2025/Documents/06.10-13.10.2025/4Z/106MEDIA/DSCF0914.JPG,DSCF0914.JPG,4Z/106MEDIA,2,Western_Leopard_Toad,0.8626,3642.9,1666.7,3922.0,1934.1
/srv/shared_leopard_toad/2025/Documents/06.10-13.10.2025/4Z/106MEDIA/DSCF0203.JPG,DSCF0203.JPG,4Z/106MEDIA,2,Western_Leopard_Toad,0.2909,3654.3,1658.1,3928.1,1923.6
/srv/shared_leopard_toad/2025/Documents/06.10-13.10.2025/4Z/106MEDIA/DSCF0103.JPG,DSCF0103.JPG,4Z/106MEDIA,0,Other_Amphibian,0.2620,3227.0,1966.1,3350.2,2108.1
/srv/shared_leopard_toad/2025/Documents/06.10-13.10.2025/4Z/106MEDIA/DSCF0103.JPG,DSCF0103.JPG,4Z/106MEDIA,0,Other_Amphibian,0.2575,3220.5,1966.8,3347.9,2107.2
/srv/shared_leopard_toad/2025/Documents/06.10-13.10.2025/4Z/106MEDIA/DSCF0103.JPG,DSCF0103.JPG,4Z/106MEDIA,2,Western_Leopard_Toad,0.2367,3654.5,1657.2,3925.7,1924.4
/srv/shared_leopard_toad/2025/Documents/06.10-13.10.2025/4Z/106MEDIA/DSCF0388.JPG,DSCF0388.JPG,4Z/106MEDIA,2,Western_Leopard_Toad,0.3978,3655.9,1653.5,3929.6,1925.1
/srv/shared_leopard_toad/2025/Documents/06.10-13.10.2025/4Z/106MEDIA/DSCF0388.JPG,DSCF0388.JPG,4Z/106MEDIA,0,Other_Amphibian,0.2699,3222.4,1967.7,3346.9,2106.6
/srv/shared_leopard_toad/2025/Documents/06.10-13.10.2025/4Z/106MEDIA/DSCF0388.JPG,DSCF0388.JPG,4Z/106MEDIA,0,Other_Amphibian,0.2186,3228.5,1972.1,3349.8,2110.8
/srv/shared_leopard_toad/2025/Documents/06.10-13.10.2025/4Z/106MEDIA/DSCF0920.JPG,DSCF0920.JPG,4Z/106MEDIA,2,Western_Leopard_Toad,0.7534,3642.7,1669.8,3921.8,1930.8
/srv/shared_leopard_toad/2025/Documents/06.10-13.10.2025/4Z/106MEDIA/DSCF0920.JPG,DSCF0920.JPG,4Z/106MEDIA,2,Western_Leopard_Toad,0.3009,5037.3,956.2,5340.1,1279.2
/srv/shared_leopard_toad/2025/Documents/06.10-13.10.2025/4Z/106MEDIA/DSCF0039.JPG,DSCF0039.JPG,4Z/106MEDIA,0,Other_Amphibian,0.2780,3654.6,1654.4,3928.0,1923.5
/srv/shared_leopard_toad/2025/Documents/06.10-13.10.2025/4Z/106MEDIA/DSCF0039.JPG,DSCF0039.JPG,4Z/106MEDIA,0,Other_Amphibian,0.2461,3221.6,1967.1,3347.1,2107.2
/srv/shared_leopard_toad/2025/Documents/06.10-13.10.2025/4Z/106MEDIA/DSCF0039.JPG,DSCF0039.JPG,4Z/106MEDIA,0,Other_Amphibian,0.2251,3225.3,1970.7,3348.9,2110.2
/srv/shared_leopard_toad/2025/Documents/06.10-13.10.2025/4Z/106MEDIA/DSCF0968.JPG,DSCF0968.JPG,4Z/106MEDIA,0,Other_Amphibian,0.6102,3217.5,1966.6,3352.2,2115.9
/srv/shared_leopard_toad/2025/Documents/06.10-13.10.2025/4Z/106MEDIA/DSCF0968.JPG,DSCF0968.JPG,4Z/106MEDIA,0,Other_Amphibian,0.4937,3222.4,1966.2,3353.1,2116.3
/srv/shared_leopard_toad/2025/Documents/06.10-13.10.2025/4Z/106MEDIA/DSCF0968.JPG,DSCF0968.JPG,4Z/106MEDIA,2,Western_Leopard_Toad,0.4566,3642.1,1660.5,3923.5,1925.5
/srv/shared_leopard_toad/2025/Documents/06.10-13.10.2025/4Z/106MEDIA/DSCF0070.JPG,DSCF0070.JPG,4Z/106MEDIA,2,Western_Leopard_Toad,0.2733,3655.2,1655.5,3927.5,1922.8
/srv/shared_leopard_toad/2025/Documents/06.10-13.10.2025/4Z/106MEDIA/DSCF0092.JPG,DSCF0092.JPG,4Z/106MEDIA,0,Other_Amphibian,0.2777,3221.4,1967.2,3345.9,2106.6
/srv/shared_leopard_toad/2025/Documents/06.10-13.10.2025/4Z/106MEDIA/DSCF0092.JPG,DSCF0092.JPG,4Z/106MEDIA,0,Other_Amphibian,0.2472,3225.4,1968.0,3346.9,2107.8
/srv/shared_leopard_toad/2025/Documents/06.10-13.10.2025/4Z/106MEDIA/DSCF0092.JPG,DSCF0092.JPG,4Z/106MEDIA,2,Western_Leopard_Toad,0.2062,3656.1,1657.6,3929.3,1924.1
/srv/shared_leopard_toad/2025/Documents/06.10-13.10.2025/4Z/106MEDIA/DSCF0100.JPG,DSCF0100.JPG,4Z/106MEDIA,0,Other_Amphibian,0.2738,3222.4,1967.6,3349.3,2108.0
/srv/shared_leopard_toad/2025/Documents/06.10-13.10.2025/4Z/106MEDIA/DSCF0100.JPG,DSCF0100.JPG,4Z/106MEDIA,0,Other_Amphibian,0.2532,3229.2,1970.9,3352.9,2112.4
/srv/shared_leopard_toad/2025/Documents/06.10-13.10.2025/4Z/106MEDIA/DSCF0401.JPG,DSCF0401.JPG,4Z/106MEDIA,0,Other_Amphibian,0.2186,3225.5,1967.2,3348.7,2107.1
/srv/shared_leopard_toad/2025/Documents/06.10-13.10.2025/4Z/106MEDIA/DSCF0948.JPG,DSCF0948.JPG,4Z/106MEDIA,0,Other_Amphibian,0.7417,3214.7,1955.2,3349.4,2111.9
/srv/shared_leopard_toad/2025/Documents/06.10-13.10.2025/4Z/106MEDIA/DSCF0948.JPG,DSCF0948.JPG,4Z/106MEDIA,0,Other_Amphibian,0.6699,3216.4,1956.3,3346.0,2112.7
/srv/shared_leopard_toad/2025/Documents/06.10-13.10.2025/4Z/106MEDIA/DSCF0948.JPG,DSCF0948.JPG,4Z/106MEDIA,2,Western_Leopard_Toad,0.6084,3641.7,1661.4,3926.9,1926.1
/srv/shared_leopard_toad/2025/Documents/06.10-13.10.2025/4Z/106MEDIA/DSCF0973.JPG,DSCF0973.JPG,4Z/106MEDIA,2,Western_Leopard_Toad,0.7905,3642.5,1660.5,3925.7,1922.3
/srv/shared_leopard_toad/2025/Documents/06.10-13.10.2025/4Z/106MEDIA/DSCF0973.JPG,DSCF0973.JPG,4Z/106MEDIA,0,Other_Amphibian,0.5374,3218.4,1961.7,3353.4,2112.8
/srv/shared_leopard_toad/2025/Documents/06.10-13.10.2025/4Z/106MEDIA/DSCF0973.JPG,DSCF0973.JPG,4Z/106MEDIA,0,Other_Amphibian,0.3423,3226.1,1963.3,3357.2,2115.0
/srv/shared_leopard_toad/2025/Documents/06.10-13.10.2025/4Z/106MEDIA/DSCF0599.JPG,DSCF0599.JPG,4Z/106MEDIA,0,Other_Amphibian,0.2889,3221.8,1967.4,3349.8,2108.9
/srv/shared_leopard_toad/2025/Documents/06.10-13.10.2025/4Z/106MEDIA/DSCF0599.JPG,DSCF0599.JPG,4Z/106MEDIA,0,Other_Amphibian,0.2882,3228.6,1967.1,3352.8,2110.3
/srv/shared_leopard_toad/2025/Documents/06.10-13.10.2025/4Z/106MEDIA/DSCF0599.JPG,DSCF0599.JPG,4Z/106MEDIA,0,Other_Amphibian,0.2333,3656.7,1653.0,3930.3,1923.6
/srv/shared_leopard_toad/2025/Documents/06.10-13.10.2025/4Z/106MEDIA/DSCF0491.JPG,DSCF0491.JPG,4Z/106MEDIA,2,Western_Leopard_Toad,0.4650,3655.2,1655.5,3928.0,1922.3
/srv/shared_leopard_toad/2025/Documents/06.10-13.10.2025/4Z/106MEDIA/DSCF0491.JPG,DSCF0491.JPG,4Z/106MEDIA,0,Other_Amphibian,0.2274,3223.1,1966.3,3346.6,2107.2
/srv/shared_leopard_toad/2025/Documents/06.10-13.10.2025/4Z/106MEDIA/DSCF0600.JPG,DSCF0600.JPG,4Z/106MEDIA,0,Other_Amphibian,0.3238,3219.1,1967.3,3348.1,2107.3
/srv/shared_leopard_toad/2025/Documents/06.10-13.10.2025/4Z/106MEDIA/DSCF0600.JPG,DSCF0600.JPG,4Z/106MEDIA,0,Other_Amphibian,0.2995,3225.2,1967.2,3350.5,2108.3
/srv/shared_leopard_toad/2025/Documents/06.10-13.10.2025/4Z/106MEDIA/DSCF0600.JPG,DSCF0600.JPG,4Z/106MEDIA,2,Western_Leopard_Toad,0.2532,3652.8,1658.2,3925.3,1923.6
/srv/shared_leopard_toad/2025/Documents/06.10-13.10.2025/4Z/106MEDIA/DSCF0984.JPG,DSCF0984.JPG,4Z/106MEDIA,2,Western_Leopard_Toad,0.8575,3639.5,1660.5,3929.4,1926.2
/srv/shared_leopard_toad/2025/Documents/06.10-13.10.2025/4Z/106MEDIA/DSCF0984.JPG,DSCF0984.JPG,4Z/106MEDIA,0,Other_Amphibian,0.4221,3218.5,1953.4,3347.8,2111.4
/srv/shared_leopard_toad/2025/Documents/06.10-13.10.2025/4Z/106MEDIA/DSCF0984.JPG,DSCF0984.JPG,4Z/106MEDIA,0,Other_Amphibian,0.3991,3219.8,1953.1,3347.9,2109.7
/srv/shared_leopard_toad/2025/Documents/06.10-13.10.2025/4Z/106MEDIA/DSCF0984.JPG,DSCF0984.JPG,4Z/106MEDIA,2,Western_Leopard_Toad,0.3624,5045.3,983.2,5326.7,1324.4
/srv/shared_leopard_toad/2025/Documents/06.10-13.10.2025/4Z/106MEDIA/DSCF0042.JPG,DSCF0042.JPG,4Z/106MEDIA,0,Other_Amphibian,0.2748,3657.0,1655.7,3928.6,1923.2
/srv/shared_leopard_toad/2025/Documents/06.10-13.10.2025/4Z/106MEDIA/DSCF0921.JPG,DSCF0921.JPG,4Z/106MEDIA,2,Western_Leopard_Toad,0.8368,3644.7,1666.4,3922.9,1929.4
/srv/shared_leopard_toad/2025/Documents/06.10-13.10.2025/4Z/106MEDIA/DSCF0529.JPG,DSCF0529.JPG,4Z/106MEDIA,2,Western_Leopard_Toad,0.3030,3655.4,1655.3,3927.1,1923.5
/srv/shared_leopard_toad/2025/Documents/06.10-13.10.2025/4Z/106MEDIA/DSCF0529.JPG,DSCF0529.JPG,4Z/106MEDIA,0,Other_Amphibian,0.2434,3222.9,1966.6,3349.0,2106.9
/srv/shared_leopard_toad/2025/Documents/06.10-13.10.2025/4Z/106MEDIA/DSCF0529.JPG,DSCF0529.JPG,4Z/106MEDIA,0,Other_Amphibian,0.2262,3230.2,1972.9,3352.8,2114.6
/srv/shared_leopard_toad/2025/Documents/06.10-13.10.2025/4Z/106MEDIA/DSCF0010.JPG,DSCF0010.JPG,4Z/106MEDIA,2,Western_Leopard_Toad,0.3526,3654.1,1654.0,3928.9,1923.3
/srv/shared_leopard_toad/2025/Documents/06.10-13.10.2025/4Z/106MEDIA/DSCF0010.JPG,DSCF0010.JPG,4Z/106MEDIA,0,Other_Amphibian,0.2274,3220.5,1967.1,3346.6,2108.0
/srv/shared_leopard_toad/2025/Documents/06.10-13.10.2025/4Z/106MEDIA/DSCF0010.JPG,DSCF0010.JPG,4Z/106MEDIA,0,Other_Amphibian,0.2111,3227.4,1971.8,3350.0,2113.0
/srv/shared_leopard_toad/2025/Documents/06.10-13.10.2025/4Z/106MEDIA/DSCF0835.JPG,DSCF0835.JPG,4Z/106MEDIA,2,Western_Leopard_Toad,0.4789,3655.6,1656.8,3929.0,1922.4
/srv/shared_leopard_toad/2025/Documents/06.10-13.10.2025/4Z/106MEDIA/DSCF0835.JPG,DSCF0835.JPG,4Z/106MEDIA,0,Other_Amphibian,0.2384,3223.1,1968.2,3349.8,2109.2
/srv/shared_leopard_toad/2025/Documents/06.10-13.10.2025/4Z/106MEDIA/DSCF0835.JPG,DSCF0835.JPG,4Z/106MEDIA,0,Other_Amphibian,0.2169,3227.4,1970.9,3350.3,2113.1
/srv/shared_leopard_toad/2025/Documents/06.10-13.10.2025/4Z/106MEDIA/DSCF0348.JPG,DSCF0348.JPG,4Z/106MEDIA,2,Western_Leopard_Toad,0.2525,3653.8,1656.8,3926.8,1922.8
/srv/shared_leopard_toad/2025/Documents/06.10-13.10.2025/4Z/106MEDIA/DSCF0348.JPG,DSCF0348.JPG,4Z/106MEDIA,0,Other_Amphibian,0.2343,3013.4,2423.0,3158.0,2639.7
/srv/shared_leopard_toad/2025/Documents/06.10-13.10.2025/4Z/106MEDIA/DSCF0078.JPG,DSCF0078.JPG,4Z/106MEDIA,0,Other_Amphibian,0.2811,3654.6,1656.6,3927.4,1923.4
/srv/shared_leopard_toad/2025/Documents/06.10-13.10.2025/4Z/106MEDIA/DSCF0078.JPG,DSCF0078.JPG,4Z/106MEDIA,0,Other_Amphibian,0.2689,3221.6,1967.2,3347.2,2106.3
/srv/shared_leopard_toad/2025/Documents/06.10-13.10.2025/4Z/106MEDIA/DSCF0078.JPG,DSCF0078.JPG,4Z/106MEDIA,0,Other_Amphibian,0.2488,3227.5,1970.0,3350.1,2110.1
/srv/shared_leopard_toad/2025/Documents/06.10-13.10.2025/4Z/106MEDIA/DSCF0244.JPG,DSCF0244.JPG,4Z/106MEDIA,2,Western_Leopard_Toad,0.2934,3655.8,1656.7,3928.1,1922.8
/srv/shared_leopard_toad/2025/Documents/06.10-13.10.2025/4Z/106MEDIA/DSCF0217.JPG,DSCF0217.JPG,4Z/106MEDIA,2,Western_Leopard_Toad,0.2867,3655.0,1657.6,3925.6,1922.4
/srv/shared_leopard_toad/2025/Documents/06.10-13.10.2025/4Z/106MEDIA/DSCF0217.JPG,DSCF0217.JPG,4Z/106MEDIA,0,Other_Amphibian,0.2778,3221.6,1966.2,3349.7,2107.5
/srv/shared_leopard_toad/2025/Documents/06.10-13.10.2025/4Z/106MEDIA/DSCF0217.JPG,DSCF0217.JPG,4Z/106MEDIA,0,Other_Amphibian,0.2616,3230.0,1971.0,3353.0,2113.5
/srv/shared_leopard_toad/2025/Documents/06.10-13.10.2025/4Z/106MEDIA/DSCF0242.JPG,DSCF0242.JPG,4Z/106MEDIA,2,Western_Leopard_Toad,0.2463,3653.8,1658.2,3924.5,1922.3
/srv/shared_leopard_toad/2025/Documents/06.10-13.10.2025/4Z/106MEDIA/DSCF0156.JPG,DSCF0156.JPG,4Z/106MEDIA,2,Western_Leopard_Toad,0.4409,3654.3,1655.3,3929.8,1922.8
/srv/shared_leopard_toad/2025/Documents/06.10-13.10.2025/4Z/106MEDIA/DSCF0156.JPG,DSCF0156.JPG,4Z/106MEDIA,0,Other_Amphibian,0.2341,3224.2,1966.9,3348.7,2107.4
/srv/shared_leopard_toad/2025/Documents/06.10-13.10.2025/4Z/106MEDIA/DSCF0094.JPG,DSCF0094.JPG,4Z/106MEDIA,0,Other_Amphibian,0.3182,3220.0,1967.0,3347.7,2107.7
/srv/shared_leopard_toad/2025/Documents/06.10-13.10.2025/4Z/106MEDIA/DSCF0094.JPG,DSCF0094.JPG,4Z/106MEDIA,2,Western_Leopard_Toad,0.2678,3655.4,1656.6,3929.6,1923.2
/srv/shared_leopard_toad/2025/Documents/06.10-13.10.2025/4Z/106MEDIA/DSCF0094.JPG,DSCF0094.JPG,4Z/106MEDIA,0,Other_Amphibian,0.2570,3227.3,1969.8,3351.4,2111.5
/srv/shared_leopard_toad/2025/Documents/06.10-13.10.2025/4Z/106MEDIA/DSCF0190.JPG,DSCF0190.JPG,4Z/106MEDIA,2,Western_Leopard_Toad,0.2600,3653.5,1657.4,3926.1,1924.2
/srv/shared_leopard_toad/2025/Documents/06.10-13.10.2025/4Z/106MEDIA/DSCF0190.JPG,DSCF0190.JPG,4Z/106MEDIA,0,Other_Amphibian,0.2044,3223.9,1968.6,3349.5,2108.2
/srv/shared_leopard_toad/2025/Documents/06.10-13.10.2025/4Z/106MEDIA/DSCF0383.JPG,DSCF0383.JPG,4Z/106MEDIA,2,Western_Leopard_Toad,0.3739,3655.4,1657.5,3927.7,1923.1
/srv/shared_leopard_toad/2025/Documents/06.10-13.10.2025/4Z/106MEDIA/DSCF0047.JPG,DSCF0047.JPG,4Z/106MEDIA,2,Western_Leopard_Toad,0.2926,3655.3,1658.1,3929.2,1923.1
/srv/shared_leopard_toad/2025/Documents/06.10-13.10.2025/4Z/106MEDIA/DSCF0047.JPG,DSCF0047.JPG,4Z/106MEDIA,0,Other_Amphibian,0.2110,3224.5,1969.6,3349.7,2106.7
/srv/shared_leopard_toad/2025/Documents/06.10-13.10.2025/4Z/106MEDIA/DSCF0213.JPG,DSCF0213.JPG,4Z/106MEDIA,2,Western_Leopard_Toad,0.2721,3656.4,1656.2,3927.5,1923.1
/srv/shared_leopard_toad/2025/Documents/06.10-13.10.2025/4Z/106MEDIA/DSCF0213.JPG,DSCF0213.JPG,4Z/106MEDIA,0,Other_Amphibian,0.2580,3223.1,1966.3,3347.6,2107.6
/srv/shared_leopard_toad/2025/Documents/06.10-13.10.2025/4Z/106MEDIA/DSCF0213.JPG,DSCF0213.JPG,4Z/106MEDIA,0,Other_Amphibian,0.2432,3229.9,1970.4,3351.1,2113.2
/srv/shared_leopard_toad/2025/Documents/06.10-13.10.2025/4Z/106MEDIA/DSCF0935.JPG,DSCF0935.JPG,4Z/106MEDIA,2,Western_Leopard_Toad,0.8076,3644.2,1668.6,3922.4,1932.2
/srv/shared_leopard_toad/2025/Documents/06.10-13.10.2025/4Z/106MEDIA/DSCF0935.JPG,DSCF0935.JPG,4Z/106MEDIA,2,Western_Leopard_Toad,0.3645,826.2,1670.6,1016.9,1963.6
/srv/shared_leopard_toad/2025/Documents/06.10-13.10.2025/4Z/106MEDIA/DSCF0631.JPG,DSCF0631.JPG,4Z/106MEDIA,0,Other_Amphibian,0.3005,3220.3,1966.4,3348.0,2108.8
/srv/shared_leopard_toad/2025/Documents/06.10-13.10.2025/4Z/106MEDIA/DSCF0631.JPG,DSCF0631.JPG,4Z/106MEDIA,0,Other_Amphibian,0.2893,3227.6,1967.3,3351.2,2111.5
/srv/shared_leopard_toad/2025/Documents/06.10-13.10.2025/4Z/106MEDIA/DSCF0631.JPG,DSCF0631.JPG,4Z/106MEDIA,2,Western_Leopard_Toad,0.2439,3655.9,1656.4,3928.6,1923.5
/srv/shared_leopard_toad/2025/Documents/06.10-13.10.2025/4Z/106MEDIA/DSCF0055.JPG,DSCF0055.JPG,4Z/106MEDIA,2,Western_Leopard_Toad,0.2616,3655.5,1655.1,3930.3,1924.0
/srv/shared_leopard_toad/2025/Documents/06.10-13.10.2025/4Z/106MEDIA/DSCF0055.JPG,DSCF0055.JPG,4Z/106MEDIA,0,Other_Amphibian,0.2552,3222.9,1967.7,3349.7,2107.7
/srv/shared_leopard_toad/2025/Documents/06.10-13.10.2025/4Z/106MEDIA/DSCF0055.JPG,DSCF0055.JPG,4Z/106MEDIA,0,Other_Amphibian,0.2295,3230.8,1973.6,3353.8,2114.8
/srv/shared_leopard_toad/2025/Documents/06.10-13.10.2025/4Z/106MEDIA/DSCF0400.JPG,DSCF0400.JPG,4Z/106MEDIA,0,Other_Amphibian,0.2964,3220.4,1967.0,3346.8,2107.0
/srv/shared_leopard_toad/2025/Documents/06.10-13.10.2025/4Z/106MEDIA/DSCF0400.JPG,DSCF0400.JPG,4Z/106MEDIA,0,Other_Amphibian,0.2855,3654.5,1657.0,3927.4,1925.8
/srv/shared_leopard_toad/2025/Documents/06.10-13.10.2025/4Z/106MEDIA/DSCF0400.JPG,DSCF0400.JPG,4Z/106MEDIA,0,Other_Amphibian,0.2405,3227.9,1970.6,3350.3,2111.5
/srv/shared_leopard_toad/2025/Documents/06.10-13.10.2025/4Z/106MEDIA/DSCF0926.JPG,DSCF0926.JPG,4Z/106MEDIA,2,Western_Leopard_Toad,0.7450,3643.7,1668.7,3918.6,1933.6
/srv/shared_leopard_toad/2025/Documents/06.10-13.10.2025/4Z/106MEDIA/DSCF0926.JPG,DSCF0926.JPG,4Z/106MEDIA,2,Western_Leopard_Toad,0.2001,5026.0,919.2,5347.4,1251.3
/srv/shared_leopard_toad/2025/Documents/06.10-13.10.2025/4Z/106MEDIA/DSCF0658.JPG,DSCF0658.JPG,4Z/106MEDIA,2,Western_Leopard_Toad,0.2339,3653.4,1656.0,3926.0,1925.4
/srv/shared_leopard_toad/2025/Documents/06.10-13.10.2025/4Z/106MEDIA/DSCF0658.JPG,DSCF0658.JPG,4Z/106MEDIA,0,Other_Amphibian,0.2069,3225.5,1969.9,3349.3,2113.5
/srv/shared_leopard_toad/2025/Documents/06.10-13.10.2025/4Z/106MEDIA/DSCF0606.JPG,DSCF0606.JPG,4Z/106MEDIA,2,Western_Leopard_Toad,0.3777,3653.6,1657.2,3929.7,1923.4
/srv/shared_leopard_toad/2025/Documents/06.10-13.10.2025/4Z/106MEDIA/DSCF0606.JPG,DSCF0606.JPG,4Z/106MEDIA,0,Other_Amphibian,0.2495,3221.3,1967.6,3347.5,2108.6
/srv/shared_leopard_toad/2025/Documents/06.10-13.10.2025/4Z/106MEDIA/DSCF0606.JPG,DSCF0606.JPG,4Z/106MEDIA,0,Other_Amphibian,0.2484,3227.7,1967.8,3350.6,2110.6
/srv/shared_leopard_toad/2025/Documents/06.10-13.10.2025/4Z/106MEDIA/DSCF0197.JPG,DSCF0197.JPG,4Z/106MEDIA,2,Western_Leopard_Toad,0.3774,3657.1,1655.4,3930.5,1922.8
/srv/shared_leopard_toad/2025/Documents/06.10-13.10.2025/4Z/106MEDIA/DSCF0197.JPG,DSCF0197.JPG,4Z/106MEDIA,0,Other_Amphibian,0.2310,3224.8,1967.3,3349.1,2108.7
/srv/shared_leopard_toad/2025/Documents/06.10-13.10.2025/4Z/106MEDIA/DSCF0064.JPG,DSCF0064.JPG,4Z/106MEDIA,0,Other_Amphibian,0.3586,3221.1,1968.6,3351.3,2108.8
/srv/shared_leopard_toad/2025/Documents/06.10-13.10.2025/4Z/106MEDIA/DSCF0064.JPG,DSCF0064.JPG,4Z/106MEDIA,0,Other_Amphibian,0.3180,3226.1,1970.5,3352.4,2110.7
/srv/shared_leopard_toad/2025/Documents/06.10-13.10.2025/4Z/106MEDIA/DSCF0064.JPG,DSCF0064.JPG,4Z/106MEDIA,0,Other_Amphibian,0.3150,3655.1,1654.8,3930.8,1923.4
/srv/shared_leopard_toad/2025/Documents/06.10-13.10.2025/4Z/106MEDIA/DSCF0351.JPG,DSCF0351.JPG,4Z/106MEDIA,2,Western_Leopard_Toad,0.5720,3654.7,1656.9,3931.5,1922.4
/srv/shared_leopard_toad/2025/Documents/06.10-13.10.2025/4Z/106MEDIA/DSCF0351.JPG,DSCF0351.JPG,4Z/106MEDIA,0,Other_Amphibian,0.2217,3223.6,1968.6,3347.5,2107.7
/srv/shared_leopard_toad/2025/Documents/06.10-13.10.2025/4Z/106MEDIA/DSCF0225.JPG,DSCF0225.JPG,4Z/106MEDIA,2,Western_Leopard_Toad,0.3472,3655.3,1654.4,3928.7,1922.8
/srv/shared_leopard_toad/2025/Documents/06.10-13.10.2025/4Z/106MEDIA/DSCF0225.JPG,DSCF0225.JPG,4Z/106MEDIA,0,Other_Amphibian,0.2373,3221.6,1966.8,3348.6,2107.7
/srv/shared_leopard_toad/2025/Documents/06.10-13.10.2025/4Z/106MEDIA/DSCF0225.JPG,DSCF0225.JPG,4Z/106MEDIA,0,Other_Amphibian,0.2224,3230.3,1973.3,3352.9,2115.1
/srv/shared_leopard_toad/2025/Documents/06.10-13.10.2025/4Z/106MEDIA/DSCF0354.JPG,DSCF0354.JPG,4Z/106MEDIA,2,Western_Leopard_Toad,0.2386,3653.5,1656.0,3925.1,1922.7
/srv/shared_leopard_toad/2025/Documents/06.10-13.10.2025/4Z/106MEDIA/DSCF0354.JPG,DSCF0354.JPG,4Z/106MEDIA,0,Other_Amphibian,0.2128,3229.1,1973.3,3350.3,2113.5
/srv/shared_leopard_toad/2025/Documents/06.10-13.10.2025/4Z/106MEDIA/DSCF0354.JPG,DSCF0354.JPG,4Z/106MEDIA,0,Other_Amphibian,0.2113,3221.9,1967.3,3347.5,2106.4
/srv/shared_leopard_toad/2025/Documents/06.10-13.10.2025/4Z/106MEDIA/DSCF0272.JPG,DSCF0272.JPG,4Z/106MEDIA,2,Western_Leopard_Toad,0.2541,3654.6,1656.6,3925.8,1924.1
/srv/shared_leopard_toad/2025/Documents/06.10-13.10.2025/4Z/106MEDIA/DSCF0272.JPG,DSCF0272.JPG,4Z/106MEDIA,0,Other_Amphibian,0.2025,3228.5,1972.3,3351.1,2113.9
/srv/shared_leopard_toad/2025/Documents/06.10-13.10.2025/4Z/106MEDIA/DSCF0459.JPG,DSCF0459.JPG,4Z/106MEDIA,2,Western_Leopard_Toad,0.3475,3654.9,1651.0,3926.0,1923.1
/srv/shared_leopard_toad/2025/Documents/06.10-13.10.2025/4Z/106MEDIA/DSCF0459.JPG,DSCF0459.JPG,4Z/106MEDIA,0,Other_Amphibian,0.2667,3222.8,1967.8,3347.4,2106.1
/srv/shared_leopard_toad/2025/Documents/06.10-13.10.2025/4Z/106MEDIA/DSCF0620.JPG,DSCF0620.JPG,4Z/106MEDIA,0,Other_Amphibian,0.2921,3226.5,1966.8,3352.2,2111.7
/srv/shared_leopard_toad/2025/Documents/06.10-13.10.2025/4Z/106MEDIA/DSCF0620.JPG,DSCF0620.JPG,4Z/106MEDIA,0,Other_Amphibian,0.2860,3219.8,1966.8,3349.2,2109.7
/srv/shared_leopard_toad/2025/Documents/06.10-13.10.2025/4Z/106MEDIA/DSCF0620.JPG,DSCF0620.JPG,4Z/106MEDIA,0,Other_Amphibian,0.2437,3654.1,1655.4,3926.5,1924.5
/srv/shared_leopard_toad/2025/Documents/06.10-13.10.2025/4Z/106MEDIA/DSCF0746.JPG,DSCF0746.JPG,4Z/106MEDIA,2,Western_Leopard_Toad,0.3990,3654.6,1656.3,3927.3,1922.8
/srv/shared_leopard_toad/2025/Documents/06.10-13.10.2025/4Z/106MEDIA/DSCF0746.JPG,DSCF0746.JPG,4Z/106MEDIA,0,Other_Amphibian,0.3359,3219.8,1966.5,3347.9,2108.0
/srv/shared_leopard_toad/2025/Documents/06.10-13.10.2025/4Z/106MEDIA/DSCF0746.JPG,DSCF0746.JPG,4Z/106MEDIA,0,Other_Amphibian,0.2988,3225.1,1967.5,3348.7,2110.3
/srv/shared_leopard_toad/2025/Documents/06.10-13.10.2025/4Z/106MEDIA/DSCF0763.JPG,DSCF0763.JPG,4Z/106MEDIA,2,Western_Leopard_Toad,0.3814,3653.8,1656.7,3927.6,1923.1
/srv/shared_leopard_toad/2025/Documents/06.10-13.10.2025/4Z/106MEDIA/DSCF0763.JPG,DSCF0763.JPG,4Z/106MEDIA,0,Other_Amphibian,0.2482,3221.1,1966.6,3348.8,2107.7
/srv/shared_leopard_toad/2025/Documents/06.10-13.10.2025/4Z/106MEDIA/DSCF0763.JPG,DSCF0763.JPG,4Z/106MEDIA,0,Other_Amphibian,0.2161,3228.9,1971.5,3353.2,2113.9
/srv/shared_leopard_toad/2025/Documents/06.10-13.10.2025/4Z/106MEDIA/DSCF0591.JPG,DSCF0591.JPG,4Z/106MEDIA,2,Western_Leopard_Toad,0.2655,3654.2,1656.4,3924.8,1923.8
/srv/shared_leopard_toad/2025/Documents/06.10-13.10.2025/4Z/106MEDIA/DSCF0591.JPG,DSCF0591.JPG,4Z/106MEDIA,0,Other_Amphibian,0.2627,3220.5,1966.2,3347.7,2108.7
/srv/shared_leopard_toad/2025/Documents/06.10-13.10.2025/4Z/106MEDIA/DSCF0591.JPG,DSCF0591.JPG,4Z/106MEDIA,0,Other_Amphibian,0.2400,3226.1,1968.0,3350.1,2111.0
/srv/shared_leopard_toad/2025/Documents/06.10-13.10.2025/4Z/106MEDIA/DSCF0081.JPG,DSCF0081.JPG,4Z/106MEDIA,2,Western_Leopard_Toad,0.7806,945.7,685.3,1564.8,1465.9
/srv/shared_leopard_toad/2025/Documents/06.10-13.10.2025/4Z/106MEDIA/DSCF0081.JPG,DSCF0081.JPG,4Z/106MEDIA,2,Western_Leopard_Toad,0.2916,3657.0,1653.8,3928.5,1925.2
/srv/shared_leopard_toad/2025/Documents/06.10-13.10.2025/4Z/106MEDIA/DSCF0081.JPG,DSCF0081.JPG,4Z/106MEDIA,0,Other_Amphibian,0.2185,3219.3,1968.6,3348.7,2109.0
/srv/shared_leopard_toad/2025/Documents/06.10-13.10.2025/4Z/106MEDIA/DSCF0016.JPG,DSCF0016.JPG,4Z/106MEDIA,2,Western_Leopard_Toad,0.2481,3655.0,1658.0,3926.4,1923.8
/srv/shared_leopard_toad/2025/Documents/06.10-13.10.2025/4Z/106MEDIA/DSCF0016.JPG,DSCF0016.JPG,4Z/106MEDIA,0,Other_Amphibian,0.2201,3224.2,1966.8,3350.2,2107.8
/srv/shared_leopard_toad/2025/Documents/06.10-13.10.2025/4Z/106MEDIA/DSCF0241.JPG,DSCF0241.JPG,4Z/106MEDIA,0,Other_Amphibian,0.2994,3221.9,1966.4,3349.6,2106.6
/srv/shared_leopard_toad/2025/Documents/06.10-13.10.2025/4Z/106MEDIA/DSCF0241.JPG,DSCF0241.JPG,4Z/106MEDIA,0,Other_Amphibian,0.2757,3227.4,1970.5,3350.7,2110.9
/srv/shared_leopard_toad/2025/Documents/06.10-13.10.2025/4Z/106MEDIA/DSCF0101.JPG,DSCF0101.JPG,4Z/106MEDIA,2,Western_Leopard_Toad,0.3365,3653.9,1656.9,3926.0,1924.0
/srv/shared_leopard_toad/2025/Documents/06.10-13.10.2025/4Z/106MEDIA/DSCF0029.JPG,DSCF0029.JPG,4Z/106MEDIA,2,Western_Leopard_Toad,0.9174,968.3,1994.6,1618.9,2611.8
/srv/shared_leopard_toad/2025/Documents/06.10-13.10.2025/4Z/106MEDIA/DSCF0029.JPG,DSCF0029.JPG,4Z/106MEDIA,2,Western_Leopard_Toad,0.6145,3653.5,1655.8,3929.1,1923.1
/srv/shared_leopard_toad/2025/Documents/06.10-13.10.2025/4Z/106MEDIA/DSCF0728.JPG,DSCF0728.JPG,4Z/106MEDIA,0,Other_Amphibian,0.3093,3226.1,1966.2,3350.9,2109.2
/srv/shared_leopard_toad/2025/Documents/06.10-13.10.2025/4Z/106MEDIA/DSCF0728.JPG,DSCF0728.JPG,4Z/106MEDIA,0,Other_Amphibian,0.2972,3219.0,1967.3,3347.9,2108.4
/srv/shared_leopard_toad/2025/Documents/06.10-13.10.2025/4Z/106MEDIA/DSCF0728.JPG,DSCF0728.JPG,4Z/106MEDIA,2,Western_Leopard_Toad,0.2185,3656.1,1653.6,3927.4,1922.8
/srv/shared_leopard_toad/2025/Documents/06.10-13.10.2025/4Z/106MEDIA/DSCF0664.JPG,DSCF0664.JPG,4Z/106MEDIA,2,Western_Leopard_Toad,0.3194,3653.7,1658.0,3928.3,1923.7
/srv/shared_leopard_toad/2025/Documents/06.10-13.10.2025/4Z/106MEDIA/DSCF0468.JPG,DSCF0468.JPG,4Z/106MEDIA,2,Western_Leopard_Toad,0.3547,3656.0,1652.9,3926.2,1922.8
/srv/shared_leopard_toad/2025/Documents/06.10-13.10.2025/4Z/106MEDIA/DSCF0468.JPG,DSCF0468.JPG,4Z/106MEDIA,0,Other_Amphibian,0.2393,3222.4,1966.7,3346.7,2105.5
/srv/shared_leopard_toad/2025/Documents/06.10-13.10.2025/4Z/106MEDIA/DSCF0468.JPG,DSCF0468.JPG,4Z/106MEDIA,0,Other_Amphibian,0.2026,3230.1,1974.8,3350.6,2114.0
/srv/shared_leopard_toad/2025/Documents/06.10-13.10.2025/4Z/106MEDIA/DSCF0105.JPG,DSCF0105.JPG,4Z/106MEDIA,2,Western_Leopard_Toad,0.2113,3653.4,1657.1,3925.5,1925.1
/srv/shared_leopard_toad/2025/Documents/06.10-13.10.2025/4Z/106MEDIA/DSCF0116.JPG,DSCF0116.JPG,4Z/106MEDIA,0,Other_Amphibian,0.3396,3222.1,1966.9,3348.5,2107.2
/srv/shared_leopard_toad/2025/Documents/06.10-13.10.2025/4Z/106MEDIA/DSCF0116.JPG,DSCF0116.JPG,4Z/106MEDIA,0,Other_Amphibian,0.3145,3229.1,1967.1,3351.2,2108.5
/srv/shared_leopard_toad/2025/Documents/06.10-13.10.2025/4Z/106MEDIA/DSCF0116.JPG,DSCF0116.JPG,4Z/106MEDIA,2,Western_Leopard_Toad,0.3122,3656.7,1656.2,3928.9,1923.3
/srv/shared_leopard_toad/2025/Documents/06.10-13.10.2025/4Z/106MEDIA/DSCF0865.JPG,DSCF0865.JPG,4Z/106MEDIA,2,Western_Leopard_Toad,0.2599,3651.5,1657.8,3924.4,1923.4
/srv/shared_leopard_toad/2025/Documents/06.10-13.10.2025/4Z/106MEDIA/DSCF0865.JPG,DSCF0865.JPG,4Z/106MEDIA,0,Other_Amphibian,0.2569,3222.8,1966.9,3348.1,2108.0
/srv/shared_leopard_toad/2025/Documents/06.10-13.10.2025/4Z/106MEDIA/DSCF0865.JPG,DSCF0865.JPG,4Z/106MEDIA,0,Other_Amphibian,0.2499,3231.0,1968.9,3351.7,2111.8
/srv/shared_leopard_toad/2025/Documents/06.10-13.10.2025/4Z/106MEDIA/DSCF0085.JPG,DSCF0085.JPG,4Z/106MEDIA,0,Other_Amphibian,0.3150,3219.8,1966.6,3348.4,2107.8
/srv/shared_leopard_toad/2025/Documents/06.10-13.10.2025/4Z/106MEDIA/DSCF0085.JPG,DSCF0085.JPG,4Z/106MEDIA,0,Other_Amphibian,0.2888,3226.6,1968.2,3350.7,2109.9
/srv/shared_leopard_toad/2025/Documents/06.10-13.10.2025/4Z/106MEDIA/DSCF0085.JPG,DSCF0085.JPG,4Z/106MEDIA,0,Other_Amphibian,0.2776,3652.3,1655.1,3927.2,1923.6
/srv/shared_leopard_toad/2025/Documents/06.10-13.10.2025/4Z/106MEDIA/DSCF0808.JPG,DSCF0808.JPG,4Z/106MEDIA,2,Western_Leopard_Toad,0.3640,3654.7,1655.7,3929.0,1922.1
/srv/shared_leopard_toad/2025/Documents/06.10-13.10.2025/4Z/106MEDIA/DSCF0808.JPG,DSCF0808.JPG,4Z/106MEDIA,0,Other_Amphibian,0.2616,3225.7,1964.7,3350.5,2110.1
/srv/shared_leopard_toad/2025/Documents/06.10-13.10.2025/4Z/106MEDIA/DSCF0808.JPG,DSCF0808.JPG,4Z/106MEDIA,0,Other_Amphibian,0.2480,3218.9,1966.0,3347.9,2109.0
/srv/shared_leopard_toad/2025/Documents/06.10-13.10.2025/4Z/106MEDIA/DSCF0987.JPG,DSCF0987.JPG,4Z/106MEDIA,2,Western_Leopard_Toad,0.8316,3643.1,1659.8,3930.7,1921.9
/srv/shared_leopard_toad/2025/Documents/06.10-13.10.2025/4Z/106MEDIA/DSCF0987.JPG,DSCF0987.JPG,4Z/106MEDIA,2,Western_Leopard_Toad,0.6328,5041.3,990.4,5335.6,1323.9
/srv/shared_leopard_toad/2025/Documents/06.10-13.10.2025/4Z/106MEDIA/DSCF0987.JPG,DSCF0987.JPG,4Z/106MEDIA,0,Other_Amphibian,0.5590,3217.5,1951.3,3363.1,2111.6
/srv/shared_leopard_toad/2025/Documents/06.10-13.10.2025/4Z/106MEDIA/DSCF0027.JPG,DSCF0027.JPG,4Z/106MEDIA,2,Western_Leopard_Toad,0.2761,3656.6,1655.0,3927.4,1923.4
/srv/shared_leopard_toad/2025/Documents/06.10-13.10.2025/4Z/106MEDIA/DSCF0027.JPG,DSCF0027.JPG,4Z/106MEDIA,0,Other_Amphibian,0.2480,3223.2,1966.9,3347.5,2106.7
/srv/shared_leopard_toad/2025/Documents/06.10-13.10.2025/4Z/106MEDIA/DSCF0027.JPG,DSCF0027.JPG,4Z/106MEDIA,0,Other_Amphibian,0.2049,3230.1,1974.9,3351.5,2114.9
/srv/shared_leopard_toad/2025/Documents/06.10-13.10.2025/4Z/106MEDIA/DSCF0800.JPG,DSCF0800.JPG,4Z/106MEDIA,2,Western_Leopard_Toad,0.3008,3652.8,1655.8,3925.6,1922.6
/srv/shared_leopard_toad/2025/Documents/06.10-13.10.2025/4Z/106MEDIA/DSCF0800.JPG,DSCF0800.JPG,4Z/106MEDIA,0,Other_Amphibian,0.2755,3223.8,1964.2,3348.1,2108.4
/srv/shared_leopard_toad/2025/Documents/06.10-13.10.2025/4Z/106MEDIA/DSCF0800.JPG,DSCF0800.JPG,4Z/106MEDIA,0,Other_Amphibian,0.2732,3219.2,1965.2,3346.9,2107.8
/srv/shared_leopard_toad/2025/Documents/06.10-13.10.2025/4Z/106MEDIA/DSCF0367.JPG,DSCF0367.JPG,4Z/106MEDIA,0,Other_Amphibian,0.2675,3221.0,1966.1,3347.3,2106.7
/srv/shared_leopard_toad/2025/Documents/06.10-13.10.2025/4Z/106MEDIA/DSCF0367.JPG,DSCF0367.JPG,4Z/106MEDIA,2,Western_Leopard_Toad,0.2499,3655.6,1656.9,3928.0,1922.1
/srv/shared_leopard_toad/2025/Documents/06.10-13.10.2025/4Z/106MEDIA/DSCF0367.JPG,DSCF0367.JPG,4Z/106MEDIA,0,Other_Amphibian,0.2433,3229.4,1972.0,3351.6,2114.1
/srv/shared_leopard_toad/2025/Documents/06.10-13.10.2025/4Z/106MEDIA/DSCF0832.JPG,DSCF0832.JPG,4Z/106MEDIA,2,Western_Leopard_Toad,0.3223,3654.0,1655.9,3925.7,1923.5
/srv/shared_leopard_toad/2025/Documents/06.10-13.10.2025/4Z/106MEDIA/DSCF0832.JPG,DSCF0832.JPG,4Z/106MEDIA,0,Other_Amphibian,0.2231,3226.2,1969.6,3349.2,2113.0
/srv/shared_leopard_toad/2025/Documents/06.10-13.10.2025/4Z/106MEDIA/DSCF0331.JPG,DSCF0331.JPG,4Z/106MEDIA,2,Western_Leopard_Toad,0.3496,3655.6,1654.4,3928.6,1923.2
/srv/shared_leopard_toad/2025/Documents/06.10-13.10.2025/4Z/106MEDIA/DSCF0082.JPG,DSCF0082.JPG,4Z/106MEDIA,0,Other_Amphibian,0.2683,3222.4,1967.1,3348.4,2106.7
/srv/shared_leopard_toad/2025/Documents/06.10-13.10.2025/4Z/106MEDIA/DSCF0082.JPG,DSCF0082.JPG,4Z/106MEDIA,0,Other_Amphibian,0.2648,3228.0,1968.5,3350.2,2109.1
/srv/shared_leopard_toad/2025/Documents/06.10-13.10.2025/4Z/106MEDIA/DSCF0990.JPG,DSCF0990.JPG,4Z/106MEDIA,2,Western_Leopard_Toad,0.8107,3644.6,1659.5,3931.8,1922.7
/srv/shared_leopard_toad/2025/Documents/06.10-13.10.2025/4Z/106MEDIA/DSCF0990.JPG,DSCF0990.JPG,4Z/106MEDIA,2,Western_Leopard_Toad,0.8001,3644.2,1659.5,3931.7,1922.7
/srv/shared_leopard_toad/2025/Documents/06.10-13.10.2025/4Z/106MEDIA/DSCF0990.JPG,DSCF0990.JPG,4Z/106MEDIA,0,Other_Amphibian,0.4058,3226.1,1960.1,3356.1,2111.4
/srv/shared_leopard_toad/2025/Documents/06.10-13.10.2025/4Z/106MEDIA/DSCF0990.JPG,DSCF0990.JPG,4Z/106MEDIA,0,Other_Amphibian,0.3771,3220.8,1960.1,3356.3,2108.8
/srv/shared_leopard_toad/2025/Documents/06.10-13.10.2025/4Z/106MEDIA/DSCF0789.JPG,DSCF0789.JPG,4Z/106MEDIA,2,Western_Leopard_Toad,0.3101,3653.6,1656.0,3927.6,1923.1
/srv/shared_leopard_toad/2025/Documents/06.10-13.10.2025/4Z/106MEDIA/DSCF0789.JPG,DSCF0789.JPG,4Z/106MEDIA,0,Other_Amphibian,0.2958,3227.1,1967.3,3352.2,2112.4
/srv/shared_leopard_toad/2025/Documents/06.10-13.10.2025/4Z/106MEDIA/DSCF0789.JPG,DSCF0789.JPG,4Z/106MEDIA,0,Other_Amphibian,0.2792,3218.2,1966.2,3348.4,2109.0
/srv/shared_leopard_toad/2025/Documents/06.10-13.10.2025/4Z/106MEDIA/DSCF0941.JPG,DSCF0941.JPG,4Z/106MEDIA,0,Other_Amphibian,0.6996,3218.8,1961.3,3350.0,2118.8
/srv/shared_leopard_toad/2025/Documents/06.10-13.10.2025/4Z/106MEDIA/DSCF0941.JPG,DSCF0941.JPG,4Z/106MEDIA,2,Western_Leopard_Toad,0.6904,3645.3,1660.7,3926.3,1924.3
/srv/shared_leopard_toad/2025/Documents/06.10-13.10.2025/4Z/106MEDIA/DSCF0941.JPG,DSCF0941.JPG,4Z/106MEDIA,0,Other_Amphibian,0.6426,3218.0,1960.9,3347.8,2118.8
/srv/shared_leopard_toad/2025/Documents/06.10-13.10.2025/4Z/106MEDIA/DSCF0602.JPG,DSCF0602.JPG,4Z/106MEDIA,2,Western_Leopard_Toad,0.4727,3653.6,1654.8,3930.8,1923.6
/srv/shared_leopard_toad/2025/Documents/06.10-13.10.2025/4Z/106MEDIA/DSCF0602.JPG,DSCF0602.JPG,4Z/106MEDIA,0,Other_Amphibian,0.2665,3220.9,1966.4,3347.1,2108.4
/srv/shared_leopard_toad/2025/Documents/06.10-13.10.2025/4Z/106MEDIA/DSCF0602.JPG,DSCF0602.JPG,4Z/106MEDIA,0,Other_Amphibian,0.2355,3228.4,1969.9,3350.5,2113.5
/srv/shared_leopard_toad/2025/Documents/06.10-13.10.2025/4Z/106MEDIA/DSCF0688.JPG,DSCF0688.JPG,4Z/106MEDIA,2,Western_Leopard_Toad,0.3523,3657.2,1655.5,3927.8,1923.9
/srv/shared_leopard_toad/2025/Documents/06.10-13.10.2025/4Z/106MEDIA/DSCF0688.JPG,DSCF0688.JPG,4Z/106MEDIA,0,Other_Amphibian,0.2691,3219.7,1967.6,3347.1,2108.6
/srv/shared_leopard_toad/2025/Documents/06.10-13.10.2025/4Z/106MEDIA/DSCF0688.JPG,DSCF0688.JPG,4Z/106MEDIA,0,Other_Amphibian,0.2387,3228.0,1970.6,3351.4,2112.9
/srv/shared_leopard_toad/2025/Documents/06.10-13.10.2025/4Z/106MEDIA/DSCF0347.JPG,DSCF0347.JPG,4Z/106MEDIA,2,Western_Leopard_Toad,0.2077,3654.2,1657.5,3923.2,1923.7
/srv/shared_leopard_toad/2025/Documents/06.10-13.10.2025/4Z/106MEDIA/DSCF0109.JPG,DSCF0109.JPG,4Z/106MEDIA,2,Western_Leopard_Toad,0.3589,3654.3,1656.2,3927.3,1923.9
/srv/shared_leopard_toad/2025/Documents/06.10-13.10.2025/4Z/106MEDIA/DSCF0357.JPG,DSCF0357.JPG,4Z/106MEDIA,2,Western_Leopard_Toad,0.3066,3653.4,1654.8,3927.8,1921.9
/srv/shared_leopard_toad/2025/Documents/06.10-13.10.2025/4Z/106MEDIA/DSCF0843.JPG,DSCF0843.JPG,4Z/106MEDIA,2,Western_Leopard_Toad,0.3150,3653.6,1654.4,3926.1,1922.6
/srv/shared_leopard_toad/2025/Documents/06.10-13.10.2025/4Z/106MEDIA/DSCF0843.JPG,DSCF0843.JPG,4Z/106MEDIA,0,Other_Amphibian,0.2299,3222.4,1970.3,3344.4,2112.1
/srv/shared_leopard_toad/2025/Documents/06.10-13.10.2025/4Z/106MEDIA/DSCF0843.JPG,DSCF0843.JPG,4Z/106MEDIA,0,Other_Amphibian,0.2203,3222.8,1967.5,3349.2,2107.8
/srv/shared_leopard_toad/2025/Documents/06.10-13.10.2025/4Z/106MEDIA/DSCF0309.JPG,DSCF0309.JPG,4Z/106MEDIA,0,Other_Amphibian,0.3027,3218.6,1967.7,3346.3,2108.7
/srv/shared_leopard_toad/2025/Documents/06.10-13.10.2025/4Z/106MEDIA/DSCF0309.JPG,DSCF0309.JPG,4Z/106MEDIA,0,Other_Amphibian,0.2823,3225.0,1969.3,3348.5,2110.6
/srv/shared_leopard_toad/2025/Documents/06.10-13.10.2025/4Z/106MEDIA/DSCF0309.JPG,DSCF0309.JPG,4Z/106MEDIA,2,Western_Leopard_Toad,0.2397,3654.3,1654.4,3926.6,1922.9
/srv/shared_leopard_toad/2025/Documents/06.10-13.10.2025/4Z/106MEDIA/DSCF0910.JPG,DSCF0910.JPG,4Z/106MEDIA,2,Western_Leopard_Toad,0.8489,3648.8,1668.4,3924.3,1929.3
/srv/shared_leopard_toad/2025/Documents/06.10-13.10.2025/4Z/106MEDIA/DSCF0497.JPG,DSCF0497.JPG,4Z/106MEDIA,2,Western_Leopard_Toad,0.3102,3655.7,1656.4,3927.1,1923.4
/srv/shared_leopard_toad/2025/Documents/06.10-13.10.2025/4Z/106MEDIA/DSCF0340.JPG,DSCF0340.JPG,4Z/106MEDIA,2,Western_Leopard_Toad,0.4073,3654.9,1655.1,3928.2,1922.9
/srv/shared_leopard_toad/2025/Documents/06.10-13.10.2025/4Z/106MEDIA/DSCF0611.JPG,DSCF0611.JPG,4Z/106MEDIA,0,Other_Amphibian,0.3182,3225.1,1965.9,3348.9,2110.1
/srv/shared_leopard_toad/2025/Documents/06.10-13.10.2025/4Z/106MEDIA/DSCF0611.JPG,DSCF0611.JPG,4Z/106MEDIA,0,Other_Amphibian,0.2976,3218.1,1966.7,3346.5,2108.7
/srv/shared_leopard_toad/2025/Documents/06.10-13.10.2025/4Z/106MEDIA/DSCF0460.JPG,DSCF0460.JPG,4Z/106MEDIA,0,Other_Amphibian,0.3207,3219.8,1967.8,3346.5,2107.8
/srv/shared_leopard_toad/2025/Documents/06.10-13.10.2025/4Z/106MEDIA/DSCF0460.JPG,DSCF0460.JPG,4Z/106MEDIA,0,Other_Amphibian,0.3088,3656.5,1652.8,3928.4,1922.7
/srv/shared_leopard_toad/2025/Documents/06.10-13.10.2025/4Z/106MEDIA/DSCF0460.JPG,DSCF0460.JPG,4Z/106MEDIA,0,Other_Amphibian,0.2403,3228.6,1974.6,3351.1,2114.8
/srv/shared_leopard_toad/2025/Documents/06.10-13.10.2025/4Z/106MEDIA/DSCF0855.JPG,DSCF0855.JPG,4Z/106MEDIA,0,Other_Amphibian,0.8581,2132.3,1311.9,2366.7,1542.6
/srv/shared_leopard_toad/2025/Documents/06.10-13.10.2025/4Z/106MEDIA/DSCF0855.JPG,DSCF0855.JPG,4Z/106MEDIA,0,Other_Amphibian,0.2643,3228.5,1972.5,3355.7,2117.5
/srv/shared_leopard_toad/2025/Documents/06.10-13.10.2025/4Z/106MEDIA/DSCF0855.JPG,DSCF0855.JPG,4Z/106MEDIA,0,Other_Amphibian,0.2509,3220.4,1967.9,3354.1,2110.9
/srv/shared_leopard_toad/2025/Documents/06.10-13.10.2025/4Z/106MEDIA/DSCF0855.JPG,DSCF0855.JPG,4Z/106MEDIA,2,Western_Leopard_Toad,0.2030,3656.2,1654.7,3927.1,1924.5
/srv/shared_leopard_toad/2025/Documents/06.10-13.10.2025/4Z/106MEDIA/DSCF0024.JPG,DSCF0024.JPG,4Z/106MEDIA,0,Other_Amphibian,0.7274,2276.5,2227.6,2474.1,2399.7
/srv/shared_leopard_toad/2025/Documents/06.10-13.10.2025/4Z/106MEDIA/DSCF0024.JPG,DSCF0024.JPG,4Z/106MEDIA,0,Other_Amphibian,0.7016,4473.4,1670.9,4662.4,1897.8
/srv/shared_leopard_toad/2025/Documents/06.10-13.10.2025/4Z/106MEDIA/DSCF0852.JPG,DSCF0852.JPG,4Z/106MEDIA,2,Western_Leopard_Toad,0.5124,3654.2,1655.9,3928.2,1922.7
/srv/shared_leopard_toad/2025/Documents/06.10-13.10.2025/4Z/106MEDIA/DSCF0852.JPG,DSCF0852.JPG,4Z/106MEDIA,0,Other_Amphibian,0.2982,3221.1,1965.4,3347.9,2107.7
/srv/shared_leopard_toad/2025/Documents/06.10-13.10.2025/4Z/106MEDIA/DSCF0852.JPG,DSCF0852.JPG,4Z/106MEDIA,0,Other_Amphibian,0.2853,3228.7,1964.6,3351.3,2108.6
/srv/shared_leopard_toad/2025/Documents/06.10-13.10.2025/4Z/106MEDIA/DSCF0318.JPG,DSCF0318.JPG,4Z/106MEDIA,0,Other_Amphibian,0.2846,3220.9,1967.7,3346.9,2107.4
/srv/shared_leopard_toad/2025/Documents/06.10-13.10.2025/4Z/106MEDIA/DSCF0318.JPG,DSCF0318.JPG,4Z/106MEDIA,0,Other_Amphibian,0.2734,3226.1,1967.5,3347.9,2108.2
/srv/shared_leopard_toad/2025/Documents/06.10-13.10.2025/4Z/106MEDIA/DSCF0318.JPG,DSCF0318.JPG,4Z/106MEDIA,2,Western_Leopard_Toad,0.2030,3653.4,1657.1,3926.5,1923.2
/srv/shared_leopard_toad/2025/Documents/06.10-13.10.2025/4Z/106MEDIA/DSCF0939.JPG,DSCF0939.JPG,4Z/106MEDIA,0,Other_Amphibian,0.6434,3217.8,1961.9,3348.9,2115.7
/srv/shared_leopard_toad/2025/Documents/06.10-13.10.2025/4Z/106MEDIA/DSCF0939.JPG,DSCF0939.JPG,4Z/106MEDIA,0,Other_Amphibian,0.6397,3220.4,1960.8,3351.5,2115.3
/srv/shared_leopard_toad/2025/Documents/06.10-13.10.2025/4Z/106MEDIA/DSCF0939.JPG,DSCF0939.JPG,4Z/106MEDIA,2,Western_Leopard_Toad,0.6360,3642.7,1661.2,3925.8,1924.7
/srv/shared_leopard_toad/2025/Documents/06.10-13.10.2025/4Z/106MEDIA/DSCF0392.JPG,DSCF0392.JPG,4Z/106MEDIA,0,Other_Amphibian,0.4131,3653.3,1655.1,3930.7,1925.6
/srv/shared_leopard_toad/2025/Documents/06.10-13.10.2025/4Z/106MEDIA/DSCF0392.JPG,DSCF0392.JPG,4Z/106MEDIA,0,Other_Amphibian,0.3053,3220.2,1966.3,3347.2,2108.4
/srv/shared_leopard_toad/2025/Documents/06.10-13.10.2025/4Z/106MEDIA/DSCF0392.JPG,DSCF0392.JPG,4Z/106MEDIA,0,Other_Amphibian,0.2639,3228.8,1971.5,3351.7,2114.8
/srv/shared_leopard_toad/2025/Documents/06.10-13.10.2025/4Z/106MEDIA/DSCF0493.JPG,DSCF0493.JPG,4Z/106MEDIA,2,Western_Leopard_Toad,0.3503,3656.1,1656.5,3927.5,1923.1
/srv/shared_leopard_toad/2025/Documents/06.10-13.10.2025/4Z/106MEDIA/DSCF0493.JPG,DSCF0493.JPG,4Z/106MEDIA,0,Other_Amphibian,0.2124,3222.1,1967.3,3348.3,2107.4
/srv/shared_leopard_toad/2025/Documents/06.10-13.10.2025/4Z/106MEDIA/DSCF0617.JPG,DSCF0617.JPG,4Z/106MEDIA,0,Other_Amphibian,0.3346,3227.3,1967.1,3350.3,2110.3
/srv/shared_leopard_toad/2025/Documents/06.10-13.10.2025/4Z/106MEDIA/DSCF0617.JPG,DSCF0617.JPG,4Z/106MEDIA,0,Other_Amphibian,0.3314,3218.9,1967.1,3346.9,2108.6
/srv/shared_leopard_toad/2025/Documents/06.10-13.10.2025/4Z/106MEDIA/DSCF0617.JPG,DSCF0617.JPG,4Z/106MEDIA,2,Western_Leopard_Toad,0.2675,3654.1,1656.2,3925.1,1923.8
/srv/shared_leopard_toad/2025/Documents/06.10-13.10.2025/4Z/106MEDIA/DSCF0235.JPG,DSCF0235.JPG,4Z/106MEDIA,0,Other_Amphibian,0.2808,3221.9,1966.4,3348.3,2106.5
/srv/shared_leopard_toad/2025/Documents/06.10-13.10.2025/4Z/106MEDIA/DSCF0235.JPG,DSCF0235.JPG,4Z/106MEDIA,0,Other_Amphibian,0.2559,3227.5,1969.8,3349.9,2110.7
/srv/shared_leopard_toad/2025/Documents/06.10-13.10.2025/4Z/106MEDIA/DSCF0328.JPG,DSCF0328.JPG,4Z/106MEDIA,0,Other_Amphibian,0.2227,3230.1,1972.9,3352.5,2113.6
/srv/shared_leopard_toad/2025/Documents/06.10-13.10.2025/4Z/106MEDIA/DSCF0328.JPG,DSCF0328.JPG,4Z/106MEDIA,0,Other_Amphibian,0.2166,3223.9,1967.6,3350.2,2107.1
/srv/shared_leopard_toad/2025/Documents/06.10-13.10.2025/4Z/106MEDIA/DSCF0202.JPG,DSCF0202.JPG,4Z/106MEDIA,2,Western_Leopard_Toad,0.3235,3654.5,1655.5,3929.6,1922.8
/srv/shared_leopard_toad/2025/Documents/06.10-13.10.2025/4Z/106MEDIA/DSCF0202.JPG,DSCF0202.JPG,4Z/106MEDIA,0,Other_Amphibian,0.2417,3222.4,1967.0,3347.9,2106.8
/srv/shared_leopard_toad/2025/Documents/06.10-13.10.2025/4Z/106MEDIA/DSCF0202.JPG,DSCF0202.JPG,4Z/106MEDIA,0,Other_Amphibian,0.2221,3226.9,1970.3,3349.1,2110.0
/srv/shared_leopard_toad/2025/Documents/06.10-13.10.2025/4Z/106MEDIA/DSCF0595.JPG,DSCF0595.JPG,4Z/106MEDIA,0,Other_Amphibian,0.2461,3229.6,1968.2,3352.5,2112.6
/srv/shared_leopard_toad/2025/Documents/06.10-13.10.2025/4Z/106MEDIA/DSCF0595.JPG,DSCF0595.JPG,4Z/106MEDIA,0,Other_Amphibian,0.2259,3222.9,1966.4,3349.7,2108.8
/srv/shared_leopard_toad/2025/Documents/06.10-13.10.2025/4Z/106MEDIA/DSCF0226.JPG,DSCF0226.JPG,4Z/106MEDIA,2,Western_Leopard_Toad,0.3095,3654.1,1656.6,3928.8,1924.1
/srv/shared_leopard_toad/2025/Documents/06.10-13.10.2025/4Z/106MEDIA/DSCF0310.JPG,DSCF0310.JPG,4Z/106MEDIA,2,Western_Leopard_Toad,0.4296,3654.8,1656.8,3927.2,1922.4
/srv/shared_leopard_toad/2025/Documents/06.10-13.10.2025/4Z/106MEDIA/DSCF0310.JPG,DSCF0310.JPG,4Z/106MEDIA,0,Other_Amphibian,0.2694,3223.8,1967.6,3348.4,2106.0
/srv/shared_leopard_toad/2025/Documents/06.10-13.10.2025/4Z/106MEDIA/DSCF0310.JPG,DSCF0310.JPG,4Z/106MEDIA,0,Other_Amphibian,0.2530,3228.2,1969.4,3350.8,2108.5
/srv/shared_leopard_toad/2025/Documents/06.10-13.10.2025/4Z/106MEDIA/DSCF0374.JPG,DSCF0374.JPG,4Z/106MEDIA,2,Western_Leopard_Toad,0.2940,3655.3,1657.5,3928.6,1922.8
/srv/shared_leopard_toad/2025/Documents/06.10-13.10.2025/4Z/106MEDIA/DSCF0371.JPG,DSCF0371.JPG,4Z/106MEDIA,2,Western_Leopard_Toad,0.2458,3654.1,1657.6,3924.7,1922.6
/srv/shared_leopard_toad/2025/Documents/06.10-13.10.2025/4Z/106MEDIA/DSCF0371.JPG,DSCF0371.JPG,4Z/106MEDIA,0,Other_Amphibian,0.2207,3224.8,1968.3,3349.4,2107.1
/srv/shared_leopard_toad/2025/Documents/06.10-13.10.2025/4Z/106MEDIA/DSCF0371.JPG,DSCF0371.JPG,4Z/106MEDIA,0,Other_Amphibian,0.2037,3231.7,1975.0,3351.8,2115.1
/srv/shared_leopard_toad/2025/Documents/06.10-13.10.2025/4Z/106MEDIA/DSCF0701.JPG,DSCF0701.JPG,4Z/106MEDIA,2,Western_Leopard_Toad,0.3207,3654.5,1656.7,3927.0,1923.5
/srv/shared_leopard_toad/2025/Documents/06.10-13.10.2025/4Z/106MEDIA/DSCF0701.JPG,DSCF0701.JPG,4Z/106MEDIA,0,Other_Amphibian,0.2825,3223.7,1966.2,3347.9,2106.3
/srv/shared_leopard_toad/2025/Documents/06.10-13.10.2025/4Z/106MEDIA/DSCF0701.JPG,DSCF0701.JPG,4Z/106MEDIA,0,Other_Amphibian,0.2341,3229.2,1969.3,3349.5,2110.4
/srv/shared_leopard_toad/2025/Documents/06.10-13.10.2025/4Z/106MEDIA/DSCF0317.JPG,DSCF0317.JPG,4Z/106MEDIA,2,Western_Leopard_Toad,0.3385,3656.4,1654.9,3926.4,1922.4
/srv/shared_leopard_toad/2025/Documents/06.10-13.10.2025/4Z/106MEDIA/DSCF0317.JPG,DSCF0317.JPG,4Z/106MEDIA,0,Other_Amphibian,0.2781,3223.0,1967.2,3348.1,2106.5
/srv/shared_leopard_toad/2025/Documents/06.10-13.10.2025/4Z/106MEDIA/DSCF0317.JPG,DSCF0317.JPG,4Z/106MEDIA,0,Other_Amphibian,0.2571,3228.8,1968.9,3350.5,2108.3
/srv/shared_leopard_toad/2025/Documents/06.10-13.10.2025/4Z/106MEDIA/DSCF0234.JPG,DSCF0234.JPG,4Z/106MEDIA,2,Western_Leopard_Toad,0.2595,3656.5,1658.0,3926.1,1923.4
/srv/shared_leopard_toad/2025/Documents/06.10-13.10.2025/4Z/106MEDIA/DSCF0234.JPG,DSCF0234.JPG,4Z/106MEDIA,0,Other_Amphibian,0.2178,3222.4,1967.9,3348.8,2108.8
/srv/shared_leopard_toad/2025/Documents/06.10-13.10.2025/4Z/106MEDIA/DSCF0234.JPG,DSCF0234.JPG,4Z/106MEDIA,0,Other_Amphibian,0.2098,3230.5,1974.0,3352.8,2115.9
/srv/shared_leopard_toad/2025/Documents/06.10-13.10.2025/4Z/106MEDIA/DSCF0893.JPG,DSCF0893.JPG,4Z/106MEDIA,0,Other_Amphibian,0.2226,3226.6,1968.3,3346.8,2111.0
/srv/shared_leopard_toad/2025/Documents/06.10-13.10.2025/4Z/106MEDIA/DSCF0893.JPG,DSCF0893.JPG,4Z/106MEDIA,0,Other_Amphibian,0.2138,3222.1,1967.1,3347.6,2107.9
/srv/shared_leopard_toad/2025/Documents/06.10-13.10.2025/4Z/106MEDIA/DSCF0860.JPG,DSCF0860.JPG,4Z/106MEDIA,0,Other_Amphibian,0.2381,3224.8,1969.3,3346.6,2110.4
/srv/shared_leopard_toad/2025/Documents/06.10-13.10.2025/4Z/106MEDIA/DSCF0860.JPG,DSCF0860.JPG,4Z/106MEDIA,0,Other_Amphibian,0.2211,3226.4,1968.5,3351.5,2108.2
/srv/shared_leopard_toad/2025/Documents/06.10-13.10.2025/4Z/106MEDIA/DSCF0465.JPG,DSCF0465.JPG,4Z/106MEDIA,2,Western_Leopard_Toad,0.3453,3655.1,1653.4,3927.2,1923.8
/srv/shared_leopard_toad/2025/Documents/06.10-13.10.2025/4Z/106MEDIA/DSCF0465.JPG,DSCF0465.JPG,4Z/106MEDIA,0,Other_Amphibian,0.2724,3221.6,1966.5,3346.1,2106.6
/srv/shared_leopard_toad/2025/Documents/06.10-13.10.2025/4Z/106MEDIA/DSCF0465.JPG,DSCF0465.JPG,4Z/106MEDIA,0,Other_Amphibian,0.2664,3229.5,1970.9,3349.6,2112.8
/srv/shared_leopard_toad/2025/Documents/06.10-13.10.2025/4Z/106MEDIA/DSCF0604.JPG,DSCF0604.JPG,4Z/106MEDIA,0,Other_Amphibian,0.3187,3222.5,1966.6,3349.4,2108.4
/srv/shared_leopard_toad/2025/Documents/06.10-13.10.2025/4Z/106MEDIA/DSCF0604.JPG,DSCF0604.JPG,4Z/106MEDIA,0,Other_Amphibian,0.3157,3226.3,1966.2,3349.8,2109.2
/srv/shared_leopard_toad/2025/Documents/06.10-13.10.2025/4Z/106MEDIA/DSCF0604.JPG,DSCF0604.JPG,4Z/106MEDIA,0,Other_Amphibian,0.2293,3656.3,1655.2,3925.5,1923.8
/srv/shared_leopard_toad/2025/Documents/06.10-13.10.2025/4Z/106MEDIA/DSCF0270.JPG,DSCF0270.JPG,4Z/106MEDIA,2,Western_Leopard_Toad,0.4697,3654.5,1656.8,3929.2,1922.5
/srv/shared_leopard_toad/2025/Documents/06.10-13.10.2025/4Z/106MEDIA/DSCF0090.JPG,DSCF0090.JPG,4Z/106MEDIA,2,Western_Leopard_Toad,0.8520,1965.7,81.2,2598.2,586.2
/srv/shared_leopard_toad/2025/Documents/06.10-13.10.2025/4Z/106MEDIA/DSCF0090.JPG,DSCF0090.JPG,4Z/106MEDIA,2,Western_Leopard_Toad,0.2950,3653.5,1657.1,3928.6,1925.5
/srv/shared_leopard_toad/2025/Documents/06.10-13.10.2025/4Z/106MEDIA/DSCF0090.JPG,DSCF0090.JPG,4Z/106MEDIA,0,Other_Amphibian,0.2706,3218.7,1966.0,3347.7,2108.1
/srv/shared_leopard_toad/2025/Documents/06.10-13.10.2025/4Z/106MEDIA/DSCF0090.JPG,DSCF0090.JPG,4Z/106MEDIA,0,Other_Amphibian,0.2400,3227.1,1968.0,3351.0,2112.0
/srv/shared_leopard_toad/2025/Documents/06.10-13.10.2025/4Z/106MEDIA/DSCF0450.JPG,DSCF0450.JPG,4Z/106MEDIA,0,Other_Amphibian,0.3020,3220.1,1966.5,3346.5,2106.9
/srv/shared_leopard_toad/2025/Documents/06.10-13.10.2025/4Z/106MEDIA/DSCF0450.JPG,DSCF0450.JPG,4Z/106MEDIA,2,Western_Leopard_Toad,0.2910,3653.6,1657.1,3928.3,1924.3
/srv/shared_leopard_toad/2025/Documents/06.10-13.10.2025/4Z/106MEDIA/DSCF0450.JPG,DSCF0450.JPG,4Z/106MEDIA,0,Other_Amphibian,0.2405,3228.1,1972.2,3349.6,2113.0
/srv/shared_leopard_toad/2025/Documents/06.10-13.10.2025/4Z/106MEDIA/DSCF0677.JPG,DSCF0677.JPG,4Z/106MEDIA,2,Western_Leopard_Toad,0.2858,3653.2,1657.7,3927.1,1925.0
/srv/shared_leopard_toad/2025/Documents/06.10-13.10.2025/4Z/106MEDIA/DSCF0884.JPG,DSCF0884.JPG,4Z/106MEDIA,0,Other_Amphibian,0.2991,3229.0,1969.0,3355.7,2113.8
/srv/shared_leopard_toad/2025/Documents/06.10-13.10.2025/4Z/106MEDIA/DSCF0884.JPG,DSCF0884.JPG,4Z/106MEDIA,0,Other_Amphibian,0.2845,3219.0,1966.5,3351.7,2109.1
/srv/shared_leopard_toad/2025/Documents/06.10-13.10.2025/4Z/106MEDIA/DSCF0356.JPG,DSCF0356.JPG,4Z/106MEDIA,0,Other_Amphibian,0.7465,2275.0,1422.6,2488.7,1647.4
/srv/shared_leopard_toad/2025/Documents/06.10-13.10.2025/4Z/106MEDIA/DSCF0356.JPG,DSCF0356.JPG,4Z/106MEDIA,2,Western_Leopard_Toad,0.2152,3655.2,1654.9,3924.2,1923.9
/srv/shared_leopard_toad/2025/Documents/06.10-13.10.2025/4Z/106MEDIA/DSCF0444.JPG,DSCF0444.JPG,4Z/106MEDIA,2,Western_Leopard_Toad,0.4990,3655.4,1656.0,3929.5,1921.9
/srv/shared_leopard_toad/2025/Documents/06.10-13.10.2025/4Z/106MEDIA/DSCF0444.JPG,DSCF0444.JPG,4Z/106MEDIA,0,Other_Amphibian,0.2663,3221.2,1968.1,3348.1,2107.3
/srv/shared_leopard_toad/2025/Documents/06.10-13.10.2025/4Z/106MEDIA/DSCF0444.JPG,DSCF0444.JPG,4Z/106MEDIA,0,Other_Amphibian,0.2039,3228.9,1976.7,3352.4,2116.3
/srv/shared_leopard_toad/2025/Documents/06.10-13.10.2025/4Z/106MEDIA/DSCF0638.JPG,DSCF0638.JPG,4Z/106MEDIA,2,Western_Leopard_Toad,0.3459,3654.6,1656.7,3930.6,1923.4
/srv/shared_leopard_toad/2025/Documents/06.10-13.10.2025/4Z/106MEDIA/DSCF0638.JPG,DSCF0638.JPG,4Z/106MEDIA,0,Other_Amphibian,0.2638,3221.6,1968.3,3347.3,2107.7
/srv/shared_leopard_toad/2025/Documents/06.10-13.10.2025/4Z/106MEDIA/DSCF0638.JPG,DSCF0638.JPG,4Z/106MEDIA,0,Other_Amphibian,0.2395,3225.5,1971.7,3346.0,2113.1
/srv/shared_leopard_toad/2025/Documents/06.10-13.10.2025/4Z/106MEDIA/DSCF0485.JPG,DSCF0485.JPG,4Z/106MEDIA,0,Other_Amphibian,0.2368,3221.6,1965.4,3347.4,2106.3
/srv/shared_leopard_toad/2025/Documents/06.10-13.10.2025/4Z/106MEDIA/DSCF0485.JPG,DSCF0485.JPG,4Z/106MEDIA,2,Western_Leopard_Toad,0.2110,3653.9,1656.0,3924.0,1923.8
/srv/shared_leopard_toad/2025/Documents/06.10-13.10.2025/4Z/106MEDIA/DSCF0236.JPG,DSCF0236.JPG,4Z/106MEDIA,2,Western_Leopard_Toad,0.2422,3653.3,1657.7,3925.0,1923.7
/srv/shared_leopard_toad/2025/Documents/06.10-13.10.2025/4Z/106MEDIA/DSCF0236.JPG,DSCF0236.JPG,4Z/106MEDIA,0,Other_Amphibian,0.2079,3223.2,1966.8,3348.8,2108.0
/srv/shared_leopard_toad/2025/Documents/06.10-13.10.2025/4Z/106MEDIA/DSCF0236.JPG,DSCF0236.JPG,4Z/106MEDIA,0,Other_Amphibian,0.2005,3229.3,1971.3,3351.8,2113.8
/srv/shared_leopard_toad/2025/Documents/06.10-13.10.2025/4Z/106MEDIA/DSCF0322.JPG,DSCF0322.JPG,4Z/106MEDIA,0,Other_Amphibian,0.3481,3654.6,1655.2,3928.5,1922.8
/srv/shared_leopard_toad/2025/Documents/06.10-13.10.2025/4Z/106MEDIA/DSCF0322.JPG,DSCF0322.JPG,4Z/106MEDIA,0,Other_Amphibian,0.2443,3222.6,1966.2,3347.3,2106.9
/srv/shared_leopard_toad/2025/Documents/06.10-13.10.2025/4Z/106MEDIA/DSCF0322.JPG,DSCF0322.JPG,4Z/106MEDIA,0,Other_Amphibian,0.2356,3228.6,1970.1,3350.1,2112.1
/srv/shared_leopard_toad/2025/Documents/06.10-13.10.2025/4Z/106MEDIA/DSCF0124.JPG,DSCF0124.JPG,4Z/106MEDIA,2,Western_Leopard_Toad,0.2888,3653.1,1657.5,3926.1,1923.5
/srv/shared_leopard_toad/2025/Documents/06.10-13.10.2025/4Z/106MEDIA/DSCF0124.JPG,DSCF0124.JPG,4Z/106MEDIA,0,Other_Amphibian,0.2089,3229.6,1970.9,3350.7,2113.6
/srv/shared_leopard_toad/2025/Documents/06.10-13.10.2025/4Z/106MEDIA/DSCF0138.JPG,DSCF0138.JPG,4Z/106MEDIA,2,Western_Leopard_Toad,0.2877,3656.4,1656.5,3925.9,1923.3
/srv/shared_leopard_toad/2025/Documents/06.10-13.10.2025/4Z/106MEDIA/DSCF0014.JPG,DSCF0014.JPG,4Z/106MEDIA,0,Other_Amphibian,0.3347,3219.4,1967.9,3346.1,2107.0
/srv/shared_leopard_toad/2025/Documents/06.10-13.10.2025/4Z/106MEDIA/DSCF0014.JPG,DSCF0014.JPG,4Z/106MEDIA,2,Western_Leopard_Toad,0.2983,3657.2,1656.9,3928.7,1922.8
/srv/shared_leopard_toad/2025/Documents/06.10-13.10.2025/4Z/106MEDIA/DSCF0014.JPG,DSCF0014.JPG,4Z/106MEDIA,0,Other_Amphibian,0.2746,3228.7,1971.1,3349.9,2110.7
/srv/shared_leopard_toad/2025/Documents/06.10-13.10.2025/4Z/106MEDIA/DSCF0836.JPG,DSCF0836.JPG,4Z/106MEDIA,2,Western_Leopard_Toad,0.3572,3653.2,1654.8,3927.3,1923.7
/srv/shared_leopard_toad/2025/Documents/06.10-13.10.2025/4Z/106MEDIA/DSCF0836.JPG,DSCF0836.JPG,4Z/106MEDIA,0,Other_Amphibian,0.2991,3226.0,1964.4,3354.1,2111.0
/srv/shared_leopard_toad/2025/Documents/06.10-13.10.2025/4Z/106MEDIA/DSCF0836.JPG,DSCF0836.JPG,4Z/106MEDIA,0,Other_Amphibian,0.2741,3220.1,1965.3,3352.0,2109.8
/srv/shared_leopard_toad/2025/Documents/06.10-13.10.2025/4Z/106MEDIA/DSCF0520.JPG,DSCF0520.JPG,4Z/106MEDIA,0,Other_Amphibian,0.2446,3224.1,1967.2,3348.0,2106.3
/srv/shared_leopard_toad/2025/Documents/06.10-13.10.2025/4Z/106MEDIA/DSCF0520.JPG,DSCF0520.JPG,4Z/106MEDIA,0,Other_Amphibian,0.2296,3230.1,1971.8,3350.8,2111.8
/srv/shared_leopard_toad/2025/Documents/06.10-13.10.2025/4Z/106MEDIA/DSCF0200.JPG,DSCF0200.JPG,4Z/106MEDIA,2,Western_Leopard_Toad,0.3971,3654.9,1657.7,3928.3,1923.3
/srv/shared_leopard_toad/2025/Documents/06.10-13.10.2025/4Z/106MEDIA/DSCF0744.JPG,DSCF0744.JPG,4Z/106MEDIA,0,Other_Amphibian,0.2757,3223.6,1967.2,3350.7,2108.6
/srv/shared_leopard_toad/2025/Documents/06.10-13.10.2025/4Z/106MEDIA/DSCF0744.JPG,DSCF0744.JPG,4Z/106MEDIA,0,Other_Amphibian,0.2675,3226.4,1968.1,3350.2,2110.9
/srv/shared_leopard_toad/2025/Documents/06.10-13.10.2025/4Z/106MEDIA/DSCF0744.JPG,DSCF0744.JPG,4Z/106MEDIA,2,Western_Leopard_Toad,0.2484,3653.3,1657.5,3927.1,1924.2
/srv/shared_leopard_toad/2025/Documents/06.10-13.10.2025/4Z/106MEDIA/DSCF0359.JPG,DSCF0359.JPG,4Z/106MEDIA,0,Other_Amphibian,0.2336,3230.0,1973.9,3353.0,2114.2
/srv/shared_leopard_toad/2025/Documents/06.10-13.10.2025/4Z/106MEDIA/DSCF0359.JPG,DSCF0359.JPG,4Z/106MEDIA,0,Other_Amphibian,0.2152,3223.3,1968.5,3350.5,2107.6
/srv/shared_leopard_toad/2025/Documents/06.10-13.10.2025/4Z/106MEDIA/DSCF0009.JPG,DSCF0009.JPG,4Z/106MEDIA,2,Western_Leopard_Toad,0.5022,3653.2,1656.5,3931.3,1922.8
/srv/shared_leopard_toad/2025/Documents/06.10-13.10.2025/4Z/106MEDIA/DSCF0009.JPG,DSCF0009.JPG,4Z/106MEDIA,0,Other_Amphibian,0.2657,3221.2,1968.8,3347.4,2107.3
/srv/shared_leopard_toad/2025/Documents/06.10-13.10.2025/4Z/106MEDIA/DSCF0009.JPG,DSCF0009.JPG,4Z/106MEDIA,0,Other_Amphibian,0.2187,3225.8,1974.2,3348.8,2112.7
/srv/shared_leopard_toad/2025/Documents/06.10-13.10.2025/4Z/106MEDIA/DSCF0950.JPG,DSCF0950.JPG,4Z/106MEDIA,0,Other_Amphibian,0.7188,3219.1,1959.1,3352.3,2113.1
/srv/shared_leopard_toad/2025/Documents/06.10-13.10.2025/4Z/106MEDIA/DSCF0950.JPG,DSCF0950.JPG,4Z/106MEDIA,2,Western_Leopard_Toad,0.7181,3641.3,1660.2,3925.0,1923.6
/srv/shared_leopard_toad/2025/Documents/06.10-13.10.2025/4Z/106MEDIA/DSCF0950.JPG,DSCF0950.JPG,4Z/106MEDIA,0,Other_Amphibian,0.6796,3218.8,1959.2,3352.8,2112.3
/srv/shared_leopard_toad/2025/Documents/06.10-13.10.2025/4Z/106MEDIA/DSCF0447.JPG,DSCF0447.JPG,4Z/106MEDIA,2,Western_Leopard_Toad,0.3134,3657.3,1655.4,3928.1,1922.4
/srv/shared_leopard_toad/2025/Documents/06.10-13.10.2025/4Z/106MEDIA/DSCF0447.JPG,DSCF0447.JPG,4Z/106MEDIA,0,Other_Amphibian,0.3104,3221.8,1967.1,3347.0,2106.6
/srv/shared_leopard_toad/2025/Documents/06.10-13.10.2025/4Z/106MEDIA/DSCF0447.JPG,DSCF0447.JPG,4Z/106MEDIA,0,Other_Amphibian,0.2696,3229.8,1970.7,3351.0,2111.3
/srv/shared_leopard_toad/2025/Documents/06.10-13.10.2025/4Z/106MEDIA/DSCF0702.JPG,DSCF0702.JPG,4Z/106MEDIA,2,Western_Leopard_Toad,0.2756,3655.3,1655.8,3928.0,1923.4
/srv/shared_leopard_toad/2025/Documents/06.10-13.10.2025/4Z/106MEDIA/DSCF0702.JPG,DSCF0702.JPG,4Z/106MEDIA,0,Other_Amphibian,0.2692,3226.6,1967.5,3352.1,2111.1
/srv/shared_leopard_toad/2025/Documents/06.10-13.10.2025/4Z/106MEDIA/DSCF0702.JPG,DSCF0702.JPG,4Z/106MEDIA,0,Other_Amphibian,0.2386,3221.6,1968.9,3350.9,2110.2
/srv/shared_leopard_toad/2025/Documents/06.10-13.10.2025/4Z/106MEDIA/DSCF0140.JPG,DSCF0140.JPG,4Z/106MEDIA,2,Western_Leopard_Toad,0.4830,3656.9,1657.9,3930.3,1922.4
/srv/shared_leopard_toad/2025/Documents/06.10-13.10.2025/4Z/106MEDIA/DSCF0140.JPG,DSCF0140.JPG,4Z/106MEDIA,0,Other_Amphibian,0.2106,3224.5,1968.6,3349.5,2107.4
/srv/shared_leopard_toad/2025/Documents/06.10-13.10.2025/4Z/106MEDIA/DSCF0243.JPG,DSCF0243.JPG,4Z/106MEDIA,2,Western_Leopard_Toad,0.5816,3657.0,1656.5,3929.8,1921.6
/srv/shared_leopard_toad/2025/Documents/06.10-13.10.2025/4Z/106MEDIA/DSCF0243.JPG,DSCF0243.JPG,4Z/106MEDIA,0,Other_Amphibian,0.2816,3221.5,1968.3,3347.8,2106.7
/srv/shared_leopard_toad/2025/Documents/06.10-13.10.2025/4Z/106MEDIA/DSCF0243.JPG,DSCF0243.JPG,4Z/106MEDIA,0,Other_Amphibian,0.2478,3229.2,1972.2,3350.7,2111.8
/srv/shared_leopard_toad/2025/Documents/06.10-13.10.2025/4Z/106MEDIA/DSCF0717.JPG,DSCF0717.JPG,4Z/106MEDIA,2,Western_Leopard_Toad,0.3059,3655.7,1656.7,3928.0,1923.1
/srv/shared_leopard_toad/2025/Documents/06.10-13.10.2025/4Z/106MEDIA/DSCF0717.JPG,DSCF0717.JPG,4Z/106MEDIA,0,Other_Amphibian,0.2857,3220.1,1966.9,3349.0,2107.9
/srv/shared_leopard_toad/2025/Documents/06.10-13.10.2025/4Z/106MEDIA/DSCF0717.JPG,DSCF0717.JPG,4Z/106MEDIA,0,Other_Amphibian,0.2805,3222.0,1967.8,3346.2,2110.7
/srv/shared_leopard_toad/2025/Documents/06.10-13.10.2025/4Z/106MEDIA/DSCF0410.JPG,DSCF0410.JPG,4Z/106MEDIA,0,Other_Amphibian,0.2341,3228.7,1969.0,3350.7,2109.9
/srv/shared_leopard_toad/2025/Documents/06.10-13.10.2025/4Z/106MEDIA/DSCF0410.JPG,DSCF0410.JPG,4Z/106MEDIA,0,Other_Amphibian,0.2256,3225.0,1966.9,3349.8,2106.8
/srv/shared_leopard_toad/2025/Documents/06.10-13.10.2025/4Z/106MEDIA/DSCF0579.JPG,DSCF0579.JPG,4Z/106MEDIA,0,Other_Amphibian,0.2735,3220.6,1966.0,3347.8,2109.2
/srv/shared_leopard_toad/2025/Documents/06.10-13.10.2025/4Z/106MEDIA/DSCF0579.JPG,DSCF0579.JPG,4Z/106MEDIA,2,Western_Leopard_Toad,0.2649,3653.6,1656.4,3926.1,1923.6
/srv/shared_leopard_toad/2025/Documents/06.10-13.10.2025/4Z/106MEDIA/DSCF0579.JPG,DSCF0579.JPG,4Z/106MEDIA,0,Other_Amphibian,0.2564,3227.7,1968.9,3351.3,2113.6
/srv/shared_leopard_toad/2025/Documents/06.10-13.10.2025/4Z/106MEDIA/DSCF0506.JPG,DSCF0506.JPG,4Z/106MEDIA,2,Western_Leopard_Toad,0.3570,3655.7,1656.2,3928.5,1922.6
/srv/shared_leopard_toad/2025/Documents/06.10-13.10.2025/4Z/106MEDIA/DSCF0506.JPG,DSCF0506.JPG,4Z/106MEDIA,0,Other_Amphibian,0.2556,3221.3,1969.0,3349.3,2108.2
/srv/shared_leopard_toad/2025/Documents/06.10-13.10.2025/4Z/106MEDIA/DSCF0506.JPG,DSCF0506.JPG,4Z/106MEDIA,0,Other_Amphibian,0.2309,3228.0,1972.5,3351.9,2112.4
/srv/shared_leopard_toad/2025/Documents/06.10-13.10.2025/4Z/106MEDIA/DSCF0361.JPG,DSCF0361.JPG,4Z/106MEDIA,0,Other_Amphibian,0.2920,3221.2,1966.1,3346.5,2107.0
/srv/shared_leopard_toad/2025/Documents/06.10-13.10.2025/4Z/106MEDIA/DSCF0361.JPG,DSCF0361.JPG,4Z/106MEDIA,0,Other_Amphibian,0.2750,3227.3,1966.6,3348.8,2108.9
/srv/shared_leopard_toad/2025/Documents/06.10-13.10.2025/4Z/106MEDIA/DSCF0361.JPG,DSCF0361.JPG,4Z/106MEDIA,0,Other_Amphibian,0.2236,3652.6,1657.1,3925.4,1924.5
/srv/shared_leopard_toad/2025/Documents/06.10-13.10.2025/4Z/106MEDIA/DSCF0201.JPG,DSCF0201.JPG,4Z/106MEDIA,2,Western_Leopard_Toad,0.2747,3655.4,1657.8,3927.0,1923.0
/srv/shared_leopard_toad/2025/Documents/06.10-13.10.2025/4Z/106MEDIA/DSCF0201.JPG,DSCF0201.JPG,4Z/106MEDIA,0,Other_Amphibian,0.2458,3220.9,1966.1,3347.6,2106.6
/srv/shared_leopard_toad/2025/Documents/06.10-13.10.2025/4Z/106MEDIA/DSCF0201.JPG,DSCF0201.JPG,4Z/106MEDIA,0,Other_Amphibian,0.2192,3228.6,1972.1,3351.5,2113.3
/srv/shared_leopard_toad/2025/Documents/06.10-13.10.2025/4Z/106MEDIA/DSCF0642.JPG,DSCF0642.JPG,4Z/106MEDIA,2,Western_Leopard_Toad,0.3185,3653.0,1655.6,3927.9,1923.6
/srv/shared_leopard_toad/2025/Documents/06.10-13.10.2025/4Z/106MEDIA/DSCF0642.JPG,DSCF0642.JPG,4Z/106MEDIA,0,Other_Amphibian,0.2458,3221.0,1966.7,3347.6,2107.6
/srv/shared_leopard_toad/2025/Documents/06.10-13.10.2025/4Z/106MEDIA/DSCF0642.JPG,DSCF0642.JPG,4Z/106MEDIA,0,Other_Amphibian,0.2323,3225.5,1967.9,3348.1,2110.4
/srv/shared_leopard_toad/2025/Documents/06.10-13.10.2025/4Z/106MEDIA/DSCF0762.JPG,DSCF0762.JPG,4Z/106MEDIA,2,Western_Leopard_Toad,0.2997,3654.5,1655.2,3925.9,1923.5
/srv/shared_leopard_toad/2025/Documents/06.10-13.10.2025/4Z/106MEDIA/DSCF0762.JPG,DSCF0762.JPG,4Z/106MEDIA,0,Other_Amphibian,0.2626,3227.3,1967.0,3350.1,2109.2
/srv/shared_leopard_toad/2025/Documents/06.10-13.10.2025/4Z/106MEDIA/DSCF0762.JPG,DSCF0762.JPG,4Z/106MEDIA,0,Other_Amphibian,0.2482,3219.9,1967.0,3347.9,2107.5
/srv/shared_leopard_toad/2025/Documents/06.10-13.10.2025/4Z/106MEDIA/DSCF0992.JPG,DSCF0992.JPG,4Z/106MEDIA,2,Western_Leopard_Toad,0.8535,3648.1,1659.6,3928.8,1924.1
/srv/shared_leopard_toad/2025/Documents/06.10-13.10.2025/4Z/106MEDIA/DSCF0992.JPG,DSCF0992.JPG,4Z/106MEDIA,0,Other_Amphibian,0.2488,3220.9,1956.0,3360.3,2117.6
/srv/shared_leopard_toad/2025/Documents/06.10-13.10.2025/4Z/106MEDIA/DSCF0513.JPG,DSCF0513.JPG,4Z/106MEDIA,2,Western_Leopard_Toad,0.2677,3654.1,1656.6,3924.8,1924.0
/srv/shared_leopard_toad/2025/Documents/06.10-13.10.2025/4Z/106MEDIA/DSCF0707.JPG,DSCF0707.JPG,4Z/106MEDIA,2,Western_Leopard_Toad,0.2575,3650.8,1656.3,3926.8,1924.8
/srv/shared_leopard_toad/2025/Documents/06.10-13.10.2025/4Z/106MEDIA/DSCF0707.JPG,DSCF0707.JPG,4Z/106MEDIA,0,Other_Amphibian,0.2404,3220.7,1968.0,3348.5,2108.2
/srv/shared_leopard_toad/2025/Documents/06.10-13.10.2025/4Z/106MEDIA/DSCF0707.JPG,DSCF0707.JPG,4Z/106MEDIA,0,Other_Amphibian,0.2349,3227.5,1970.4,3350.7,2112.2
/srv/shared_leopard_toad/2025/Documents/06.10-13.10.2025/4Z/109MEDIA/DSCF0135.JPG,DSCF0135.JPG,4Z/109MEDIA,0,Other_Amphibian,0.2322,2979.7,2456.1,3100.1,2625.0
/srv/shared_leopard_toad/2025/Documents/06.10-13.10.2025/4Z/109MEDIA/DSCF0135.JPG,DSCF0135.JPG,4Z/109MEDIA,0,Other_Amphibian,0.2269,3657.4,1645.6,3928.8,1918.7
/srv/shared_leopard_toad/2025/Documents/06.10-13.10.2025/4Z/109MEDIA/DSCF0404.JPG,DSCF0404.JPG,4Z/109MEDIA,0,Other_Amphibian,0.3106,2972.5,2487.1,3105.2,2625.0
/srv/shared_leopard_toad/2025/Documents/06.10-13.10.2025/4Z/109MEDIA/DSCF0404.JPG,DSCF0404.JPG,4Z/109MEDIA,0,Other_Amphibian,0.2408,2983.3,2475.6,3104.4,2625.6
/srv/shared_leopard_toad/2025/Documents/06.10-13.10.2025/4Z/109MEDIA/DSCF0358.JPG,DSCF0358.JPG,4Z/109MEDIA,0,Other_Amphibian,0.4511,2977.3,2456.9,3105.2,2627.4
/srv/shared_leopard_toad/2025/Documents/06.10-13.10.2025/4Z/109MEDIA/DSCF0358.JPG,DSCF0358.JPG,4Z/109MEDIA,0,Other_Amphibian,0.3525,2972.3,2461.6,3107.5,2627.4
/srv/shared_leopard_toad/2025/Documents/06.10-13.10.2025/4Z/109MEDIA/DSCF0012.JPG,DSCF0012.JPG,4Z/109MEDIA,0,Other_Amphibian,0.2861,2973.2,2481.8,3102.4,2623.4
/srv/shared_leopard_toad/2025/Documents/06.10-13.10.2025/4Z/109MEDIA/DSCF0012.JPG,DSCF0012.JPG,4Z/109MEDIA,0,Other_Amphibian,0.2209,2983.8,2463.6,3102.1,2622.3
/srv/shared_leopard_toad/2025/Documents/06.10-13.10.2025/4Z/109MEDIA/DSCF0488.JPG,DSCF0488.JPG,4Z/109MEDIA,0,Other_Amphibian,0.3008,2971.1,2480.3,3102.8,2620.9
/srv/shared_leopard_toad/2025/Documents/06.10-13.10.2025/4Z/109MEDIA/DSCF0488.JPG,DSCF0488.JPG,4Z/109MEDIA,0,Other_Amphibian,0.2254,2982.4,2463.1,3103.5,2620.3
/srv/shared_leopard_toad/2025/Documents/06.10-13.10.2025/4Z/109MEDIA/DSCF0541.JPG,DSCF0541.JPG,4Z/109MEDIA,0,Other_Amphibian,0.3014,2974.3,2479.0,3105.0,2632.6
/srv/shared_leopard_toad/2025/Documents/06.10-13.10.2025/4Z/109MEDIA/DSCF0541.JPG,DSCF0541.JPG,4Z/109MEDIA,0,Other_Amphibian,0.2061,2985.6,2469.7,3106.5,2626.6
/srv/shared_leopard_toad/2025/Documents/06.10-13.10.2025/4Z/109MEDIA/DSCF0519.JPG,DSCF0519.JPG,4Z/109MEDIA,2,Western_Leopard_Toad,0.2421,3654.4,1646.3,3930.3,1916.5
/srv/shared_leopard_toad/2025/Documents/06.10-13.10.2025/4Z/109MEDIA/DSCF0589.JPG,DSCF0589.JPG,4Z/109MEDIA,0,Other_Amphibian,0.4504,2981.5,2460.9,3107.6,2625.3
/srv/shared_leopard_toad/2025/Documents/06.10-13.10.2025/4Z/109MEDIA/DSCF0589.JPG,DSCF0589.JPG,4Z/109MEDIA,0,Other_Amphibian,0.3643,2974.1,2463.9,3107.8,2629.8
/srv/shared_leopard_toad/2025/Documents/06.10-13.10.2025/4Z/109MEDIA/DSCF0589.JPG,DSCF0589.JPG,4Z/109MEDIA,0,Other_Amphibian,0.2985,2974.8,2468.3,3108.3,2625.5
/srv/shared_leopard_toad/2025/Documents/06.10-13.10.2025/4Z/109MEDIA/DSCF0466.JPG,DSCF0466.JPG,4Z/109MEDIA,2,Western_Leopard_Toad,0.3380,3653.9,1648.0,3931.9,1917.2
/srv/shared_leopard_toad/2025/Documents/06.10-13.10.2025/4Z/109MEDIA/DSCF0466.JPG,DSCF0466.JPG,4Z/109MEDIA,0,Other_Amphibian,0.2585,2966.8,2462.7,3102.2,2624.8
/srv/shared_leopard_toad/2025/Documents/06.10-13.10.2025/4Z/109MEDIA/DSCF0466.JPG,DSCF0466.JPG,4Z/109MEDIA,0,Other_Amphibian,0.2214,2975.6,2446.0,3100.2,2625.2
/srv/shared_leopard_toad/2025/Documents/06.10-13.10.2025/4Z/109MEDIA/DSCF0443.JPG,DSCF0443.JPG,4Z/109MEDIA,0,Other_Amphibian,0.4421,2972.0,2470.0,3102.4,2619.4
/srv/shared_leopard_toad/2025/Documents/06.10-13.10.2025/4Z/109MEDIA/DSCF0443.JPG,DSCF0443.JPG,4Z/109MEDIA,0,Other_Amphibian,0.3932,2983.6,2461.6,3103.3,2617.7
/srv/shared_leopard_toad/2025/Documents/06.10-13.10.2025/4Z/109MEDIA/DSCF0215.JPG,DSCF0215.JPG,4Z/109MEDIA,0,Other_Amphibian,0.2978,2973.2,2483.1,3104.6,2626.1
/srv/shared_leopard_toad/2025/Documents/06.10-13.10.2025/4Z/109MEDIA/DSCF0215.JPG,DSCF0215.JPG,4Z/109MEDIA,0,Other_Amphibian,0.2616,2982.3,2465.3,3104.2,2625.9
/srv/shared_leopard_toad/2025/Documents/06.10-13.10.2025/4Z/109MEDIA/DSCF0215.JPG,DSCF0215.JPG,4Z/109MEDIA,0,Other_Amphibian,0.2606,2975.8,2472.2,3106.4,2627.5
/srv/shared_leopard_toad/2025/Documents/06.10-13.10.2025/4Z/109MEDIA/DSCF0173.JPG,DSCF0173.JPG,4Z/109MEDIA,0,Other_Amphibian,0.6304,1720.7,1970.2,1873.5,2159.9
/srv/shared_leopard_toad/2025/Documents/06.10-13.10.2025/4Z/109MEDIA/DSCF0173.JPG,DSCF0173.JPG,4Z/109MEDIA,0,Other_Amphibian,0.4604,2978.5,2463.4,3106.0,2620.2
/srv/shared_leopard_toad/2025/Documents/06.10-13.10.2025/4Z/109MEDIA/DSCF0173.JPG,DSCF0173.JPG,4Z/109MEDIA,0,Other_Amphibian,0.4158,2969.8,2467.5,3105.5,2621.2
/srv/shared_leopard_toad/2025/Documents/06.10-13.10.2025/4Z/109MEDIA/DSCF0173.JPG,DSCF0173.JPG,4Z/109MEDIA,0,Other_Amphibian,0.2374,3657.9,1647.3,3931.9,1916.3
/srv/shared_leopard_toad/2025/Documents/06.10-13.10.2025/4Z/109MEDIA/DSCF0464.JPG,DSCF0464.JPG,4Z/109MEDIA,0,Other_Amphibian,0.4658,2969.8,2476.5,3104.7,2624.7
/srv/shared_leopard_toad/2025/Documents/06.10-13.10.2025/4Z/109MEDIA/DSCF0464.JPG,DSCF0464.JPG,4Z/109MEDIA,0,Other_Amphibian,0.3991,2981.1,2469.7,3106.4,2623.7
/srv/shared_leopard_toad/2025/Documents/06.10-13.10.2025/4Z/109MEDIA/DSCF0455.JPG,DSCF0455.JPG,4Z/109MEDIA,0,Other_Amphibian,0.3116,2974.4,2489.0,3104.2,2620.6
/srv/shared_leopard_toad/2025/Documents/06.10-13.10.2025/4Z/109MEDIA/DSCF0455.JPG,DSCF0455.JPG,4Z/109MEDIA,0,Other_Amphibian,0.2265,2983.4,2484.0,3103.6,2621.7
/srv/shared_leopard_toad/2025/Documents/06.10-13.10.2025/4Z/109MEDIA/DSCF0001.JPG,DSCF0001.JPG,4Z/109MEDIA,2,Western_Leopard_Toad,0.2267,3654.9,1649.5,3927.3,1918.0
/srv/shared_leopard_toad/2025/Documents/06.10-13.10.2025/4Z/109MEDIA/DSCF0407.JPG,DSCF0407.JPG,4Z/109MEDIA,0,Other_Amphibian,0.3815,2969.3,2473.7,3103.5,2624.5
/srv/shared_leopard_toad/2025/Documents/06.10-13.10.2025/4Z/109MEDIA/DSCF0407.JPG,DSCF0407.JPG,4Z/109MEDIA,0,Other_Amphibian,0.3752,2980.1,2461.7,3104.7,2623.2
/srv/shared_leopard_toad/2025/Documents/06.10-13.10.2025/4Z/109MEDIA/DSCF0407.JPG,DSCF0407.JPG,4Z/109MEDIA,0,Other_Amphibian,0.2806,3655.7,1647.7,3931.6,1917.4
/srv/shared_leopard_toad/2025/Documents/06.10-13.10.2025/4Z/109MEDIA/DSCF0416.JPG,DSCF0416.JPG,4Z/109MEDIA,2,Western_Leopard_Toad,0.2025,3655.1,1646.6,3927.8,1916.8
/srv/shared_leopard_toad/2025/Documents/06.10-13.10.2025/4Z/109MEDIA/DSCF0678.JPG,DSCF0678.JPG,4Z/109MEDIA,2,Western_Leopard_Toad,0.6642,3637.8,1662.3,3925.8,1923.2
/srv/shared_leopard_toad/2025/Documents/06.10-13.10.2025/4Z/109MEDIA/DSCF0298.JPG,DSCF0298.JPG,4Z/109MEDIA,0,Other_Amphibian,0.3399,2969.4,2468.0,3102.0,2624.4
/srv/shared_leopard_toad/2025/Documents/06.10-13.10.2025/4Z/109MEDIA/DSCF0298.JPG,DSCF0298.JPG,4Z/109MEDIA,0,Other_Amphibian,0.3235,2979.8,2458.9,3102.2,2622.0
/srv/shared_leopard_toad/2025/Documents/06.10-13.10.2025/4Z/109MEDIA/DSCF0417.JPG,DSCF0417.JPG,4Z/109MEDIA,0,Other_Amphibian,0.3635,2972.4,2466.4,3104.7,2621.6
/srv/shared_leopard_toad/2025/Documents/06.10-13.10.2025/4Z/109MEDIA/DSCF0417.JPG,DSCF0417.JPG,4Z/109MEDIA,0,Other_Amphibian,0.3603,2980.2,2463.6,3104.1,2620.1
/srv/shared_leopard_toad/2025/Documents/06.10-13.10.2025/4Z/109MEDIA/DSCF0141.JPG,DSCF0141.JPG,4Z/109MEDIA,0,Other_Amphibian,0.2157,2980.9,2459.4,3098.2,2620.5
/srv/shared_leopard_toad/2025/Documents/06.10-13.10.2025/4Z/109MEDIA/DSCF0543.JPG,DSCF0543.JPG,4Z/109MEDIA,0,Other_Amphibian,0.3967,2969.5,2486.0,3105.4,2624.8
/srv/shared_leopard_toad/2025/Documents/06.10-13.10.2025/4Z/109MEDIA/DSCF0543.JPG,DSCF0543.JPG,4Z/109MEDIA,0,Other_Amphibian,0.3923,2971.1,2478.9,3105.6,2631.5
/srv/shared_leopard_toad/2025/Documents/06.10-13.10.2025/4Z/109MEDIA/DSCF0543.JPG,DSCF0543.JPG,4Z/109MEDIA,0,Other_Amphibian,0.3051,2982.3,2476.7,3107.9,2625.4
/srv/shared_leopard_toad/2025/Documents/06.10-13.10.2025/4Z/109MEDIA/DSCF0325.JPG,DSCF0325.JPG,4Z/109MEDIA,0,Other_Amphibian,0.2191,2973.8,2485.4,3101.5,2619.2
/srv/shared_leopard_toad/2025/Documents/06.10-13.10.2025/4Z/109MEDIA/DSCF0107.JPG,DSCF0107.JPG,4Z/109MEDIA,0,Other_Amphibian,0.3075,2972.4,2486.8,3104.6,2625.6
/srv/shared_leopard_toad/2025/Documents/06.10-13.10.2025/4Z/109MEDIA/DSCF0107.JPG,DSCF0107.JPG,4Z/109MEDIA,0,Other_Amphibian,0.2358,2984.5,2471.3,3105.4,2625.7
/srv/shared_leopard_toad/2025/Documents/06.10-13.10.2025/4Z/109MEDIA/DSCF0107.JPG,DSCF0107.JPG,4Z/109MEDIA,0,Other_Amphibian,0.2349,2976.3,2479.1,3106.8,2626.9
/srv/shared_leopard_toad/2025/Documents/06.10-13.10.2025/4Z/109MEDIA/DSCF0562.JPG,DSCF0562.JPG,4Z/109MEDIA,0,Other_Amphibian,0.3590,2969.3,2481.0,3099.5,2623.6
/srv/shared_leopard_toad/2025/Documents/06.10-13.10.2025/4Z/109MEDIA/DSCF0562.JPG,DSCF0562.JPG,4Z/109MEDIA,0,Other_Amphibian,0.2637,2982.3,2464.7,3102.9,2623.4
/srv/shared_leopard_toad/2025/Documents/06.10-13.10.2025/4Z/109MEDIA/DSCF0562.JPG,DSCF0562.JPG,4Z/109MEDIA,2,Western_Leopard_Toad,0.2190,3655.5,1646.5,3930.3,1916.9
/srv/shared_leopard_toad/2025/Documents/06.10-13.10.2025/4Z/109MEDIA/DSCF0512.JPG,DSCF0512.JPG,4Z/109MEDIA,0,Other_Amphibian,0.3567,2970.0,2468.4,3103.3,2621.7
/srv/shared_leopard_toad/2025/Documents/06.10-13.10.2025/4Z/109MEDIA/DSCF0512.JPG,DSCF0512.JPG,4Z/109MEDIA,0,Other_Amphibian,0.2780,2980.7,2460.5,3104.1,2620.2
/srv/shared_leopard_toad/2025/Documents/06.10-13.10.2025/4Z/109MEDIA/DSCF0282.JPG,DSCF0282.JPG,4Z/109MEDIA,0,Other_Amphibian,0.2883,2972.4,2480.5,3099.6,2621.6
/srv/shared_leopard_toad/2025/Documents/06.10-13.10.2025/4Z/109MEDIA/DSCF0282.JPG,DSCF0282.JPG,4Z/109MEDIA,0,Other_Amphibian,0.2082,2982.8,2474.6,3101.3,2621.4
/srv/shared_leopard_toad/2025/Documents/06.10-13.10.2025/4Z/109MEDIA/DSCF0430.JPG,DSCF0430.JPG,4Z/109MEDIA,0,Other_Amphibian,0.3362,2969.1,2470.5,3101.5,2619.9
/srv/shared_leopard_toad/2025/Documents/06.10-13.10.2025/4Z/109MEDIA/DSCF0430.JPG,DSCF0430.JPG,4Z/109MEDIA,0,Other_Amphibian,0.3042,2979.4,2465.4,3102.0,2619.1
/srv/shared_leopard_toad/2025/Documents/06.10-13.10.2025/4Z/109MEDIA/DSCF0430.JPG,DSCF0430.JPG,4Z/109MEDIA,0,Other_Amphibian,0.2036,3655.8,1647.2,3931.0,1917.9
/srv/shared_leopard_toad/2025/Documents/06.10-13.10.2025/4Z/109MEDIA/DSCF0594.JPG,DSCF0594.JPG,4Z/109MEDIA,0,Other_Amphibian,0.3243,2972.6,2485.7,3105.6,2617.8
/srv/shared_leopard_toad/2025/Documents/06.10-13.10.2025/4Z/109MEDIA/DSCF0594.JPG,DSCF0594.JPG,4Z/109MEDIA,0,Other_Amphibian,0.2454,2982.8,2472.8,3106.4,2619.5
/srv/shared_leopard_toad/2025/Documents/06.10-13.10.2025/4Z/109MEDIA/DSCF0594.JPG,DSCF0594.JPG,4Z/109MEDIA,0,Other_Amphibian,0.2204,2969.9,2477.1,3102.7,2623.7
/srv/shared_leopard_toad/2025/Documents/06.10-13.10.2025/4Z/109MEDIA/DSCF0221.JPG,DSCF0221.JPG,4Z/109MEDIA,0,Other_Amphibian,0.3512,2968.1,2477.0,3099.6,2621.5
/srv/shared_leopard_toad/2025/Documents/06.10-13.10.2025/4Z/109MEDIA/DSCF0221.JPG,DSCF0221.JPG,4Z/109MEDIA,0,Other_Amphibian,0.2831,2980.2,2460.7,3102.3,2620.4
/srv/shared_leopard_toad/2025/Documents/06.10-13.10.2025/4Z/109MEDIA/DSCF0442.JPG,DSCF0442.JPG,4Z/109MEDIA,0,Other_Amphibian,0.2347,2973.5,2489.9,3102.4,2623.5
/srv/shared_leopard_toad/2025/Documents/06.10-13.10.2025/4Z/109MEDIA/DSCF0442.JPG,DSCF0442.JPG,4Z/109MEDIA,0,Other_Amphibian,0.2027,3654.9,1648.5,3928.2,1916.7
/srv/shared_leopard_toad/2025/Documents/06.10-13.10.2025/4Z/109MEDIA/DSCF0667.JPG,DSCF0667.JPG,4Z/109MEDIA,2,Western_Leopard_Toad,0.8250,3641.8,1657.6,3930.9,1918.4
/srv/shared_leopard_toad/2025/Documents/06.10-13.10.2025/4Z/109MEDIA/DSCF0311.JPG,DSCF0311.JPG,4Z/109MEDIA,0,Other_Amphibian,0.4466,2970.2,2482.7,3101.4,2618.1
/srv/shared_leopard_toad/2025/Documents/06.10-13.10.2025/4Z/109MEDIA/DSCF0311.JPG,DSCF0311.JPG,4Z/109MEDIA,0,Other_Amphibian,0.2872,2982.7,2473.3,3104.8,2619.7
/srv/shared_leopard_toad/2025/Documents/06.10-13.10.2025/4Z/109MEDIA/DSCF0362.JPG,DSCF0362.JPG,4Z/109MEDIA,0,Other_Amphibian,0.2823,2972.2,2491.2,3104.0,2629.1
/srv/shared_leopard_toad/2025/Documents/06.10-13.10.2025/4Z/109MEDIA/DSCF0362.JPG,DSCF0362.JPG,4Z/109MEDIA,0,Other_Amphibian,0.2774,2972.9,2487.9,3104.8,2630.5
/srv/shared_leopard_toad/2025/Documents/06.10-13.10.2025/4Z/109MEDIA/DSCF0362.JPG,DSCF0362.JPG,4Z/109MEDIA,0,Other_Amphibian,0.2328,2981.1,2486.9,3102.4,2631.1
/srv/shared_leopard_toad/2025/Documents/06.10-13.10.2025/4Z/109MEDIA/DSCF0565.JPG,DSCF0565.JPG,4Z/109MEDIA,0,Other_Amphibian,0.4383,2970.1,2481.3,3102.4,2628.0
/srv/shared_leopard_toad/2025/Documents/06.10-13.10.2025/4Z/109MEDIA/DSCF0565.JPG,DSCF0565.JPG,4Z/109MEDIA,0,Other_Amphibian,0.3853,2972.2,2475.4,3104.5,2630.8
/srv/shared_leopard_toad/2025/Documents/06.10-13.10.2025/4Z/109MEDIA/DSCF0565.JPG,DSCF0565.JPG,4Z/109MEDIA,0,Other_Amphibian,0.3804,2982.8,2468.2,3106.5,2627.9
/srv/shared_leopard_toad/2025/Documents/06.10-13.10.2025/4Z/109MEDIA/DSCF0668.JPG,DSCF0668.JPG,4Z/109MEDIA,2,Western_Leopard_Toad,0.6676,3635.0,1659.8,3928.8,1924.6
/srv/shared_leopard_toad/2025/Documents/06.10-13.10.2025/4Z/109MEDIA/DSCF0187.JPG,DSCF0187.JPG,4Z/109MEDIA,0,Other_Amphibian,0.8266,1661.6,1917.1,1837.2,2124.8
/srv/shared_leopard_toad/2025/Documents/06.10-13.10.2025/4Z/109MEDIA/DSCF0187.JPG,DSCF0187.JPG,4Z/109MEDIA,0,Other_Amphibian,0.3716,2971.1,2466.5,3109.5,2619.7
/srv/shared_leopard_toad/2025/Documents/06.10-13.10.2025/4Z/109MEDIA/DSCF0187.JPG,DSCF0187.JPG,4Z/109MEDIA,0,Other_Amphibian,0.3527,2979.1,2461.2,3106.9,2619.7
/srv/shared_leopard_toad/2025/Documents/06.10-13.10.2025/4Z/109MEDIA/DSCF0061.JPG,DSCF0061.JPG,4Z/109MEDIA,2,Western_Leopard_Toad,0.3457,3655.3,1647.8,3931.0,1916.8
/srv/shared_leopard_toad/2025/Documents/06.10-13.10.2025/4Z/109MEDIA/DSCF0061.JPG,DSCF0061.JPG,4Z/109MEDIA,0,Other_Amphibian,0.2195,2971.9,2476.6,3102.6,2623.7
/srv/shared_leopard_toad/2025/Documents/06.10-13.10.2025/4Z/109MEDIA/DSCF0061.JPG,DSCF0061.JPG,4Z/109MEDIA,0,Other_Amphibian,0.2009,2982.2,2464.2,3101.9,2623.5
/srv/shared_leopard_toad/2025/Documents/06.10-13.10.2025/4Z/109MEDIA/DSCF0679.JPG,DSCF0679.JPG,4Z/109MEDIA,2,Western_Leopard_Toad,0.4845,3644.4,1662.8,3923.1,1923.1
/srv/shared_leopard_toad/2025/Documents/06.10-13.10.2025/4Z/109MEDIA/DSCF0679.JPG,DSCF0679.JPG,4Z/109MEDIA,0,Other_Amphibian,0.2213,2.7,435.6,230.6,946.6
/srv/shared_leopard_toad/2025/Documents/06.10-13.10.2025/4Z/109MEDIA/DSCF0193.JPG,DSCF0193.JPG,4Z/109MEDIA,0,Other_Amphibian,0.6177,1689.7,1849.1,1857.5,2042.0
/srv/shared_leopard_toad/2025/Documents/06.10-13.10.2025/4Z/109MEDIA/DSCF0193.JPG,DSCF0193.JPG,4Z/109MEDIA,0,Other_Amphibian,0.2901,2981.6,2457.9,3100.7,2621.3
/srv/shared_leopard_toad/2025/Documents/06.10-13.10.2025/4Z/109MEDIA/DSCF0193.JPG,DSCF0193.JPG,4Z/109MEDIA,0,Other_Amphibian,0.2374,2972.0,2471.4,3101.2,2621.7
/srv/shared_leopard_toad/2025/Documents/06.10-13.10.2025/4Z/109MEDIA/DSCF0623.JPG,DSCF0623.JPG,4Z/109MEDIA,0,Other_Amphibian,0.3071,2971.7,2480.3,3102.8,2621.3
/srv/shared_leopard_toad/2025/Documents/06.10-13.10.2025/4Z/109MEDIA/DSCF0623.JPG,DSCF0623.JPG,4Z/109MEDIA,0,Other_Amphibian,0.2262,2983.3,2466.2,3104.5,2621.8
/srv/shared_leopard_toad/2025/Documents/06.10-13.10.2025/4Z/109MEDIA/DSCF0518.JPG,DSCF0518.JPG,4Z/109MEDIA,0,Other_Amphibian,0.2084,2969.4,2482.1,3099.6,2622.3
/srv/shared_leopard_toad/2025/Documents/06.10-13.10.2025/4Z/109MEDIA/DSCF0167.JPG,DSCF0167.JPG,4Z/109MEDIA,0,Other_Amphibian,0.7536,1717.5,1965.7,1876.6,2156.0
/srv/shared_leopard_toad/2025/Documents/06.10-13.10.2025/4Z/109MEDIA/DSCF0167.JPG,DSCF0167.JPG,4Z/109MEDIA,0,Other_Amphibian,0.2799,2983.6,2460.4,3109.5,2620.5
/srv/shared_leopard_toad/2025/Documents/06.10-13.10.2025/4Z/109MEDIA/DSCF0167.JPG,DSCF0167.JPG,4Z/109MEDIA,0,Other_Amphibian,0.2652,2975.7,2465.8,3112.8,2619.5
/srv/shared_leopard_toad/2025/Documents/06.10-13.10.2025/4Z/109MEDIA/DSCF0273.JPG,DSCF0273.JPG,4Z/109MEDIA,2,Western_Leopard_Toad,0.9189,3124.1,875.2,3672.4,1344.6
/srv/shared_leopard_toad/2025/Documents/06.10-13.10.2025/4Z/109MEDIA/DSCF0273.JPG,DSCF0273.JPG,4Z/109MEDIA,0,Other_Amphibian,0.3910,2967.4,2468.5,3102.1,2625.5
/srv/shared_leopard_toad/2025/Documents/06.10-13.10.2025/4Z/109MEDIA/DSCF0273.JPG,DSCF0273.JPG,4Z/109MEDIA,0,Other_Amphibian,0.3412,2978.7,2455.1,3103.5,2624.5
/srv/shared_leopard_toad/2025/Documents/06.10-13.10.2025/4Z/109MEDIA/DSCF0038.JPG,DSCF0038.JPG,4Z/109MEDIA,0,Other_Amphibian,0.4159,2967.4,2463.9,3104.0,2625.0
/srv/shared_leopard_toad/2025/Documents/06.10-13.10.2025/4Z/109MEDIA/DSCF0038.JPG,DSCF0038.JPG,4Z/109MEDIA,0,Other_Amphibian,0.3949,2977.6,2458.6,3103.1,2623.0
/srv/shared_leopard_toad/2025/Documents/06.10-13.10.2025/4Z/109MEDIA/DSCF0636.JPG,DSCF0636.JPG,4Z/109MEDIA,0,Other_Amphibian,0.3316,2968.2,2470.5,3104.2,2640.4
/srv/shared_leopard_toad/2025/Documents/06.10-13.10.2025/4Z/109MEDIA/DSCF0636.JPG,DSCF0636.JPG,4Z/109MEDIA,0,Other_Amphibian,0.2530,2971.4,2480.2,3103.0,2625.9
/srv/shared_leopard_toad/2025/Documents/06.10-13.10.2025/4Z/109MEDIA/DSCF0636.JPG,DSCF0636.JPG,4Z/109MEDIA,0,Other_Amphibian,0.2386,2980.1,2467.0,3105.3,2627.6
/srv/shared_leopard_toad/2025/Documents/06.10-13.10.2025/4Z/109MEDIA/DSCF0560.JPG,DSCF0560.JPG,4Z/109MEDIA,0,Other_Amphibian,0.2175,2971.9,2485.3,3101.1,2631.4
/srv/shared_leopard_toad/2025/Documents/06.10-13.10.2025/4Z/109MEDIA/DSCF0560.JPG,DSCF0560.JPG,4Z/109MEDIA,0,Other_Amphibian,0.2015,2974.4,2491.2,3104.0,2622.5
/srv/shared_leopard_toad/2025/Documents/06.10-13.10.2025/4Z/109MEDIA/DSCF0339.JPG,DSCF0339.JPG,4Z/109MEDIA,0,Other_Amphibian,0.2652,2974.0,2486.1,3101.0,2623.3
/srv/shared_leopard_toad/2025/Documents/06.10-13.10.2025/4Z/109MEDIA/DSCF0339.JPG,DSCF0339.JPG,4Z/109MEDIA,0,Other_Amphibian,0.2232,2979.2,2467.5,3096.0,2622.7
/srv/shared_leopard_toad/2025/Documents/06.10-13.10.2025/4Z/109MEDIA/DSCF0164.JPG,DSCF0164.JPG,4Z/109MEDIA,0,Other_Amphibian,0.3551,2970.5,2487.0,3103.1,2623.4
/srv/shared_leopard_toad/2025/Documents/06.10-13.10.2025/4Z/109MEDIA/DSCF0164.JPG,DSCF0164.JPG,4Z/109MEDIA,0,Other_Amphibian,0.2722,2972.8,2481.1,3104.7,2628.1
/srv/shared_leopard_toad/2025/Documents/06.10-13.10.2025/4Z/109MEDIA/DSCF0164.JPG,DSCF0164.JPG,4Z/109MEDIA,0,Other_Amphibian,0.2581,2982.3,2480.7,3104.2,2623.2
/srv/shared_leopard_toad/2025/Documents/06.10-13.10.2025/4Z/109MEDIA/DSCF0336.JPG,DSCF0336.JPG,4Z/109MEDIA,0,Other_Amphibian,0.3285,2981.7,2468.6,3106.6,2625.7
/srv/shared_leopard_toad/2025/Documents/06.10-13.10.2025/4Z/109MEDIA/DSCF0336.JPG,DSCF0336.JPG,4Z/109MEDIA,0,Other_Amphibian,0.2606,2974.0,2478.9,3109.1,2625.3
/srv/shared_leopard_toad/2025/Documents/06.10-13.10.2025/4Z/109MEDIA/DSCF0336.JPG,DSCF0336.JPG,4Z/109MEDIA,0,Other_Amphibian,0.2462,2977.3,2471.8,3110.2,2626.1
/srv/shared_leopard_toad/2025/Documents/06.10-13.10.2025/4Z/109MEDIA/DSCF0461.JPG,DSCF0461.JPG,4Z/109MEDIA,0,Other_Amphibian,0.2873,2970.8,2472.7,3101.7,2625.3
/srv/shared_leopard_toad/2025/Documents/06.10-13.10.2025/4Z/109MEDIA/DSCF0461.JPG,DSCF0461.JPG,4Z/109MEDIA,0,Other_Amphibian,0.2585,2981.1,2459.0,3102.2,2624.2
/srv/shared_leopard_toad/2025/Documents/06.10-13.10.2025/4Z/109MEDIA/DSCF0458.JPG,DSCF0458.JPG,4Z/109MEDIA,0,Other_Amphibian,0.7391,2041.5,1486.5,2288.9,1705.7
/srv/shared_leopard_toad/2025/Documents/06.10-13.10.2025/4Z/109MEDIA/DSCF0458.JPG,DSCF0458.JPG,4Z/109MEDIA,0,Other_Amphibian,0.2348,2975.9,2494.9,3106.1,2622.9
/srv/shared_leopard_toad/2025/Documents/06.10-13.10.2025/4Z/109MEDIA/DSCF0344.JPG,DSCF0344.JPG,4Z/109MEDIA,0,Other_Amphibian,0.3077,2971.5,2476.7,3102.2,2617.4
/srv/shared_leopard_toad/2025/Documents/06.10-13.10.2025/4Z/109MEDIA/DSCF0344.JPG,DSCF0344.JPG,4Z/109MEDIA,0,Other_Amphibian,0.2608,2981.4,2467.5,3103.2,2617.2
/srv/shared_leopard_toad/2025/Documents/06.10-13.10.2025/4Z/109MEDIA/DSCF0194.JPG,DSCF0194.JPG,4Z/109MEDIA,0,Other_Amphibian,0.7059,1686.0,1849.7,1861.5,2041.0
/srv/shared_leopard_toad/2025/Documents/06.10-13.10.2025/4Z/109MEDIA/DSCF0194.JPG,DSCF0194.JPG,4Z/109MEDIA,0,Other_Amphibian,0.2156,2974.5,2484.3,3103.5,2622.5
/srv/shared_leopard_toad/2025/Documents/06.10-13.10.2025/4Z/109MEDIA/DSCF0194.JPG,DSCF0194.JPG,4Z/109MEDIA,0,Other_Amphibian,0.2005,2969.1,2479.7,3101.2,2627.2
/srv/shared_leopard_toad/2025/Documents/06.10-13.10.2025/4Z/109MEDIA/DSCF0501.JPG,DSCF0501.JPG,4Z/109MEDIA,0,Other_Amphibian,0.2608,2974.5,2483.5,3103.8,2623.9
/srv/shared_leopard_toad/2025/Documents/06.10-13.10.2025/4Z/109MEDIA/DSCF0233.JPG,DSCF0233.JPG,4Z/109MEDIA,0,Other_Amphibian,0.4167,2971.1,2473.2,3103.8,2618.7
/srv/shared_leopard_toad/2025/Documents/06.10-13.10.2025/4Z/109MEDIA/DSCF0233.JPG,DSCF0233.JPG,4Z/109MEDIA,0,Other_Amphibian,0.3436,2982.5,2469.5,3105.1,2618.1
/srv/shared_leopard_toad/2025/Documents/06.10-13.10.2025/4Z/109MEDIA/DSCF0489.JPG,DSCF0489.JPG,4Z/109MEDIA,0,Other_Amphibian,0.2730,2973.2,2484.1,3103.5,2619.6
/srv/shared_leopard_toad/2025/Documents/06.10-13.10.2025/4Z/109MEDIA/DSCF0489.JPG,DSCF0489.JPG,4Z/109MEDIA,2,Western_Leopard_Toad,0.2055,3654.1,1645.6,3927.7,1917.6
/srv/shared_leopard_toad/2025/Documents/06.10-13.10.2025/4Z/109MEDIA/DSCF0489.JPG,DSCF0489.JPG,4Z/109MEDIA,0,Other_Amphibian,0.2044,2982.0,2469.8,3102.9,2620.2
/srv/shared_leopard_toad/2025/Documents/06.10-13.10.2025/4Z/109MEDIA/DSCF0553.JPG,DSCF0553.JPG,4Z/109MEDIA,0,Other_Amphibian,0.4033,2971.6,2476.4,3105.5,2621.5
/srv/shared_leopard_toad/2025/Documents/06.10-13.10.2025/4Z/109MEDIA/DSCF0553.JPG,DSCF0553.JPG,4Z/109MEDIA,0,Other_Amphibian,0.3922,2981.7,2472.2,3107.1,2621.1
/srv/shared_leopard_toad/2025/Documents/06.10-13.10.2025/4Z/109MEDIA/DSCF0553.JPG,DSCF0553.JPG,4Z/109MEDIA,0,Other_Amphibian,0.2051,3653.9,1645.6,3928.7,1916.4
/srv/shared_leopard_toad/2025/Documents/06.10-13.10.2025/4Z/109MEDIA/DSCF0077.JPG,DSCF0077.JPG,4Z/109MEDIA,0,Other_Amphibian,0.4042,2977.9,2458.9,3106.4,2619.0
/srv/shared_leopard_toad/2025/Documents/06.10-13.10.2025/4Z/109MEDIA/DSCF0077.JPG,DSCF0077.JPG,4Z/109MEDIA,0,Other_Amphibian,0.3243,2973.7,2459.4,3110.5,2620.5
/srv/shared_leopard_toad/2025/Documents/06.10-13.10.2025/4Z/109MEDIA/DSCF0350.JPG,DSCF0350.JPG,4Z/109MEDIA,0,Other_Amphibian,0.3357,2971.1,2464.9,3104.0,2621.2
/srv/shared_leopard_toad/2025/Documents/06.10-13.10.2025/4Z/109MEDIA/DSCF0350.JPG,DSCF0350.JPG,4Z/109MEDIA,0,Other_Amphibian,0.3348,2980.9,2458.2,3104.7,2619.8
/srv/shared_leopard_toad/2025/Documents/06.10-13.10.2025/4Z/109MEDIA/DSCF0390.JPG,DSCF0390.JPG,4Z/109MEDIA,0,Other_Amphibian,0.3170,2973.2,2479.1,3104.4,2619.3
/srv/shared_leopard_toad/2025/Documents/06.10-13.10.2025/4Z/109MEDIA/DSCF0390.JPG,DSCF0390.JPG,4Z/109MEDIA,0,Other_Amphibian,0.2767,2983.9,2464.8,3104.5,2618.8
/srv/shared_leopard_toad/2025/Documents/06.10-13.10.2025/4Z/109MEDIA/DSCF0185.JPG,DSCF0185.JPG,4Z/109MEDIA,0,Other_Amphibian,0.8260,1661.3,1911.9,1840.8,2125.5
/srv/shared_leopard_toad/2025/Documents/06.10-13.10.2025/4Z/109MEDIA/DSCF0185.JPG,DSCF0185.JPG,4Z/109MEDIA,0,Other_Amphibian,0.2387,2975.2,2484.4,3107.3,2619.7
/srv/shared_leopard_toad/2025/Documents/06.10-13.10.2025/4Z/109MEDIA/DSCF0539.JPG,DSCF0539.JPG,4Z/109MEDIA,0,Other_Amphibian,0.2241,2969.3,2491.6,3097.5,2625.1
/srv/shared_leopard_toad/2025/Documents/06.10-13.10.2025/4Z/109MEDIA/DSCF0051.JPG,DSCF0051.JPG,4Z/109MEDIA,0,Other_Amphibian,0.3078,2965.9,2467.9,3101.4,2643.6
/srv/shared_leopard_toad/2025/Documents/06.10-13.10.2025/4Z/109MEDIA/DSCF0051.JPG,DSCF0051.JPG,4Z/109MEDIA,0,Other_Amphibian,0.2101,2978.4,2462.5,3101.1,2629.1
/srv/shared_leopard_toad/2025/Documents/06.10-13.10.2025/4Z/109MEDIA/DSCF0286.JPG,DSCF0286.JPG,4Z/109MEDIA,0,Other_Amphibian,0.3703,2974.1,2485.8,3105.7,2624.8
/srv/shared_leopard_toad/2025/Documents/06.10-13.10.2025/4Z/109MEDIA/DSCF0286.JPG,DSCF0286.JPG,4Z/109MEDIA,0,Other_Amphibian,0.2889,2985.5,2476.7,3106.8,2625.8
/srv/shared_leopard_toad/2025/Documents/06.10-13.10.2025/4Z/109MEDIA/DSCF0286.JPG,DSCF0286.JPG,4Z/109MEDIA,0,Other_Amphibian,0.2218,2979.2,2479.2,3109.1,2626.0
/srv/shared_leopard_toad/2025/Documents/06.10-13.10.2025/4Z/109MEDIA/DSCF0292.JPG,DSCF0292.JPG,4Z/109MEDIA,0,Other_Amphibian,0.2417,2970.7,2481.2,3100.2,2622.9
/srv/shared_leopard_toad/2025/Documents/06.10-13.10.2025/4Z/109MEDIA/DSCF0292.JPG,DSCF0292.JPG,4Z/109MEDIA,0,Other_Amphibian,0.2195,3654.3,1646.5,3930.2,1917.6
/srv/shared_leopard_toad/2025/Documents/06.10-13.10.2025/4Z/109MEDIA/DSCF0429.JPG,DSCF0429.JPG,4Z/109MEDIA,0,Other_Amphibian,0.3985,2983.6,2461.5,3106.8,2617.4
/srv/shared_leopard_toad/2025/Documents/06.10-13.10.2025/4Z/109MEDIA/DSCF0429.JPG,DSCF0429.JPG,4Z/109MEDIA,0,Other_Amphibian,0.3831,2972.8,2472.4,3104.5,2618.0
/srv/shared_leopard_toad/2025/Documents/06.10-13.10.2025/4Z/109MEDIA/DSCF0431.JPG,DSCF0431.JPG,4Z/109MEDIA,0,Other_Amphibian,0.2306,2971.8,2482.5,3100.6,2623.4
/srv/shared_leopard_toad/2025/Documents/06.10-13.10.2025/4Z/109MEDIA/DSCF0341.JPG,DSCF0341.JPG,4Z/109MEDIA,0,Other_Amphibian,0.3412,3654.5,1646.8,3931.4,1917.6
/srv/shared_leopard_toad/2025/Documents/06.10-13.10.2025/4Z/109MEDIA/DSCF0341.JPG,DSCF0341.JPG,4Z/109MEDIA,0,Other_Amphibian,0.2047,2980.2,2459.4,3100.3,2621.2
/srv/shared_leopard_toad/2025/Documents/06.10-13.10.2025/4Z/109MEDIA/DSCF0304.JPG,DSCF0304.JPG,4Z/109MEDIA,0,Other_Amphibian,0.2264,2972.4,2480.1,3100.6,2621.5
/srv/shared_leopard_toad/2025/Documents/06.10-13.10.2025/4Z/109MEDIA/DSCF0304.JPG,DSCF0304.JPG,4Z/109MEDIA,2,Western_Leopard_Toad,0.2078,3655.8,1647.0,3931.0,1918.1
/srv/shared_leopard_toad/2025/Documents/06.10-13.10.2025/4Z/109MEDIA/DSCF0507.JPG,DSCF0507.JPG,4Z/109MEDIA,0,Other_Amphibian,0.4061,2971.8,2481.0,3106.8,2629.9
/srv/shared_leopard_toad/2025/Documents/06.10-13.10.2025/4Z/109MEDIA/DSCF0507.JPG,DSCF0507.JPG,4Z/109MEDIA,0,Other_Amphibian,0.3239,2983.6,2474.9,3108.8,2631.3
/srv/shared_leopard_toad/2025/Documents/06.10-13.10.2025/4Z/109MEDIA/DSCF0507.JPG,DSCF0507.JPG,4Z/109MEDIA,0,Other_Amphibian,0.2724,2976.5,2475.8,3109.2,2631.6
/srv/shared_leopard_toad/2025/Documents/06.10-13.10.2025/4Z/109MEDIA/DSCF0681.JPG,DSCF0681.JPG,4Z/109MEDIA,2,Western_Leopard_Toad,0.7168,3635.0,1662.1,3927.6,1921.5
/srv/shared_leopard_toad/2025/Documents/06.10-13.10.2025/4Z/109MEDIA/DSCF0592.JPG,DSCF0592.JPG,4Z/109MEDIA,0,Other_Amphibian,0.2446,2983.0,2464.3,3103.5,2618.0
/srv/shared_leopard_toad/2025/Documents/06.10-13.10.2025/4Z/109MEDIA/DSCF0592.JPG,DSCF0592.JPG,4Z/109MEDIA,0,Other_Amphibian,0.2306,3654.8,1646.2,3929.0,1917.1
/srv/shared_leopard_toad/2025/Documents/06.10-13.10.2025/4Z/109MEDIA/DSCF0592.JPG,DSCF0592.JPG,4Z/109MEDIA,0,Other_Amphibian,0.2184,2973.2,2476.1,3104.0,2618.0
/srv/shared_leopard_toad/2025/Documents/06.10-13.10.2025/4Z/109MEDIA/DSCF0574.JPG,DSCF0574.JPG,4Z/109MEDIA,0,Other_Amphibian,0.3388,2971.7,2483.3,3102.9,2619.6
/srv/shared_leopard_toad/2025/Documents/06.10-13.10.2025/4Z/109MEDIA/DSCF0574.JPG,DSCF0574.JPG,4Z/109MEDIA,0,Other_Amphibian,0.2442,2981.6,2474.6,3102.5,2619.6
/srv/shared_leopard_toad/2025/Documents/06.10-13.10.2025/4Z/109MEDIA/DSCF0266.JPG,DSCF0266.JPG,4Z/109MEDIA,0,Other_Amphibian,0.2063,3656.8,1647.0,3928.4,1917.5
/srv/shared_leopard_toad/2025/Documents/06.10-13.10.2025/4Z/109MEDIA/DSCF0003.JPG,DSCF0003.JPG,4Z/109MEDIA,0,Other_Amphibian,0.2405,2972.4,2490.2,3103.8,2627.8
/srv/shared_leopard_toad/2025/Documents/06.10-13.10.2025/4Z/109MEDIA/DSCF0003.JPG,DSCF0003.JPG,4Z/109MEDIA,2,Western_Leopard_Toad,0.2297,3653.0,1648.8,3929.7,1917.9
/srv/shared_leopard_toad/2025/Documents/06.10-13.10.2025/4Z/109MEDIA/DSCF0003.JPG,DSCF0003.JPG,4Z/109MEDIA,0,Other_Amphibian,0.2190,2968.7,2481.6,3099.3,2629.0
/srv/shared_leopard_toad/2025/Documents/06.10-13.10.2025/4Z/109MEDIA/DSCF0207.JPG,DSCF0207.JPG,4Z/109MEDIA,0,Other_Amphibian,0.4363,2968.5,2482.7,3104.7,2621.9
/srv/shared_leopard_toad/2025/Documents/06.10-13.10.2025/4Z/109MEDIA/DSCF0207.JPG,DSCF0207.JPG,4Z/109MEDIA,0,Other_Amphibian,0.3879,2979.9,2469.9,3106.4,2620.9
/srv/shared_leopard_toad/2025/Documents/06.10-13.10.2025/4Z/109MEDIA/DSCF0207.JPG,DSCF0207.JPG,4Z/109MEDIA,0,Other_Amphibian,0.2178,3657.0,1648.2,3931.5,1917.6
/srv/shared_leopard_toad/2025/Documents/06.10-13.10.2025/4Z/109MEDIA/DSCF0393.JPG,DSCF0393.JPG,4Z/109MEDIA,0,Other_Amphibian,0.2227,2969.9,2482.7,3099.2,2628.1
/srv/shared_leopard_toad/2025/Documents/06.10-13.10.2025/4Z/109MEDIA/DSCF0403.JPG,DSCF0403.JPG,4Z/109MEDIA,0,Other_Amphibian,0.2218,3654.0,1646.2,3930.7,1918.6
/srv/shared_leopard_toad/2025/Documents/06.10-13.10.2025/4Z/109MEDIA/DSCF0369.JPG,DSCF0369.JPG,4Z/109MEDIA,0,Other_Amphibian,0.3140,2969.9,2471.4,3103.8,2623.5
/srv/shared_leopard_toad/2025/Documents/06.10-13.10.2025/4Z/109MEDIA/DSCF0369.JPG,DSCF0369.JPG,4Z/109MEDIA,0,Other_Amphibian,0.3067,2979.9,2465.1,3103.4,2621.7
/srv/shared_leopard_toad/2025/Documents/06.10-13.10.2025/4Z/109MEDIA/DSCF0369.JPG,DSCF0369.JPG,4Z/109MEDIA,2,Western_Leopard_Toad,0.2011,3656.5,1647.7,3929.3,1917.1
/srv/shared_leopard_toad/2025/Documents/06.10-13.10.2025/4Z/109MEDIA/DSCF0490.JPG,DSCF0490.JPG,4Z/109MEDIA,0,Other_Amphibian,0.2695,2974.0,2492.7,3102.6,2620.8
/srv/shared_leopard_toad/2025/Documents/06.10-13.10.2025/4Z/109MEDIA/DSCF0490.JPG,DSCF0490.JPG,4Z/109MEDIA,0,Other_Amphibian,0.2097,3654.0,1647.4,3928.1,1916.9
/srv/shared_leopard_toad/2025/Documents/06.10-13.10.2025/4Z/109MEDIA/DSCF0422.JPG,DSCF0422.JPG,4Z/109MEDIA,0,Other_Amphibian,0.3690,2972.9,2491.4,3101.8,2622.2
/srv/shared_leopard_toad/2025/Documents/06.10-13.10.2025/4Z/109MEDIA/DSCF0422.JPG,DSCF0422.JPG,4Z/109MEDIA,0,Other_Amphibian,0.2351,2982.0,2480.9,3100.5,2623.5
/srv/shared_leopard_toad/2025/Documents/06.10-13.10.2025/4Z/109MEDIA/DSCF0549.JPG,DSCF0549.JPG,4Z/109MEDIA,0,Other_Amphibian,0.2550,2974.1,2492.6,3104.7,2625.4
/srv/shared_leopard_toad/2025/Documents/06.10-13.10.2025/4Z/109MEDIA/DSCF0549.JPG,DSCF0549.JPG,4Z/109MEDIA,0,Other_Amphibian,0.2273,2971.6,2489.0,3101.0,2627.4
/srv/shared_leopard_toad/2025/Documents/06.10-13.10.2025/4Z/109MEDIA/DSCF0353.JPG,DSCF0353.JPG,4Z/109MEDIA,0,Other_Amphibian,0.3855,2973.1,2492.9,3107.4,2627.9
/srv/shared_leopard_toad/2025/Documents/06.10-13.10.2025/4Z/109MEDIA/DSCF0353.JPG,DSCF0353.JPG,4Z/109MEDIA,0,Other_Amphibian,0.3683,2978.2,2489.8,3112.1,2630.2
/srv/shared_leopard_toad/2025/Documents/06.10-13.10.2025/4Z/109MEDIA/DSCF0353.JPG,DSCF0353.JPG,4Z/109MEDIA,0,Other_Amphibian,0.3155,2985.2,2488.1,3109.4,2630.1
/srv/shared_leopard_toad/2025/Documents/06.10-13.10.2025/4Z/109MEDIA/DSCF0394.JPG,DSCF0394.JPG,4Z/109MEDIA,0,Other_Amphibian,0.3189,2971.8,2478.1,3106.0,2628.8
/srv/shared_leopard_toad/2025/Documents/06.10-13.10.2025/4Z/109MEDIA/DSCF0394.JPG,DSCF0394.JPG,4Z/109MEDIA,0,Other_Amphibian,0.2946,2983.6,2466.0,3107.0,2628.9
/srv/shared_leopard_toad/2025/Documents/06.10-13.10.2025/4Z/109MEDIA/DSCF0394.JPG,DSCF0394.JPG,4Z/109MEDIA,0,Other_Amphibian,0.2847,2973.6,2471.5,3106.9,2631.6
/srv/shared_leopard_toad/2025/Documents/06.10-13.10.2025/4Z/109MEDIA/DSCF0476.JPG,DSCF0476.JPG,4Z/109MEDIA,0,Other_Amphibian,0.2318,2973.2,2476.7,3104.2,2617.9
/srv/shared_leopard_toad/2025/Documents/06.10-13.10.2025/4Z/109MEDIA/DSCF0699.JPG,DSCF0699.JPG,4Z/109MEDIA,2,Western_Leopard_Toad,0.3983,3642.2,1662.7,3925.2,1920.8
/srv/shared_leopard_toad/2025/Documents/06.10-13.10.2025/4Z/109MEDIA/DSCF0699.JPG,DSCF0699.JPG,4Z/109MEDIA,0,Other_Amphibian,0.2511,4690.5,1026.0,4779.6,1135.1
/srv/shared_leopard_toad/2025/Documents/06.10-13.10.2025/4Z/109MEDIA/DSCF0146.JPG,DSCF0146.JPG,4Z/109MEDIA,0,Other_Amphibian,0.2912,2970.0,2472.0,3102.5,2620.7
/srv/shared_leopard_toad/2025/Documents/06.10-13.10.2025/4Z/109MEDIA/DSCF0146.JPG,DSCF0146.JPG,4Z/109MEDIA,0,Other_Amphibian,0.2548,2981.4,2464.1,3103.8,2619.7
/srv/shared_leopard_toad/2025/Documents/06.10-13.10.2025/4Z/109MEDIA/DSCF0566.JPG,DSCF0566.JPG,4Z/109MEDIA,0,Other_Amphibian,0.4331,2970.7,2484.7,3103.8,2625.2
/srv/shared_leopard_toad/2025/Documents/06.10-13.10.2025/4Z/109MEDIA/DSCF0566.JPG,DSCF0566.JPG,4Z/109MEDIA,0,Other_Amphibian,0.3506,2983.4,2475.6,3107.0,2625.7
/srv/shared_leopard_toad/2025/Documents/06.10-13.10.2025/4Z/109MEDIA/DSCF0566.JPG,DSCF0566.JPG,4Z/109MEDIA,0,Other_Amphibian,0.2969,2976.5,2478.2,3106.5,2626.7
/srv/shared_leopard_toad/2025/Documents/06.10-13.10.2025/4Z/109MEDIA/DSCF0566.JPG,DSCF0566.JPG,4Z/109MEDIA,0,Other_Amphibian,0.2293,3656.9,1646.4,3928.8,1916.2
/srv/shared_leopard_toad/2025/Documents/06.10-13.10.2025/4Z/109MEDIA/DSCF0559.JPG,DSCF0559.JPG,4Z/109MEDIA,0,Other_Amphibian,0.4893,2969.1,2475.6,3103.9,2618.1
/srv/shared_leopard_toad/2025/Documents/06.10-13.10.2025/4Z/109MEDIA/DSCF0559.JPG,DSCF0559.JPG,4Z/109MEDIA,0,Other_Amphibian,0.4571,2980.4,2465.2,3107.1,2619.2
/srv/shared_leopard_toad/2025/Documents/06.10-13.10.2025/4Z/109MEDIA/DSCF0445.JPG,DSCF0445.JPG,4Z/109MEDIA,0,Other_Amphibian,0.2263,2977.4,2488.5,3104.5,2622.0
/srv/shared_leopard_toad/2025/Documents/06.10-13.10.2025/4Z/109MEDIA/DSCF0368.JPG,DSCF0368.JPG,4Z/109MEDIA,0,Other_Amphibian,0.2594,2971.9,2482.9,3101.8,2625.3
/srv/shared_leopard_toad/2025/Documents/06.10-13.10.2025/4Z/109MEDIA/DSCF0368.JPG,DSCF0368.JPG,4Z/109MEDIA,0,Other_Amphibian,0.2592,2982.0,2469.4,3101.9,2624.9
/srv/shared_leopard_toad/2025/Documents/06.10-13.10.2025/4Z/109MEDIA/DSCF0656.JPG,DSCF0656.JPG,4Z/109MEDIA,2,Western_Leopard_Toad,0.6307,3646.3,1658.1,3926.7,1919.1
/srv/shared_leopard_toad/2025/Documents/06.10-13.10.2025/4Z/109MEDIA/DSCF0366.JPG,DSCF0366.JPG,4Z/109MEDIA,0,Other_Amphibian,0.2032,2971.7,2490.3,3100.7,2622.0
/srv/shared_leopard_toad/2025/Documents/06.10-13.10.2025/4Z/109MEDIA/DSCF0439.JPG,DSCF0439.JPG,4Z/109MEDIA,0,Other_Amphibian,0.2382,2975.2,2489.4,3104.5,2622.5
/srv/shared_leopard_toad/2025/Documents/06.10-13.10.2025/4Z/109MEDIA/DSCF0067.JPG,DSCF0067.JPG,4Z/109MEDIA,0,Other_Amphibian,0.2340,2972.5,2482.3,3104.7,2619.7
/srv/shared_leopard_toad/2025/Documents/06.10-13.10.2025/4Z/109MEDIA/DSCF0251.JPG,DSCF0251.JPG,4Z/109MEDIA,0,Other_Amphibian,0.3865,2972.4,2486.6,3102.4,2625.3
/srv/shared_leopard_toad/2025/Documents/06.10-13.10.2025/4Z/109MEDIA/DSCF0251.JPG,DSCF0251.JPG,4Z/109MEDIA,0,Other_Amphibian,0.2751,2984.5,2478.0,3104.7,2625.5
/srv/shared_leopard_toad/2025/Documents/06.10-13.10.2025/4Z/109MEDIA/DSCF0372.JPG,DSCF0372.JPG,4Z/109MEDIA,0,Other_Amphibian,0.3387,2968.6,2475.8,3101.6,2619.1
/srv/shared_leopard_toad/2025/Documents/06.10-13.10.2025/4Z/109MEDIA/DSCF0372.JPG,DSCF0372.JPG,4Z/109MEDIA,0,Other_Amphibian,0.2916,2979.7,2467.2,3103.2,2617.9
/srv/shared_leopard_toad/2025/Documents/06.10-13.10.2025/4Z/109MEDIA/DSCF0250.JPG,DSCF0250.JPG,4Z/109MEDIA,0,Other_Amphibian,0.3353,2969.5,2474.1,3105.1,2621.2
/srv/shared_leopard_toad/2025/Documents/06.10-13.10.2025/4Z/109MEDIA/DSCF0250.JPG,DSCF0250.JPG,4Z/109MEDIA,0,Other_Amphibian,0.2860,2979.3,2457.3,3105.3,2620.7
/srv/shared_leopard_toad/2025/Documents/06.10-13.10.2025/4Z/109MEDIA/DSCF0342.JPG,DSCF0342.JPG,4Z/109MEDIA,0,Other_Amphibian,0.4210,2979.4,2461.4,3108.2,2617.4
/srv/shared_leopard_toad/2025/Documents/06.10-13.10.2025/4Z/109MEDIA/DSCF0342.JPG,DSCF0342.JPG,4Z/109MEDIA,0,Other_Amphibian,0.4052,2972.3,2463.9,3108.8,2618.2
/srv/shared_leopard_toad/2025/Documents/06.10-13.10.2025/4Z/109MEDIA/DSCF0305.JPG,DSCF0305.JPG,4Z/109MEDIA,0,Other_Amphibian,0.3722,2976.8,2455.4,3103.7,2622.6
/srv/shared_leopard_toad/2025/Documents/06.10-13.10.2025/4Z/109MEDIA/DSCF0305.JPG,DSCF0305.JPG,4Z/109MEDIA,0,Other_Amphibian,0.2889,2969.6,2463.6,3104.4,2623.4
/srv/shared_leopard_toad/2025/Documents/06.10-13.10.2025/4Z/109MEDIA/DSCF0305.JPG,DSCF0305.JPG,4Z/109MEDIA,2,Western_Leopard_Toad,0.2511,3654.5,1646.4,3929.6,1918.6
/srv/shared_leopard_toad/2025/Documents/06.10-13.10.2025/4Z/109MEDIA/DSCF0033.JPG,DSCF0033.JPG,4Z/109MEDIA,0,Other_Amphibian,0.3265,2969.9,2475.1,3100.5,2622.8
/srv/shared_leopard_toad/2025/Documents/06.10-13.10.2025/4Z/109MEDIA/DSCF0033.JPG,DSCF0033.JPG,4Z/109MEDIA,0,Other_Amphibian,0.3056,2980.7,2459.6,3101.2,2621.8
/srv/shared_leopard_toad/2025/Documents/06.10-13.10.2025/4Z/109MEDIA/DSCF0487.JPG,DSCF0487.JPG,4Z/109MEDIA,0,Other_Amphibian,0.2258,2972.1,2478.3,3102.2,2620.4
/srv/shared_leopard_toad/2025/Documents/06.10-13.10.2025/4Z/109MEDIA/DSCF0709.JPG,DSCF0709.JPG,4Z/109MEDIA,0,Other_Amphibian,0.2626,4686.5,1023.4,4773.5,1135.2
/srv/shared_leopard_toad/2025/Documents/06.10-13.10.2025/4Z/109MEDIA/DSCF0709.JPG,DSCF0709.JPG,4Z/109MEDIA,2,Western_Leopard_Toad,0.2319,3634.2,1664.3,3923.4,1923.2
/srv/shared_leopard_toad/2025/Documents/06.10-13.10.2025/4Z/109MEDIA/DSCF0168.JPG,DSCF0168.JPG,4Z/109MEDIA,0,Other_Amphibian,0.6873,1719.4,1973.0,1870.1,2158.2
/srv/shared_leopard_toad/2025/Documents/06.10-13.10.2025/4Z/109MEDIA/DSCF0670.JPG,DSCF0670.JPG,4Z/109MEDIA,2,Western_Leopard_Toad,0.7810,3641.2,1660.6,3927.8,1922.7
/srv/shared_leopard_toad/2025/Documents/06.10-13.10.2025/4Z/109MEDIA/DSCF0676.JPG,DSCF0676.JPG,4Z/109MEDIA,2,Western_Leopard_Toad,0.4292,3645.6,1661.0,3922.8,1921.4
/srv/shared_leopard_toad/2025/Documents/06.10-13.10.2025/4Z/109MEDIA/DSCF0531.JPG,DSCF0531.JPG,4Z/109MEDIA,0,Other_Amphibian,0.2195,2979.6,2449.6,3101.7,2624.6
/srv/shared_leopard_toad/2025/Documents/06.10-13.10.2025/4Z/109MEDIA/DSCF0411.JPG,DSCF0411.JPG,4Z/109MEDIA,0,Other_Amphibian,0.2466,3657.3,1646.8,3928.7,1917.0
/srv/shared_leopard_toad/2025/Documents/06.10-13.10.2025/4Z/109MEDIA/DSCF0411.JPG,DSCF0411.JPG,4Z/109MEDIA,0,Other_Amphibian,0.2421,2969.9,2481.6,3100.0,2619.9
/srv/shared_leopard_toad/2025/Documents/06.10-13.10.2025/4Z/109MEDIA/DSCF0700.JPG,DSCF0700.JPG,4Z/109MEDIA,2,Western_Leopard_Toad,0.4650,3639.6,1661.6,3923.1,1921.0
/srv/shared_leopard_toad/2025/Documents/06.10-13.10.2025/4Z/109MEDIA/DSCF0230.JPG,DSCF0230.JPG,4Z/109MEDIA,0,Other_Amphibian,0.2119,2970.5,2469.5,3100.5,2619.3
/srv/shared_leopard_toad/2025/Documents/06.10-13.10.2025/4Z/109MEDIA/DSCF0007.JPG,DSCF0007.JPG,4Z/109MEDIA,0,Other_Amphibian,0.3979,2970.0,2473.4,3103.3,2624.5
/srv/shared_leopard_toad/2025/Documents/06.10-13.10.2025/4Z/109MEDIA/DSCF0007.JPG,DSCF0007.JPG,4Z/109MEDIA,0,Other_Amphibian,0.3371,2980.9,2465.4,3104.2,2623.3
/srv/shared_leopard_toad/2025/Documents/06.10-13.10.2025/4Z/109MEDIA/DSCF0139.JPG,DSCF0139.JPG,4Z/109MEDIA,0,Other_Amphibian,0.2411,2973.8,2491.8,3103.4,2624.0
/srv/shared_leopard_toad/2025/Documents/06.10-13.10.2025/4Z/109MEDIA/DSCF0256.JPG,DSCF0256.JPG,4Z/109MEDIA,0,Other_Amphibian,0.3227,2971.6,2489.7,3101.9,2623.6
/srv/shared_leopard_toad/2025/Documents/06.10-13.10.2025/4Z/109MEDIA/DSCF0256.JPG,DSCF0256.JPG,4Z/109MEDIA,0,Other_Amphibian,0.2067,3654.1,1647.5,3930.3,1917.6
/srv/shared_leopard_toad/2025/Documents/06.10-13.10.2025/4Z/109MEDIA/DSCF0324.JPG,DSCF0324.JPG,4Z/109MEDIA,0,Other_Amphibian,0.3662,2970.5,2485.4,3102.6,2621.2
/srv/shared_leopard_toad/2025/Documents/06.10-13.10.2025/4Z/109MEDIA/DSCF0324.JPG,DSCF0324.JPG,4Z/109MEDIA,0,Other_Amphibian,0.2729,2983.1,2477.1,3105.7,2621.4
/srv/shared_leopard_toad/2025/Documents/06.10-13.10.2025/4Z/109MEDIA/DSCF0324.JPG,DSCF0324.JPG,4Z/109MEDIA,0,Other_Amphibian,0.2091,2975.8,2476.6,3107.1,2622.4
/srv/shared_leopard_toad/2025/Documents/06.10-13.10.2025/4Z/109MEDIA/DSCF0524.JPG,DSCF0524.JPG,4Z/109MEDIA,0,Other_Amphibian,0.3054,3656.1,1646.0,3930.5,1917.7
/srv/shared_leopard_toad/2025/Documents/06.10-13.10.2025/4Z/109MEDIA/DSCF0044.JPG,DSCF0044.JPG,4Z/109MEDIA,0,Other_Amphibian,0.3132,2972.2,2485.6,3100.2,2619.9
/srv/shared_leopard_toad/2025/Documents/06.10-13.10.2025/4Z/109MEDIA/DSCF0581.JPG,DSCF0581.JPG,4Z/109MEDIA,0,Other_Amphibian,0.3351,2973.3,2487.4,3105.1,2621.5
/srv/shared_leopard_toad/2025/Documents/06.10-13.10.2025/4Z/109MEDIA/DSCF0581.JPG,DSCF0581.JPG,4Z/109MEDIA,0,Other_Amphibian,0.2443,2974.3,2479.8,3104.2,2624.7
/srv/shared_leopard_toad/2025/Documents/06.10-13.10.2025/4Z/109MEDIA/DSCF0581.JPG,DSCF0581.JPG,4Z/109MEDIA,0,Other_Amphibian,0.2359,2983.9,2474.5,3105.1,2623.1
/srv/shared_leopard_toad/2025/Documents/06.10-13.10.2025/4Z/109MEDIA/DSCF0581.JPG,DSCF0581.JPG,4Z/109MEDIA,0,Other_Amphibian,0.2249,3656.3,1647.3,3928.6,1916.7
/srv/shared_leopard_toad/2025/Documents/06.10-13.10.2025/4Z/109MEDIA/DSCF0486.JPG,DSCF0486.JPG,4Z/109MEDIA,0,Other_Amphibian,0.2652,2977.9,2454.2,3101.3,2619.5
/srv/shared_leopard_toad/2025/Documents/06.10-13.10.2025/4Z/109MEDIA/DSCF0486.JPG,DSCF0486.JPG,4Z/109MEDIA,0,Other_Amphibian,0.2582,2970.0,2475.7,3101.9,2619.5
/srv/shared_leopard_toad/2025/Documents/06.10-13.10.2025/4Z/109MEDIA/DSCF0486.JPG,DSCF0486.JPG,4Z/109MEDIA,0,Other_Amphibian,0.2144,3654.4,1647.5,3929.2,1917.7
/srv/shared_leopard_toad/2025/Documents/06.10-13.10.2025/4Z/109MEDIA/DSCF0026.JPG,DSCF0026.JPG,4Z/109MEDIA,0,Other_Amphibian,0.2837,2976.9,2445.4,3102.6,2624.9
/srv/shared_leopard_toad/2025/Documents/06.10-13.10.2025/4Z/109MEDIA/DSCF0026.JPG,DSCF0026.JPG,4Z/109MEDIA,0,Other_Amphibian,0.2353,3655.1,1646.7,3928.7,1917.9
/srv/shared_leopard_toad/2025/Documents/06.10-13.10.2025/4Z/109MEDIA/DSCF0526.JPG,DSCF0526.JPG,4Z/109MEDIA,0,Other_Amphibian,0.3863,2972.1,2478.4,3102.2,2620.1
/srv/shared_leopard_toad/2025/Documents/06.10-13.10.2025/4Z/109MEDIA/DSCF0526.JPG,DSCF0526.JPG,4Z/109MEDIA,0,Other_Amphibian,0.2880,2983.0,2463.4,3105.1,2619.6
/srv/shared_leopard_toad/2025/Documents/06.10-13.10.2025/4Z/109MEDIA/DSCF0526.JPG,DSCF0526.JPG,4Z/109MEDIA,0,Other_Amphibian,0.2777,3655.9,1645.6,3928.7,1917.8
/srv/shared_leopard_toad/2025/Documents/06.10-13.10.2025/4Z/109MEDIA/DSCF0380.JPG,DSCF0380.JPG,4Z/109MEDIA,0,Other_Amphibian,0.3827,2969.5,2478.9,3101.8,2623.8
/srv/shared_leopard_toad/2025/Documents/06.10-13.10.2025/4Z/109MEDIA/DSCF0380.JPG,DSCF0380.JPG,4Z/109MEDIA,0,Other_Amphibian,0.3305,2981.2,2463.0,3103.6,2622.3
/srv/shared_leopard_toad/2025/Documents/06.10-13.10.2025/4Z/109MEDIA/DSCF0380.JPG,DSCF0380.JPG,4Z/109MEDIA,0,Other_Amphibian,0.2455,2973.9,2468.7,3105.2,2625.1
/srv/shared_leopard_toad/2025/Documents/06.10-13.10.2025/4Z/109MEDIA/DSCF0568.JPG,DSCF0568.JPG,4Z/109MEDIA,0,Other_Amphibian,0.2265,2971.8,2485.8,3103.3,2620.6
/srv/shared_leopard_toad/2025/Documents/06.10-13.10.2025/4Z/109MEDIA/DSCF0409.JPG,DSCF0409.JPG,4Z/109MEDIA,0,Other_Amphibian,0.2140,2984.2,2462.1,3102.7,2626.3
/srv/shared_leopard_toad/2025/Documents/06.10-13.10.2025/4Z/109MEDIA/DSCF0343.JPG,DSCF0343.JPG,4Z/109MEDIA,0,Other_Amphibian,0.2351,3653.8,1647.0,3929.8,1917.9
/srv/shared_leopard_toad/2025/Documents/06.10-13.10.2025/4Z/109MEDIA/DSCF0402.JPG,DSCF0402.JPG,4Z/109MEDIA,0,Other_Amphibian,0.2964,2968.7,2472.9,3103.5,2624.4
/srv/shared_leopard_toad/2025/Documents/06.10-13.10.2025/4Z/109MEDIA/DSCF0402.JPG,DSCF0402.JPG,4Z/109MEDIA,0,Other_Amphibian,0.2603,2978.6,2460.2,3102.9,2623.1
/srv/shared_leopard_toad/2025/Documents/06.10-13.10.2025/4Z/109MEDIA/DSCF0301.JPG,DSCF0301.JPG,4Z/109MEDIA,0,Other_Amphibian,0.4407,2975.5,2450.8,3104.1,2621.5
/srv/shared_leopard_toad/2025/Documents/06.10-13.10.2025/4Z/109MEDIA/DSCF0301.JPG,DSCF0301.JPG,4Z/109MEDIA,0,Other_Amphibian,0.3955,2966.8,2457.2,3104.2,2622.2
/srv/shared_leopard_toad/2025/Documents/06.10-13.10.2025/4Z/109MEDIA/DSCF0301.JPG,DSCF0301.JPG,4Z/109MEDIA,0,Other_Amphibian,0.2795,3655.5,1647.2,3929.9,1918.7
/srv/shared_leopard_toad/2025/Documents/06.10-13.10.2025/4Z/109MEDIA/DSCF0544.JPG,DSCF0544.JPG,4Z/109MEDIA,0,Other_Amphibian,0.4246,2970.7,2490.6,3105.2,2627.1
/srv/shared_leopard_toad/2025/Documents/06.10-13.10.2025/4Z/109MEDIA/DSCF0544.JPG,DSCF0544.JPG,4Z/109MEDIA,0,Other_Amphibian,0.3932,2976.4,2485.9,3109.9,2629.2
/srv/shared_leopard_toad/2025/Documents/06.10-13.10.2025/4Z/109MEDIA/DSCF0544.JPG,DSCF0544.JPG,4Z/109MEDIA,0,Other_Amphibian,0.3138,2985.1,2480.5,3109.8,2629.6
/srv/shared_leopard_toad/2025/Documents/06.10-13.10.2025/4Z/109MEDIA/DSCF0596.JPG,DSCF0596.JPG,4Z/109MEDIA,0,Other_Amphibian,0.4081,2972.4,2487.5,3103.5,2617.4
/srv/shared_leopard_toad/2025/Documents/06.10-13.10.2025/4Z/109MEDIA/DSCF0596.JPG,DSCF0596.JPG,4Z/109MEDIA,0,Other_Amphibian,0.3279,2981.5,2479.2,3104.1,2619.2
/srv/shared_leopard_toad/2025/Documents/06.10-13.10.2025/4Z/109MEDIA/DSCF0184.JPG,DSCF0184.JPG,4Z/109MEDIA,0,Other_Amphibian,0.7940,1659.8,1916.2,1837.9,2126.2
/srv/shared_leopard_toad/2025/Documents/06.10-13.10.2025/4Z/109MEDIA/DSCF0184.JPG,DSCF0184.JPG,4Z/109MEDIA,0,Other_Amphibian,0.2581,2973.1,2473.3,3107.9,2621.6
/srv/shared_leopard_toad/2025/Documents/06.10-13.10.2025/4Z/109MEDIA/DSCF0184.JPG,DSCF0184.JPG,4Z/109MEDIA,0,Other_Amphibian,0.2099,2982.3,2468.2,3106.8,2622.6
/srv/shared_leopard_toad/2025/Documents/06.10-13.10.2025/4Z/109MEDIA/DSCF0373.JPG,DSCF0373.JPG,4Z/109MEDIA,0,Other_Amphibian,0.2220,2971.8,2477.6,3100.1,2615.7
/srv/shared_leopard_toad/2025/Documents/06.10-13.10.2025/4Z/109MEDIA/DSCF0373.JPG,DSCF0373.JPG,4Z/109MEDIA,0,Other_Amphibian,0.2188,2978.5,2444.8,3099.2,2615.3
/srv/shared_leopard_toad/2025/Documents/06.10-13.10.2025/4Z/109MEDIA/DSCF0118.JPG,DSCF0118.JPG,4Z/109MEDIA,0,Other_Amphibian,0.2630,2971.3,2479.4,3105.2,2624.9
/srv/shared_leopard_toad/2025/Documents/06.10-13.10.2025/4Z/109MEDIA/DSCF0118.JPG,DSCF0118.JPG,4Z/109MEDIA,0,Other_Amphibian,0.2485,2982.3,2470.3,3103.8,2625.1
/srv/shared_leopard_toad/2025/Documents/06.10-13.10.2025/4Z/109MEDIA/DSCF0580.JPG,DSCF0580.JPG,4Z/109MEDIA,0,Other_Amphibian,0.2928,2974.7,2478.1,3106.6,2628.0
/srv/shared_leopard_toad/2025/Documents/06.10-13.10.2025/4Z/109MEDIA/DSCF0580.JPG,DSCF0580.JPG,4Z/109MEDIA,0,Other_Amphibian,0.2728,2972.5,2488.5,3105.8,2626.1
/srv/shared_leopard_toad/2025/Documents/06.10-13.10.2025/4Z/109MEDIA/DSCF0580.JPG,DSCF0580.JPG,4Z/109MEDIA,0,Other_Amphibian,0.2674,2981.8,2462.8,3106.0,2627.1
/srv/shared_leopard_toad/2025/Documents/06.10-13.10.2025/4Z/109MEDIA/DSCF0060.JPG,DSCF0060.JPG,4Z/109MEDIA,0,Other_Amphibian,0.3359,2968.5,2487.3,3101.7,2621.8
/srv/shared_leopard_toad/2025/Documents/06.10-13.10.2025/4Z/109MEDIA/DSCF0060.JPG,DSCF0060.JPG,4Z/109MEDIA,2,Western_Leopard_Toad,0.2983,3655.5,1649.8,3931.8,1917.8
/srv/shared_leopard_toad/2025/Documents/06.10-13.10.2025/4Z/109MEDIA/DSCF0060.JPG,DSCF0060.JPG,4Z/109MEDIA,0,Other_Amphibian,0.2336,2980.7,2474.4,3102.6,2621.7
/srv/shared_leopard_toad/2025/Documents/06.10-13.10.2025/4Z/109MEDIA/DSCF0505.JPG,DSCF0505.JPG,4Z/109MEDIA,0,Other_Amphibian,0.2624,2971.2,2479.6,3099.6,2624.4
/srv/shared_leopard_toad/2025/Documents/06.10-13.10.2025/4Z/109MEDIA/DSCF0672.JPG,DSCF0672.JPG,4Z/109MEDIA,2,Western_Leopard_Toad,0.6715,3645.9,1658.7,3925.1,1920.9
/srv/shared_leopard_toad/2025/Documents/06.10-13.10.2025/4Z/109MEDIA/DSCF0662.JPG,DSCF0662.JPG,4Z/109MEDIA,2,Western_Leopard_Toad,0.8233,3635.5,1659.1,3928.3,1922.7
/srv/shared_leopard_toad/2025/Documents/06.10-13.10.2025/4Z/109MEDIA/DSCF0308.JPG,DSCF0308.JPG,4Z/109MEDIA,0,Other_Amphibian,0.2758,2969.2,2481.2,3100.8,2618.7
/srv/shared_leopard_toad/2025/Documents/06.10-13.10.2025/4Z/109MEDIA/DSCF0308.JPG,DSCF0308.JPG,4Z/109MEDIA,0,Other_Amphibian,0.2184,2980.8,2471.9,3101.2,2618.1
/srv/shared_leopard_toad/2025/Documents/06.10-13.10.2025/4Z/109MEDIA/DSCF0433.JPG,DSCF0433.JPG,4Z/109MEDIA,0,Other_Amphibian,0.3092,2982.6,2466.2,3102.6,2622.6
/srv/shared_leopard_toad/2025/Documents/06.10-13.10.2025/4Z/109MEDIA/DSCF0433.JPG,DSCF0433.JPG,4Z/109MEDIA,0,Other_Amphibian,0.3048,2970.6,2480.1,3100.7,2623.8
/srv/shared_leopard_toad/2025/Documents/06.10-13.10.2025/4Z/109MEDIA/DSCF0433.JPG,DSCF0433.JPG,4Z/109MEDIA,0,Other_Amphibian,0.2095,3655.1,1647.5,3929.3,1917.1
/srv/shared_leopard_toad/2025/Documents/06.10-13.10.2025/4Z/109MEDIA/DSCF0385.JPG,DSCF0385.JPG,4Z/109MEDIA,0,Other_Amphibian,0.2780,2967.4,2477.1,3100.9,2625.0
/srv/shared_leopard_toad/2025/Documents/06.10-13.10.2025/4Z/109MEDIA/DSCF0385.JPG,DSCF0385.JPG,4Z/109MEDIA,0,Other_Amphibian,0.2645,2979.9,2466.2,3102.4,2623.3
/srv/shared_leopard_toad/2025/Documents/06.10-13.10.2025/4Z/109MEDIA/DSCF0151.JPG,DSCF0151.JPG,4Z/109MEDIA,0,Other_Amphibian,0.3889,2967.9,2469.5,3103.6,2620.7
/srv/shared_leopard_toad/2025/Documents/06.10-13.10.2025/4Z/109MEDIA/DSCF0151.JPG,DSCF0151.JPG,4Z/109MEDIA,0,Other_Amphibian,0.3454,2979.3,2462.5,3104.6,2619.3
/srv/shared_leopard_toad/2025/Documents/06.10-13.10.2025/4Z/109MEDIA/DSCF0426.JPG,DSCF0426.JPG,4Z/109MEDIA,0,Other_Amphibian,0.2609,2980.4,2459.6,3100.0,2619.5
/srv/shared_leopard_toad/2025/Documents/06.10-13.10.2025/4Z/109MEDIA/DSCF0426.JPG,DSCF0426.JPG,4Z/109MEDIA,2,Western_Leopard_Toad,0.2558,3656.9,1647.2,3928.8,1916.4
/srv/shared_leopard_toad/2025/Documents/06.10-13.10.2025/4Z/109MEDIA/DSCF0426.JPG,DSCF0426.JPG,4Z/109MEDIA,0,Other_Amphibian,0.2366,2970.9,2472.1,3100.3,2620.2
/srv/shared_leopard_toad/2025/Documents/06.10-13.10.2025/4Z/109MEDIA/DSCF0534.JPG,DSCF0534.JPG,4Z/109MEDIA,0,Other_Amphibian,0.3301,2969.0,2477.0,3099.6,2624.1
/srv/shared_leopard_toad/2025/Documents/06.10-13.10.2025/4Z/109MEDIA/DSCF0534.JPG,DSCF0534.JPG,4Z/109MEDIA,0,Other_Amphibian,0.3276,2980.7,2456.6,3102.4,2622.9
/srv/shared_leopard_toad/2025/Documents/06.10-13.10.2025/4Z/109MEDIA/DSCF0041.JPG,DSCF0041.JPG,4Z/109MEDIA,0,Other_Amphibian,0.3167,2970.1,2482.6,3099.3,2625.9
/srv/shared_leopard_toad/2025/Documents/06.10-13.10.2025/4Z/109MEDIA/DSCF0041.JPG,DSCF0041.JPG,4Z/109MEDIA,0,Other_Amphibian,0.2850,2978.5,2453.9,3098.8,2624.3
/srv/shared_leopard_toad/2025/Documents/06.10-13.10.2025/4Z/109MEDIA/DSCF0041.JPG,DSCF0041.JPG,4Z/109MEDIA,2,Western_Leopard_Toad,0.2359,3657.2,1647.7,3928.8,1916.9
/srv/shared_leopard_toad/2025/Documents/06.10-13.10.2025/4Z/109MEDIA/DSCF0254.JPG,DSCF0254.JPG,4Z/109MEDIA,0,Other_Amphibian,0.4453,2969.8,2478.6,3103.6,2620.4
/srv/shared_leopard_toad/2025/Documents/06.10-13.10.2025/4Z/109MEDIA/DSCF0254.JPG,DSCF0254.JPG,4Z/109MEDIA,0,Other_Amphibian,0.3765,2981.3,2466.4,3106.5,2620.0
/srv/shared_leopard_toad/2025/Documents/06.10-13.10.2025/4Z/109MEDIA/DSCF0254.JPG,DSCF0254.JPG,4Z/109MEDIA,0,Other_Amphibian,0.2438,2974.0,2468.3,3106.3,2623.8
/srv/shared_leopard_toad/2025/Documents/06.10-13.10.2025/4Z/109MEDIA/DSCF0509.JPG,DSCF0509.JPG,4Z/109MEDIA,0,Other_Amphibian,0.2272,2972.4,2481.6,3104.1,2621.5
/srv/shared_leopard_toad/2025/Documents/06.10-13.10.2025/4Z/109MEDIA/DSCF0419.JPG,DSCF0419.JPG,4Z/109MEDIA,0,Other_Amphibian,0.2225,2971.0,2488.2,3097.7,2621.7
/srv/shared_leopard_toad/2025/Documents/06.10-13.10.2025/4Z/109MEDIA/DSCF0528.JPG,DSCF0528.JPG,4Z/109MEDIA,0,Other_Amphibian,0.2898,2971.1,2477.4,3100.9,2622.4
/srv/shared_leopard_toad/2025/Documents/06.10-13.10.2025/4Z/109MEDIA/DSCF0528.JPG,DSCF0528.JPG,4Z/109MEDIA,0,Other_Amphibian,0.2597,2981.5,2453.5,3101.8,2621.7
/srv/shared_leopard_toad/2025/Documents/06.10-13.10.2025/4Z/109MEDIA/DSCF0008.JPG,DSCF0008.JPG,4Z/109MEDIA,0,Other_Amphibian,0.3751,2970.9,2468.1,3105.0,2633.4
/srv/shared_leopard_toad/2025/Documents/06.10-13.10.2025/4Z/109MEDIA/DSCF0008.JPG,DSCF0008.JPG,4Z/109MEDIA,0,Other_Amphibian,0.3611,2980.2,2464.8,3105.2,2627.4
/srv/shared_leopard_toad/2025/Documents/06.10-13.10.2025/4Z/109MEDIA/DSCF0008.JPG,DSCF0008.JPG,4Z/109MEDIA,0,Other_Amphibian,0.2740,2973.5,2471.4,3107.5,2627.3
/srv/shared_leopard_toad/2025/Documents/06.10-13.10.2025/4Z/109MEDIA/DSCF0564.JPG,DSCF0564.JPG,4Z/109MEDIA,0,Other_Amphibian,0.3709,2972.9,2488.1,3104.9,2627.3
/srv/shared_leopard_toad/2025/Documents/06.10-13.10.2025/4Z/109MEDIA/DSCF0564.JPG,DSCF0564.JPG,4Z/109MEDIA,0,Other_Amphibian,0.3569,2976.7,2482.1,3107.7,2630.3
/srv/shared_leopard_toad/2025/Documents/06.10-13.10.2025/4Z/109MEDIA/DSCF0564.JPG,DSCF0564.JPG,4Z/109MEDIA,0,Other_Amphibian,0.2748,2985.5,2480.9,3107.3,2628.9
/srv/shared_leopard_toad/2025/Documents/06.10-13.10.2025/4Z/109MEDIA/DSCF0303.JPG,DSCF0303.JPG,4Z/109MEDIA,0,Other_Amphibian,0.2738,3655.3,1646.7,3930.8,1917.0
/srv/shared_leopard_toad/2025/Documents/06.10-13.10.2025/4Z/109MEDIA/DSCF0303.JPG,DSCF0303.JPG,4Z/109MEDIA,0,Other_Amphibian,0.2188,2981.5,2455.6,3102.3,2626.7
/srv/shared_leopard_toad/2025/Documents/06.10-13.10.2025/4Z/109MEDIA/DSCF0155.JPG,DSCF0155.JPG,4Z/109MEDIA,0,Other_Amphibian,0.2848,3656.0,1645.8,3929.5,1916.7
/srv/shared_leopard_toad/2025/Documents/06.10-13.10.2025/4Z/109MEDIA/DSCF0155.JPG,DSCF0155.JPG,4Z/109MEDIA,0,Other_Amphibian,0.2819,2971.3,2472.4,3101.5,2620.8
/srv/shared_leopard_toad/2025/Documents/06.10-13.10.2025/4Z/109MEDIA/DSCF0155.JPG,DSCF0155.JPG,4Z/109MEDIA,0,Other_Amphibian,0.2535,2982.3,2463.7,3103.1,2619.6
/srv/shared_leopard_toad/2025/Documents/06.10-13.10.2025/4Z/109MEDIA/DSCF0155.JPG,DSCF0155.JPG,4Z/109MEDIA,0,Other_Amphibian,0.2287,2973.8,2462.1,3103.7,2626.1
/srv/shared_leopard_toad/2025/Documents/06.10-13.10.2025/4Z/109MEDIA/DSCF0220.JPG,DSCF0220.JPG,4Z/109MEDIA,0,Other_Amphibian,0.2570,2971.5,2484.6,3104.5,2624.8
/srv/shared_leopard_toad/2025/Documents/06.10-13.10.2025/4Z/109MEDIA/DSCF0220.JPG,DSCF0220.JPG,4Z/109MEDIA,0,Other_Amphibian,0.2097,2980.7,2456.9,3103.8,2624.7
/srv/shared_leopard_toad/2025/Documents/06.10-13.10.2025/4Z/109MEDIA/DSCF0515.JPG,DSCF0515.JPG,4Z/109MEDIA,0,Other_Amphibian,0.4212,2970.6,2469.5,3103.1,2621.5
/srv/shared_leopard_toad/2025/Documents/06.10-13.10.2025/4Z/109MEDIA/DSCF0515.JPG,DSCF0515.JPG,4Z/109MEDIA,0,Other_Amphibian,0.3346,2980.6,2465.0,3103.8,2620.2
/srv/shared_leopard_toad/2025/Documents/06.10-13.10.2025/4Z/109MEDIA/DSCF0125.JPG,DSCF0125.JPG,4Z/109MEDIA,0,Other_Amphibian,0.2824,2971.7,2472.1,3102.1,2620.4
/srv/shared_leopard_toad/2025/Documents/06.10-13.10.2025/4Z/109MEDIA/DSCF0125.JPG,DSCF0125.JPG,4Z/109MEDIA,0,Other_Amphibian,0.2604,2982.6,2461.7,3102.9,2619.2
/srv/shared_leopard_toad/2025/Documents/06.10-13.10.2025/4Z/109MEDIA/DSCF0125.JPG,DSCF0125.JPG,4Z/109MEDIA,0,Other_Amphibian,0.2003,3655.5,1647.1,3928.7,1917.9
/srv/shared_leopard_toad/2025/Documents/06.10-13.10.2025/4Z/109MEDIA/DSCF0661.JPG,DSCF0661.JPG,4Z/109MEDIA,2,Western_Leopard_Toad,0.8071,3641.0,1660.5,3928.5,1919.9
/srv/shared_leopard_toad/2025/Documents/06.10-13.10.2025/4Z/109MEDIA/DSCF0661.JPG,DSCF0661.JPG,4Z/109MEDIA,2,Western_Leopard_Toad,0.7287,3642.7,1659.8,3929.2,1919.0
/srv/shared_leopard_toad/2025/Documents/06.10-13.10.2025/4Z/109MEDIA/DSCF0006.JPG,DSCF0006.JPG,4Z/109MEDIA,0,Other_Amphibian,0.4356,2969.0,2481.9,3102.8,2622.5
/srv/shared_leopard_toad/2025/Documents/06.10-13.10.2025/4Z/109MEDIA/DSCF0006.JPG,DSCF0006.JPG,4Z/109MEDIA,0,Other_Amphibian,0.3901,2981.4,2470.9,3105.0,2621.6
/srv/shared_leopard_toad/2025/Documents/06.10-13.10.2025/4Z/109MEDIA/DSCF0608.JPG,DSCF0608.JPG,4Z/109MEDIA,0,Other_Amphibian,0.3373,2970.7,2478.5,3105.7,2626.1
/srv/shared_leopard_toad/2025/Documents/06.10-13.10.2025/4Z/109MEDIA/DSCF0608.JPG,DSCF0608.JPG,4Z/109MEDIA,0,Other_Amphibian,0.3336,2971.4,2472.2,3104.7,2630.4
/srv/shared_leopard_toad/2025/Documents/06.10-13.10.2025/4Z/109MEDIA/DSCF0608.JPG,DSCF0608.JPG,4Z/109MEDIA,0,Other_Amphibian,0.3091,2980.6,2467.9,3105.1,2625.8
/srv/shared_leopard_toad/2025/Documents/06.10-13.10.2025/4Z/109MEDIA/DSCF0451.JPG,DSCF0451.JPG,4Z/109MEDIA,0,Other_Amphibian,0.2856,2973.9,2494.0,3104.8,2626.0
/srv/shared_leopard_toad/2025/Documents/06.10-13.10.2025/4Z/109MEDIA/DSCF0451.JPG,DSCF0451.JPG,4Z/109MEDIA,0,Other_Amphibian,0.2364,2969.4,2491.0,3100.5,2628.8
/srv/shared_leopard_toad/2025/Documents/06.10-13.10.2025/4Z/109MEDIA/DSCF0532.JPG,DSCF0532.JPG,4Z/109MEDIA,0,Other_Amphibian,0.2611,2973.8,2479.7,3105.5,2636.0
/srv/shared_leopard_toad/2025/Documents/06.10-13.10.2025/4Z/109MEDIA/DSCF0290.JPG,DSCF0290.JPG,4Z/109MEDIA,0,Other_Amphibian,0.3504,2969.3,2476.4,3103.1,2624.3
/srv/shared_leopard_toad/2025/Documents/06.10-13.10.2025/4Z/109MEDIA/DSCF0290.JPG,DSCF0290.JPG,4Z/109MEDIA,0,Other_Amphibian,0.2817,2980.4,2468.8,3104.1,2622.8
/srv/shared_leopard_toad/2025/Documents/06.10-13.10.2025/4Z/109MEDIA/DSCF0556.JPG,DSCF0556.JPG,4Z/109MEDIA,0,Other_Amphibian,0.3182,3655.2,1644.9,3930.9,1915.8
/srv/shared_leopard_toad/2025/Documents/06.10-13.10.2025/4Z/109MEDIA/DSCF0556.JPG,DSCF0556.JPG,4Z/109MEDIA,0,Other_Amphibian,0.2133,2973.6,2488.8,3102.7,2618.8
/srv/shared_leopard_toad/2025/Documents/06.10-13.10.2025/4Z/109MEDIA/DSCF0057.JPG,DSCF0057.JPG,4Z/109MEDIA,0,Other_Amphibian,0.2052,2972.3,2487.7,3101.7,2623.1
/srv/shared_leopard_toad/2025/Documents/06.10-13.10.2025/4Z/109MEDIA/DSCF0258.JPG,DSCF0258.JPG,4Z/109MEDIA,0,Other_Amphibian,0.4093,2978.5,2453.9,3106.1,2623.5
/srv/shared_leopard_toad/2025/Documents/06.10-13.10.2025/4Z/109MEDIA/DSCF0258.JPG,DSCF0258.JPG,4Z/109MEDIA,0,Other_Amphibian,0.3115,2972.8,2460.4,3108.4,2622.7
/srv/shared_leopard_toad/2025/Documents/06.10-13.10.2025/4Z/109MEDIA/DSCF0346.JPG,DSCF0346.JPG,4Z/109MEDIA,0,Other_Amphibian,0.3770,2979.0,2463.7,3105.5,2623.1
/srv/shared_leopard_toad/2025/Documents/06.10-13.10.2025/4Z/109MEDIA/DSCF0346.JPG,DSCF0346.JPG,4Z/109MEDIA,0,Other_Amphibian,0.3364,2971.7,2466.1,3107.9,2624.8
/srv/shared_leopard_toad/2025/Documents/06.10-13.10.2025/4Z/109MEDIA/DSCF0346.JPG,DSCF0346.JPG,4Z/109MEDIA,0,Other_Amphibian,0.2916,2971.9,2463.2,3106.2,2629.6
/srv/shared_leopard_toad/2025/Documents/06.10-13.10.2025/4Z/109MEDIA/DSCF0346.JPG,DSCF0346.JPG,4Z/109MEDIA,0,Other_Amphibian,0.2276,3656.8,1646.2,3929.9,1917.4
/srv/shared_leopard_toad/2025/Documents/06.10-13.10.2025/4Z/109MEDIA/DSCF0432.JPG,DSCF0432.JPG,4Z/109MEDIA,0,Other_Amphibian,0.2327,3655.9,1648.3,3930.2,1917.0
/srv/shared_leopard_toad/2025/Documents/06.10-13.10.2025/4Z/109MEDIA/DSCF0432.JPG,DSCF0432.JPG,4Z/109MEDIA,0,Other_Amphibian,0.2017,2971.8,2483.1,3102.0,2623.9
/srv/shared_leopard_toad/2025/Documents/06.10-13.10.2025/4Z/109MEDIA/DSCF0174.JPG,DSCF0174.JPG,4Z/109MEDIA,0,Other_Amphibian,0.7413,1719.3,1967.5,1874.8,2158.3
/srv/shared_leopard_toad/2025/Documents/06.10-13.10.2025/4Z/109MEDIA/DSCF0697.JPG,DSCF0697.JPG,4Z/109MEDIA,2,Western_Leopard_Toad,0.6430,3632.2,1662.5,3924.0,1922.3
/srv/shared_leopard_toad/2025/Documents/06.10-13.10.2025/4Z/109MEDIA/DSCF0117.JPG,DSCF0117.JPG,4Z/109MEDIA,0,Other_Amphibian,0.2792,2969.4,2485.0,3101.2,2620.9
/srv/shared_leopard_toad/2025/Documents/06.10-13.10.2025/4Z/109MEDIA/DSCF0117.JPG,DSCF0117.JPG,4Z/109MEDIA,0,Other_Amphibian,0.2070,2979.4,2470.5,3100.5,2621.3
/srv/shared_leopard_toad/2025/Documents/06.10-13.10.2025/4Z/109MEDIA/DSCF0063.JPG,DSCF0063.JPG,4Z/109MEDIA,2,Western_Leopard_Toad,0.2484,3655.3,1646.4,3930.5,1917.3
/srv/shared_leopard_toad/2025/Documents/06.10-13.10.2025/4Z/109MEDIA/DSCF0412.JPG,DSCF0412.JPG,4Z/109MEDIA,0,Other_Amphibian,0.3709,2972.0,2469.4,3103.7,2631.0
/srv/shared_leopard_toad/2025/Documents/06.10-13.10.2025/4Z/109MEDIA/DSCF0412.JPG,DSCF0412.JPG,4Z/109MEDIA,0,Other_Amphibian,0.3260,2982.5,2465.7,3105.2,2630.4
/srv/shared_leopard_toad/2025/Documents/06.10-13.10.2025/4Z/109MEDIA/DSCF0412.JPG,DSCF0412.JPG,4Z/109MEDIA,0,Other_Amphibian,0.2080,2975.9,2466.2,3106.7,2632.4
/srv/shared_leopard_toad/2025/Documents/06.10-13.10.2025/4Z/109MEDIA/DSCF0152.JPG,DSCF0152.JPG,4Z/109MEDIA,2,Western_Leopard_Toad,0.2540,3654.2,1648.6,3930.3,1916.4
/srv/shared_leopard_toad/2025/Documents/06.10-13.10.2025/4Z/109MEDIA/DSCF0152.JPG,DSCF0152.JPG,4Z/109MEDIA,0,Other_Amphibian,0.2277,2972.9,2486.4,3102.5,2621.6
/srv/shared_leopard_toad/2025/Documents/06.10-13.10.2025/4Z/109MEDIA/DSCF0405.JPG,DSCF0405.JPG,4Z/109MEDIA,0,Other_Amphibian,0.2659,2977.1,2442.9,3101.5,2622.6
/srv/shared_leopard_toad/2025/Documents/06.10-13.10.2025/4Z/109MEDIA/DSCF0405.JPG,DSCF0405.JPG,4Z/109MEDIA,0,Other_Amphibian,0.2556,3654.9,1646.4,3930.7,1917.7
/srv/shared_leopard_toad/2025/Documents/06.10-13.10.2025/4Z/109MEDIA/DSCF0405.JPG,DSCF0405.JPG,4Z/109MEDIA,0,Other_Amphibian,0.2260,2968.4,2469.4,3103.4,2621.8
/srv/shared_leopard_toad/2025/Documents/06.10-13.10.2025/4Z/109MEDIA/DSCF0036.JPG,DSCF0036.JPG,4Z/109MEDIA,0,Other_Amphibian,0.3276,2971.3,2469.9,3104.4,2617.1
/srv/shared_leopard_toad/2025/Documents/06.10-13.10.2025/4Z/109MEDIA/DSCF0036.JPG,DSCF0036.JPG,4Z/109MEDIA,0,Other_Amphibian,0.3007,2981.8,2461.3,3104.9,2617.8
/srv/shared_leopard_toad/2025/Documents/06.10-13.10.2025/4Z/109MEDIA/DSCF0052.JPG,DSCF0052.JPG,4Z/109MEDIA,0,Other_Amphibian,0.2138,2981.3,2461.9,3102.2,2625.4
/srv/shared_leopard_toad/2025/Documents/06.10-13.10.2025/4Z/109MEDIA/DSCF0189.JPG,DSCF0189.JPG,4Z/109MEDIA,0,Other_Amphibian,0.8059,1661.1,1916.9,1837.2,2126.0
/srv/shared_leopard_toad/2025/Documents/06.10-13.10.2025/4Z/109MEDIA/DSCF0189.JPG,DSCF0189.JPG,4Z/109MEDIA,2,Western_Leopard_Toad,0.2657,3658.2,1646.5,3933.6,1917.9
/srv/shared_leopard_toad/2025/Documents/06.10-13.10.2025/4Z/109MEDIA/DSCF0171.JPG,DSCF0171.JPG,4Z/109MEDIA,0,Other_Amphibian,0.7289,1719.9,1969.1,1872.0,2157.5
/srv/shared_leopard_toad/2025/Documents/06.10-13.10.2025/4Z/109MEDIA/DSCF0171.JPG,DSCF0171.JPG,4Z/109MEDIA,0,Other_Amphibian,0.3323,2973.4,2486.6,3108.7,2619.6
/srv/shared_leopard_toad/2025/Documents/06.10-13.10.2025/4Z/109MEDIA/DSCF0171.JPG,DSCF0171.JPG,4Z/109MEDIA,0,Other_Amphibian,0.2534,2979.7,2478.0,3103.6,2620.5
/srv/shared_leopard_toad/2025/Documents/06.10-13.10.2025/4Z/109MEDIA/DSCF0040.JPG,DSCF0040.JPG,4Z/109MEDIA,0,Other_Amphibian,0.3191,2971.7,2482.8,3103.2,2620.9
/srv/shared_leopard_toad/2025/Documents/06.10-13.10.2025/4Z/109MEDIA/DSCF0040.JPG,DSCF0040.JPG,4Z/109MEDIA,0,Other_Amphibian,0.2609,2982.5,2469.8,3104.9,2620.9
/srv/shared_leopard_toad/2025/Documents/06.10-13.10.2025/4Z/109MEDIA/DSCF0315.JPG,DSCF0315.JPG,4Z/109MEDIA,0,Other_Amphibian,0.3240,2974.3,2485.6,3105.6,2623.3
/srv/shared_leopard_toad/2025/Documents/06.10-13.10.2025/4Z/109MEDIA/DSCF0315.JPG,DSCF0315.JPG,4Z/109MEDIA,0,Other_Amphibian,0.2713,2983.9,2481.2,3105.8,2623.8
/srv/shared_leopard_toad/2025/Documents/06.10-13.10.2025/4Z/109MEDIA/DSCF0288.JPG,DSCF0288.JPG,4Z/109MEDIA,0,Other_Amphibian,0.3652,2969.7,2486.6,3102.2,2624.9
/srv/shared_leopard_toad/2025/Documents/06.10-13.10.2025/4Z/109MEDIA/DSCF0288.JPG,DSCF0288.JPG,4Z/109MEDIA,0,Other_Amphibian,0.2840,2982.8,2471.2,3104.6,2624.8
/srv/shared_leopard_toad/2025/Documents/06.10-13.10.2025/4Z/109MEDIA/DSCF0423.JPG,DSCF0423.JPG,4Z/109MEDIA,0,Other_Amphibian,0.2429,3654.5,1647.4,3927.2,1917.6
/srv/shared_leopard_toad/2025/Documents/06.10-13.10.2025/4Z/109MEDIA/DSCF0045.JPG,DSCF0045.JPG,4Z/109MEDIA,0,Other_Amphibian,0.2540,2970.3,2473.0,3099.9,2621.3
/srv/shared_leopard_toad/2025/Documents/06.10-13.10.2025/4Z/109MEDIA/DSCF0045.JPG,DSCF0045.JPG,4Z/109MEDIA,0,Other_Amphibian,0.2179,2981.7,2460.0,3099.2,2619.6
/srv/shared_leopard_toad/2025/Documents/06.10-13.10.2025/4Z/109MEDIA/DSCF0264.JPG,DSCF0264.JPG,4Z/109MEDIA,0,Other_Amphibian,0.2863,2970.4,2477.5,3103.5,2626.4
/srv/shared_leopard_toad/2025/Documents/06.10-13.10.2025/4Z/109MEDIA/DSCF0264.JPG,DSCF0264.JPG,4Z/109MEDIA,0,Other_Amphibian,0.2241,2982.2,2466.8,3104.3,2624.4
/srv/shared_leopard_toad/2025/Documents/06.10-13.10.2025/4Z/109MEDIA/DSCF0145.JPG,DSCF0145.JPG,4Z/109MEDIA,0,Other_Amphibian,0.3351,3654.9,1647.8,3931.0,1918.2
/srv/shared_leopard_toad/2025/Documents/06.10-13.10.2025/4Z/109MEDIA/DSCF0145.JPG,DSCF0145.JPG,4Z/109MEDIA,0,Other_Amphibian,0.2184,2971.6,2470.9,3100.0,2621.9
/srv/shared_leopard_toad/2025/Documents/06.10-13.10.2025/4Z/109MEDIA/DSCF0284.JPG,DSCF0284.JPG,4Z/109MEDIA,0,Other_Amphibian,0.2515,2971.5,2488.1,3098.6,2622.2
/srv/shared_leopard_toad/2025/Documents/06.10-13.10.2025/4Z/109MEDIA/DSCF0284.JPG,DSCF0284.JPG,4Z/109MEDIA,0,Other_Amphibian,0.2009,2968.0,2481.8,3096.1,2623.8
/srv/shared_leopard_toad/2025/Documents/06.10-13.10.2025/4Z/109MEDIA/DSCF0504.JPG,DSCF0504.JPG,4Z/109MEDIA,0,Other_Amphibian,0.3671,2979.7,2458.4,3102.4,2619.8
/srv/shared_leopard_toad/2025/Documents/06.10-13.10.2025/4Z/109MEDIA/DSCF0504.JPG,DSCF0504.JPG,4Z/109MEDIA,0,Other_Amphibian,0.3351,2971.0,2464.2,3102.2,2620.7
/srv/shared_leopard_toad/2025/Documents/06.10-13.10.2025/4Z/109MEDIA/DSCF0637.JPG,DSCF0637.JPG,4Z/109MEDIA,0,Other_Amphibian,0.2918,2968.5,2466.1,3101.5,2636.6
/srv/shared_leopard_toad/2025/Documents/06.10-13.10.2025/4Z/109MEDIA/DSCF0637.JPG,DSCF0637.JPG,4Z/109MEDIA,0,Other_Amphibian,0.2641,2978.4,2455.6,3101.1,2630.9
/srv/shared_leopard_toad/2025/Documents/06.10-13.10.2025/4Z/109MEDIA/DSCF0637.JPG,DSCF0637.JPG,4Z/109MEDIA,0,Other_Amphibian,0.2035,2971.2,2476.6,3100.9,2629.8
/srv/shared_leopard_toad/2025/Documents/06.10-13.10.2025/4Z/109MEDIA/DSCF0271.JPG,DSCF0271.JPG,4Z/109MEDIA,0,Other_Amphibian,0.3168,2970.5,2487.5,3104.3,2625.3
/srv/shared_leopard_toad/2025/Documents/06.10-13.10.2025/4Z/109MEDIA/DSCF0271.JPG,DSCF0271.JPG,4Z/109MEDIA,0,Other_Amphibian,0.2427,2974.5,2479.7,3106.5,2626.8
/srv/shared_leopard_toad/2025/Documents/06.10-13.10.2025/4Z/109MEDIA/DSCF0271.JPG,DSCF0271.JPG,4Z/109MEDIA,0,Other_Amphibian,0.2342,2982.9,2476.0,3104.8,2625.4
/srv/shared_leopard_toad/2025/Documents/06.10-13.10.2025/4Z/109MEDIA/DSCF0659.JPG,DSCF0659.JPG,4Z/109MEDIA,2,Western_Leopard_Toad,0.7397,3639.8,1658.7,3928.8,1918.3
/srv/shared_leopard_toad/2025/Documents/06.10-13.10.2025/4Z/109MEDIA/DSCF0096.JPG,DSCF0096.JPG,4Z/109MEDIA,0,Other_Amphibian,0.2630,2973.8,2493.5,3102.3,2621.8
/srv/shared_leopard_toad/2025/Documents/06.10-13.10.2025/4Z/109MEDIA/DSCF0096.JPG,DSCF0096.JPG,4Z/109MEDIA,0,Other_Amphibian,0.2090,2965.5,2489.0,3095.9,2629.3
/srv/shared_leopard_toad/2025/Documents/06.10-13.10.2025/4Z/109MEDIA/DSCF0295.JPG,DSCF0295.JPG,4Z/109MEDIA,0,Other_Amphibian,0.2633,2974.0,2492.2,3103.9,2624.4
/srv/shared_leopard_toad/2025/Documents/06.10-13.10.2025/4Z/109MEDIA/DSCF0053.JPG,DSCF0053.JPG,4Z/109MEDIA,0,Other_Amphibian,0.3667,2970.1,2479.6,3102.0,2615.5
/srv/shared_leopard_toad/2025/Documents/06.10-13.10.2025/4Z/109MEDIA/DSCF0053.JPG,DSCF0053.JPG,4Z/109MEDIA,0,Other_Amphibian,0.2843,2980.0,2471.6,3103.4,2616.4
/srv/shared_leopard_toad/2025/Documents/06.10-13.10.2025/4Z/109MEDIA/DSCF0384.JPG,DSCF0384.JPG,4Z/109MEDIA,0,Other_Amphibian,0.2961,3657.6,1646.7,3932.2,1917.6
/srv/shared_leopard_toad/2025/Documents/06.10-13.10.2025/4Z/109MEDIA/DSCF0149.JPG,DSCF0149.JPG,4Z/109MEDIA,2,Western_Leopard_Toad,0.2740,3655.9,1647.7,3930.3,1916.9
/srv/shared_leopard_toad/2025/Documents/06.10-13.10.2025/4Z/109MEDIA/DSCF0149.JPG,DSCF0149.JPG,4Z/109MEDIA,0,Other_Amphibian,0.2493,2970.2,2473.4,3098.4,2619.4
/srv/shared_leopard_toad/2025/Documents/06.10-13.10.2025/4Z/109MEDIA/DSCF0502.JPG,DSCF0502.JPG,4Z/109MEDIA,0,Other_Amphibian,0.3027,2972.1,2493.4,3104.1,2621.8
/srv/shared_leopard_toad/2025/Documents/06.10-13.10.2025/4Z/109MEDIA/DSCF0231.JPG,DSCF0231.JPG,4Z/109MEDIA,0,Other_Amphibian,0.3528,2972.6,2481.8,3104.7,2619.7
/srv/shared_leopard_toad/2025/Documents/06.10-13.10.2025/4Z/109MEDIA/DSCF0231.JPG,DSCF0231.JPG,4Z/109MEDIA,0,Other_Amphibian,0.2688,2983.4,2477.3,3105.6,2620.4
/srv/shared_leopard_toad/2025/Documents/06.10-13.10.2025/4Z/109MEDIA/DSCF0320.JPG,DSCF0320.JPG,4Z/109MEDIA,0,Other_Amphibian,0.3433,2968.0,2485.5,3101.0,2621.8
/srv/shared_leopard_toad/2025/Documents/06.10-13.10.2025/4Z/109MEDIA/DSCF0320.JPG,DSCF0320.JPG,4Z/109MEDIA,0,Other_Amphibian,0.2951,2980.1,2468.6,3102.5,2620.8
/srv/shared_leopard_toad/2025/Documents/06.10-13.10.2025/4Z/109MEDIA/DSCF0479.JPG,DSCF0479.JPG,4Z/109MEDIA,0,Other_Amphibian,0.2951,2984.0,2461.6,3108.1,2629.2
/srv/shared_leopard_toad/2025/Documents/06.10-13.10.2025/4Z/109MEDIA/DSCF0479.JPG,DSCF0479.JPG,4Z/109MEDIA,0,Other_Amphibian,0.2771,2974.0,2467.4,3108.2,2634.0
/srv/shared_leopard_toad/2025/Documents/06.10-13.10.2025/4Z/109MEDIA/DSCF0479.JPG,DSCF0479.JPG,4Z/109MEDIA,0,Other_Amphibian,0.2527,2974.7,2473.4,3109.1,2628.2
/srv/shared_leopard_toad/2025/Documents/06.10-13.10.2025/4Z/109MEDIA/DSCF0247.JPG,DSCF0247.JPG,4Z/109MEDIA,0,Other_Amphibian,0.2639,2972.6,2483.8,3102.3,2622.0
/srv/shared_leopard_toad/2025/Documents/06.10-13.10.2025/4Z/109MEDIA/DSCF0247.JPG,DSCF0247.JPG,4Z/109MEDIA,0,Other_Amphibian,0.2476,2981.3,2462.1,3100.5,2621.0
/srv/shared_leopard_toad/2025/Documents/06.10-13.10.2025/4Z/109MEDIA/DSCF0247.JPG,DSCF0247.JPG,4Z/109MEDIA,0,Other_Amphibian,0.2109,3655.8,1647.4,3929.5,1918.1
/srv/shared_leopard_toad/2025/Documents/06.10-13.10.2025/4Z/109MEDIA/DSCF0307.JPG,DSCF0307.JPG,4Z/109MEDIA,0,Other_Amphibian,0.2635,2972.6,2490.4,3104.6,2620.2
/srv/shared_leopard_toad/2025/Documents/06.10-13.10.2025/4Z/109MEDIA/DSCF0307.JPG,DSCF0307.JPG,4Z/109MEDIA,0,Other_Amphibian,0.2223,2978.0,2482.6,3099.5,2621.2
/srv/shared_leopard_toad/2025/Documents/06.10-13.10.2025/4Z/109MEDIA/DSCF0307.JPG,DSCF0307.JPG,4Z/109MEDIA,0,Other_Amphibian,0.2010,3653.0,1646.9,3928.9,1918.0
/srv/shared_leopard_toad/2025/Documents/06.10-13.10.2025/4Z/109MEDIA/DSCF0268.JPG,DSCF0268.JPG,4Z/109MEDIA,0,Other_Amphibian,0.2815,2971.2,2484.3,3103.1,2623.4
/srv/shared_leopard_toad/2025/Documents/06.10-13.10.2025/4Z/109MEDIA/DSCF0268.JPG,DSCF0268.JPG,4Z/109MEDIA,0,Other_Amphibian,0.2412,2982.1,2471.1,3103.9,2623.2
/srv/shared_leopard_toad/2025/Documents/06.10-13.10.2025/4Z/109MEDIA/DSCF0268.JPG,DSCF0268.JPG,4Z/109MEDIA,0,Other_Amphibian,0.2133,2971.6,2474.8,3103.9,2626.3
/srv/shared_leopard_toad/2025/Documents/06.10-13.10.2025/4Z/109MEDIA/DSCF0582.JPG,DSCF0582.JPG,4Z/109MEDIA,2,Western_Leopard_Toad,0.3516,3655.7,1645.6,3931.7,1916.9
/srv/shared_leopard_toad/2025/Documents/06.10-13.10.2025/4Z/109MEDIA/DSCF0582.JPG,DSCF0582.JPG,4Z/109MEDIA,0,Other_Amphibian,0.3345,2978.4,2458.7,3104.3,2624.5
/srv/shared_leopard_toad/2025/Documents/06.10-13.10.2025/4Z/109MEDIA/DSCF0582.JPG,DSCF0582.JPG,4Z/109MEDIA,0,Other_Amphibian,0.2422,2970.5,2473.0,3105.2,2623.1
/srv/shared_leopard_toad/2025/Documents/06.10-13.10.2025/4Z/109MEDIA/DSCF0663.JPG,DSCF0663.JPG,4Z/109MEDIA,2,Western_Leopard_Toad,0.8129,3641.2,1658.3,3928.3,1920.0
/srv/shared_leopard_toad/2025/Documents/06.10-13.10.2025/4Z/109MEDIA/DSCF0106.JPG,DSCF0106.JPG,4Z/109MEDIA,0,Other_Amphibian,0.4293,2967.7,2470.3,3103.1,2621.8
/srv/shared_leopard_toad/2025/Documents/06.10-13.10.2025/4Z/109MEDIA/DSCF0106.JPG,DSCF0106.JPG,4Z/109MEDIA,0,Other_Amphibian,0.4233,2978.9,2461.8,3104.4,2620.5
/srv/shared_leopard_toad/2025/Documents/06.10-13.10.2025/4Z/109MEDIA/DSCF0246.JPG,DSCF0246.JPG,4Z/109MEDIA,0,Other_Amphibian,0.2609,2971.2,2482.2,3102.7,2622.7
/srv/shared_leopard_toad/2025/Documents/06.10-13.10.2025/4Z/109MEDIA/DSCF0246.JPG,DSCF0246.JPG,4Z/109MEDIA,0,Other_Amphibian,0.2287,3653.9,1646.5,3930.9,1917.4
/srv/shared_leopard_toad/2025/Documents/06.10-13.10.2025/4Z/109MEDIA/DSCF0378.JPG,DSCF0378.JPG,4Z/109MEDIA,0,Other_Amphibian,0.3803,2969.4,2468.0,3103.3,2625.6
/srv/shared_leopard_toad/2025/Documents/06.10-13.10.2025/4Z/109MEDIA/DSCF0378.JPG,DSCF0378.JPG,4Z/109MEDIA,0,Other_Amphibian,0.3728,2978.7,2458.0,3104.2,2624.3
/srv/shared_leopard_toad/2025/Documents/06.10-13.10.2025/4Z/109MEDIA/DSCF0704.JPG,DSCF0704.JPG,4Z/109MEDIA,2,Western_Leopard_Toad,0.3574,3632.7,1663.6,3921.0,1924.1
/srv/shared_leopard_toad/2025/Documents/06.10-13.10.2025/4Z/109MEDIA/DSCF0148.JPG,DSCF0148.JPG,4Z/109MEDIA,0,Other_Amphibian,0.2926,3654.2,1647.6,3930.9,1917.0
/srv/shared_leopard_toad/2025/Documents/06.10-13.10.2025/4Z/109MEDIA/DSCF0178.JPG,DSCF0178.JPG,4Z/109MEDIA,0,Other_Amphibian,0.7796,1664.4,1925.0,1844.6,2137.9
/srv/shared_leopard_toad/2025/Documents/06.10-13.10.2025/4Z/109MEDIA/DSCF0178.JPG,DSCF0178.JPG,4Z/109MEDIA,0,Other_Amphibian,0.3445,2979.3,2455.3,3107.1,2621.7
/srv/shared_leopard_toad/2025/Documents/06.10-13.10.2025/4Z/109MEDIA/DSCF0178.JPG,DSCF0178.JPG,4Z/109MEDIA,0,Other_Amphibian,0.2783,2973.9,2460.2,3110.7,2620.6
/srv/shared_leopard_toad/2025/Documents/06.10-13.10.2025/4Z/109MEDIA/DSCF0576.JPG,DSCF0576.JPG,4Z/109MEDIA,0,Other_Amphibian,0.3714,2979.1,2457.5,3105.3,2621.0
/srv/shared_leopard_toad/2025/Documents/06.10-13.10.2025/4Z/109MEDIA/DSCF0576.JPG,DSCF0576.JPG,4Z/109MEDIA,0,Other_Amphibian,0.3691,2967.9,2467.2,3102.2,2622.5
/srv/shared_leopard_toad/2025/Documents/06.10-13.10.2025/4Z/109MEDIA/DSCF0607.JPG,DSCF0607.JPG,4Z/109MEDIA,0,Other_Amphibian,0.2481,2972.7,2473.1,3104.6,2630.6
/srv/shared_leopard_toad/2025/Documents/06.10-13.10.2025/4Z/109MEDIA/DSCF0097.JPG,DSCF0097.JPG,4Z/109MEDIA,0,Other_Amphibian,0.3988,2971.1,2478.0,3100.2,2619.0
/srv/shared_leopard_toad/2025/Documents/06.10-13.10.2025/4Z/109MEDIA/DSCF0097.JPG,DSCF0097.JPG,4Z/109MEDIA,0,Other_Amphibian,0.3185,2983.6,2466.7,3103.2,2618.4
/srv/shared_leopard_toad/2025/Documents/06.10-13.10.2025/4Z/109MEDIA/DSCF0252.JPG,DSCF0252.JPG,4Z/109MEDIA,0,Other_Amphibian,0.5027,2968.1,2471.0,3103.2,2621.7
/srv/shared_leopard_toad/2025/Documents/06.10-13.10.2025/4Z/109MEDIA/DSCF0252.JPG,DSCF0252.JPG,4Z/109MEDIA,0,Other_Amphibian,0.4694,2978.9,2463.7,3105.7,2620.8
/srv/shared_leopard_toad/2025/Documents/06.10-13.10.2025/4Z/109MEDIA/DSCF0472.JPG,DSCF0472.JPG,4Z/109MEDIA,0,Other_Amphibian,0.3076,2974.3,2467.4,3102.7,2620.6
/srv/shared_leopard_toad/2025/Documents/06.10-13.10.2025/4Z/109MEDIA/DSCF0472.JPG,DSCF0472.JPG,4Z/109MEDIA,0,Other_Amphibian,0.2894,2983.7,2463.3,3102.2,2619.7
/srv/shared_leopard_toad/2025/Documents/06.10-13.10.2025/4Z/109MEDIA/DSCF0396.JPG,DSCF0396.JPG,4Z/109MEDIA,0,Other_Amphibian,0.3605,2977.8,2461.3,3103.9,2621.8
/srv/shared_leopard_toad/2025/Documents/06.10-13.10.2025/4Z/109MEDIA/DSCF0396.JPG,DSCF0396.JPG,4Z/109MEDIA,0,Other_Amphibian,0.3070,2970.9,2465.5,3105.9,2623.4
/srv/shared_leopard_toad/2025/Documents/06.10-13.10.2025/4Z/109MEDIA/DSCF0448.JPG,DSCF0448.JPG,4Z/109MEDIA,0,Other_Amphibian,0.2257,2970.5,2476.2,3104.3,2622.9
/srv/shared_leopard_toad/2025/Documents/06.10-13.10.2025/4Z/109MEDIA/DSCF0448.JPG,DSCF0448.JPG,4Z/109MEDIA,0,Other_Amphibian,0.2195,2980.0,2465.1,3103.2,2622.1
/srv/shared_leopard_toad/2025/Documents/06.10-13.10.2025/4Z/109MEDIA/DSCF0448.JPG,DSCF0448.JPG,4Z/109MEDIA,0,Other_Amphibian,0.2112,2971.8,2467.0,3103.6,2629.0
/srv/shared_leopard_toad/2025/Documents/06.10-13.10.2025/4Z/109MEDIA/DSCF0683.JPG,DSCF0683.JPG,4Z/109MEDIA,2,Western_Leopard_Toad,0.7015,3638.0,1662.6,3922.9,1923.3
/srv/shared_leopard_toad/2025/Documents/06.10-13.10.2025/4Z/109MEDIA/DSCF0449.JPG,DSCF0449.JPG,4Z/109MEDIA,0,Other_Amphibian,0.3616,2970.0,2475.6,3103.4,2620.6
/srv/shared_leopard_toad/2025/Documents/06.10-13.10.2025/4Z/109MEDIA/DSCF0449.JPG,DSCF0449.JPG,4Z/109MEDIA,0,Other_Amphibian,0.2975,2982.0,2465.0,3104.8,2619.9
/srv/shared_leopard_toad/2025/Documents/06.10-13.10.2025/4Z/109MEDIA/DSCF0287.JPG,DSCF0287.JPG,4Z/109MEDIA,0,Other_Amphibian,0.4028,2970.0,2471.4,3105.8,2626.2
/srv/shared_leopard_toad/2025/Documents/06.10-13.10.2025/4Z/109MEDIA/DSCF0287.JPG,DSCF0287.JPG,4Z/109MEDIA,0,Other_Amphibian,0.3687,2981.2,2463.4,3106.4,2624.1
/srv/shared_leopard_toad/2025/Documents/06.10-13.10.2025/4Z/109MEDIA/DSCF0287.JPG,DSCF0287.JPG,4Z/109MEDIA,0,Other_Amphibian,0.2146,2973.6,2465.4,3106.0,2629.6
/srv/shared_leopard_toad/2025/Documents/06.10-13.10.2025/4Z/109MEDIA/DSCF0494.JPG,DSCF0494.JPG,4Z/109MEDIA,0,Other_Amphibian,0.3043,2979.8,2465.0,3104.4,2628.8
/srv/shared_leopard_toad/2025/Documents/06.10-13.10.2025/4Z/109MEDIA/DSCF0494.JPG,DSCF0494.JPG,4Z/109MEDIA,0,Other_Amphibian,0.2678,2971.5,2482.8,3105.5,2628.0
/srv/shared_leopard_toad/2025/Documents/06.10-13.10.2025/4Z/109MEDIA/DSCF0494.JPG,DSCF0494.JPG,4Z/109MEDIA,0,Other_Amphibian,0.2530,2972.6,2475.2,3104.9,2631.2
/srv/shared_leopard_toad/2025/Documents/06.10-13.10.2025/4Z/109MEDIA/DSCF0386.JPG,DSCF0386.JPG,4Z/109MEDIA,0,Other_Amphibian,0.3633,2965.7,2472.1,3103.6,2627.3
/srv/shared_leopard_toad/2025/Documents/06.10-13.10.2025/4Z/109MEDIA/DSCF0386.JPG,DSCF0386.JPG,4Z/109MEDIA,0,Other_Amphibian,0.3547,2975.4,2461.5,3103.0,2625.4
/srv/shared_leopard_toad/2025/Documents/06.10-13.10.2025/4Z/109MEDIA/DSCF0072.JPG,DSCF0072.JPG,4Z/109MEDIA,0,Other_Amphibian,0.2921,2972.7,2480.9,3103.6,2621.1
/srv/shared_leopard_toad/2025/Documents/06.10-13.10.2025/4Z/109MEDIA/DSCF0072.JPG,DSCF0072.JPG,4Z/109MEDIA,0,Other_Amphibian,0.2370,2985.1,2470.6,3105.6,2620.5
/srv/shared_leopard_toad/2025/Documents/06.10-13.10.2025/4Z/109MEDIA/DSCF0023.JPG,DSCF0023.JPG,4Z/109MEDIA,0,Other_Amphibian,0.2336,2971.7,2487.7,3103.3,2625.3
/srv/shared_leopard_toad/2025/Documents/06.10-13.10.2025/4Z/109MEDIA/DSCF0158.JPG,DSCF0158.JPG,4Z/109MEDIA,0,Other_Amphibian,0.2693,2980.6,2461.6,3102.3,2626.6
/srv/shared_leopard_toad/2025/Documents/06.10-13.10.2025/4Z/109MEDIA/DSCF0158.JPG,DSCF0158.JPG,4Z/109MEDIA,0,Other_Amphibian,0.2665,2972.4,2462.2,3103.5,2634.2
/srv/shared_leopard_toad/2025/Documents/06.10-13.10.2025/4Z/109MEDIA/DSCF0158.JPG,DSCF0158.JPG,4Z/109MEDIA,0,Other_Amphibian,0.2541,2972.0,2469.0,3102.9,2628.0
/srv/shared_leopard_toad/2025/Documents/06.10-13.10.2025/4Z/109MEDIA/DSCF0474.JPG,DSCF0474.JPG,4Z/109MEDIA,0,Other_Amphibian,0.2918,3654.6,1646.3,3928.8,1915.9
/srv/shared_leopard_toad/2025/Documents/06.10-13.10.2025/4Z/109MEDIA/DSCF0474.JPG,DSCF0474.JPG,4Z/109MEDIA,0,Other_Amphibian,0.2769,2973.0,2488.4,3101.7,2621.7
/srv/shared_leopard_toad/2025/Documents/06.10-13.10.2025/4Z/109MEDIA/DSCF0567.JPG,DSCF0567.JPG,4Z/109MEDIA,0,Other_Amphibian,0.2865,2971.4,2477.1,3106.2,2622.4
/srv/shared_leopard_toad/2025/Documents/06.10-13.10.2025/4Z/109MEDIA/DSCF0567.JPG,DSCF0567.JPG,4Z/109MEDIA,0,Other_Amphibian,0.2648,2980.8,2454.0,3106.2,2622.1
/srv/shared_leopard_toad/2025/Documents/06.10-13.10.2025/4Z/109MEDIA/DSCF0499.JPG,DSCF0499.JPG,4Z/109MEDIA,0,Other_Amphibian,0.2194,2974.4,2471.8,3104.6,2631.7
/srv/shared_leopard_toad/2025/Documents/06.10-13.10.2025/4Z/109MEDIA/DSCF0499.JPG,DSCF0499.JPG,4Z/109MEDIA,0,Other_Amphibian,0.2129,2973.6,2484.5,3103.4,2627.1
/srv/shared_leopard_toad/2025/Documents/06.10-13.10.2025/4Z/109MEDIA/DSCF0499.JPG,DSCF0499.JPG,4Z/109MEDIA,0,Other_Amphibian,0.2056,2980.7,2457.1,3101.6,2627.5
/srv/shared_leopard_toad/2025/Documents/06.10-13.10.2025/4Z/109MEDIA/DSCF0335.JPG,DSCF0335.JPG,4Z/109MEDIA,0,Other_Amphibian,0.4035,2970.9,2475.5,3101.6,2619.9
/srv/shared_leopard_toad/2025/Documents/06.10-13.10.2025/4Z/109MEDIA/DSCF0335.JPG,DSCF0335.JPG,4Z/109MEDIA,0,Other_Amphibian,0.3053,2983.2,2467.9,3103.6,2618.7
/srv/shared_leopard_toad/2025/Documents/06.10-13.10.2025/4Z/109MEDIA/DSCF0523.JPG,DSCF0523.JPG,4Z/109MEDIA,0,Other_Amphibian,0.4437,2971.7,2481.4,3101.0,2622.1
/srv/shared_leopard_toad/2025/Documents/06.10-13.10.2025/4Z/109MEDIA/DSCF0523.JPG,DSCF0523.JPG,4Z/109MEDIA,0,Other_Amphibian,0.3440,2982.8,2475.5,3103.4,2621.9
/srv/shared_leopard_toad/2025/Documents/06.10-13.10.2025/4Z/109MEDIA/DSCF0262.JPG,DSCF0262.JPG,4Z/109MEDIA,0,Other_Amphibian,0.2445,2972.7,2491.1,3102.8,2622.8
/srv/shared_leopard_toad/2025/Documents/06.10-13.10.2025/4Z/109MEDIA/DSCF0655.JPG,DSCF0655.JPG,4Z/109MEDIA,2,Western_Leopard_Toad,0.7319,3639.6,1657.4,3926.5,1922.0
/srv/shared_leopard_toad/2025/Documents/06.10-13.10.2025/4Z/109MEDIA/DSCF0655.JPG,DSCF0655.JPG,4Z/109MEDIA,2,Western_Leopard_Toad,0.3338,20.8,2241.7,1015.3,2864.6
/srv/shared_leopard_toad/2025/Documents/06.10-13.10.2025/4Z/109MEDIA/DSCF0655.JPG,DSCF0655.JPG,4Z/109MEDIA,2,Western_Leopard_Toad,0.2330,4957.2,1430.5,5365.9,1962.5
/srv/shared_leopard_toad/2025/Documents/06.10-13.10.2025/4Z/109MEDIA/DSCF0223.JPG,DSCF0223.JPG,4Z/109MEDIA,0,Other_Amphibian,0.3955,2969.9,2486.6,3101.7,2622.1
/srv/shared_leopard_toad/2025/Documents/06.10-13.10.2025/4Z/109MEDIA/DSCF0223.JPG,DSCF0223.JPG,4Z/109MEDIA,0,Other_Amphibian,0.3260,2982.6,2473.3,3104.3,2621.5
/srv/shared_leopard_toad/2025/Documents/06.10-13.10.2025/4Z/109MEDIA/DSCF0669.JPG,DSCF0669.JPG,4Z/109MEDIA,2,Western_Leopard_Toad,0.6550,3646.0,1659.6,3927.2,1918.4
/srv/shared_leopard_toad/2025/Documents/06.10-13.10.2025/4Z/109MEDIA/DSCF0127.JPG,DSCF0127.JPG,4Z/109MEDIA,0,Other_Amphibian,0.2939,2969.4,2477.2,3100.2,2619.1
/srv/shared_leopard_toad/2025/Documents/06.10-13.10.2025/4Z/109MEDIA/DSCF0601.JPG,DSCF0601.JPG,4Z/109MEDIA,0,Other_Amphibian,0.3117,2981.3,2460.9,3105.9,2628.1
/srv/shared_leopard_toad/2025/Documents/06.10-13.10.2025/4Z/109MEDIA/DSCF0601.JPG,DSCF0601.JPG,4Z/109MEDIA,0,Other_Amphibian,0.2969,2971.1,2474.1,3104.4,2632.0
/srv/shared_leopard_toad/2025/Documents/06.10-13.10.2025/4Z/109MEDIA/DSCF0601.JPG,DSCF0601.JPG,4Z/109MEDIA,0,Other_Amphibian,0.2910,2971.2,2482.3,3104.9,2627.4
/srv/shared_leopard_toad/2025/Documents/06.10-13.10.2025/4Z/109MEDIA/DSCF0363.JPG,DSCF0363.JPG,4Z/109MEDIA,0,Other_Amphibian,0.3286,2971.7,2488.0,3100.6,2622.4
/srv/shared_leopard_toad/2025/Documents/06.10-13.10.2025/4Z/109MEDIA/DSCF0363.JPG,DSCF0363.JPG,4Z/109MEDIA,0,Other_Amphibian,0.2195,2980.3,2480.8,3099.7,2623.2
/srv/shared_leopard_toad/2025/Documents/06.10-13.10.2025/4Z/109MEDIA/DSCF0154.JPG,DSCF0154.JPG,4Z/109MEDIA,0,Other_Amphibian,0.3780,2972.8,2492.0,3105.8,2621.1
/srv/shared_leopard_toad/2025/Documents/06.10-13.10.2025/4Z/109MEDIA/DSCF0154.JPG,DSCF0154.JPG,4Z/109MEDIA,0,Other_Amphibian,0.2645,2985.1,2487.7,3107.3,2622.9
/srv/shared_leopard_toad/2025/Documents/06.10-13.10.2025/4Z/109MEDIA/DSCF0154.JPG,DSCF0154.JPG,4Z/109MEDIA,0,Other_Amphibian,0.2443,2973.4,2486.5,3104.2,2623.4
/srv/shared_leopard_toad/2025/Documents/06.10-13.10.2025/4Z/109MEDIA/DSCF0376.JPG,DSCF0376.JPG,4Z/109MEDIA,0,Other_Amphibian,0.3974,2978.7,2449.5,3106.0,2623.7
/srv/shared_leopard_toad/2025/Documents/06.10-13.10.2025/4Z/109MEDIA/DSCF0376.JPG,DSCF0376.JPG,4Z/109MEDIA,0,Other_Amphibian,0.3041,2972.3,2460.1,3107.7,2622.4
/srv/shared_leopard_toad/2025/Documents/06.10-13.10.2025/4Z/109MEDIA/DSCF0186.JPG,DSCF0186.JPG,4Z/109MEDIA,0,Other_Amphibian,0.8294,1662.4,1917.1,1837.0,2126.4
/srv/shared_leopard_toad/2025/Documents/06.10-13.10.2025/4Z/109MEDIA/DSCF0196.JPG,DSCF0196.JPG,4Z/109MEDIA,0,Other_Amphibian,0.5719,1682.8,1850.1,1850.5,2039.0
/srv/shared_leopard_toad/2025/Documents/06.10-13.10.2025/4Z/109MEDIA/DSCF0196.JPG,DSCF0196.JPG,4Z/109MEDIA,0,Other_Amphibian,0.5568,1685.0,1849.1,1855.3,2039.8
/srv/shared_leopard_toad/2025/Documents/06.10-13.10.2025/4Z/109MEDIA/DSCF0196.JPG,DSCF0196.JPG,4Z/109MEDIA,0,Other_Amphibian,0.3907,2967.9,2467.7,3103.3,2624.6
/srv/shared_leopard_toad/2025/Documents/06.10-13.10.2025/4Z/109MEDIA/DSCF0196.JPG,DSCF0196.JPG,4Z/109MEDIA,0,Other_Amphibian,0.3686,2980.2,2460.1,3105.2,2622.2
/srv/shared_leopard_toad/2025/Documents/06.10-13.10.2025/4Z/109MEDIA/DSCF0577.JPG,DSCF0577.JPG,4Z/109MEDIA,0,Other_Amphibian,0.2713,3653.7,1646.5,3929.5,1917.6
/srv/shared_leopard_toad/2025/Documents/06.10-13.10.2025/4Z/109MEDIA/DSCF0577.JPG,DSCF0577.JPG,4Z/109MEDIA,0,Other_Amphibian,0.2315,2972.3,2484.1,3099.3,2629.3
/srv/shared_leopard_toad/2025/Documents/06.10-13.10.2025/4Z/109MEDIA/DSCF0577.JPG,DSCF0577.JPG,4Z/109MEDIA,0,Other_Amphibian,0.2287,2970.6,2475.2,3099.4,2635.2
/srv/shared_leopard_toad/2025/Documents/06.10-13.10.2025/4Z/109MEDIA/DSCF0478.JPG,DSCF0478.JPG,4Z/109MEDIA,0,Other_Amphibian,0.3989,2969.5,2470.7,3106.7,2638.2
/srv/shared_leopard_toad/2025/Documents/06.10-13.10.2025/4Z/109MEDIA/DSCF0478.JPG,DSCF0478.JPG,4Z/109MEDIA,0,Other_Amphibian,0.3505,2970.4,2476.9,3106.1,2632.8
/srv/shared_leopard_toad/2025/Documents/06.10-13.10.2025/4Z/109MEDIA/DSCF0478.JPG,DSCF0478.JPG,4Z/109MEDIA,0,Other_Amphibian,0.3410,2979.3,2463.3,3107.5,2633.6
/srv/shared_leopard_toad/2025/Documents/06.10-13.10.2025/4Z/109MEDIA/DSCF0123.JPG,DSCF0123.JPG,4Z/109MEDIA,0,Other_Amphibian,0.2857,2971.5,2496.3,3103.6,2624.0
/srv/shared_leopard_toad/2025/Documents/06.10-13.10.2025/4Z/109MEDIA/DSCF0123.JPG,DSCF0123.JPG,4Z/109MEDIA,0,Other_Amphibian,0.2259,2968.1,2493.9,3100.4,2624.8
/srv/shared_leopard_toad/2025/Documents/06.10-13.10.2025/4Z/109MEDIA/DSCF0123.JPG,DSCF0123.JPG,4Z/109MEDIA,0,Other_Amphibian,0.2235,2977.0,2495.7,3099.9,2626.5
/srv/shared_leopard_toad/2025/Documents/06.10-13.10.2025/4Z/109MEDIA/DSCF0123.JPG,DSCF0123.JPG,4Z/109MEDIA,0,Other_Amphibian,0.2193,3654.0,1647.8,3931.1,1918.0
/srv/shared_leopard_toad/2025/Documents/06.10-13.10.2025/4Z/109MEDIA/DSCF0666.JPG,DSCF0666.JPG,4Z/109MEDIA,2,Western_Leopard_Toad,0.5089,3633.2,1659.3,3924.7,1922.5
/srv/shared_leopard_toad/2025/Documents/06.10-13.10.2025/4Z/109MEDIA/DSCF0280.JPG,DSCF0280.JPG,4Z/109MEDIA,0,Other_Amphibian,0.3666,2969.5,2476.2,3102.1,2623.6
/srv/shared_leopard_toad/2025/Documents/06.10-13.10.2025/4Z/109MEDIA/DSCF0280.JPG,DSCF0280.JPG,4Z/109MEDIA,0,Other_Amphibian,0.3414,2981.1,2461.1,3104.0,2622.1
/srv/shared_leopard_toad/2025/Documents/06.10-13.10.2025/4Z/109MEDIA/DSCF0280.JPG,DSCF0280.JPG,4Z/109MEDIA,0,Other_Amphibian,0.2641,3657.0,1647.3,3931.4,1917.9
/srv/shared_leopard_toad/2025/Documents/06.10-13.10.2025/4Z/109MEDIA/DSCF0629.JPG,DSCF0629.JPG,4Z/109MEDIA,0,Other_Amphibian,0.2062,2972.1,2473.3,3100.7,2631.7
/srv/shared_leopard_toad/2025/Documents/06.10-13.10.2025/4Z/109MEDIA/DSCF0675.JPG,DSCF0675.JPG,4Z/109MEDIA,2,Western_Leopard_Toad,0.7329,3644.0,1659.3,3925.3,1921.0
/srv/shared_leopard_toad/2025/Documents/06.10-13.10.2025/4Z/109MEDIA/DSCF0049.JPG,DSCF0049.JPG,4Z/109MEDIA,0,Other_Amphibian,0.2062,2976.7,2462.3,3096.7,2620.0
/srv/shared_leopard_toad/2025/Documents/06.10-13.10.2025/4Z/109MEDIA/DSCF0208.JPG,DSCF0208.JPG,4Z/109MEDIA,0,Other_Amphibian,0.2706,3654.8,1649.2,3928.9,1918.2
/srv/shared_leopard_toad/2025/Documents/06.10-13.10.2025/4Z/109MEDIA/DSCF0208.JPG,DSCF0208.JPG,4Z/109MEDIA,0,Other_Amphibian,0.2611,2971.9,2479.3,3101.8,2625.3
/srv/shared_leopard_toad/2025/Documents/06.10-13.10.2025/4Z/109MEDIA/DSCF0208.JPG,DSCF0208.JPG,4Z/109MEDIA,0,Other_Amphibian,0.2049,2979.7,2466.3,3098.6,2624.3
/srv/shared_leopard_toad/2025/Documents/06.10-13.10.2025/4Z/109MEDIA/DSCF0635.JPG,DSCF0635.JPG,4Z/109MEDIA,0,Other_Amphibian,0.3323,2973.0,2485.7,3105.3,2637.8
/srv/shared_leopard_toad/2025/Documents/06.10-13.10.2025/4Z/109MEDIA/DSCF0635.JPG,DSCF0635.JPG,4Z/109MEDIA,0,Other_Amphibian,0.2089,2975.6,2491.7,3107.3,2631.4
/srv/shared_leopard_toad/2025/Documents/06.10-13.10.2025/4Z/109MEDIA/DSCF0065.JPG,DSCF0065.JPG,4Z/109MEDIA,0,Other_Amphibian,0.3325,2980.5,2449.6,3103.8,2622.9
/srv/shared_leopard_toad/2025/Documents/06.10-13.10.2025/4Z/109MEDIA/DSCF0065.JPG,DSCF0065.JPG,4Z/109MEDIA,0,Other_Amphibian,0.2581,2973.2,2473.2,3105.1,2623.0
/srv/shared_leopard_toad/2025/Documents/06.10-13.10.2025/4Z/109MEDIA/DSCF0414.JPG,DSCF0414.JPG,4Z/109MEDIA,0,Other_Amphibian,0.3168,2982.0,2457.9,3101.3,2620.0
/srv/shared_leopard_toad/2025/Documents/06.10-13.10.2025/4Z/109MEDIA/DSCF0414.JPG,DSCF0414.JPG,4Z/109MEDIA,0,Other_Amphibian,0.3031,2972.9,2464.1,3101.1,2620.6
/srv/shared_leopard_toad/2025/Documents/06.10-13.10.2025/4Z/109MEDIA/DSCF0074.JPG,DSCF0074.JPG,4Z/109MEDIA,0,Other_Amphibian,0.2833,2971.1,2481.4,3102.1,2623.4
/srv/shared_leopard_toad/2025/Documents/06.10-13.10.2025/4Z/109MEDIA/DSCF0074.JPG,DSCF0074.JPG,4Z/109MEDIA,0,Other_Amphibian,0.2353,2982.5,2470.6,3102.7,2622.2
/srv/shared_leopard_toad/2025/Documents/06.10-13.10.2025/4Z/109MEDIA/DSCF0074.JPG,DSCF0074.JPG,4Z/109MEDIA,0,Other_Amphibian,0.2031,2972.4,2474.8,3102.6,2624.4
/srv/shared_leopard_toad/2025/Documents/06.10-13.10.2025/4Z/109MEDIA/DSCF0110.JPG,DSCF0110.JPG,4Z/109MEDIA,0,Other_Amphibian,0.3038,2974.4,2493.9,3107.5,2630.4
/srv/shared_leopard_toad/2025/Documents/06.10-13.10.2025/4Z/109MEDIA/DSCF0110.JPG,DSCF0110.JPG,4Z/109MEDIA,0,Other_Amphibian,0.2366,2974.6,2496.2,3108.0,2623.7
/srv/shared_leopard_toad/2025/Documents/06.10-13.10.2025/4Z/109MEDIA/DSCF0533.JPG,DSCF0533.JPG,4Z/109MEDIA,0,Other_Amphibian,0.4025,2969.2,2476.7,3103.3,2626.0
/srv/shared_leopard_toad/2025/Documents/06.10-13.10.2025/4Z/109MEDIA/DSCF0533.JPG,DSCF0533.JPG,4Z/109MEDIA,0,Other_Amphibian,0.3724,2980.9,2466.5,3104.5,2624.5
/srv/shared_leopard_toad/2025/Documents/06.10-13.10.2025/4Z/109MEDIA/DSCF0533.JPG,DSCF0533.JPG,4Z/109MEDIA,0,Other_Amphibian,0.2483,2973.9,2470.6,3104.1,2626.6
/srv/shared_leopard_toad/2025/Documents/06.10-13.10.2025/4Z/109MEDIA/DSCF0511.JPG,DSCF0511.JPG,4Z/109MEDIA,0,Other_Amphibian,0.2318,2971.6,2477.3,3103.5,2625.0
/srv/shared_leopard_toad/2025/Documents/06.10-13.10.2025/4Z/109MEDIA/DSCF0503.JPG,DSCF0503.JPG,4Z/109MEDIA,0,Other_Amphibian,0.3651,2972.3,2481.0,3103.1,2619.9
/srv/shared_leopard_toad/2025/Documents/06.10-13.10.2025/4Z/109MEDIA/DSCF0503.JPG,DSCF0503.JPG,4Z/109MEDIA,0,Other_Amphibian,0.2369,2982.2,2472.2,3104.5,2620.3
/srv/shared_leopard_toad/2025/Documents/06.10-13.10.2025/4Z/109MEDIA/DSCF0503.JPG,DSCF0503.JPG,4Z/109MEDIA,0,Other_Amphibian,0.2077,3656.2,1647.2,3927.3,1917.1
/srv/shared_leopard_toad/2025/Documents/06.10-13.10.2025/4Z/109MEDIA/DSCF0622.JPG,DSCF0622.JPG,4Z/109MEDIA,0,Other_Amphibian,0.2778,2979.8,2452.8,3103.3,2619.9
/srv/shared_leopard_toad/2025/Documents/06.10-13.10.2025/4Z/109MEDIA/DSCF0622.JPG,DSCF0622.JPG,4Z/109MEDIA,0,Other_Amphibian,0.2488,2971.4,2473.1,3105.1,2619.3
/srv/shared_leopard_toad/2025/Documents/06.10-13.10.2025/4Z/109MEDIA/DSCF0211.JPG,DSCF0211.JPG,4Z/109MEDIA,0,Other_Amphibian,0.3282,2971.3,2490.3,3102.0,2626.4
/srv/shared_leopard_toad/2025/Documents/06.10-13.10.2025/4Z/109MEDIA/DSCF0211.JPG,DSCF0211.JPG,4Z/109MEDIA,0,Other_Amphibian,0.2762,2973.8,2485.0,3104.5,2627.8
/srv/shared_leopard_toad/2025/Documents/06.10-13.10.2025/4Z/109MEDIA/DSCF0211.JPG,DSCF0211.JPG,4Z/109MEDIA,0,Other_Amphibian,0.2484,2983.9,2477.4,3105.1,2628.0
/srv/shared_leopard_toad/2025/Documents/06.10-13.10.2025/4Z/109MEDIA/DSCF0621.JPG,DSCF0621.JPG,4Z/109MEDIA,0,Other_Amphibian,0.3306,2970.4,2468.4,3104.3,2631.2
/srv/shared_leopard_toad/2025/Documents/06.10-13.10.2025/4Z/109MEDIA/DSCF0621.JPG,DSCF0621.JPG,4Z/109MEDIA,0,Other_Amphibian,0.3110,2969.4,2475.9,3103.7,2625.1
/srv/shared_leopard_toad/2025/Documents/06.10-13.10.2025/4Z/109MEDIA/DSCF0621.JPG,DSCF0621.JPG,4Z/109MEDIA,0,Other_Amphibian,0.3054,2980.5,2467.5,3105.7,2624.6
/srv/shared_leopard_toad/2025/Documents/06.10-13.10.2025/4Z/109MEDIA/DSCF0030.JPG,DSCF0030.JPG,4Z/109MEDIA,0,Other_Amphibian,0.3055,2972.0,2481.5,3100.3,2618.7
/srv/shared_leopard_toad/2025/Documents/06.10-13.10.2025/4Z/109MEDIA/DSCF0030.JPG,DSCF0030.JPG,4Z/109MEDIA,0,Other_Amphibian,0.2109,2983.7,2464.4,3101.9,2618.2
/srv/shared_leopard_toad/2025/Documents/06.10-13.10.2025/4Z/109MEDIA/DSCF0483.JPG,DSCF0483.JPG,4Z/109MEDIA,0,Other_Amphibian,0.2655,2976.5,2488.2,3102.4,2620.4
/srv/shared_leopard_toad/2025/Documents/06.10-13.10.2025/4Z/109MEDIA/DSCF0483.JPG,DSCF0483.JPG,4Z/109MEDIA,0,Other_Amphibian,0.2635,3656.3,1646.8,3930.7,1917.3
/srv/shared_leopard_toad/2025/Documents/06.10-13.10.2025/4Z/109MEDIA/DSCF0121.JPG,DSCF0121.JPG,4Z/109MEDIA,0,Other_Amphibian,0.2134,3651.8,1648.0,3930.1,1918.2
/srv/shared_leopard_toad/2025/Documents/06.10-13.10.2025/4Z/109MEDIA/DSCF0686.JPG,DSCF0686.JPG,4Z/109MEDIA,2,Western_Leopard_Toad,0.7113,3636.6,1661.2,3924.0,1923.4
/srv/shared_leopard_toad/2025/Documents/06.10-13.10.2025/4Z/109MEDIA/DSCF0333.JPG,DSCF0333.JPG,4Z/109MEDIA,0,Other_Amphibian,0.2458,2969.6,2477.0,3102.2,2624.9
/srv/shared_leopard_toad/2025/Documents/06.10-13.10.2025/4Z/109MEDIA/DSCF0333.JPG,DSCF0333.JPG,4Z/109MEDIA,0,Other_Amphibian,0.2337,2978.5,2462.5,3099.7,2622.8
/srv/shared_leopard_toad/2025/Documents/06.10-13.10.2025/4Z/109MEDIA/DSCF0333.JPG,DSCF0333.JPG,4Z/109MEDIA,0,Other_Amphibian,0.2274,3654.4,1647.9,3928.6,1918.6
/srv/shared_leopard_toad/2025/Documents/06.10-13.10.2025/4Z/109MEDIA/DSCF0482.JPG,DSCF0482.JPG,4Z/109MEDIA,0,Other_Amphibian,0.2584,3655.5,1643.9,3930.0,1918.2
/srv/shared_leopard_toad/2025/Documents/06.10-13.10.2025/4Z/109MEDIA/DSCF0482.JPG,DSCF0482.JPG,4Z/109MEDIA,0,Other_Amphibian,0.2473,2980.9,2459.9,3100.4,2619.0
/srv/shared_leopard_toad/2025/Documents/06.10-13.10.2025/4Z/109MEDIA/DSCF0482.JPG,DSCF0482.JPG,4Z/109MEDIA,0,Other_Amphibian,0.2226,2972.5,2481.8,3102.7,2619.3
/srv/shared_leopard_toad/2025/Documents/06.10-13.10.2025/4Z/109MEDIA/DSCF0113.JPG,DSCF0113.JPG,4Z/109MEDIA,0,Other_Amphibian,0.3115,2970.4,2484.9,3100.1,2627.8
/srv/shared_leopard_toad/2025/Documents/06.10-13.10.2025/4Z/109MEDIA/DSCF0113.JPG,DSCF0113.JPG,4Z/109MEDIA,0,Other_Amphibian,0.2268,2982.6,2465.0,3100.7,2626.4
/srv/shared_leopard_toad/2025/Documents/06.10-13.10.2025/4Z/109MEDIA/DSCF0113.JPG,DSCF0113.JPG,4Z/109MEDIA,0,Other_Amphibian,0.2130,2971.6,2474.4,3100.3,2627.0
/srv/shared_leopard_toad/2025/Documents/06.10-13.10.2025/4Z/109MEDIA/DSCF0387.JPG,DSCF0387.JPG,4Z/109MEDIA,0,Other_Amphibian,0.2557,2973.4,2492.9,3102.7,2624.4
/srv/shared_leopard_toad/2025/Documents/06.10-13.10.2025/4Z/109MEDIA/DSCF0387.JPG,DSCF0387.JPG,4Z/109MEDIA,0,Other_Amphibian,0.2214,2969.9,2488.4,3098.9,2625.2
/srv/shared_leopard_toad/2025/Documents/06.10-13.10.2025/4Z/109MEDIA/DSCF0387.JPG,DSCF0387.JPG,4Z/109MEDIA,0,Other_Amphibian,0.2059,2978.5,2479.6,3097.2,2626.2
/srv/shared_leopard_toad/2025/Documents/06.10-13.10.2025/4Z/109MEDIA/DSCF0548.JPG,DSCF0548.JPG,4Z/109MEDIA,0,Other_Amphibian,0.4168,2969.1,2487.3,3103.5,2621.9
/srv/shared_leopard_toad/2025/Documents/06.10-13.10.2025/4Z/109MEDIA/DSCF0548.JPG,DSCF0548.JPG,4Z/109MEDIA,0,Other_Amphibian,0.3190,2982.2,2472.9,3107.3,2623.3
/srv/shared_leopard_toad/2025/Documents/06.10-13.10.2025/4Z/109MEDIA/DSCF0548.JPG,DSCF0548.JPG,4Z/109MEDIA,0,Other_Amphibian,0.2686,2972.0,2480.2,3105.6,2624.7
/srv/shared_leopard_toad/2025/Documents/06.10-13.10.2025/4Z/109MEDIA/DSCF0091.JPG,DSCF0091.JPG,4Z/109MEDIA,0,Other_Amphibian,0.4445,2969.7,2483.9,3102.7,2622.1
/srv/shared_leopard_toad/2025/Documents/06.10-13.10.2025/4Z/109MEDIA/DSCF0091.JPG,DSCF0091.JPG,4Z/109MEDIA,0,Other_Amphibian,0.3534,2982.5,2471.6,3106.3,2621.9
/srv/shared_leopard_toad/2025/Documents/06.10-13.10.2025/4Z/109MEDIA/DSCF0660.JPG,DSCF0660.JPG,4Z/109MEDIA,2,Western_Leopard_Toad,0.6787,3638.1,1659.9,3925.3,1917.4
/srv/shared_leopard_toad/2025/Documents/06.10-13.10.2025/4Z/109MEDIA/DSCF0660.JPG,DSCF0660.JPG,4Z/109MEDIA,0,Other_Amphibian,0.2753,4762.8,1334.9,4937.5,1548.1
/srv/shared_leopard_toad/2025/Documents/06.10-13.10.2025/4Z/109MEDIA/DSCF0554.JPG,DSCF0554.JPG,4Z/109MEDIA,0,Other_Amphibian,0.3133,2971.4,2472.4,3101.8,2633.0
/srv/shared_leopard_toad/2025/Documents/06.10-13.10.2025/4Z/109MEDIA/DSCF0554.JPG,DSCF0554.JPG,4Z/109MEDIA,0,Other_Amphibian,0.2412,2982.5,2460.7,3102.5,2627.7
/srv/shared_leopard_toad/2025/Documents/06.10-13.10.2025/4Z/109MEDIA/DSCF0554.JPG,DSCF0554.JPG,4Z/109MEDIA,0,Other_Amphibian,0.2002,2973.3,2481.9,3102.7,2626.1
/srv/shared_leopard_toad/2025/Documents/06.10-13.10.2025/4Z/109MEDIA/DSCF0130.JPG,DSCF0130.JPG,4Z/109MEDIA,0,Other_Amphibian,0.2183,2971.8,2482.1,3101.3,2620.9
/srv/shared_leopard_toad/2025/Documents/06.10-13.10.2025/4Z/109MEDIA/DSCF0691.JPG,DSCF0691.JPG,4Z/109MEDIA,2,Western_Leopard_Toad,0.6519,3644.7,1662.8,3923.6,1918.5
/srv/shared_leopard_toad/2025/Documents/06.10-13.10.2025/4Z/109MEDIA/DSCF0031.JPG,DSCF0031.JPG,4Z/109MEDIA,0,Other_Amphibian,0.3632,2968.2,2480.2,3100.7,2623.0
/srv/shared_leopard_toad/2025/Documents/06.10-13.10.2025/4Z/109MEDIA/DSCF0031.JPG,DSCF0031.JPG,4Z/109MEDIA,0,Other_Amphibian,0.3082,2980.0,2470.3,3103.2,2621.9
/srv/shared_leopard_toad/2025/Documents/06.10-13.10.2025/4Z/109MEDIA/DSCF0031.JPG,DSCF0031.JPG,4Z/109MEDIA,0,Other_Amphibian,0.2131,2972.0,2472.5,3102.5,2624.4
/srv/shared_leopard_toad/2025/Documents/06.10-13.10.2025/4Z/109MEDIA/DSCF0391.JPG,DSCF0391.JPG,4Z/109MEDIA,0,Other_Amphibian,0.3451,2969.4,2466.0,3102.9,2619.0
/srv/shared_leopard_toad/2025/Documents/06.10-13.10.2025/4Z/109MEDIA/DSCF0391.JPG,DSCF0391.JPG,4Z/109MEDIA,0,Other_Amphibian,0.3096,2979.7,2456.5,3103.7,2617.8
/srv/shared_leopard_toad/2025/Documents/06.10-13.10.2025/4Z/109MEDIA/DSCF0391.JPG,DSCF0391.JPG,4Z/109MEDIA,0,Other_Amphibian,0.2252,3653.5,1646.2,3930.0,1917.7
/srv/shared_leopard_toad/2025/Documents/06.10-13.10.2025/4Z/109MEDIA/DSCF0516.JPG,DSCF0516.JPG,4Z/109MEDIA,0,Other_Amphibian,0.2081,2971.0,2485.5,3101.1,2629.2
/srv/shared_leopard_toad/2025/Documents/06.10-13.10.2025/4Z/109MEDIA/DSCF0191.JPG,DSCF0191.JPG,4Z/109MEDIA,0,Other_Amphibian,0.8225,1661.6,1917.3,1838.8,2125.8
/srv/shared_leopard_toad/2025/Documents/06.10-13.10.2025/4Z/109MEDIA/DSCF0191.JPG,DSCF0191.JPG,4Z/109MEDIA,0,Other_Amphibian,0.2364,2973.8,2483.6,3110.6,2627.3
/srv/shared_leopard_toad/2025/Documents/06.10-13.10.2025/4Z/109MEDIA/DSCF0058.JPG,DSCF0058.JPG,4Z/109MEDIA,0,Other_Amphibian,0.2108,2972.3,2468.1,3103.3,2632.2
/srv/shared_leopard_toad/2025/Documents/06.10-13.10.2025/4Z/109MEDIA/DSCF0169.JPG,DSCF0169.JPG,4Z/109MEDIA,0,Other_Amphibian,0.7297,1717.1,1970.1,1872.9,2157.7
/srv/shared_leopard_toad/2025/Documents/06.10-13.10.2025/4Z/109MEDIA/DSCF0706.JPG,DSCF0706.JPG,4Z/109MEDIA,2,Western_Leopard_Toad,0.3802,3629.5,1662.9,3919.1,1927.3
/srv/shared_leopard_toad/2025/Documents/06.10-13.10.2025/4Z/109MEDIA/DSCF0525.JPG,DSCF0525.JPG,4Z/109MEDIA,0,Other_Amphibian,0.2214,3654.6,1645.8,3929.7,1918.8
/srv/shared_leopard_toad/2025/Documents/06.10-13.10.2025/4Z/109MEDIA/DSCF0144.JPG,DSCF0144.JPG,4Z/109MEDIA,0,Other_Amphibian,0.3505,2971.2,2482.0,3101.9,2621.5
/srv/shared_leopard_toad/2025/Documents/06.10-13.10.2025/4Z/109MEDIA/DSCF0144.JPG,DSCF0144.JPG,4Z/109MEDIA,0,Other_Amphibian,0.2647,2983.6,2469.2,3105.1,2620.6
/srv/shared_leopard_toad/2025/Documents/06.10-13.10.2025/4Z/109MEDIA/DSCF0144.JPG,DSCF0144.JPG,4Z/109MEDIA,0,Other_Amphibian,0.2005,2971.9,2472.3,3100.3,2624.3
/srv/shared_leopard_toad/2025/Documents/06.10-13.10.2025/4Z/109MEDIA/DSCF0238.JPG,DSCF0238.JPG,4Z/109MEDIA,0,Other_Amphibian,0.2806,2971.5,2485.6,3103.0,2619.5
/srv/shared_leopard_toad/2025/Documents/06.10-13.10.2025/4Z/109MEDIA/DSCF0086.JPG,DSCF0086.JPG,4Z/109MEDIA,0,Other_Amphibian,0.2835,4541.6,1751.3,4713.9,1969.3
/srv/shared_leopard_toad/2025/Documents/06.10-13.10.2025/4Z/109MEDIA/DSCF0086.JPG,DSCF0086.JPG,4Z/109MEDIA,0,Other_Amphibian,0.2280,2984.6,2469.9,3105.5,2624.6
/srv/shared_leopard_toad/2025/Documents/06.10-13.10.2025/4Z/109MEDIA/DSCF0086.JPG,DSCF0086.JPG,4Z/109MEDIA,0,Other_Amphibian,0.2274,2975.3,2480.4,3107.6,2624.1
/srv/shared_leopard_toad/2025/Documents/06.10-13.10.2025/4Z/109MEDIA/DSCF0086.JPG,DSCF0086.JPG,4Z/109MEDIA,0,Other_Amphibian,0.2151,2976.0,2474.5,3106.8,2627.9
/srv/shared_leopard_toad/2025/Documents/06.10-13.10.2025/4Z/109MEDIA/DSCF0551.JPG,DSCF0551.JPG,4Z/109MEDIA,0,Other_Amphibian,0.4593,2967.6,2467.6,3106.7,2635.4
/srv/shared_leopard_toad/2025/Documents/06.10-13.10.2025/4Z/109MEDIA/DSCF0551.JPG,DSCF0551.JPG,4Z/109MEDIA,0,Other_Amphibian,0.3433,2979.7,2461.6,3108.9,2627.5
/srv/shared_leopard_toad/2025/Documents/06.10-13.10.2025/4Z/109MEDIA/DSCF0551.JPG,DSCF0551.JPG,4Z/109MEDIA,0,Other_Amphibian,0.3413,2970.9,2473.9,3106.7,2626.8
/srv/shared_leopard_toad/2025/Documents/06.10-13.10.2025/4Z/109MEDIA/DSCF0192.JPG,DSCF0192.JPG,4Z/109MEDIA,0,Other_Amphibian,0.4996,1688.5,1851.5,1857.8,2040.8
/srv/shared_leopard_toad/2025/Documents/06.10-13.10.2025/4Z/109MEDIA/DSCF0192.JPG,DSCF0192.JPG,4Z/109MEDIA,0,Other_Amphibian,0.4417,2965.6,2470.1,3106.5,2637.9
/srv/shared_leopard_toad/2025/Documents/06.10-13.10.2025/4Z/109MEDIA/DSCF0192.JPG,DSCF0192.JPG,4Z/109MEDIA,0,Other_Amphibian,0.3895,2975.4,2469.8,3105.7,2628.4
/srv/shared_leopard_toad/2025/Documents/06.10-13.10.2025/4Z/109MEDIA/DSCF0192.JPG,DSCF0192.JPG,4Z/109MEDIA,0,Other_Amphibian,0.3197,2970.4,2471.8,3110.6,2628.4
/srv/shared_leopard_toad/2025/Documents/06.10-13.10.2025/4Z/109MEDIA/DSCF0114.JPG,DSCF0114.JPG,4Z/109MEDIA,0,Other_Amphibian,0.2028,2980.3,2440.1,3099.3,2629.6
/srv/shared_leopard_toad/2025/Documents/06.10-13.10.2025/4Z/109MEDIA/DSCF0182.JPG,DSCF0182.JPG,4Z/109MEDIA,0,Other_Amphibian,0.8159,1661.1,1905.0,1841.1,2124.1
/srv/shared_leopard_toad/2025/Documents/06.10-13.10.2025/4Z/109MEDIA/DSCF0299.JPG,DSCF0299.JPG,4Z/109MEDIA,0,Other_Amphibian,0.3328,2971.4,2486.0,3105.9,2629.4
/srv/shared_leopard_toad/2025/Documents/06.10-13.10.2025/4Z/109MEDIA/DSCF0299.JPG,DSCF0299.JPG,4Z/109MEDIA,0,Other_Amphibian,0.2643,2975.5,2478.6,3107.9,2630.8
/srv/shared_leopard_toad/2025/Documents/06.10-13.10.2025/4Z/109MEDIA/DSCF0299.JPG,DSCF0299.JPG,4Z/109MEDIA,0,Other_Amphibian,0.2448,2983.7,2474.7,3106.8,2629.9
/srv/shared_leopard_toad/2025/Documents/06.10-13.10.2025/4Z/109MEDIA/DSCF0345.JPG,DSCF0345.JPG,4Z/109MEDIA,0,Other_Amphibian,0.3523,2981.5,2465.2,3104.8,2623.9
/srv/shared_leopard_toad/2025/Documents/06.10-13.10.2025/4Z/109MEDIA/DSCF0345.JPG,DSCF0345.JPG,4Z/109MEDIA,0,Other_Amphibian,0.3490,2972.0,2471.5,3104.6,2629.2
/srv/shared_leopard_toad/2025/Documents/06.10-13.10.2025/4Z/109MEDIA/DSCF0345.JPG,DSCF0345.JPG,4Z/109MEDIA,0,Other_Amphibian,0.3048,2972.1,2478.9,3104.5,2624.4
/srv/shared_leopard_toad/2025/Documents/06.10-13.10.2025/4Z/109MEDIA/DSCF0020.JPG,DSCF0020.JPG,4Z/109MEDIA,0,Other_Amphibian,0.3959,2968.6,2484.2,3101.3,2627.2
/srv/shared_leopard_toad/2025/Documents/06.10-13.10.2025/4Z/109MEDIA/DSCF0020.JPG,DSCF0020.JPG,4Z/109MEDIA,0,Other_Amphibian,0.2997,2980.8,2464.7,3103.3,2625.9
/srv/shared_leopard_toad/2025/Documents/06.10-13.10.2025/4Z/109MEDIA/DSCF0020.JPG,DSCF0020.JPG,4Z/109MEDIA,0,Other_Amphibian,0.2198,2972.8,2474.8,3103.6,2626.9
/srv/shared_leopard_toad/2025/Documents/06.10-13.10.2025/4Z/109MEDIA/DSCF0195.JPG,DSCF0195.JPG,4Z/109MEDIA,0,Other_Amphibian,0.5997,1684.9,1850.4,1854.4,2040.1
/srv/shared_leopard_toad/2025/Documents/06.10-13.10.2025/4Z/109MEDIA/DSCF0195.JPG,DSCF0195.JPG,4Z/109MEDIA,0,Other_Amphibian,0.3224,2968.8,2467.0,3102.6,2617.8
/srv/shared_leopard_toad/2025/Documents/06.10-13.10.2025/4Z/109MEDIA/DSCF0195.JPG,DSCF0195.JPG,4Z/109MEDIA,0,Other_Amphibian,0.3171,2978.7,2459.5,3103.2,2617.3
/srv/shared_leopard_toad/2025/Documents/06.10-13.10.2025/4Z/109MEDIA/DSCF0195.JPG,DSCF0195.JPG,4Z/109MEDIA,0,Other_Amphibian,0.3054,1688.1,1854.7,1858.2,2045.3
/srv/shared_leopard_toad/2025/Documents/06.10-13.10.2025/4Z/109MEDIA/DSCF0018.JPG,DSCF0018.JPG,4Z/109MEDIA,0,Other_Amphibian,0.2489,2973.3,2495.3,3104.8,2623.6
/srv/shared_leopard_toad/2025/Documents/06.10-13.10.2025/4Z/109MEDIA/DSCF0527.JPG,DSCF0527.JPG,4Z/109MEDIA,0,Other_Amphibian,0.2242,2972.6,2479.4,3102.0,2620.1
/srv/shared_leopard_toad/2025/Documents/06.10-13.10.2025/4Z/109MEDIA/DSCF0527.JPG,DSCF0527.JPG,4Z/109MEDIA,2,Western_Leopard_Toad,0.2073,3654.4,1646.9,3928.3,1917.1
/srv/shared_leopard_toad/2025/Documents/06.10-13.10.2025/4Z/109MEDIA/DSCF0338.JPG,DSCF0338.JPG,4Z/109MEDIA,0,Other_Amphibian,0.2716,2979.7,2461.2,3101.4,2621.7
/srv/shared_leopard_toad/2025/Documents/06.10-13.10.2025/4Z/109MEDIA/DSCF0338.JPG,DSCF0338.JPG,4Z/109MEDIA,0,Other_Amphibian,0.2710,2969.7,2476.6,3102.0,2623.0
/srv/shared_leopard_toad/2025/Documents/06.10-13.10.2025/4Z/109MEDIA/DSCF0338.JPG,DSCF0338.JPG,4Z/109MEDIA,0,Other_Amphibian,0.2500,3655.0,1647.7,3930.4,1917.6
/srv/shared_leopard_toad/2025/Documents/06.10-13.10.2025/4Z/109MEDIA/DSCF0360.JPG,DSCF0360.JPG,4Z/109MEDIA,0,Other_Amphibian,0.2832,2971.4,2476.4,3102.5,2630.2
/srv/shared_leopard_toad/2025/Documents/06.10-13.10.2025/4Z/109MEDIA/DSCF0360.JPG,DSCF0360.JPG,4Z/109MEDIA,0,Other_Amphibian,0.2589,2971.6,2470.2,3103.1,2635.0
/srv/shared_leopard_toad/2025/Documents/06.10-13.10.2025/4Z/109MEDIA/DSCF0360.JPG,DSCF0360.JPG,4Z/109MEDIA,0,Other_Amphibian,0.2537,2981.1,2465.8,3102.7,2630.2
/srv/shared_leopard_toad/2025/Documents/06.10-13.10.2025/4Z/109MEDIA/DSCF0059.JPG,DSCF0059.JPG,4Z/109MEDIA,0,Other_Amphibian,0.3969,2971.9,2479.9,3101.9,2621.5
/srv/shared_leopard_toad/2025/Documents/06.10-13.10.2025/4Z/109MEDIA/DSCF0059.JPG,DSCF0059.JPG,4Z/109MEDIA,0,Other_Amphibian,0.3075,2984.0,2468.6,3104.0,2621.0
/srv/shared_leopard_toad/2025/Documents/06.10-13.10.2025/4Z/109MEDIA/DSCF0180.JPG,DSCF0180.JPG,4Z/109MEDIA,0,Other_Amphibian,0.7769,1663.5,1927.6,1842.1,2138.3
/srv/shared_leopard_toad/2025/Documents/06.10-13.10.2025/4Z/109MEDIA/DSCF0558.JPG,DSCF0558.JPG,4Z/109MEDIA,0,Other_Amphibian,0.4012,2966.6,2475.2,3099.0,2626.1
/srv/shared_leopard_toad/2025/Documents/06.10-13.10.2025/4Z/109MEDIA/DSCF0558.JPG,DSCF0558.JPG,4Z/109MEDIA,0,Other_Amphibian,0.3771,2978.9,2460.3,3102.6,2624.4
/srv/shared_leopard_toad/2025/Documents/06.10-13.10.2025/4Z/109MEDIA/DSCF0088.JPG,DSCF0088.JPG,4Z/109MEDIA,0,Other_Amphibian,0.2803,3654.7,1647.1,3930.8,1916.9
/srv/shared_leopard_toad/2025/Documents/06.10-13.10.2025/4Z/109MEDIA/DSCF0088.JPG,DSCF0088.JPG,4Z/109MEDIA,0,Other_Amphibian,0.2749,2979.0,2455.1,3102.3,2623.9
/srv/shared_leopard_toad/2025/Documents/06.10-13.10.2025/4Z/109MEDIA/DSCF0088.JPG,DSCF0088.JPG,4Z/109MEDIA,0,Other_Amphibian,0.2686,2969.6,2473.1,3104.4,2625.2
/srv/shared_leopard_toad/2025/Documents/06.10-13.10.2025/4Z/109MEDIA/DSCF0689.JPG,DSCF0689.JPG,4Z/109MEDIA,2,Western_Leopard_Toad,0.5199,3637.8,1661.9,3922.0,1922.0
/srv/shared_leopard_toad/2025/Documents/06.10-13.10.2025/4Z/109MEDIA/DSCF0278.JPG,DSCF0278.JPG,4Z/109MEDIA,0,Other_Amphibian,0.3720,2968.8,2477.9,3101.6,2623.9
/srv/shared_leopard_toad/2025/Documents/06.10-13.10.2025/4Z/109MEDIA/DSCF0278.JPG,DSCF0278.JPG,4Z/109MEDIA,0,Other_Amphibian,0.2817,2981.3,2465.2,3103.4,2622.5
/srv/shared_leopard_toad/2025/Documents/06.10-13.10.2025/4Z/109MEDIA/DSCF0625.JPG,DSCF0625.JPG,4Z/109MEDIA,0,Other_Amphibian,0.2099,2970.3,2474.4,3097.9,2622.8
/srv/shared_leopard_toad/2025/Documents/06.10-13.10.2025/4Z/109MEDIA/DSCF0216.JPG,DSCF0216.JPG,4Z/109MEDIA,0,Other_Amphibian,0.2973,2975.1,2486.2,3105.7,2620.0
/srv/shared_leopard_toad/2025/Documents/06.10-13.10.2025/4Z/109MEDIA/DSCF0216.JPG,DSCF0216.JPG,4Z/109MEDIA,0,Other_Amphibian,0.2634,2974.9,2480.3,3105.4,2627.0
/srv/shared_leopard_toad/2025/Documents/06.10-13.10.2025/4Z/109MEDIA/DSCF0216.JPG,DSCF0216.JPG,4Z/109MEDIA,0,Other_Amphibian,0.2266,2985.8,2482.1,3107.0,2621.9
/srv/shared_leopard_toad/2025/Documents/06.10-13.10.2025/4Z/109MEDIA/DSCF0050.JPG,DSCF0050.JPG,4Z/109MEDIA,0,Other_Amphibian,0.2818,2973.3,2482.0,3104.9,2623.6
/srv/shared_leopard_toad/2025/Documents/06.10-13.10.2025/4Z/109MEDIA/DSCF0050.JPG,DSCF0050.JPG,4Z/109MEDIA,0,Other_Amphibian,0.2369,2983.5,2476.5,3104.4,2623.7
/srv/shared_leopard_toad/2025/Documents/06.10-13.10.2025/4Z/109MEDIA/DSCF0099.JPG,DSCF0099.JPG,4Z/109MEDIA,0,Other_Amphibian,0.4294,2972.2,2487.4,3104.3,2623.6
/srv/shared_leopard_toad/2025/Documents/06.10-13.10.2025/4Z/109MEDIA/DSCF0099.JPG,DSCF0099.JPG,4Z/109MEDIA,0,Other_Amphibian,0.3420,2984.1,2478.5,3106.8,2623.7
/srv/shared_leopard_toad/2025/Documents/06.10-13.10.2025/4Z/109MEDIA/DSCF0099.JPG,DSCF0099.JPG,4Z/109MEDIA,0,Other_Amphibian,0.2889,2976.7,2479.5,3107.0,2626.0
/srv/shared_leopard_toad/2025/Documents/06.10-13.10.2025/4Z/109MEDIA/DSCF0463.JPG,DSCF0463.JPG,4Z/109MEDIA,0,Other_Amphibian,0.3077,2974.0,2481.1,3102.6,2619.0
/srv/shared_leopard_toad/2025/Documents/06.10-13.10.2025/4Z/109MEDIA/DSCF0463.JPG,DSCF0463.JPG,4Z/109MEDIA,0,Other_Amphibian,0.2881,2984.0,2468.6,3104.2,2619.2
/srv/shared_leopard_toad/2025/Documents/06.10-13.10.2025/4Z/109MEDIA/DSCF0327.JPG,DSCF0327.JPG,4Z/109MEDIA,0,Other_Amphibian,0.2506,2974.8,2478.4,3102.5,2619.2
/srv/shared_leopard_toad/2025/Documents/06.10-13.10.2025/4Z/109MEDIA/DSCF0327.JPG,DSCF0327.JPG,4Z/109MEDIA,0,Other_Amphibian,0.2140,2983.3,2469.2,3101.6,2618.1
/srv/shared_leopard_toad/2025/Documents/06.10-13.10.2025/4Z/109MEDIA/DSCF0605.JPG,DSCF0605.JPG,4Z/109MEDIA,0,Other_Amphibian,0.4389,2970.0,2475.0,3100.3,2620.7
/srv/shared_leopard_toad/2025/Documents/06.10-13.10.2025/4Z/109MEDIA/DSCF0605.JPG,DSCF0605.JPG,4Z/109MEDIA,0,Other_Amphibian,0.3934,2981.9,2467.8,3103.9,2619.1
/srv/shared_leopard_toad/2025/Documents/06.10-13.10.2025/4Z/109MEDIA/DSCF0605.JPG,DSCF0605.JPG,4Z/109MEDIA,0,Other_Amphibian,0.2020,2971.9,2467.3,3099.9,2623.4
/srv/shared_leopard_toad/2025/Documents/06.10-13.10.2025/4Z/109MEDIA/DSCF0087.JPG,DSCF0087.JPG,4Z/109MEDIA,0,Other_Amphibian,0.2371,2972.1,2490.6,3103.0,2626.7
/srv/shared_leopard_toad/2025/Documents/06.10-13.10.2025/4Z/109MEDIA/DSCF0314.JPG,DSCF0314.JPG,4Z/109MEDIA,0,Other_Amphibian,0.3643,3655.9,1646.8,3930.5,1917.7
/srv/shared_leopard_toad/2025/Documents/06.10-13.10.2025/4Z/109MEDIA/DSCF0314.JPG,DSCF0314.JPG,4Z/109MEDIA,0,Other_Amphibian,0.2833,2971.3,2478.9,3100.5,2616.6
/srv/shared_leopard_toad/2025/Documents/06.10-13.10.2025/4Z/109MEDIA/DSCF0314.JPG,DSCF0314.JPG,4Z/109MEDIA,0,Other_Amphibian,0.2440,2981.6,2466.6,3102.0,2615.9
/srv/shared_leopard_toad/2025/Documents/06.10-13.10.2025/4Z/109MEDIA/DSCF0222.JPG,DSCF0222.JPG,4Z/109MEDIA,0,Other_Amphibian,0.4383,2972.0,2478.7,3106.0,2619.5
/srv/shared_leopard_toad/2025/Documents/06.10-13.10.2025/4Z/109MEDIA/DSCF0222.JPG,DSCF0222.JPG,4Z/109MEDIA,0,Other_Amphibian,0.3419,2982.2,2474.6,3107.8,2619.4
/srv/shared_leopard_toad/2025/Documents/06.10-13.10.2025/4Z/109MEDIA/DSCF0593.JPG,DSCF0593.JPG,4Z/109MEDIA,0,Other_Amphibian,0.2402,2973.6,2491.4,3104.0,2622.0
/srv/shared_leopard_toad/2025/Documents/06.10-13.10.2025/4Z/109MEDIA/DSCF0593.JPG,DSCF0593.JPG,4Z/109MEDIA,0,Other_Amphibian,0.2082,2968.5,2485.4,3097.2,2624.5
/srv/shared_leopard_toad/2025/Documents/06.10-13.10.2025/4Z/109MEDIA/DSCF0588.JPG,DSCF0588.JPG,4Z/109MEDIA,0,Other_Amphibian,0.4287,2970.4,2476.8,3103.3,2622.3
/srv/shared_leopard_toad/2025/Documents/06.10-13.10.2025/4Z/109MEDIA/DSCF0588.JPG,DSCF0588.JPG,4Z/109MEDIA,0,Other_Amphibian,0.3305,2984.4,2465.7,3106.7,2621.5
/srv/shared_leopard_toad/2025/Documents/06.10-13.10.2025/4Z/109MEDIA/DSCF0068.JPG,DSCF0068.JPG,4Z/109MEDIA,0,Other_Amphibian,0.4657,2969.4,2482.8,3104.5,2624.6
/srv/shared_leopard_toad/2025/Documents/06.10-13.10.2025/4Z/109MEDIA/DSCF0068.JPG,DSCF0068.JPG,4Z/109MEDIA,0,Other_Amphibian,0.3642,2981.0,2475.8,3106.9,2624.2
/srv/shared_leopard_toad/2025/Documents/06.10-13.10.2025/4Z/109MEDIA/DSCF0619.JPG,DSCF0619.JPG,4Z/109MEDIA,0,Other_Amphibian,0.3280,2978.8,2456.7,3102.0,2624.2
/srv/shared_leopard_toad/2025/Documents/06.10-13.10.2025/4Z/109MEDIA/DSCF0619.JPG,DSCF0619.JPG,4Z/109MEDIA,0,Other_Amphibian,0.2692,2971.0,2465.7,3102.7,2624.9
/srv/shared_leopard_toad/2025/Documents/06.10-13.10.2025/4Z/109MEDIA/DSCF0619.JPG,DSCF0619.JPG,4Z/109MEDIA,0,Other_Amphibian,0.2107,2972.5,2458.1,3102.6,2629.2
/srv/shared_leopard_toad/2025/Documents/06.10-13.10.2025/4Z/109MEDIA/DSCF0619.JPG,DSCF0619.JPG,4Z/109MEDIA,0,Other_Amphibian,0.2093,3655.6,1646.0,3930.2,1917.6
/srv/shared_leopard_toad/2025/Documents/06.10-13.10.2025/4Z/109MEDIA/DSCF0025.JPG,DSCF0025.JPG,4Z/109MEDIA,0,Other_Amphibian,0.2395,2975.2,2490.2,3105.4,2623.1
/srv/shared_leopard_toad/2025/Documents/06.10-13.10.2025/4Z/109MEDIA/DSCF0025.JPG,DSCF0025.JPG,4Z/109MEDIA,0,Other_Amphibian,0.2394,2972.5,2485.5,3102.4,2631.0
/srv/shared_leopard_toad/2025/Documents/06.10-13.10.2025/4Z/109MEDIA/DSCF0365.JPG,DSCF0365.JPG,4Z/109MEDIA,2,Western_Leopard_Toad,0.3134,3656.0,1647.1,3931.9,1917.7
/srv/shared_leopard_toad/2025/Documents/06.10-13.10.2025/4Z/109MEDIA/DSCF0365.JPG,DSCF0365.JPG,4Z/109MEDIA,0,Other_Amphibian,0.2690,2973.4,2491.1,3104.1,2623.1
/srv/shared_leopard_toad/2025/Documents/06.10-13.10.2025/4Z/109MEDIA/DSCF0693.JPG,DSCF0693.JPG,4Z/109MEDIA,2,Western_Leopard_Toad,0.4757,3637.3,1662.9,3922.7,1922.5
/srv/shared_leopard_toad/2025/Documents/06.10-13.10.2025/4Z/109MEDIA/DSCF0538.JPG,DSCF0538.JPG,4Z/109MEDIA,0,Other_Amphibian,0.2945,2971.3,2482.5,3102.5,2624.3
/srv/shared_leopard_toad/2025/Documents/06.10-13.10.2025/4Z/109MEDIA/DSCF0538.JPG,DSCF0538.JPG,4Z/109MEDIA,0,Other_Amphibian,0.2734,2980.6,2447.6,3103.4,2623.5
/srv/shared_leopard_toad/2025/Documents/06.10-13.10.2025/4Z/109MEDIA/DSCF0538.JPG,DSCF0538.JPG,4Z/109MEDIA,0,Other_Amphibian,0.2263,3655.1,1645.6,3929.8,1917.5
/srv/shared_leopard_toad/2025/Documents/06.10-13.10.2025/4Z/109MEDIA/DSCF0454.JPG,DSCF0454.JPG,4Z/109MEDIA,0,Other_Amphibian,0.2079,2973.3,2479.5,3103.4,2623.7
/srv/shared_leopard_toad/2025/Documents/06.10-13.10.2025/4Z/109MEDIA/DSCF0188.JPG,DSCF0188.JPG,4Z/109MEDIA,0,Other_Amphibian,0.8181,1660.4,1914.8,1840.3,2127.0
/srv/shared_leopard_toad/2025/Documents/06.10-13.10.2025/4Z/109MEDIA/DSCF0188.JPG,DSCF0188.JPG,4Z/109MEDIA,0,Other_Amphibian,0.2629,2975.5,2474.9,3109.9,2622.3
/srv/shared_leopard_toad/2025/Documents/06.10-13.10.2025/4Z/109MEDIA/DSCF0133.JPG,DSCF0133.JPG,4Z/109MEDIA,0,Other_Amphibian,0.2018,2978.2,2453.0,3099.7,2622.1
/srv/shared_leopard_toad/2025/Documents/06.10-13.10.2025/4Z/109MEDIA/DSCF0133.JPG,DSCF0133.JPG,4Z/109MEDIA,0,Other_Amphibian,0.2004,3656.4,1647.0,3928.3,1917.6
/srv/shared_leopard_toad/2025/Documents/06.10-13.10.2025/4Z/109MEDIA/DSCF0181.JPG,DSCF0181.JPG,4Z/109MEDIA,0,Other_Amphibian,0.7748,1665.8,1934.2,1840.9,2139.2
/srv/shared_leopard_toad/2025/Documents/06.10-13.10.2025/4Z/109MEDIA/DSCF0181.JPG,DSCF0181.JPG,4Z/109MEDIA,2,Western_Leopard_Toad,0.2185,3659.4,1648.4,3931.1,1918.5
/srv/shared_leopard_toad/2025/Documents/06.10-13.10.2025/4Z/109MEDIA/DSCF0685.JPG,DSCF0685.JPG,4Z/109MEDIA,2,Western_Leopard_Toad,0.5012,3636.1,1660.5,3922.8,1925.5
/srv/shared_leopard_toad/2025/Documents/06.10-13.10.2025/4Z/109MEDIA/DSCF0209.JPG,DSCF0209.JPG,4Z/109MEDIA,0,Other_Amphibian,0.3590,2967.6,2470.0,3099.6,2621.9
/srv/shared_leopard_toad/2025/Documents/06.10-13.10.2025/4Z/109MEDIA/DSCF0209.JPG,DSCF0209.JPG,4Z/109MEDIA,0,Other_Amphibian,0.3513,2977.8,2452.3,3100.5,2621.0
/srv/shared_leopard_toad/2025/Documents/06.10-13.10.2025/4Z/109MEDIA/DSCF0209.JPG,DSCF0209.JPG,4Z/109MEDIA,0,Other_Amphibian,0.2857,3656.0,1647.3,3930.3,1918.1
/srv/shared_leopard_toad/2025/Documents/06.10-13.10.2025/4Z/109MEDIA/DSCF0550.JPG,DSCF0550.JPG,4Z/109MEDIA,0,Other_Amphibian,0.3615,2970.6,2482.4,3104.6,2624.3
/srv/shared_leopard_toad/2025/Documents/06.10-13.10.2025/4Z/109MEDIA/DSCF0550.JPG,DSCF0550.JPG,4Z/109MEDIA,0,Other_Amphibian,0.3376,2982.9,2461.4,3107.7,2624.3
/srv/shared_leopard_toad/2025/Documents/06.10-13.10.2025/4Z/109MEDIA/DSCF0550.JPG,DSCF0550.JPG,4Z/109MEDIA,0,Other_Amphibian,0.2688,2975.1,2472.0,3106.3,2626.1
/srv/shared_leopard_toad/2025/Documents/06.10-13.10.2025/4Z/109MEDIA/DSCF0015.JPG,DSCF0015.JPG,4Z/109MEDIA,2,Western_Leopard_Toad,0.3484,3656.5,1648.1,3929.5,1917.2
/srv/shared_leopard_toad/2025/Documents/06.10-13.10.2025/4Z/109MEDIA/DSCF0015.JPG,DSCF0015.JPG,4Z/109MEDIA,0,Other_Amphibian,0.2956,2971.6,2486.7,3103.0,2630.4
/srv/shared_leopard_toad/2025/Documents/06.10-13.10.2025/4Z/109MEDIA/DSCF0015.JPG,DSCF0015.JPG,4Z/109MEDIA,0,Other_Amphibian,0.2328,2981.6,2458.7,3101.3,2628.8
/srv/shared_leopard_toad/2025/Documents/06.10-13.10.2025/4Z/109MEDIA/DSCF0612.JPG,DSCF0612.JPG,4Z/109MEDIA,0,Other_Amphibian,0.4103,2971.0,2489.7,3102.7,2624.2
/srv/shared_leopard_toad/2025/Documents/06.10-13.10.2025/4Z/109MEDIA/DSCF0612.JPG,DSCF0612.JPG,4Z/109MEDIA,0,Other_Amphibian,0.2643,2982.6,2483.1,3102.5,2625.3
/srv/shared_leopard_toad/2025/Documents/06.10-13.10.2025/4Z/109MEDIA/DSCF0612.JPG,DSCF0612.JPG,4Z/109MEDIA,0,Other_Amphibian,0.2605,2974.0,2485.8,3102.5,2624.9
/srv/shared_leopard_toad/2025/Documents/06.10-13.10.2025/4Z/109MEDIA/DSCF0633.JPG,DSCF0633.JPG,4Z/109MEDIA,0,Other_Amphibian,0.2092,2978.8,2455.9,3097.3,2623.5
/srv/shared_leopard_toad/2025/Documents/06.10-13.10.2025/4Z/109MEDIA/DSCF0633.JPG,DSCF0633.JPG,4Z/109MEDIA,0,Other_Amphibian,0.2009,2974.1,2480.5,3102.7,2624.1
/srv/shared_leopard_toad/2025/Documents/06.10-13.10.2025/4Z/109MEDIA/DSCF0626.JPG,DSCF0626.JPG,4Z/109MEDIA,0,Other_Amphibian,0.3657,2970.1,2477.4,3104.9,2623.8
/srv/shared_leopard_toad/2025/Documents/06.10-13.10.2025/4Z/109MEDIA/DSCF0626.JPG,DSCF0626.JPG,4Z/109MEDIA,0,Other_Amphibian,0.3571,2972.0,2470.8,3106.5,2630.9
/srv/shared_leopard_toad/2025/Documents/06.10-13.10.2025/4Z/109MEDIA/DSCF0626.JPG,DSCF0626.JPG,4Z/109MEDIA,0,Other_Amphibian,0.2978,2981.8,2470.9,3107.3,2623.7
/srv/shared_leopard_toad/2025/Documents/06.10-13.10.2025/4Z/109MEDIA/DSCF0626.JPG,DSCF0626.JPG,4Z/109MEDIA,2,Western_Leopard_Toad,0.2012,3654.9,1646.9,3928.9,1917.6
/srv/shared_leopard_toad/2025/Documents/06.10-13.10.2025/4Z/109MEDIA/DSCF0076.JPG,DSCF0076.JPG,4Z/109MEDIA,0,Other_Amphibian,0.3346,2971.4,2487.0,3102.8,2618.2
/srv/shared_leopard_toad/2025/Documents/06.10-13.10.2025/4Z/109MEDIA/DSCF0076.JPG,DSCF0076.JPG,4Z/109MEDIA,0,Other_Amphibian,0.2639,2978.8,2475.5,3099.3,2618.2
/srv/shared_leopard_toad/2025/Documents/06.10-13.10.2025/4Z/109MEDIA/DSCF0690.JPG,DSCF0690.JPG,4Z/109MEDIA,2,Western_Leopard_Toad,0.5154,3633.5,1665.4,3922.7,1923.4
/srv/shared_leopard_toad/2025/Documents/06.10-13.10.2025/4Z/109MEDIA/DSCF0690.JPG,DSCF0690.JPG,4Z/109MEDIA,2,Western_Leopard_Toad,0.2979,3638.1,1664.3,3923.6,1919.4
/srv/shared_leopard_toad/2025/Documents/06.10-13.10.2025/4Z/109MEDIA/DSCF0240.JPG,DSCF0240.JPG,4Z/109MEDIA,0,Other_Amphibian,0.3256,2969.6,2483.4,3102.0,2623.7
/srv/shared_leopard_toad/2025/Documents/06.10-13.10.2025/4Z/109MEDIA/DSCF0240.JPG,DSCF0240.JPG,4Z/109MEDIA,0,Other_Amphibian,0.2840,2981.0,2465.2,3103.3,2622.5
/srv/shared_leopard_toad/2025/Documents/06.10-13.10.2025/4Z/109MEDIA/DSCF0302.JPG,DSCF0302.JPG,4Z/109MEDIA,0,Other_Amphibian,0.3290,2974.2,2483.6,3109.3,2628.5
/srv/shared_leopard_toad/2025/Documents/06.10-13.10.2025/4Z/109MEDIA/DSCF0302.JPG,DSCF0302.JPG,4Z/109MEDIA,0,Other_Amphibian,0.3133,2972.5,2488.4,3108.7,2624.0
/srv/shared_leopard_toad/2025/Documents/06.10-13.10.2025/4Z/109MEDIA/DSCF0302.JPG,DSCF0302.JPG,4Z/109MEDIA,0,Other_Amphibian,0.2959,2982.0,2484.7,3108.6,2624.5
/srv/shared_leopard_toad/2025/Documents/06.10-13.10.2025/4Z/109MEDIA/DSCF0232.JPG,DSCF0232.JPG,4Z/109MEDIA,0,Other_Amphibian,0.2456,2970.0,2468.1,3100.3,2620.7
/srv/shared_leopard_toad/2025/Documents/06.10-13.10.2025/4Z/109MEDIA/DSCF0232.JPG,DSCF0232.JPG,4Z/109MEDIA,0,Other_Amphibian,0.2258,2979.2,2460.3,3100.1,2619.6
/srv/shared_leopard_toad/2025/Documents/06.10-13.10.2025/4Z/109MEDIA/DSCF0545.JPG,DSCF0545.JPG,4Z/109MEDIA,0,Other_Amphibian,0.3082,2969.0,2482.1,3101.8,2626.4
/srv/shared_leopard_toad/2025/Documents/06.10-13.10.2025/4Z/109MEDIA/DSCF0545.JPG,DSCF0545.JPG,4Z/109MEDIA,0,Other_Amphibian,0.2723,2980.5,2469.3,3103.6,2626.4
/srv/shared_leopard_toad/2025/Documents/06.10-13.10.2025/4Z/109MEDIA/DSCF0545.JPG,DSCF0545.JPG,4Z/109MEDIA,0,Other_Amphibian,0.2145,3655.0,1644.9,3930.2,1917.8
/srv/shared_leopard_toad/2025/Documents/06.10-13.10.2025/4Z/109MEDIA/DSCF0377.JPG,DSCF0377.JPG,4Z/109MEDIA,0,Other_Amphibian,0.2458,2972.1,2495.3,3100.2,2623.6
/srv/shared_leopard_toad/2025/Documents/06.10-13.10.2025/4Z/109MEDIA/DSCF0705.JPG,DSCF0705.JPG,4Z/109MEDIA,2,Western_Leopard_Toad,0.2130,3631.8,1663.6,3921.3,1924.5
/srv/shared_leopard_toad/2025/Documents/06.10-13.10.2025/4Z/109MEDIA/DSCF0048.JPG,DSCF0048.JPG,4Z/109MEDIA,0,Other_Amphibian,0.2780,2972.2,2491.0,3103.9,2624.0
/srv/shared_leopard_toad/2025/Documents/06.10-13.10.2025/4Z/109MEDIA/DSCF0048.JPG,DSCF0048.JPG,4Z/109MEDIA,0,Other_Amphibian,0.2347,2972.2,2484.7,3102.0,2625.5
/srv/shared_leopard_toad/2025/Documents/06.10-13.10.2025/4Z/109MEDIA/DSCF0048.JPG,DSCF0048.JPG,4Z/109MEDIA,2,Western_Leopard_Toad,0.2167,3655.6,1647.0,3928.6,1917.8
/srv/shared_leopard_toad/2025/Documents/06.10-13.10.2025/4Z/109MEDIA/DSCF0267.JPG,DSCF0267.JPG,4Z/109MEDIA,0,Other_Amphibian,0.2379,2971.6,2468.6,3104.3,2622.8
/srv/shared_leopard_toad/2025/Documents/06.10-13.10.2025/4Z/109MEDIA/DSCF0267.JPG,DSCF0267.JPG,4Z/109MEDIA,0,Other_Amphibian,0.2161,2982.6,2457.8,3103.5,2621.3
/srv/shared_leopard_toad/2025/Documents/06.10-13.10.2025/4Z/109MEDIA/DSCF0319.JPG,DSCF0319.JPG,4Z/109MEDIA,0,Other_Amphibian,0.3513,2971.9,2470.3,3103.9,2624.0
/srv/shared_leopard_toad/2025/Documents/06.10-13.10.2025/4Z/109MEDIA/DSCF0319.JPG,DSCF0319.JPG,4Z/109MEDIA,0,Other_Amphibian,0.3021,2982.9,2460.6,3105.3,2622.6
/srv/shared_leopard_toad/2025/Documents/06.10-13.10.2025/4Z/109MEDIA/DSCF0319.JPG,DSCF0319.JPG,4Z/109MEDIA,0,Other_Amphibian,0.2403,3655.2,1648.4,3929.4,1918.1
/srv/shared_leopard_toad/2025/Documents/06.10-13.10.2025/4Z/109MEDIA/DSCF0150.JPG,DSCF0150.JPG,4Z/109MEDIA,0,Other_Amphibian,0.2918,2971.4,2472.0,3102.1,2620.4
/srv/shared_leopard_toad/2025/Documents/06.10-13.10.2025/4Z/109MEDIA/DSCF0150.JPG,DSCF0150.JPG,4Z/109MEDIA,0,Other_Amphibian,0.2451,2982.1,2460.9,3102.3,2619.2
/srv/shared_leopard_toad/2025/Documents/06.10-13.10.2025/4Z/109MEDIA/DSCF0510.JPG,DSCF0510.JPG,4Z/109MEDIA,0,Other_Amphibian,0.3366,2975.0,2452.8,3101.8,2624.2
/srv/shared_leopard_toad/2025/Documents/06.10-13.10.2025/4Z/109MEDIA/DSCF0510.JPG,DSCF0510.JPG,4Z/109MEDIA,0,Other_Amphibian,0.2926,2967.5,2463.7,3103.3,2625.4
/srv/shared_leopard_toad/2025/Documents/06.10-13.10.2025/4Z/109MEDIA/DSCF0510.JPG,DSCF0510.JPG,4Z/109MEDIA,0,Other_Amphibian,0.2004,3654.8,1646.1,3928.8,1917.2
/srv/shared_leopard_toad/2025/Documents/06.10-13.10.2025/4Z/109MEDIA/DSCF0643.JPG,DSCF0643.JPG,4Z/109MEDIA,0,Other_Amphibian,0.2275,2971.5,2470.9,3103.2,2634.9
/srv/shared_leopard_toad/2025/Documents/06.10-13.10.2025/4Z/109MEDIA/DSCF0323.JPG,DSCF0323.JPG,4Z/109MEDIA,0,Other_Amphibian,0.3985,2970.1,2473.0,3104.1,2626.5
/srv/shared_leopard_toad/2025/Documents/06.10-13.10.2025/4Z/109MEDIA/DSCF0323.JPG,DSCF0323.JPG,4Z/109MEDIA,0,Other_Amphibian,0.3638,2981.6,2459.5,3105.6,2624.9
/srv/shared_leopard_toad/2025/Documents/06.10-13.10.2025/4Z/109MEDIA/DSCF0013.JPG,DSCF0013.JPG,4Z/109MEDIA,0,Other_Amphibian,0.2822,2976.1,2455.5,3099.7,2620.7
/srv/shared_leopard_toad/2025/Documents/06.10-13.10.2025/4Z/109MEDIA/DSCF0013.JPG,DSCF0013.JPG,4Z/109MEDIA,0,Other_Amphibian,0.2791,2968.8,2470.9,3101.0,2620.2
/srv/shared_leopard_toad/2025/Documents/06.10-13.10.2025/4Z/109MEDIA/DSCF0013.JPG,DSCF0013.JPG,4Z/109MEDIA,2,Western_Leopard_Toad,0.2464,3655.4,1646.4,3929.8,1917.2
/srv/shared_leopard_toad/2025/Documents/06.10-13.10.2025/4Z/109MEDIA/DSCF0108.JPG,DSCF0108.JPG,4Z/109MEDIA,0,Other_Amphibian,0.3247,2973.5,2487.8,3102.6,2616.3
/srv/shared_leopard_toad/2025/Documents/06.10-13.10.2025/4Z/109MEDIA/DSCF0108.JPG,DSCF0108.JPG,4Z/109MEDIA,0,Other_Amphibian,0.2394,3656.7,1647.2,3929.3,1918.0
/srv/shared_leopard_toad/2025/Documents/06.10-13.10.2025/4Z/109MEDIA/DSCF0108.JPG,DSCF0108.JPG,4Z/109MEDIA,0,Other_Amphibian,0.2076,2983.2,2479.3,3103.4,2618.0
/srv/shared_leopard_toad/2025/Documents/06.10-13.10.2025/4Z/109MEDIA/DSCF0277.JPG,DSCF0277.JPG,4Z/109MEDIA,0,Other_Amphibian,0.2637,2971.3,2472.9,3100.5,2622.7
/srv/shared_leopard_toad/2025/Documents/06.10-13.10.2025/4Z/109MEDIA/DSCF0277.JPG,DSCF0277.JPG,4Z/109MEDIA,0,Other_Amphibian,0.2045,2980.8,2462.6,3100.0,2621.2
/srv/shared_leopard_toad/2025/Documents/06.10-13.10.2025/4Z/109MEDIA/DSCF0153.JPG,DSCF0153.JPG,4Z/109MEDIA,0,Other_Amphibian,0.3299,2970.1,2483.1,3104.8,2629.0
/srv/shared_leopard_toad/2025/Documents/06.10-13.10.2025/4Z/109MEDIA/DSCF0153.JPG,DSCF0153.JPG,4Z/109MEDIA,0,Other_Amphibian,0.2667,2972.0,2478.7,3105.6,2630.8
/srv/shared_leopard_toad/2025/Documents/06.10-13.10.2025/4Z/109MEDIA/DSCF0153.JPG,DSCF0153.JPG,4Z/109MEDIA,0,Other_Amphibian,0.2606,2981.6,2471.0,3105.0,2628.4
/srv/shared_leopard_toad/2025/Documents/06.10-13.10.2025/4Z/109MEDIA/DSCF0079.JPG,DSCF0079.JPG,4Z/109MEDIA,0,Other_Amphibian,0.3640,2970.0,2477.8,3103.5,2620.5
/srv/shared_leopard_toad/2025/Documents/06.10-13.10.2025/4Z/109MEDIA/DSCF0079.JPG,DSCF0079.JPG,4Z/109MEDIA,0,Other_Amphibian,0.2881,2981.8,2469.9,3105.7,2620.3
/srv/shared_leopard_toad/2025/Documents/06.10-13.10.2025/4Z/109MEDIA/DSCF0610.JPG,DSCF0610.JPG,4Z/109MEDIA,0,Other_Amphibian,0.3008,2978.3,2451.1,3100.8,2622.8
/srv/shared_leopard_toad/2025/Documents/06.10-13.10.2025/4Z/109MEDIA/DSCF0610.JPG,DSCF0610.JPG,4Z/109MEDIA,0,Other_Amphibian,0.2264,2971.5,2476.5,3102.2,2622.2
/srv/shared_leopard_toad/2025/Documents/06.10-13.10.2025/4Z/109MEDIA/DSCF0692.JPG,DSCF0692.JPG,4Z/109MEDIA,2,Western_Leopard_Toad,0.5333,3639.0,1664.0,3923.7,1921.3
/srv/shared_leopard_toad/2025/Documents/06.10-13.10.2025/4Z/109MEDIA/DSCF0692.JPG,DSCF0692.JPG,4Z/109MEDIA,0,Other_Amphibian,0.2354,4687.4,1024.4,4772.4,1135.6
/srv/shared_leopard_toad/2025/Documents/06.10-13.10.2025/4Z/109MEDIA/DSCF0542.JPG,DSCF0542.JPG,4Z/109MEDIA,0,Other_Amphibian,0.2981,2980.6,2455.9,3103.2,2624.2
/srv/shared_leopard_toad/2025/Documents/06.10-13.10.2025/4Z/109MEDIA/DSCF0542.JPG,DSCF0542.JPG,4Z/109MEDIA,0,Other_Amphibian,0.2865,2971.5,2479.7,3105.3,2624.8
/srv/shared_leopard_toad/2025/Documents/06.10-13.10.2025/4Z/109MEDIA/DSCF0542.JPG,DSCF0542.JPG,4Z/109MEDIA,0,Other_Amphibian,0.2746,3654.5,1646.7,3931.6,1917.5
/srv/shared_leopard_toad/2025/Documents/06.10-13.10.2025/4Z/109MEDIA/DSCF0542.JPG,DSCF0542.JPG,4Z/109MEDIA,0,Other_Amphibian,0.2440,2975.1,2465.0,3104.6,2626.3
/srv/shared_leopard_toad/2025/Documents/06.10-13.10.2025/4Z/109MEDIA/DSCF0708.JPG,DSCF0708.JPG,4Z/109MEDIA,2,Western_Leopard_Toad,0.2524,3636.4,1662.4,3920.4,1922.2
/srv/shared_leopard_toad/2025/Documents/06.10-13.10.2025/4Z/109MEDIA/DSCF0119.JPG,DSCF0119.JPG,4Z/109MEDIA,0,Other_Amphibian,0.2967,2979.7,2453.6,3103.0,2617.8
/srv/shared_leopard_toad/2025/Documents/06.10-13.10.2025/4Z/109MEDIA/DSCF0119.JPG,DSCF0119.JPG,4Z/109MEDIA,0,Other_Amphibian,0.2032,3651.5,1647.5,3926.4,1917.3
/srv/shared_leopard_toad/2025/Documents/06.10-13.10.2025/4Z/109MEDIA/DSCF0408.JPG,DSCF0408.JPG,4Z/109MEDIA,0,Other_Amphibian,0.3358,2970.2,2472.6,3104.6,2621.7
/srv/shared_leopard_toad/2025/Documents/06.10-13.10.2025/4Z/109MEDIA/DSCF0408.JPG,DSCF0408.JPG,4Z/109MEDIA,0,Other_Amphibian,0.3127,2980.9,2467.0,3105.0,2620.3
/srv/shared_leopard_toad/2025/Documents/06.10-13.10.2025/4Z/109MEDIA/DSCF0469.JPG,DSCF0469.JPG,4Z/109MEDIA,0,Other_Amphibian,0.4160,2976.6,2450.7,3105.5,2620.8
/srv/shared_leopard_toad/2025/Documents/06.10-13.10.2025/4Z/109MEDIA/DSCF0469.JPG,DSCF0469.JPG,4Z/109MEDIA,0,Other_Amphibian,0.3766,2967.7,2464.4,3106.1,2620.9
/srv/shared_leopard_toad/2025/Documents/06.10-13.10.2025/4Z/109MEDIA/DSCF0098.JPG,DSCF0098.JPG,4Z/109MEDIA,0,Other_Amphibian,0.3247,2971.9,2481.8,3101.3,2624.1
/srv/shared_leopard_toad/2025/Documents/06.10-13.10.2025/4Z/109MEDIA/DSCF0098.JPG,DSCF0098.JPG,4Z/109MEDIA,0,Other_Amphibian,0.2411,2981.1,2453.2,3100.9,2622.7
/srv/shared_leopard_toad/2025/Documents/06.10-13.10.2025/4Z/109MEDIA/DSCF0214.JPG,DSCF0214.JPG,4Z/109MEDIA,2,Western_Leopard_Toad,0.2293,3652.6,1646.7,3928.6,1918.6
/srv/shared_leopard_toad/2025/Documents/06.10-13.10.2025/4Z/109MEDIA/DSCF0214.JPG,DSCF0214.JPG,4Z/109MEDIA,0,Other_Amphibian,0.2183,2975.7,2443.2,3099.4,2619.4
/srv/shared_leopard_toad/2025/Documents/06.10-13.10.2025/4Z/109MEDIA/DSCF0627.JPG,DSCF0627.JPG,4Z/109MEDIA,0,Other_Amphibian,0.2835,2978.4,2452.4,3102.4,2622.9
/srv/shared_leopard_toad/2025/Documents/06.10-13.10.2025/4Z/109MEDIA/DSCF0627.JPG,DSCF0627.JPG,4Z/109MEDIA,0,Other_Amphibian,0.2518,2970.1,2463.9,3103.7,2622.9
/srv/shared_leopard_toad/2025/Documents/06.10-13.10.2025/4Z/109MEDIA/DSCF0425.JPG,DSCF0425.JPG,4Z/109MEDIA,0,Other_Amphibian,0.3638,2969.9,2469.7,3105.5,2626.0
/srv/shared_leopard_toad/2025/Documents/06.10-13.10.2025/4Z/109MEDIA/DSCF0425.JPG,DSCF0425.JPG,4Z/109MEDIA,0,Other_Amphibian,0.3251,2979.4,2464.5,3105.4,2623.7
/srv/shared_leopard_toad/2025/Documents/06.10-13.10.2025/4Z/109MEDIA/DSCF0425.JPG,DSCF0425.JPG,4Z/109MEDIA,0,Other_Amphibian,0.2778,2971.8,2464.9,3106.2,2629.8
/srv/shared_leopard_toad/2025/Documents/06.10-13.10.2025/4Z/109MEDIA/DSCF0420.JPG,DSCF0420.JPG,4Z/109MEDIA,0,Other_Amphibian,0.3092,2970.4,2482.7,3103.9,2621.8
/srv/shared_leopard_toad/2025/Documents/06.10-13.10.2025/4Z/109MEDIA/DSCF0420.JPG,DSCF0420.JPG,4Z/109MEDIA,0,Other_Amphibian,0.2785,2982.0,2469.9,3106.1,2621.9
/srv/shared_leopard_toad/2025/Documents/06.10-13.10.2025/4Z/109MEDIA/DSCF0205.JPG,DSCF0205.JPG,4Z/109MEDIA,0,Other_Amphibian,0.3473,2970.0,2469.4,3099.3,2622.5
/srv/shared_leopard_toad/2025/Documents/06.10-13.10.2025/4Z/109MEDIA/DSCF0205.JPG,DSCF0205.JPG,4Z/109MEDIA,0,Other_Amphibian,0.2561,2982.0,2454.3,3100.9,2621.2
/srv/shared_leopard_toad/2025/Documents/06.10-13.10.2025/4Z/109MEDIA/DSCF0540.JPG,DSCF0540.JPG,4Z/109MEDIA,0,Other_Amphibian,0.2480,2973.2,2481.9,3102.7,2629.1
/srv/shared_leopard_toad/2025/Documents/06.10-13.10.2025/4Z/109MEDIA/DSCF0540.JPG,DSCF0540.JPG,4Z/109MEDIA,0,Other_Amphibian,0.2428,2972.7,2489.8,3102.5,2621.6
/srv/shared_leopard_toad/2025/Documents/06.10-13.10.2025/4Z/109MEDIA/DSCF0618.JPG,DSCF0618.JPG,4Z/109MEDIA,0,Other_Amphibian,0.2117,2974.1,2494.1,3102.5,2623.8
/srv/shared_leopard_toad/2025/Documents/06.10-13.10.2025/4Z/109MEDIA/DSCF0112.JPG,DSCF0112.JPG,4Z/109MEDIA,0,Other_Amphibian,0.2370,2973.6,2479.0,3103.3,2627.5
/srv/shared_leopard_toad/2025/Documents/06.10-13.10.2025/4Z/109MEDIA/DSCF0112.JPG,DSCF0112.JPG,4Z/109MEDIA,0,Other_Amphibian,0.2030,2980.9,2465.6,3100.5,2626.8
/srv/shared_leopard_toad/2025/Documents/06.10-13.10.2025/4Z/109MEDIA/DSCF0584.JPG,DSCF0584.JPG,4Z/109MEDIA,0,Other_Amphibian,0.4311,2970.3,2480.1,3105.7,2619.4
/srv/shared_leopard_toad/2025/Documents/06.10-13.10.2025/4Z/109MEDIA/DSCF0584.JPG,DSCF0584.JPG,4Z/109MEDIA,0,Other_Amphibian,0.3634,2983.0,2473.1,3107.9,2620.2
/srv/shared_leopard_toad/2025/Documents/06.10-13.10.2025/4Z/109MEDIA/DSCF0584.JPG,DSCF0584.JPG,4Z/109MEDIA,0,Other_Amphibian,0.2786,2973.4,2473.2,3106.2,2623.4
/srv/shared_leopard_toad/2025/Documents/06.10-13.10.2025/4Z/109MEDIA/DSCF0111.JPG,DSCF0111.JPG,4Z/109MEDIA,0,Other_Amphibian,0.2479,2972.1,2492.6,3100.6,2620.6
/srv/shared_leopard_toad/2025/Documents/06.10-13.10.2025/4Z/109MEDIA/DSCF0263.JPG,DSCF0263.JPG,4Z/109MEDIA,0,Other_Amphibian,0.4215,2970.1,2471.0,3105.0,2620.5
/srv/shared_leopard_toad/2025/Documents/06.10-13.10.2025/4Z/109MEDIA/DSCF0263.JPG,DSCF0263.JPG,4Z/109MEDIA,0,Other_Amphibian,0.3872,2981.0,2464.9,3106.9,2620.0
/srv/shared_leopard_toad/2025/Documents/06.10-13.10.2025/4Z/109MEDIA/DSCF0586.JPG,DSCF0586.JPG,4Z/109MEDIA,0,Other_Amphibian,0.3596,2971.1,2490.7,3100.4,2620.9
/srv/shared_leopard_toad/2025/Documents/06.10-13.10.2025/4Z/109MEDIA/DSCF0586.JPG,DSCF0586.JPG,4Z/109MEDIA,0,Other_Amphibian,0.2376,2967.4,2486.4,3096.5,2627.3
/srv/shared_leopard_toad/2025/Documents/06.10-13.10.2025/4Z/109MEDIA/DSCF0586.JPG,DSCF0586.JPG,4Z/109MEDIA,0,Other_Amphibian,0.2332,2978.5,2483.5,3099.3,2623.4
/srv/shared_leopard_toad/2025/Documents/06.10-13.10.2025/4Z/109MEDIA/DSCF0349.JPG,DSCF0349.JPG,4Z/109MEDIA,0,Other_Amphibian,0.4283,2972.1,2486.3,3102.5,2616.1
/srv/shared_leopard_toad/2025/Documents/06.10-13.10.2025/4Z/109MEDIA/DSCF0349.JPG,DSCF0349.JPG,4Z/109MEDIA,0,Other_Amphibian,0.3428,2983.6,2479.2,3106.1,2617.4
/srv/shared_leopard_toad/2025/Documents/06.10-13.10.2025/4Z/109MEDIA/DSCF0349.JPG,DSCF0349.JPG,4Z/109MEDIA,0,Other_Amphibian,0.2294,2965.4,2479.0,3096.6,2621.4
/srv/shared_leopard_toad/2025/Documents/06.10-13.10.2025/4Z/109MEDIA/DSCF0555.JPG,DSCF0555.JPG,4Z/109MEDIA,0,Other_Amphibian,0.2689,2972.0,2471.5,3101.2,2629.1
/srv/shared_leopard_toad/2025/Documents/06.10-13.10.2025/4Z/109MEDIA/DSCF0555.JPG,DSCF0555.JPG,4Z/109MEDIA,0,Other_Amphibian,0.2665,2970.0,2480.8,3100.8,2626.3
/srv/shared_leopard_toad/2025/Documents/06.10-13.10.2025/4Z/109MEDIA/DSCF0555.JPG,DSCF0555.JPG,4Z/109MEDIA,0,Other_Amphibian,0.2625,2980.5,2462.3,3102.1,2624.9
/srv/shared_leopard_toad/2025/Documents/06.10-13.10.2025/4Z/109MEDIA/DSCF0695.JPG,DSCF0695.JPG,4Z/109MEDIA,2,Western_Leopard_Toad,0.3572,3634.0,1663.7,3921.4,1924.0
/srv/shared_leopard_toad/2025/Documents/06.10-13.10.2025/4Z/109MEDIA/DSCF0229.JPG,DSCF0229.JPG,4Z/109MEDIA,0,Other_Amphibian,0.3228,2972.4,2492.0,3103.4,2619.3
/srv/shared_leopard_toad/2025/Documents/06.10-13.10.2025/4Z/109MEDIA/DSCF0229.JPG,DSCF0229.JPG,4Z/109MEDIA,0,Other_Amphibian,0.2927,2969.9,2487.4,3103.4,2630.8
/srv/shared_leopard_toad/2025/Documents/06.10-13.10.2025/4Z/109MEDIA/DSCF0229.JPG,DSCF0229.JPG,4Z/109MEDIA,0,Other_Amphibian,0.2430,2979.1,2491.2,3102.3,2621.8
/srv/shared_leopard_toad/2025/Documents/06.10-13.10.2025/4Z/109MEDIA/DSCF0657.JPG,DSCF0657.JPG,4Z/109MEDIA,2,Western_Leopard_Toad,0.8143,3637.9,1658.7,3931.3,1920.0
/srv/shared_leopard_toad/2025/Documents/06.10-13.10.2025/4Z/109MEDIA/DSCF0163.JPG,DSCF0163.JPG,4Z/109MEDIA,0,Other_Amphibian,0.2138,2984.0,2458.6,3100.9,2619.3
/srv/shared_leopard_toad/2025/Documents/06.10-13.10.2025/4Z/109MEDIA/DSCF0587.JPG,DSCF0587.JPG,4Z/109MEDIA,0,Other_Amphibian,0.3630,2970.2,2479.3,3102.4,2623.1
/srv/shared_leopard_toad/2025/Documents/06.10-13.10.2025/4Z/109MEDIA/DSCF0587.JPG,DSCF0587.JPG,4Z/109MEDIA,0,Other_Amphibian,0.3213,2972.8,2470.7,3104.2,2628.6
/srv/shared_leopard_toad/2025/Documents/06.10-13.10.2025/4Z/109MEDIA/DSCF0587.JPG,DSCF0587.JPG,4Z/109MEDIA,0,Other_Amphibian,0.3094,2982.3,2469.1,3105.7,2622.5
/srv/shared_leopard_toad/2025/Documents/06.10-13.10.2025/4Z/109MEDIA/DSCF0711.JPG,DSCF0711.JPG,4Z/109MEDIA,2,Western_Leopard_Toad,0.4559,3636.4,1664.8,3920.6,1922.2
/srv/shared_leopard_toad/2025/Documents/06.10-13.10.2025/4Z/109MEDIA/DSCF0563.JPG,DSCF0563.JPG,4Z/109MEDIA,0,Other_Amphibian,0.2566,2973.4,2486.7,3105.6,2622.4
/srv/shared_leopard_toad/2025/Documents/06.10-13.10.2025/4Z/109MEDIA/DSCF0563.JPG,DSCF0563.JPG,4Z/109MEDIA,0,Other_Amphibian,0.2210,2972.8,2478.0,3103.0,2627.1
/srv/shared_leopard_toad/2025/Documents/06.10-13.10.2025/4Z/109MEDIA/DSCF0283.JPG,DSCF0283.JPG,4Z/109MEDIA,0,Other_Amphibian,0.3220,2976.6,2438.2,3100.9,2620.8
/srv/shared_leopard_toad/2025/Documents/06.10-13.10.2025/4Z/109MEDIA/DSCF0283.JPG,DSCF0283.JPG,4Z/109MEDIA,0,Other_Amphibian,0.2611,2968.2,2470.6,3100.9,2619.2
/srv/shared_leopard_toad/2025/Documents/06.10-13.10.2025/4Z/109MEDIA/DSCF0283.JPG,DSCF0283.JPG,4Z/109MEDIA,0,Other_Amphibian,0.2396,3655.2,1647.2,3930.8,1916.6
/srv/shared_leopard_toad/2025/Documents/06.10-13.10.2025/4Z/109MEDIA/DSCF0470.JPG,DSCF0470.JPG,4Z/109MEDIA,0,Other_Amphibian,0.2724,2969.9,2470.1,3103.5,2624.5
/srv/shared_leopard_toad/2025/Documents/06.10-13.10.2025/4Z/109MEDIA/DSCF0470.JPG,DSCF0470.JPG,4Z/109MEDIA,0,Other_Amphibian,0.2275,2980.5,2455.9,3104.1,2623.1
/srv/shared_leopard_toad/2025/Documents/06.10-13.10.2025/4Z/109MEDIA/DSCF0710.JPG,DSCF0710.JPG,4Z/109MEDIA,2,Western_Leopard_Toad,0.4769,3634.6,1665.1,3923.6,1923.2
/srv/shared_leopard_toad/2025/Documents/06.10-13.10.2025/4Z/109MEDIA/DSCF0406.JPG,DSCF0406.JPG,4Z/109MEDIA,0,Other_Amphibian,0.2386,2982.5,2463.8,3104.1,2620.2
/srv/shared_leopard_toad/2025/Documents/06.10-13.10.2025/4Z/109MEDIA/DSCF0406.JPG,DSCF0406.JPG,4Z/109MEDIA,0,Other_Amphibian,0.2190,3655.7,1647.4,3930.8,1917.8
/srv/shared_leopard_toad/2025/Documents/06.10-13.10.2025/4Z/109MEDIA/DSCF0406.JPG,DSCF0406.JPG,4Z/109MEDIA,0,Other_Amphibian,0.2012,2972.3,2475.0,3103.6,2620.9
/srv/shared_leopard_toad/2025/Documents/06.10-13.10.2025/4Z/109MEDIA/DSCF0128.JPG,DSCF0128.JPG,4Z/109MEDIA,0,Other_Amphibian,0.3373,2968.0,2457.0,3106.9,2637.6
/srv/shared_leopard_toad/2025/Documents/06.10-13.10.2025/4Z/109MEDIA/DSCF0128.JPG,DSCF0128.JPG,4Z/109MEDIA,0,Other_Amphibian,0.2884,2977.1,2451.8,3105.5,2628.9
/srv/shared_leopard_toad/2025/Documents/06.10-13.10.2025/4Z/109MEDIA/DSCF0128.JPG,DSCF0128.JPG,4Z/109MEDIA,0,Other_Amphibian,0.2487,2970.8,2463.9,3108.1,2628.6
/srv/shared_leopard_toad/2025/Documents/06.10-13.10.2025/4Z/109MEDIA/DSCF0265.JPG,DSCF0265.JPG,4Z/109MEDIA,0,Other_Amphibian,0.2829,2972.9,2491.6,3102.8,2622.0
/srv/shared_leopard_toad/2025/Documents/06.10-13.10.2025/4Z/109MEDIA/DSCF0022.JPG,DSCF0022.JPG,4Z/109MEDIA,0,Other_Amphibian,0.3152,2970.4,2487.5,3103.1,2622.6
/srv/shared_leopard_toad/2025/Documents/06.10-13.10.2025/4Z/109MEDIA/DSCF0022.JPG,DSCF0022.JPG,4Z/109MEDIA,0,Other_Amphibian,0.2344,2981.9,2477.6,3103.6,2623.7
/srv/shared_leopard_toad/2025/Documents/06.10-13.10.2025/4Z/109MEDIA/DSCF0389.JPG,DSCF0389.JPG,4Z/109MEDIA,0,Other_Amphibian,0.2199,3656.6,1646.3,3927.6,1917.4
/srv/shared_leopard_toad/2025/Documents/06.10-13.10.2025/4Z/109MEDIA/DSCF0198.JPG,DSCF0198.JPG,4Z/109MEDIA,0,Other_Amphibian,0.7010,1672.5,1827.7,1827.8,2018.6
/srv/shared_leopard_toad/2025/Documents/06.10-13.10.2025/4Z/109MEDIA/DSCF0198.JPG,DSCF0198.JPG,4Z/109MEDIA,0,Other_Amphibian,0.2794,2980.3,2453.2,3105.8,2620.7
/srv/shared_leopard_toad/2025/Documents/06.10-13.10.2025/4Z/109MEDIA/DSCF0379.JPG,DSCF0379.JPG,4Z/109MEDIA,0,Other_Amphibian,0.4597,2981.8,2472.3,3106.7,2620.1
/srv/shared_leopard_toad/2025/Documents/06.10-13.10.2025/4Z/109MEDIA/DSCF0379.JPG,DSCF0379.JPG,4Z/109MEDIA,0,Other_Amphibian,0.4435,2971.2,2479.4,3104.6,2620.1
/srv/shared_leopard_toad/2025/Documents/06.10-13.10.2025/4Z/109MEDIA/DSCF0011.JPG,DSCF0011.JPG,4Z/109MEDIA,0,Other_Amphibian,0.3186,2971.1,2485.5,3100.7,2622.0
/srv/shared_leopard_toad/2025/Documents/06.10-13.10.2025/4Z/109MEDIA/DSCF0011.JPG,DSCF0011.JPG,4Z/109MEDIA,0,Other_Amphibian,0.2240,2980.6,2468.3,3100.4,2621.3
/srv/shared_leopard_toad/2025/Documents/06.10-13.10.2025/4Z/109MEDIA/DSCF0570.JPG,DSCF0570.JPG,4Z/109MEDIA,0,Other_Amphibian,0.3790,2967.8,2481.1,3101.4,2625.7
/srv/shared_leopard_toad/2025/Documents/06.10-13.10.2025/4Z/109MEDIA/DSCF0570.JPG,DSCF0570.JPG,4Z/109MEDIA,0,Other_Amphibian,0.2997,2981.1,2466.4,3103.7,2624.6
/srv/shared_leopard_toad/2025/Documents/06.10-13.10.2025/4Z/109MEDIA/DSCF0570.JPG,DSCF0570.JPG,4Z/109MEDIA,0,Other_Amphibian,0.2791,2972.5,2473.0,3103.2,2627.2
/srv/shared_leopard_toad/2025/Documents/06.10-13.10.2025/4Z/109MEDIA/DSCF0073.JPG,DSCF0073.JPG,4Z/109MEDIA,0,Other_Amphibian,0.3891,2969.2,2467.6,3104.4,2624.7
/srv/shared_leopard_toad/2025/Documents/06.10-13.10.2025/4Z/109MEDIA/DSCF0073.JPG,DSCF0073.JPG,4Z/109MEDIA,0,Other_Amphibian,0.3713,2979.6,2461.9,3103.6,2622.4
/srv/shared_leopard_toad/2025/Documents/06.10-13.10.2025/4Z/109MEDIA/DSCF0183.JPG,DSCF0183.JPG,4Z/109MEDIA,0,Other_Amphibian,0.8271,1659.8,1911.5,1841.0,2126.8
/srv/shared_leopard_toad/2025/Documents/06.10-13.10.2025/4Z/109MEDIA/DSCF0687.JPG,DSCF0687.JPG,4Z/109MEDIA,2,Western_Leopard_Toad,0.7001,3637.4,1661.4,3923.5,1924.4
/srv/shared_leopard_toad/2025/Documents/06.10-13.10.2025/4Z/109MEDIA/DSCF0370.JPG,DSCF0370.JPG,4Z/109MEDIA,0,Other_Amphibian,0.2667,2972.0,2483.6,3101.5,2624.4
/srv/shared_leopard_toad/2025/Documents/06.10-13.10.2025/4Z/109MEDIA/DSCF0289.JPG,DSCF0289.JPG,4Z/109MEDIA,0,Other_Amphibian,0.2279,2974.0,2488.3,3104.9,2626.2
/srv/shared_leopard_toad/2025/Documents/06.10-13.10.2025/4Z/109MEDIA/DSCF0289.JPG,DSCF0289.JPG,4Z/109MEDIA,0,Other_Amphibian,0.2016,2971.1,2483.0,3102.3,2629.5
/srv/shared_leopard_toad/2025/Documents/06.10-13.10.2025/4Z/109MEDIA/DSCF0017.JPG,DSCF0017.JPG,4Z/109MEDIA,0,Other_Amphibian,0.3431,2971.6,2471.6,3100.6,2620.6
/srv/shared_leopard_toad/2025/Documents/06.10-13.10.2025/4Z/109MEDIA/DSCF0017.JPG,DSCF0017.JPG,4Z/109MEDIA,0,Other_Amphibian,0.2920,2982.3,2466.2,3100.9,2618.7
/srv/shared_leopard_toad/2025/Documents/06.10-13.10.2025/4Z/109MEDIA/DSCF0440.JPG,DSCF0440.JPG,4Z/109MEDIA,0,Other_Amphibian,0.3335,2977.5,2443.3,3103.3,2621.6
/srv/shared_leopard_toad/2025/Documents/06.10-13.10.2025/4Z/109MEDIA/DSCF0440.JPG,DSCF0440.JPG,4Z/109MEDIA,0,Other_Amphibian,0.3312,2966.6,2467.8,3101.7,2620.9
/srv/shared_leopard_toad/2025/Documents/06.10-13.10.2025/4Z/109MEDIA/DSCF0703.JPG,DSCF0703.JPG,4Z/109MEDIA,0,Other_Amphibian,0.2068,4690.3,1027.8,4778.3,1139.2
/srv/shared_leopard_toad/2025/Documents/06.10-13.10.2025/4Z/109MEDIA/DSCF0075.JPG,DSCF0075.JPG,4Z/109MEDIA,0,Other_Amphibian,0.2746,2979.1,2451.3,3100.9,2620.5
/srv/shared_leopard_toad/2025/Documents/06.10-13.10.2025/4Z/109MEDIA/DSCF0075.JPG,DSCF0075.JPG,4Z/109MEDIA,0,Other_Amphibian,0.2419,2970.8,2474.0,3103.2,2621.7
/srv/shared_leopard_toad/2025/Documents/06.10-13.10.2025/4Z/109MEDIA/DSCF0571.JPG,DSCF0571.JPG,4Z/109MEDIA,0,Other_Amphibian,0.2918,2971.7,2484.0,3103.9,2625.2
/srv/shared_leopard_toad/2025/Documents/06.10-13.10.2025/4Z/109MEDIA/DSCF0571.JPG,DSCF0571.JPG,4Z/109MEDIA,0,Other_Amphibian,0.2578,2981.3,2469.7,3102.1,2625.4
/srv/shared_leopard_toad/2025/Documents/06.10-13.10.2025/4Z/109MEDIA/DSCF0571.JPG,DSCF0571.JPG,4Z/109MEDIA,0,Other_Amphibian,0.2196,2972.9,2474.5,3102.5,2626.2
/srv/shared_leopard_toad/2025/Documents/06.10-13.10.2025/4Z/109MEDIA/DSCF0571.JPG,DSCF0571.JPG,4Z/109MEDIA,0,Other_Amphibian,0.2191,3655.6,1646.1,3927.8,1917.7
/srv/shared_leopard_toad/2025/Documents/06.10-13.10.2025/4Z/109MEDIA/DSCF0375.JPG,DSCF0375.JPG,4Z/109MEDIA,0,Other_Amphibian,0.2644,2971.4,2481.4,3102.7,2620.9
/srv/shared_leopard_toad/2025/Documents/06.10-13.10.2025/4Z/109MEDIA/DSCF0375.JPG,DSCF0375.JPG,4Z/109MEDIA,0,Other_Amphibian,0.2345,2980.2,2473.1,3100.6,2620.5
/srv/shared_leopard_toad/2025/Documents/06.10-13.10.2025/4Z/109MEDIA/DSCF0639.JPG,DSCF0639.JPG,4Z/109MEDIA,0,Other_Amphibian,0.3565,2971.4,2480.6,3104.9,2631.6
/srv/shared_leopard_toad/2025/Documents/06.10-13.10.2025/4Z/109MEDIA/DSCF0639.JPG,DSCF0639.JPG,4Z/109MEDIA,0,Other_Amphibian,0.3106,2970.5,2486.5,3102.8,2627.7
/srv/shared_leopard_toad/2025/Documents/06.10-13.10.2025/4Z/109MEDIA/DSCF0639.JPG,DSCF0639.JPG,4Z/109MEDIA,0,Other_Amphibian,0.2550,2980.1,2473.8,3102.8,2629.0
/srv/shared_leopard_toad/2025/Documents/06.10-13.10.2025/4Z/109MEDIA/DSCF0104.JPG,DSCF0104.JPG,4Z/109MEDIA,0,Other_Amphibian,0.2027,3653.6,1645.5,3929.3,1918.2
/srv/shared_leopard_toad/2025/Documents/06.10-13.10.2025/4Z/109MEDIA/DSCF0316.JPG,DSCF0316.JPG,4Z/109MEDIA,0,Other_Amphibian,0.2020,2971.8,2488.0,3098.9,2622.4
/srv/shared_leopard_toad/2025/Documents/06.10-13.10.2025/4Z/109MEDIA/DSCF0043.JPG,DSCF0043.JPG,4Z/109MEDIA,0,Other_Amphibian,0.2831,2972.4,2476.3,3105.8,2631.3
/srv/shared_leopard_toad/2025/Documents/06.10-13.10.2025/4Z/109MEDIA/DSCF0043.JPG,DSCF0043.JPG,4Z/109MEDIA,0,Other_Amphibian,0.2739,2980.8,2470.5,3105.3,2626.9
/srv/shared_leopard_toad/2025/Documents/06.10-13.10.2025/4Z/109MEDIA/DSCF0043.JPG,DSCF0043.JPG,4Z/109MEDIA,0,Other_Amphibian,0.2426,2972.7,2482.0,3107.5,2626.3
/srv/shared_leopard_toad/2025/Documents/06.10-13.10.2025/4Z/109MEDIA/DSCF0275.JPG,DSCF0275.JPG,4Z/109MEDIA,0,Other_Amphibian,0.3381,2969.6,2484.4,3102.2,2626.2
/srv/shared_leopard_toad/2025/Documents/06.10-13.10.2025/4Z/109MEDIA/DSCF0275.JPG,DSCF0275.JPG,4Z/109MEDIA,0,Other_Amphibian,0.3239,2969.3,2477.7,3103.2,2633.6
/srv/shared_leopard_toad/2025/Documents/06.10-13.10.2025/4Z/109MEDIA/DSCF0275.JPG,DSCF0275.JPG,4Z/109MEDIA,0,Other_Amphibian,0.2851,2980.5,2473.8,3103.3,2626.5
/srv/shared_leopard_toad/2025/Documents/06.10-13.10.2025/4Z/109MEDIA/DSCF0245.JPG,DSCF0245.JPG,4Z/109MEDIA,0,Other_Amphibian,0.4535,2977.5,2458.7,3106.2,2619.3
/srv/shared_leopard_toad/2025/Documents/06.10-13.10.2025/4Z/109MEDIA/DSCF0245.JPG,DSCF0245.JPG,4Z/109MEDIA,0,Other_Amphibian,0.4528,2967.8,2463.1,3105.3,2619.5
/srv/shared_leopard_toad/2025/Documents/06.10-13.10.2025/4Z/109MEDIA/DSCF0245.JPG,DSCF0245.JPG,4Z/109MEDIA,0,Other_Amphibian,0.2030,3655.3,1647.6,3929.6,1919.1
/srv/shared_leopard_toad/2025/Documents/06.10-13.10.2025/4Z/109MEDIA/DSCF0603.JPG,DSCF0603.JPG,4Z/109MEDIA,0,Other_Amphibian,0.3027,2970.2,2485.5,3098.7,2622.3
/srv/shared_leopard_toad/2025/Documents/06.10-13.10.2025/4Z/109MEDIA/DSCF0603.JPG,DSCF0603.JPG,4Z/109MEDIA,0,Other_Amphibian,0.2347,2970.7,2478.2,3099.7,2628.5
/srv/shared_leopard_toad/2025/Documents/06.10-13.10.2025/4Z/109MEDIA/DSCF0492.JPG,DSCF0492.JPG,4Z/109MEDIA,0,Other_Amphibian,0.3050,2971.6,2480.1,3103.1,2627.6
/srv/shared_leopard_toad/2025/Documents/06.10-13.10.2025/4Z/109MEDIA/DSCF0492.JPG,DSCF0492.JPG,4Z/109MEDIA,0,Other_Amphibian,0.2421,2982.1,2468.3,3104.3,2627.3
/srv/shared_leopard_toad/2025/Documents/06.10-13.10.2025/4Z/109MEDIA/DSCF0530.JPG,DSCF0530.JPG,4Z/109MEDIA,0,Other_Amphibian,0.4278,2976.0,2449.1,3102.8,2619.0
/srv/shared_leopard_toad/2025/Documents/06.10-13.10.2025/4Z/109MEDIA/DSCF0530.JPG,DSCF0530.JPG,4Z/109MEDIA,0,Other_Amphibian,0.3592,2969.0,2460.9,3103.0,2619.2
/srv/shared_leopard_toad/2025/Documents/06.10-13.10.2025/4Z/109MEDIA/DSCF0521.JPG,DSCF0521.JPG,4Z/109MEDIA,0,Other_Amphibian,0.2979,2972.7,2485.6,3103.0,2620.1
/srv/shared_leopard_toad/2025/Documents/06.10-13.10.2025/4Z/109MEDIA/DSCF0521.JPG,DSCF0521.JPG,4Z/109MEDIA,0,Other_Amphibian,0.2252,2979.9,2473.1,3100.1,2620.3
/srv/shared_leopard_toad/2025/Documents/06.10-13.10.2025/4Z/109MEDIA/DSCF0132.JPG,DSCF0132.JPG,4Z/109MEDIA,0,Other_Amphibian,0.2678,2970.8,2486.0,3101.9,2622.9
/srv/shared_leopard_toad/2025/Documents/06.10-13.10.2025/4Z/109MEDIA/DSCF0457.JPG,DSCF0457.JPG,4Z/109MEDIA,0,Other_Amphibian,0.3354,3655.5,1647.3,3931.0,1916.6
/srv/shared_leopard_toad/2025/Documents/06.10-13.10.2025/4Z/109MEDIA/DSCF0457.JPG,DSCF0457.JPG,4Z/109MEDIA,0,Other_Amphibian,0.2830,2972.0,2489.9,3102.0,2622.5
/srv/shared_leopard_toad/2025/Documents/06.10-13.10.2025/4Z/109MEDIA/DSCF0126.JPG,DSCF0126.JPG,4Z/109MEDIA,0,Other_Amphibian,0.2649,2969.6,2469.2,3098.2,2618.2
/srv/shared_leopard_toad/2025/Documents/06.10-13.10.2025/4Z/109MEDIA/DSCF0126.JPG,DSCF0126.JPG,4Z/109MEDIA,0,Other_Amphibian,0.2405,2979.9,2456.2,3097.9,2617.0
/srv/shared_leopard_toad/2025/Documents/06.10-13.10.2025/4Z/109MEDIA/DSCF0456.JPG,DSCF0456.JPG,4Z/109MEDIA,0,Other_Amphibian,0.3214,2971.5,2470.3,3105.0,2623.0
/srv/shared_leopard_toad/2025/Documents/06.10-13.10.2025/4Z/109MEDIA/DSCF0456.JPG,DSCF0456.JPG,4Z/109MEDIA,0,Other_Amphibian,0.2606,2981.8,2463.9,3104.6,2621.8
/srv/shared_leopard_toad/2025/Documents/06.10-13.10.2025/4Z/109MEDIA/DSCF0249.JPG,DSCF0249.JPG,4Z/109MEDIA,0,Other_Amphibian,0.3083,2969.1,2470.7,3099.8,2626.9
/srv/shared_leopard_toad/2025/Documents/06.10-13.10.2025/4Z/109MEDIA/DSCF0249.JPG,DSCF0249.JPG,4Z/109MEDIA,0,Other_Amphibian,0.2563,2980.8,2462.6,3101.2,2625.6
/srv/shared_leopard_toad/2025/Documents/06.10-13.10.2025/4Z/109MEDIA/DSCF0249.JPG,DSCF0249.JPG,4Z/109MEDIA,0,Other_Amphibian,0.2161,3652.5,1646.2,3927.7,1917.2
/srv/shared_leopard_toad/2025/Documents/06.10-13.10.2025/4Z/109MEDIA/DSCF0093.JPG,DSCF0093.JPG,4Z/109MEDIA,0,Other_Amphibian,0.2390,2975.5,2490.8,3106.4,2624.1
/srv/shared_leopard_toad/2025/Documents/06.10-13.10.2025/4Z/109MEDIA/DSCF0355.JPG,DSCF0355.JPG,4Z/109MEDIA,0,Other_Amphibian,0.2400,2971.8,2493.8,3101.9,2623.9
/srv/shared_leopard_toad/2025/Documents/06.10-13.10.2025/4Z/109MEDIA/DSCF0355.JPG,DSCF0355.JPG,4Z/109MEDIA,0,Other_Amphibian,0.2058,3656.9,1646.3,3930.6,1917.9
/srv/shared_leopard_toad/2025/Documents/06.10-13.10.2025/4Z/109MEDIA/DSCF0083.JPG,DSCF0083.JPG,4Z/109MEDIA,0,Other_Amphibian,0.2635,2969.1,2471.4,3101.0,2623.6
/srv/shared_leopard_toad/2025/Documents/06.10-13.10.2025/4Z/109MEDIA/DSCF0083.JPG,DSCF0083.JPG,4Z/109MEDIA,0,Other_Amphibian,0.2055,2977.6,2455.4,3100.8,2622.8
/srv/shared_leopard_toad/2025/Documents/06.10-13.10.2025/4Z/109MEDIA/DSCF0083.JPG,DSCF0083.JPG,4Z/109MEDIA,0,Other_Amphibian,0.2004,2969.7,2458.6,3102.0,2630.9
/srv/shared_leopard_toad/2025/Documents/06.10-13.10.2025/4Z/109MEDIA/DSCF0682.JPG,DSCF0682.JPG,4Z/109MEDIA,2,Western_Leopard_Toad,0.2339,3636.9,1663.2,3919.7,1923.9
/srv/shared_leopard_toad/2025/Documents/06.10-13.10.2025/4Z/109MEDIA/DSCF0199.JPG,DSCF0199.JPG,4Z/109MEDIA,0,Other_Amphibian,0.6733,1670.1,1827.5,1830.4,2021.5
/srv/shared_leopard_toad/2025/Documents/06.10-13.10.2025/4Z/109MEDIA/DSCF0517.JPG,DSCF0517.JPG,4Z/109MEDIA,0,Other_Amphibian,0.3308,2980.0,2455.5,3103.4,2621.8
/srv/shared_leopard_toad/2025/Documents/06.10-13.10.2025/4Z/109MEDIA/DSCF0517.JPG,DSCF0517.JPG,4Z/109MEDIA,0,Other_Amphibian,0.3162,2971.8,2461.2,3104.5,2622.6
/srv/shared_leopard_toad/2025/Documents/06.10-13.10.2025/4Z/109MEDIA/DSCF0614.JPG,DSCF0614.JPG,4Z/109MEDIA,0,Other_Amphibian,0.3687,2969.0,2478.3,3102.2,2622.1
/srv/shared_leopard_toad/2025/Documents/06.10-13.10.2025/4Z/109MEDIA/DSCF0614.JPG,DSCF0614.JPG,4Z/109MEDIA,0,Other_Amphibian,0.3237,2981.3,2459.7,3104.6,2622.1
/srv/shared_leopard_toad/2025/Documents/06.10-13.10.2025/4Z/109MEDIA/DSCF0614.JPG,DSCF0614.JPG,4Z/109MEDIA,0,Other_Amphibian,0.2131,2974.6,2465.6,3104.8,2624.9
/srv/shared_leopard_toad/2025/Documents/06.10-13.10.2025/4Z/109MEDIA/DSCF0674.JPG,DSCF0674.JPG,4Z/109MEDIA,2,Western_Leopard_Toad,0.6367,3642.5,1659.7,3925.8,1922.4
/srv/shared_leopard_toad/2025/Documents/06.10-13.10.2025/4Z/109MEDIA/DSCF0597.JPG,DSCF0597.JPG,4Z/109MEDIA,0,Other_Amphibian,0.2591,2973.1,2487.8,3102.9,2620.5
/srv/shared_leopard_toad/2025/Documents/06.10-13.10.2025/4Z/109MEDIA/DSCF0597.JPG,DSCF0597.JPG,4Z/109MEDIA,0,Other_Amphibian,0.2250,2973.7,2479.4,3102.8,2626.4
/srv/shared_leopard_toad/2025/Documents/06.10-13.10.2025/4Z/109MEDIA/DSCF0120.JPG,DSCF0120.JPG,4Z/109MEDIA,0,Other_Amphibian,0.2218,2972.7,2479.7,3097.4,2619.7
/srv/shared_leopard_toad/2025/Documents/06.10-13.10.2025/4Z/109MEDIA/DSCF0364.JPG,DSCF0364.JPG,4Z/109MEDIA,0,Other_Amphibian,0.2796,2971.1,2470.4,3101.0,2624.3
/srv/shared_leopard_toad/2025/Documents/06.10-13.10.2025/4Z/109MEDIA/DSCF0364.JPG,DSCF0364.JPG,4Z/109MEDIA,0,Other_Amphibian,0.2665,2981.4,2461.6,3101.9,2623.5
/srv/shared_leopard_toad/2025/Documents/06.10-13.10.2025/4Z/109MEDIA/DSCF0673.JPG,DSCF0673.JPG,4Z/109MEDIA,2,Western_Leopard_Toad,0.4726,3641.4,1660.3,3925.6,1924.0
/srv/shared_leopard_toad/2025/Documents/06.10-13.10.2025/4Z/109MEDIA/DSCF0255.JPG,DSCF0255.JPG,4Z/109MEDIA,0,Other_Amphibian,0.4129,2967.6,2474.5,3103.4,2625.6
/srv/shared_leopard_toad/2025/Documents/06.10-13.10.2025/4Z/109MEDIA/DSCF0255.JPG,DSCF0255.JPG,4Z/109MEDIA,0,Other_Amphibian,0.3413,2980.1,2464.4,3106.5,2623.7
/srv/shared_leopard_toad/2025/Documents/06.10-13.10.2025/4Z/109MEDIA/DSCF0255.JPG,DSCF0255.JPG,4Z/109MEDIA,0,Other_Amphibian,0.2573,2971.5,2467.8,3105.2,2628.6
/srv/shared_leopard_toad/2025/Documents/06.10-13.10.2025/4Z/109MEDIA/DSCF0477.JPG,DSCF0477.JPG,4Z/109MEDIA,0,Other_Amphibian,0.2809,2971.4,2474.3,3102.4,2625.0
/srv/shared_leopard_toad/2025/Documents/06.10-13.10.2025/4Z/109MEDIA/DSCF0477.JPG,DSCF0477.JPG,4Z/109MEDIA,0,Other_Amphibian,0.2774,3655.7,1646.8,3931.2,1916.7
/srv/shared_leopard_toad/2025/Documents/06.10-13.10.2025/4Z/109MEDIA/DSCF0477.JPG,DSCF0477.JPG,4Z/109MEDIA,0,Other_Amphibian,0.2417,2982.2,2457.4,3101.7,2624.1
/srv/shared_leopard_toad/2025/Documents/06.10-13.10.2025/4Z/109MEDIA/DSCF0166.JPG,DSCF0166.JPG,4Z/109MEDIA,0,Other_Amphibian,0.2888,2972.6,2487.2,3104.4,2625.1
/srv/shared_leopard_toad/2025/Documents/06.10-13.10.2025/4Z/109MEDIA/DSCF0166.JPG,DSCF0166.JPG,4Z/109MEDIA,0,Other_Amphibian,0.2574,2983.5,2477.3,3103.6,2625.2
/srv/shared_leopard_toad/2025/Documents/06.10-13.10.2025/4Z/109MEDIA/DSCF0166.JPG,DSCF0166.JPG,4Z/109MEDIA,0,Other_Amphibian,0.2478,2973.7,2481.4,3104.6,2625.6
/srv/shared_leopard_toad/2025/Documents/06.10-13.10.2025/4Z/109MEDIA/DSCF0441.JPG,DSCF0441.JPG,4Z/109MEDIA,0,Other_Amphibian,0.2645,2980.8,2452.9,3099.7,2619.7
/srv/shared_leopard_toad/2025/Documents/06.10-13.10.2025/4Z/109MEDIA/DSCF0441.JPG,DSCF0441.JPG,4Z/109MEDIA,0,Other_Amphibian,0.2592,2970.2,2467.1,3100.6,2620.2
/srv/shared_leopard_toad/2025/Documents/06.10-13.10.2025/4Z/109MEDIA/DSCF0698.JPG,DSCF0698.JPG,4Z/109MEDIA,2,Western_Leopard_Toad,0.6054,3639.8,1663.0,3922.9,1921.7
/srv/shared_leopard_toad/2025/Documents/06.10-13.10.2025/4Z/109MEDIA/DSCF0475.JPG,DSCF0475.JPG,4Z/109MEDIA,0,Other_Amphibian,0.2741,2973.1,2481.2,3102.4,2620.6
/srv/shared_leopard_toad/2025/Documents/06.10-13.10.2025/4Z/109MEDIA/DSCF0475.JPG,DSCF0475.JPG,4Z/109MEDIA,0,Other_Amphibian,0.2201,3655.5,1646.7,3929.8,1918.4
/srv/shared_leopard_toad/2025/Documents/06.10-13.10.2025/4Z/109MEDIA/DSCF0475.JPG,DSCF0475.JPG,4Z/109MEDIA,0,Other_Amphibian,0.2170,2981.2,2464.9,3099.6,2619.7
/srv/shared_leopard_toad/2025/Documents/06.10-13.10.2025/4Z/109MEDIA/DSCF0219.JPG,DSCF0219.JPG,4Z/109MEDIA,0,Other_Amphibian,0.2240,2972.5,2486.0,3101.9,2619.6
/srv/shared_leopard_toad/2025/Documents/06.10-13.10.2025/4Z/109MEDIA/DSCF0480.JPG,DSCF0480.JPG,4Z/109MEDIA,0,Other_Amphibian,0.2448,2971.8,2488.0,3103.6,2625.8
/srv/shared_leopard_toad/2025/Documents/06.10-13.10.2025/4Z/109MEDIA/DSCF0480.JPG,DSCF0480.JPG,4Z/109MEDIA,0,Other_Amphibian,0.2162,2978.6,2464.4,3099.3,2625.2
/srv/shared_leopard_toad/2025/Documents/06.10-13.10.2025/4Z/109MEDIA/DSCF0428.JPG,DSCF0428.JPG,4Z/109MEDIA,2,Western_Leopard_Toad,0.5302,4620.0,974.4,5030.5,1329.0
/srv/shared_leopard_toad/2025/Documents/06.10-13.10.2025/4Z/109MEDIA/DSCF0428.JPG,DSCF0428.JPG,4Z/109MEDIA,0,Other_Amphibian,0.2668,2977.7,2457.4,3102.6,2624.2
/srv/shared_leopard_toad/2025/Documents/06.10-13.10.2025/4Z/109MEDIA/DSCF0428.JPG,DSCF0428.JPG,4Z/109MEDIA,2,Western_Leopard_Toad,0.2577,3654.5,1645.7,3928.4,1916.8
/srv/shared_leopard_toad/2025/Documents/06.10-13.10.2025/4Z/109MEDIA/DSCF0684.JPG,DSCF0684.JPG,4Z/109MEDIA,2,Western_Leopard_Toad,0.7847,3635.6,1662.8,3922.8,1923.8
/srv/shared_leopard_toad/2025/Documents/06.10-13.10.2025/4Z/109MEDIA/DSCF0546.JPG,DSCF0546.JPG,4Z/109MEDIA,0,Other_Amphibian,0.3684,2971.8,2471.3,3105.0,2632.3
/srv/shared_leopard_toad/2025/Documents/06.10-13.10.2025/4Z/109MEDIA/DSCF0546.JPG,DSCF0546.JPG,4Z/109MEDIA,0,Other_Amphibian,0.3154,2983.1,2463.8,3107.1,2627.9
/srv/shared_leopard_toad/2025/Documents/06.10-13.10.2025/4Z/109MEDIA/DSCF0546.JPG,DSCF0546.JPG,4Z/109MEDIA,0,Other_Amphibian,0.2959,2971.4,2477.8,3105.4,2627.8
/srv/shared_leopard_toad/2025/Documents/06.10-13.10.2025/4Z/109MEDIA/DSCF0177.JPG,DSCF0177.JPG,4Z/109MEDIA,0,Other_Amphibian,0.7858,1665.6,1924.5,1840.5,2138.4
/srv/shared_leopard_toad/2025/Documents/06.10-13.10.2025/4Z/109MEDIA/DSCF0177.JPG,DSCF0177.JPG,4Z/109MEDIA,0,Other_Amphibian,0.2347,3659.3,1647.1,3930.8,1918.6
/srv/shared_leopard_toad/2025/Documents/06.10-13.10.2025/4Z/109MEDIA/DSCF0296.JPG,DSCF0296.JPG,4Z/109MEDIA,0,Other_Amphibian,0.2048,2979.2,2457.1,3100.0,2622.2
/srv/shared_leopard_toad/2025/Documents/06.10-13.10.2025/4Z/109MEDIA/DSCF0427.JPG,DSCF0427.JPG,4Z/109MEDIA,2,Western_Leopard_Toad,0.9192,4355.2,1766.8,4780.9,2234.0
/srv/shared_leopard_toad/2025/Documents/06.10-13.10.2025/4Z/109MEDIA/DSCF0427.JPG,DSCF0427.JPG,4Z/109MEDIA,0,Other_Amphibian,0.2890,2978.4,2455.9,3103.3,2620.4
/srv/shared_leopard_toad/2025/Documents/06.10-13.10.2025/4Z/109MEDIA/DSCF0046.JPG,DSCF0046.JPG,4Z/109MEDIA,0,Other_Amphibian,0.2720,2970.9,2471.1,3102.1,2626.6
/srv/shared_leopard_toad/2025/Documents/06.10-13.10.2025/4Z/109MEDIA/DSCF0046.JPG,DSCF0046.JPG,4Z/109MEDIA,0,Other_Amphibian,0.2656,2972.8,2463.8,3104.0,2632.6
/srv/shared_leopard_toad/2025/Documents/06.10-13.10.2025/4Z/109MEDIA/DSCF0046.JPG,DSCF0046.JPG,4Z/109MEDIA,0,Other_Amphibian,0.2646,2981.6,2464.6,3102.2,2624.4
/srv/shared_leopard_toad/2025/Documents/06.10-13.10.2025/4Z/109MEDIA/DSCF0071.JPG,DSCF0071.JPG,4Z/109MEDIA,0,Other_Amphibian,0.3241,2971.1,2489.2,3102.7,2625.8
/srv/shared_leopard_toad/2025/Documents/06.10-13.10.2025/4Z/109MEDIA/DSCF0071.JPG,DSCF0071.JPG,4Z/109MEDIA,0,Other_Amphibian,0.2716,2974.6,2483.2,3104.8,2628.7
/srv/shared_leopard_toad/2025/Documents/06.10-13.10.2025/4Z/109MEDIA/DSCF0071.JPG,DSCF0071.JPG,4Z/109MEDIA,0,Other_Amphibian,0.2316,2984.2,2479.7,3103.6,2625.3
/srv/shared_leopard_toad/2025/Documents/06.10-13.10.2025/4Z/109MEDIA/DSCF0028.JPG,DSCF0028.JPG,4Z/109MEDIA,0,Other_Amphibian,0.2720,2971.5,2477.7,3100.0,2621.5
/srv/shared_leopard_toad/2025/Documents/06.10-13.10.2025/4Z/109MEDIA/DSCF0028.JPG,DSCF0028.JPG,4Z/109MEDIA,0,Other_Amphibian,0.2125,3656.0,1647.7,3928.3,1917.7
/srv/shared_leopard_toad/2025/Documents/06.10-13.10.2025/4Z/109MEDIA/DSCF0028.JPG,DSCF0028.JPG,4Z/109MEDIA,0,Other_Amphibian,0.2120,2980.9,2455.9,3099.6,2621.0
/srv/shared_leopard_toad/2025/Documents/06.10-13.10.2025/4Z/109MEDIA/DSCF0437.JPG,DSCF0437.JPG,4Z/109MEDIA,0,Other_Amphibian,0.3624,2972.6,2490.2,3102.2,2621.5
/srv/shared_leopard_toad/2025/Documents/06.10-13.10.2025/4Z/109MEDIA/DSCF0437.JPG,DSCF0437.JPG,4Z/109MEDIA,0,Other_Amphibian,0.2744,2984.3,2478.7,3103.4,2622.7
/srv/shared_leopard_toad/2025/Documents/06.10-13.10.2025/4Z/109MEDIA/DSCF0080.JPG,DSCF0080.JPG,4Z/109MEDIA,0,Other_Amphibian,0.3971,2970.7,2487.1,3104.2,2625.0
/srv/shared_leopard_toad/2025/Documents/06.10-13.10.2025/4Z/109MEDIA/DSCF0080.JPG,DSCF0080.JPG,4Z/109MEDIA,0,Other_Amphibian,0.2936,2984.4,2476.9,3107.9,2625.5
/srv/shared_leopard_toad/2025/Documents/06.10-13.10.2025/4Z/109MEDIA/DSCF0080.JPG,DSCF0080.JPG,4Z/109MEDIA,0,Other_Amphibian,0.2813,2974.3,2480.0,3106.8,2627.7
/srv/shared_leopard_toad/2025/Documents/06.10-13.10.2025/4Z/109MEDIA/DSCF0694.JPG,DSCF0694.JPG,4Z/109MEDIA,2,Western_Leopard_Toad,0.5601,3639.8,1663.3,3925.4,1921.7
/srv/shared_leopard_toad/2025/Documents/06.10-13.10.2025/4Z/109MEDIA/DSCF0694.JPG,DSCF0694.JPG,4Z/109MEDIA,2,Western_Leopard_Toad,0.2631,3646.2,1667.0,3927.9,1922.7
/srv/shared_leopard_toad/2025/Documents/06.10-13.10.2025/4Z/109MEDIA/DSCF0694.JPG,DSCF0694.JPG,4Z/109MEDIA,0,Other_Amphibian,0.2100,4687.6,1026.2,4772.0,1132.5
/srv/shared_leopard_toad/2025/Documents/06.10-13.10.2025/4Z/109MEDIA/DSCF0032.JPG,DSCF0032.JPG,4Z/109MEDIA,0,Other_Amphibian,0.3525,2971.2,2490.9,3105.8,2621.0
/srv/shared_leopard_toad/2025/Documents/06.10-13.10.2025/4Z/109MEDIA/DSCF0032.JPG,DSCF0032.JPG,4Z/109MEDIA,0,Other_Amphibian,0.2804,2984.1,2480.2,3108.9,2621.3
/srv/shared_leopard_toad/2025/Documents/06.10-13.10.2025/4Z/109MEDIA/DSCF0032.JPG,DSCF0032.JPG,4Z/109MEDIA,0,Other_Amphibian,0.2691,2969.8,2483.6,3103.6,2622.2
/srv/shared_leopard_toad/2025/Documents/06.10-13.10.2025/4Z/109MEDIA/DSCF0032.JPG,DSCF0032.JPG,4Z/109MEDIA,0,Other_Amphibian,0.2651,3655.8,1646.4,3930.9,1918.4
/srv/shared_leopard_toad/2025/Documents/06.10-13.10.2025/4Z/109MEDIA/DSCF0598.JPG,DSCF0598.JPG,4Z/109MEDIA,0,Other_Amphibian,0.4267,2972.2,2481.4,3105.4,2619.2
/srv/shared_leopard_toad/2025/Documents/06.10-13.10.2025/4Z/109MEDIA/DSCF0598.JPG,DSCF0598.JPG,4Z/109MEDIA,0,Other_Amphibian,0.3144,2983.5,2469.1,3107.4,2620.8
/srv/shared_leopard_toad/2025/Documents/06.10-13.10.2025/4Z/109MEDIA/DSCF0306.JPG,DSCF0306.JPG,4Z/109MEDIA,0,Other_Amphibian,0.2601,2971.2,2478.3,3103.0,2628.5
/srv/shared_leopard_toad/2025/Documents/06.10-13.10.2025/4Z/109MEDIA/DSCF0306.JPG,DSCF0306.JPG,4Z/109MEDIA,0,Other_Amphibian,0.2353,2982.1,2464.7,3103.5,2627.5
/srv/shared_leopard_toad/2025/Documents/06.10-13.10.2025/4Z/109MEDIA/DSCF0306.JPG,DSCF0306.JPG,4Z/109MEDIA,2,Western_Leopard_Toad,0.2300,3656.4,1647.0,3929.9,1917.0
/srv/shared_leopard_toad/2025/Documents/06.10-13.10.2025/4Z/109MEDIA/DSCF0131.JPG,DSCF0131.JPG,4Z/109MEDIA,0,Other_Amphibian,0.2543,2695.3,2108.5,2863.7,2236.7
/srv/shared_leopard_toad/2025/Documents/06.10-13.10.2025/4Z/109MEDIA/DSCF0131.JPG,DSCF0131.JPG,4Z/109MEDIA,2,Western_Leopard_Toad,0.2401,3655.7,1646.5,3928.8,1917.4
/srv/shared_leopard_toad/2025/Documents/06.10-13.10.2025/4Z/109MEDIA/DSCF0473.JPG,DSCF0473.JPG,4Z/109MEDIA,0,Other_Amphibian,0.3996,2971.6,2481.4,3103.2,2620.7
/srv/shared_leopard_toad/2025/Documents/06.10-13.10.2025/4Z/109MEDIA/DSCF0473.JPG,DSCF0473.JPG,4Z/109MEDIA,0,Other_Amphibian,0.2381,2983.7,2470.5,3105.4,2621.3
/srv/shared_leopard_toad/2025/Documents/06.10-13.10.2025/4Z/109MEDIA/DSCF0176.JPG,DSCF0176.JPG,4Z/109MEDIA,0,Other_Amphibian,0.6483,1655.0,1908.8,1843.3,2146.4
/srv/shared_leopard_toad/2025/Documents/06.10-13.10.2025/4Z/109MEDIA/DSCF0176.JPG,DSCF0176.JPG,4Z/109MEDIA,2,Western_Leopard_Toad,0.2587,3657.5,1647.7,3930.9,1917.3
/srv/shared_leopard_toad/2025/Documents/06.10-13.10.2025/4Z/109MEDIA/DSCF0176.JPG,DSCF0176.JPG,4Z/109MEDIA,0,Other_Amphibian,0.2126,2982.6,2451.9,3105.0,2621.5
/srv/shared_leopard_toad/2025/Documents/06.10-13.10.2025/4Z/109MEDIA/DSCF0498.JPG,DSCF0498.JPG,4Z/109MEDIA,0,Other_Amphibian,0.3298,2970.6,2478.4,3102.3,2623.2
/srv/shared_leopard_toad/2025/Documents/06.10-13.10.2025/4Z/109MEDIA/DSCF0498.JPG,DSCF0498.JPG,4Z/109MEDIA,0,Other_Amphibian,0.3047,2982.9,2467.7,3104.7,2622.0
/srv/shared_leopard_toad/2025/Documents/06.10-13.10.2025/4Z/109MEDIA/DSCF0498.JPG,DSCF0498.JPG,4Z/109MEDIA,0,Other_Amphibian,0.2348,2975.2,2470.1,3105.9,2624.7
/srv/shared_leopard_toad/2025/Documents/06.10-13.10.2025/4Z/109MEDIA/DSCF0212.JPG,DSCF0212.JPG,4Z/109MEDIA,0,Other_Amphibian,0.4107,2971.0,2476.7,3106.1,2622.3
/srv/shared_leopard_toad/2025/Documents/06.10-13.10.2025/4Z/109MEDIA/DSCF0212.JPG,DSCF0212.JPG,4Z/109MEDIA,0,Other_Amphibian,0.3325,2982.5,2469.5,3107.0,2621.7
/srv/shared_leopard_toad/2025/Documents/06.10-13.10.2025/4Z/109MEDIA/DSCF0413.JPG,DSCF0413.JPG,4Z/109MEDIA,0,Other_Amphibian,0.4213,2969.8,2481.5,3102.3,2617.9
/srv/shared_leopard_toad/2025/Documents/06.10-13.10.2025/4Z/109MEDIA/DSCF0413.JPG,DSCF0413.JPG,4Z/109MEDIA,0,Other_Amphibian,0.3020,2982.0,2475.5,3104.3,2618.4
/srv/shared_leopard_toad/2025/Documents/06.10-13.10.2025/4Z/109MEDIA/DSCF0438.JPG,DSCF0438.JPG,4Z/109MEDIA,0,Other_Amphibian,0.3324,2971.4,2479.7,3103.8,2622.8
/srv/shared_leopard_toad/2025/Documents/06.10-13.10.2025/4Z/109MEDIA/DSCF0438.JPG,DSCF0438.JPG,4Z/109MEDIA,0,Other_Amphibian,0.3000,2983.8,2469.9,3106.1,2621.7
/srv/shared_leopard_toad/2025/Documents/06.10-13.10.2025/4Z/109MEDIA/DSCF0438.JPG,DSCF0438.JPG,4Z/109MEDIA,0,Other_Amphibian,0.2623,3655.9,1648.0,3929.5,1916.3
/srv/shared_leopard_toad/2025/Documents/06.10-13.10.2025/4Z/109MEDIA/DSCF0453.JPG,DSCF0453.JPG,4Z/109MEDIA,0,Other_Amphibian,0.3724,2978.1,2455.5,3103.9,2624.0
/srv/shared_leopard_toad/2025/Documents/06.10-13.10.2025/4Z/109MEDIA/DSCF0453.JPG,DSCF0453.JPG,4Z/109MEDIA,0,Other_Amphibian,0.2919,2970.7,2470.2,3106.2,2623.7
/srv/shared_leopard_toad/2025/Documents/06.10-13.10.2025/4Z/109MEDIA/DSCF0291.JPG,DSCF0291.JPG,4Z/109MEDIA,0,Other_Amphibian,0.2274,2981.2,2455.2,3103.5,2624.6
/srv/shared_leopard_toad/2025/Documents/06.10-13.10.2025/4Z/109MEDIA/DSCF0291.JPG,DSCF0291.JPG,4Z/109MEDIA,0,Other_Amphibian,0.2190,2973.6,2454.9,3106.2,2631.6
/srv/shared_leopard_toad/2025/Documents/06.10-13.10.2025/4Z/109MEDIA/DSCF0021.JPG,DSCF0021.JPG,4Z/109MEDIA,2,Western_Leopard_Toad,0.2515,3656.1,1648.3,3928.2,1918.3
/srv/shared_leopard_toad/2025/Documents/06.10-13.10.2025/4Z/109MEDIA/DSCF0227.JPG,DSCF0227.JPG,4Z/109MEDIA,0,Other_Amphibian,0.4310,2975.6,2459.4,3106.3,2621.6
/srv/shared_leopard_toad/2025/Documents/06.10-13.10.2025/4Z/109MEDIA/DSCF0227.JPG,DSCF0227.JPG,4Z/109MEDIA,0,Other_Amphibian,0.3359,2969.3,2468.8,3107.0,2620.7
/srv/shared_leopard_toad/2025/Documents/06.10-13.10.2025/4Z/109MEDIA/DSCF0054.JPG,DSCF0054.JPG,4Z/109MEDIA,0,Other_Amphibian,0.2928,3654.0,1647.4,3932.3,1917.8
/srv/shared_leopard_toad/2025/Documents/06.10-13.10.2025/4Z/109MEDIA/DSCF0054.JPG,DSCF0054.JPG,4Z/109MEDIA,0,Other_Amphibian,0.2493,2972.5,2488.1,3103.3,2626.3
/srv/shared_leopard_toad/2025/Documents/06.10-13.10.2025/4Z/109MEDIA/DSCF0397.JPG,DSCF0397.JPG,4Z/109MEDIA,0,Other_Amphibian,0.2663,2980.1,2453.0,3101.1,2617.3
/srv/shared_leopard_toad/2025/Documents/06.10-13.10.2025/4Z/109MEDIA/DSCF0397.JPG,DSCF0397.JPG,4Z/109MEDIA,0,Other_Amphibian,0.2369,2971.9,2471.4,3102.9,2618.1
/srv/shared_leopard_toad/2025/Documents/06.10-13.10.2025/4Z/109MEDIA/DSCF0334.JPG,DSCF0334.JPG,4Z/109MEDIA,0,Other_Amphibian,0.3627,2970.1,2480.3,3104.9,2625.8
/srv/shared_leopard_toad/2025/Documents/06.10-13.10.2025/4Z/109MEDIA/DSCF0334.JPG,DSCF0334.JPG,4Z/109MEDIA,0,Other_Amphibian,0.3089,2982.5,2472.7,3106.2,2625.0
/srv/shared_leopard_toad/2025/Documents/06.10-13.10.2025/4Z/109MEDIA/DSCF0481.JPG,DSCF0481.JPG,4Z/109MEDIA,0,Other_Amphibian,0.2885,2973.5,2480.6,3102.7,2618.4
/srv/shared_leopard_toad/2025/Documents/06.10-13.10.2025/4Z/109MEDIA/DSCF0481.JPG,DSCF0481.JPG,4Z/109MEDIA,0,Other_Amphibian,0.2210,2983.0,2468.1,3102.7,2618.1
/srv/shared_leopard_toad/2025/Documents/06.10-13.10.2025/4Z/109MEDIA/DSCF0300.JPG,DSCF0300.JPG,4Z/109MEDIA,0,Other_Amphibian,0.2971,2971.5,2482.9,3102.2,2616.7
/srv/shared_leopard_toad/2025/Documents/06.10-13.10.2025/4Z/109MEDIA/DSCF0300.JPG,DSCF0300.JPG,4Z/109MEDIA,0,Other_Amphibian,0.2388,2981.8,2472.4,3102.8,2616.8
/srv/shared_leopard_toad/2025/Documents/06.10-13.10.2025/4Z/109MEDIA/DSCF0696.JPG,DSCF0696.JPG,4Z/109MEDIA,2,Western_Leopard_Toad,0.3070,3640.4,1662.0,3918.6,1924.3
/srv/shared_leopard_toad/2025/Documents/06.10-13.10.2025/4Z/109MEDIA/DSCF0136.JPG,DSCF0136.JPG,4Z/109MEDIA,0,Other_Amphibian,0.2589,3654.8,1647.1,3928.4,1917.4
/srv/shared_leopard_toad/2025/Documents/06.10-13.10.2025/4Z/109MEDIA/DSCF0136.JPG,DSCF0136.JPG,4Z/109MEDIA,0,Other_Amphibian,0.2562,2972.1,2484.7,3102.5,2622.0
/srv/shared_leopard_toad/2025/Documents/06.10-13.10.2025/4Z/109MEDIA/DSCF0569.JPG,DSCF0569.JPG,4Z/109MEDIA,0,Other_Amphibian,0.4277,2977.8,2452.9,3104.6,2622.6
/srv/shared_leopard_toad/2025/Documents/06.10-13.10.2025/4Z/109MEDIA/DSCF0569.JPG,DSCF0569.JPG,4Z/109MEDIA,0,Other_Amphibian,0.3780,2968.4,2465.9,3103.4,2623.0
/srv/shared_leopard_toad/2025/Documents/06.10-13.10.2025/4Z/109MEDIA/DSCF0204.JPG,DSCF0204.JPG,4Z/109MEDIA,0,Other_Amphibian,0.7224,1671.4,1826.8,1833.9,2021.4
/srv/shared_leopard_toad/2025/Documents/06.10-13.10.2025/4Z/109MEDIA/DSCF0204.JPG,DSCF0204.JPG,4Z/109MEDIA,0,Other_Amphibian,0.2625,2981.7,2472.4,3105.5,2622.4
/srv/shared_leopard_toad/2025/Documents/06.10-13.10.2025/4Z/109MEDIA/DSCF0204.JPG,DSCF0204.JPG,4Z/109MEDIA,0,Other_Amphibian,0.2590,2974.0,2476.1,3108.0,2621.8
/srv/shared_leopard_toad/2025/Documents/06.10-13.10.2025/4Z/109MEDIA/DSCF0204.JPG,DSCF0204.JPG,4Z/109MEDIA,2,Western_Leopard_Toad,0.2539,3656.9,1647.5,3930.7,1917.5
/srv/shared_leopard_toad/2025/Documents/06.10-13.10.2025/4Z/109MEDIA/DSCF0122.JPG,DSCF0122.JPG,4Z/109MEDIA,0,Other_Amphibian,0.4755,2974.5,2448.9,3105.7,2622.4
/srv/shared_leopard_toad/2025/Documents/06.10-13.10.2025/4Z/109MEDIA/DSCF0122.JPG,DSCF0122.JPG,4Z/109MEDIA,0,Other_Amphibian,0.4105,2969.2,2451.7,3106.3,2622.9
/srv/shared_leopard_toad/2025/Documents/06.10-13.10.2025/4Z/109MEDIA/DSCF0294.JPG,DSCF0294.JPG,4Z/109MEDIA,0,Other_Amphibian,0.2977,2974.7,2494.4,3100.7,2617.8
/srv/shared_leopard_toad/2025/Documents/06.10-13.10.2025/4Z/109MEDIA/DSCF0276.JPG,DSCF0276.JPG,4Z/109MEDIA,0,Other_Amphibian,0.3933,2978.3,2452.1,3102.9,2620.7
/srv/shared_leopard_toad/2025/Documents/06.10-13.10.2025/4Z/109MEDIA/DSCF0276.JPG,DSCF0276.JPG,4Z/109MEDIA,0,Other_Amphibian,0.2703,2972.6,2458.8,3103.9,2620.4
/srv/shared_leopard_toad/2025/Documents/06.10-13.10.2025/4Z/109MEDIA/DSCF0142.JPG,DSCF0142.JPG,4Z/109MEDIA,2,Western_Leopard_Toad,0.2032,3656.2,1647.5,3927.9,1918.4
/srv/shared_leopard_toad/2025/Documents/06.10-13.10.2025/4Z/109MEDIA/DSCF0552.JPG,DSCF0552.JPG,4Z/109MEDIA,0,Other_Amphibian,0.3202,2970.4,2481.1,3103.9,2621.3
/srv/shared_leopard_toad/2025/Documents/06.10-13.10.2025/4Z/109MEDIA/DSCF0552.JPG,DSCF0552.JPG,4Z/109MEDIA,0,Other_Amphibian,0.3153,2981.1,2473.2,3104.9,2621.5
/srv/shared_leopard_toad/2025/Documents/06.10-13.10.2025/4Z/109MEDIA/DSCF0552.JPG,DSCF0552.JPG,4Z/109MEDIA,0,Other_Amphibian,0.2560,2971.0,2474.2,3102.2,2625.3
/srv/shared_leopard_toad/2025/Documents/06.10-13.10.2025/4Z/109MEDIA/DSCF0179.JPG,DSCF0179.JPG,4Z/109MEDIA,0,Other_Amphibian,0.8132,1663.7,1918.5,1843.0,2140.1
/srv/shared_leopard_toad/2025/Documents/06.10-13.10.2025/4Z/109MEDIA/DSCF0179.JPG,DSCF0179.JPG,4Z/109MEDIA,0,Other_Amphibian,0.2430,3657.0,1647.0,3930.2,1918.6
/srv/shared_leopard_toad/2025/Documents/06.10-13.10.2025/4Z/109MEDIA/DSCF0575.JPG,DSCF0575.JPG,4Z/109MEDIA,0,Other_Amphibian,0.3502,2973.3,2481.2,3103.2,2620.2
/srv/shared_leopard_toad/2025/Documents/06.10-13.10.2025/4Z/109MEDIA/DSCF0575.JPG,DSCF0575.JPG,4Z/109MEDIA,0,Other_Amphibian,0.2882,2984.5,2474.0,3105.0,2620.3
/srv/shared_leopard_toad/2025/Documents/06.10-13.10.2025/4Z/109MEDIA/DSCF0575.JPG,DSCF0575.JPG,4Z/109MEDIA,0,Other_Amphibian,0.2881,2973.9,2474.1,3103.2,2626.6
/srv/shared_leopard_toad/2025/Documents/06.10-13.10.2025/4Z/109MEDIA/DSCF0066.JPG,DSCF0066.JPG,4Z/109MEDIA,0,Other_Amphibian,0.3097,3654.8,1648.0,3930.2,1919.3
/srv/shared_leopard_toad/2025/Documents/06.10-13.10.2025/4Z/109MEDIA/DSCF0066.JPG,DSCF0066.JPG,4Z/109MEDIA,0,Other_Amphibian,0.2865,2971.3,2483.3,3105.5,2625.6
/srv/shared_leopard_toad/2025/Documents/06.10-13.10.2025/4Z/109MEDIA/DSCF0066.JPG,DSCF0066.JPG,4Z/109MEDIA,0,Other_Amphibian,0.2812,2972.7,2476.0,3105.4,2630.6
/srv/shared_leopard_toad/2025/Documents/06.10-13.10.2025/4Z/109MEDIA/DSCF0066.JPG,DSCF0066.JPG,4Z/109MEDIA,0,Other_Amphibian,0.2487,2982.3,2471.5,3105.0,2625.8
/srv/shared_leopard_toad/2025/Documents/06.10-13.10.2025/4Z/109MEDIA/DSCF0019.JPG,DSCF0019.JPG,4Z/109MEDIA,0,Other_Amphibian,0.2738,2973.2,2480.8,3105.0,2621.7
/srv/shared_leopard_toad/2025/Documents/06.10-13.10.2025/4Z/109MEDIA/DSCF0019.JPG,DSCF0019.JPG,4Z/109MEDIA,0,Other_Amphibian,0.2335,2983.9,2464.2,3104.9,2620.4
/srv/shared_leopard_toad/2025/Documents/06.10-13.10.2025/4Z/109MEDIA/DSCF0160.JPG,DSCF0160.JPG,4Z/109MEDIA,0,Other_Amphibian,0.3355,2980.4,2467.0,3105.1,2623.7
/srv/shared_leopard_toad/2025/Documents/06.10-13.10.2025/4Z/109MEDIA/DSCF0160.JPG,DSCF0160.JPG,4Z/109MEDIA,0,Other_Amphibian,0.2895,2972.0,2480.6,3106.2,2623.4
/srv/shared_leopard_toad/2025/Documents/06.10-13.10.2025/4Z/109MEDIA/DSCF0160.JPG,DSCF0160.JPG,4Z/109MEDIA,0,Other_Amphibian,0.2097,2975.6,2470.4,3107.8,2624.6
/srv/shared_leopard_toad/2025/Documents/06.10-13.10.2025/4Z/109MEDIA/DSCF0034.JPG,DSCF0034.JPG,4Z/109MEDIA,0,Other_Amphibian,0.2021,2970.9,2474.9,3099.0,2620.7
/srv/shared_leopard_toad/2025/Documents/06.10-13.10.2025/4Z/109MEDIA/DSCF0583.JPG,DSCF0583.JPG,4Z/109MEDIA,0,Other_Amphibian,0.2758,2970.1,2495.6,3099.7,2630.6
/srv/shared_leopard_toad/2025/Documents/06.10-13.10.2025/4Z/109MEDIA/DSCF0583.JPG,DSCF0583.JPG,4Z/109MEDIA,0,Other_Amphibian,0.2370,2972.2,2498.4,3102.5,2622.4
/srv/shared_leopard_toad/2025/Documents/06.10-13.10.2025/4Z/109MEDIA/DSCF0583.JPG,DSCF0583.JPG,4Z/109MEDIA,0,Other_Amphibian,0.2075,3656.5,1645.6,3929.0,1916.4
/srv/shared_leopard_toad/2025/Documents/06.10-13.10.2025/4Z/109MEDIA/DSCF0005.JPG,DSCF0005.JPG,4Z/109MEDIA,0,Other_Amphibian,0.3614,2971.1,2479.5,3104.8,2626.3
/srv/shared_leopard_toad/2025/Documents/06.10-13.10.2025/4Z/109MEDIA/DSCF0005.JPG,DSCF0005.JPG,4Z/109MEDIA,0,Other_Amphibian,0.3269,2980.5,2457.5,3105.4,2624.2
/srv/shared_leopard_toad/2025/Documents/06.10-13.10.2025/4Z/109MEDIA/DSCF0005.JPG,DSCF0005.JPG,4Z/109MEDIA,0,Other_Amphibian,0.2320,2973.2,2467.0,3105.5,2630.3
/srv/shared_leopard_toad/2025/Documents/06.10-13.10.2025/4Z/109MEDIA/DSCF0172.JPG,DSCF0172.JPG,4Z/109MEDIA,0,Other_Amphibian,0.7072,1720.4,1969.8,1875.7,2160.7
/srv/shared_leopard_toad/2025/Documents/06.10-13.10.2025/4Z/109MEDIA/DSCF0257.JPG,DSCF0257.JPG,4Z/109MEDIA,0,Other_Amphibian,0.3370,2973.6,2493.4,3102.9,2621.4
/srv/shared_leopard_toad/2025/Documents/06.10-13.10.2025/4Z/109MEDIA/DSCF0257.JPG,DSCF0257.JPG,4Z/109MEDIA,0,Other_Amphibian,0.2045,2984.5,2487.1,3103.0,2624.3
/srv/shared_leopard_toad/2025/Documents/06.10-13.10.2025/4Z/109MEDIA/DSCF0382.JPG,DSCF0382.JPG,4Z/109MEDIA,0,Other_Amphibian,0.4250,2970.2,2467.1,3105.6,2621.6
/srv/shared_leopard_toad/2025/Documents/06.10-13.10.2025/4Z/109MEDIA/DSCF0382.JPG,DSCF0382.JPG,4Z/109MEDIA,0,Other_Amphibian,0.3773,2979.2,2464.1,3105.4,2620.8
/srv/shared_leopard_toad/2025/Documents/06.10-13.10.2025/4Z/109MEDIA/DSCF0467.JPG,DSCF0467.JPG,4Z/109MEDIA,0,Other_Amphibian,0.2685,2974.5,2489.1,3102.2,2619.5
/srv/shared_leopard_toad/2025/Documents/06.10-13.10.2025/4Z/109MEDIA/DSCF0467.JPG,DSCF0467.JPG,4Z/109MEDIA,0,Other_Amphibian,0.2183,2981.0,2485.1,3098.8,2620.2
/srv/shared_leopard_toad/2025/Documents/06.10-13.10.2025/4Z/109MEDIA/DSCF0162.JPG,DSCF0162.JPG,4Z/109MEDIA,0,Other_Amphibian,0.2622,2971.2,2481.0,3101.3,2620.9
/srv/shared_leopard_toad/2025/Documents/06.10-13.10.2025/4Z/109MEDIA/DSCF0162.JPG,DSCF0162.JPG,4Z/109MEDIA,0,Other_Amphibian,0.2149,2977.8,2466.3,3097.0,2619.8
/srv/shared_leopard_toad/2025/Documents/06.10-13.10.2025/4Z/109MEDIA/DSCF0274.JPG,DSCF0274.JPG,4Z/109MEDIA,0,Other_Amphibian,0.4154,2968.4,2467.9,3102.9,2623.0
/srv/shared_leopard_toad/2025/Documents/06.10-13.10.2025/4Z/109MEDIA/DSCF0274.JPG,DSCF0274.JPG,4Z/109MEDIA,0,Other_Amphibian,0.3791,2978.6,2459.0,3103.7,2622.1
/srv/shared_leopard_toad/2025/Documents/06.10-13.10.2025/4Z/109MEDIA/DSCF0259.JPG,DSCF0259.JPG,4Z/109MEDIA,0,Other_Amphibian,0.2327,2972.4,2483.0,3100.4,2628.9
/srv/shared_leopard_toad/2025/Documents/06.10-13.10.2025/4Z/109MEDIA/DSCF0665.JPG,DSCF0665.JPG,4Z/109MEDIA,2,Western_Leopard_Toad,0.8376,3643.7,1660.4,3930.6,1920.8
/srv/shared_leopard_toad/2025/Documents/06.10-13.10.2025/4Z/109MEDIA/DSCF0630.JPG,DSCF0630.JPG,4Z/109MEDIA,0,Other_Amphibian,0.2862,2968.6,2469.6,3103.1,2621.4
/srv/shared_leopard_toad/2025/Documents/06.10-13.10.2025/4Z/109MEDIA/DSCF0630.JPG,DSCF0630.JPG,4Z/109MEDIA,0,Other_Amphibian,0.2808,2979.5,2454.5,3103.6,2621.0
/srv/shared_leopard_toad/2025/Documents/06.10-13.10.2025/4Z/109MEDIA/DSCF0557.JPG,DSCF0557.JPG,4Z/109MEDIA,0,Other_Amphibian,0.2724,2972.0,2486.2,3100.7,2629.1
/srv/shared_leopard_toad/2025/Documents/06.10-13.10.2025/4Z/109MEDIA/DSCF0557.JPG,DSCF0557.JPG,4Z/109MEDIA,0,Other_Amphibian,0.2644,2971.5,2492.0,3100.6,2625.4
/srv/shared_leopard_toad/2025/Documents/06.10-13.10.2025/4Z/109MEDIA/DSCF0557.JPG,DSCF0557.JPG,4Z/109MEDIA,0,Other_Amphibian,0.2171,3655.1,1647.3,3927.8,1916.8
/srv/shared_leopard_toad/2025/Documents/06.10-13.10.2025/4Z/109MEDIA/DSCF0496.JPG,DSCF0496.JPG,4Z/109MEDIA,0,Other_Amphibian,0.2743,2971.2,2480.0,3100.2,2618.5
/srv/shared_leopard_toad/2025/Documents/06.10-13.10.2025/4Z/109MEDIA/DSCF0035.JPG,DSCF0035.JPG,4Z/109MEDIA,0,Other_Amphibian,0.3166,2969.8,2479.9,3100.2,2623.1
/srv/shared_leopard_toad/2025/Documents/06.10-13.10.2025/4Z/109MEDIA/DSCF0035.JPG,DSCF0035.JPG,4Z/109MEDIA,0,Other_Amphibian,0.2395,2982.0,2468.8,3102.1,2621.9
/srv/shared_leopard_toad/2025/Documents/06.10-13.10.2025/4Z/109MEDIA/DSCF0035.JPG,DSCF0035.JPG,4Z/109MEDIA,2,Western_Leopard_Toad,0.2383,3657.4,1648.0,3929.3,1916.2
/srv/shared_leopard_toad/2025/Documents/06.10-13.10.2025/4Z/109MEDIA/DSCF0269.JPG,DSCF0269.JPG,4Z/109MEDIA,0,Other_Amphibian,0.4133,2971.6,2485.7,3108.3,2629.8
/srv/shared_leopard_toad/2025/Documents/06.10-13.10.2025/4Z/109MEDIA/DSCF0269.JPG,DSCF0269.JPG,4Z/109MEDIA,0,Other_Amphibian,0.4010,2973.5,2480.4,3109.9,2634.1
/srv/shared_leopard_toad/2025/Documents/06.10-13.10.2025/4Z/109MEDIA/DSCF0269.JPG,DSCF0269.JPG,4Z/109MEDIA,0,Other_Amphibian,0.3088,2983.7,2479.1,3110.3,2630.4
/srv/shared_leopard_toad/2025/Documents/06.10-13.10.2025/4Z/109MEDIA/DSCF0004.JPG,DSCF0004.JPG,4Z/109MEDIA,0,Other_Amphibian,0.2285,3654.2,1648.2,3929.0,1917.6
/srv/shared_leopard_toad/2025/Documents/06.10-13.10.2025/4Z/109MEDIA/DSCF0004.JPG,DSCF0004.JPG,4Z/109MEDIA,0,Other_Amphibian,0.2203,2978.5,2464.0,3097.4,2621.9
/srv/shared_leopard_toad/2025/Documents/06.10-13.10.2025/4Z/109MEDIA/DSCF0004.JPG,DSCF0004.JPG,4Z/109MEDIA,0,Other_Amphibian,0.2064,2971.4,2474.5,3101.4,2622.8
/srv/shared_leopard_toad/2025/Documents/06.10-13.10.2025/4Z/109MEDIA/DSCF0159.JPG,DSCF0159.JPG,4Z/109MEDIA,0,Other_Amphibian,0.4225,2970.3,2465.4,3104.4,2619.6
/srv/shared_leopard_toad/2025/Documents/06.10-13.10.2025/4Z/109MEDIA/DSCF0159.JPG,DSCF0159.JPG,4Z/109MEDIA,0,Other_Amphibian,0.3726,2980.2,2460.4,3105.3,2619.1
/srv/shared_leopard_toad/2025/Documents/06.10-13.10.2025/4Z/109MEDIA/DSCF0313.JPG,DSCF0313.JPG,4Z/109MEDIA,0,Other_Amphibian,0.4124,2977.5,2453.6,3103.0,2622.0
/srv/shared_leopard_toad/2025/Documents/06.10-13.10.2025/4Z/109MEDIA/DSCF0313.JPG,DSCF0313.JPG,4Z/109MEDIA,0,Other_Amphibian,0.4006,2968.9,2459.0,3102.9,2623.2
/srv/shared_leopard_toad/2025/Documents/06.10-13.10.2025/4Z/109MEDIA/DSCF0297.JPG,DSCF0297.JPG,4Z/109MEDIA,0,Other_Amphibian,0.4473,2966.8,2478.1,3104.3,2622.8
/srv/shared_leopard_toad/2025/Documents/06.10-13.10.2025/4Z/109MEDIA/DSCF0297.JPG,DSCF0297.JPG,4Z/109MEDIA,0,Other_Amphibian,0.3909,2977.9,2471.1,3105.5,2622.8
/srv/shared_leopard_toad/2025/Documents/06.10-13.10.2025/4Z/109MEDIA/DSCF0424.JPG,DSCF0424.JPG,4Z/109MEDIA,0,Other_Amphibian,0.2698,2975.1,2489.0,3102.1,2618.4
/srv/shared_leopard_toad/2025/Documents/06.10-13.10.2025/4Z/109MEDIA/DSCF0170.JPG,DSCF0170.JPG,4Z/109MEDIA,0,Other_Amphibian,0.7144,1719.6,1968.2,1873.0,2158.1
/srv/shared_leopard_toad/2025/Documents/06.10-13.10.2025/4Z/109MEDIA/DSCF0170.JPG,DSCF0170.JPG,4Z/109MEDIA,0,Other_Amphibian,0.2868,2974.8,2473.1,3106.3,2616.1
/srv/shared_leopard_toad/2025/Documents/06.10-13.10.2025/4Z/109MEDIA/DSCF0170.JPG,DSCF0170.JPG,4Z/109MEDIA,0,Other_Amphibian,0.2038,2982.5,2460.8,3103.6,2617.0
/srv/shared_leopard_toad/2025/Documents/06.10-13.10.2025/4Z/109MEDIA/DSCF0352.JPG,DSCF0352.JPG,4Z/109MEDIA,0,Other_Amphibian,0.2340,2974.0,2489.8,3102.7,2624.2
/srv/shared_leopard_toad/2025/Documents/06.10-13.10.2025/4Z/109MEDIA/DSCF0628.JPG,DSCF0628.JPG,4Z/109MEDIA,0,Other_Amphibian,0.2130,2971.2,2482.2,3103.0,2619.2
/srv/shared_leopard_toad/2025/Documents/06.10-13.10.2025/4Z/109MEDIA/DSCF0628.JPG,DSCF0628.JPG,4Z/109MEDIA,0,Other_Amphibian,0.2061,3654.4,1645.0,3926.6,1916.9
/srv/shared_leopard_toad/2025/Documents/06.10-13.10.2025/4Z/109MEDIA/DSCF0646.JPG,DSCF0646.JPG,4Z/109MEDIA,0,Other_Amphibian,0.2091,2967.4,2488.7,3094.3,2631.6
/srv/shared_leopard_toad/2025/Documents/06.10-13.10.2025/4Z/109MEDIA/DSCF0547.JPG,DSCF0547.JPG,4Z/109MEDIA,0,Other_Amphibian,0.4031,2969.1,2482.5,3103.1,2624.4
/srv/shared_leopard_toad/2025/Documents/06.10-13.10.2025/4Z/109MEDIA/DSCF0547.JPG,DSCF0547.JPG,4Z/109MEDIA,0,Other_Amphibian,0.3820,2980.8,2468.5,3105.7,2624.6
/srv/shared_leopard_toad/2025/Documents/06.10-13.10.2025/4Z/109MEDIA/DSCF0547.JPG,DSCF0547.JPG,4Z/109MEDIA,0,Other_Amphibian,0.3643,2971.8,2474.6,3104.9,2627.8
/srv/shared_leopard_toad/2025/Documents/06.10-13.10.2025/4Z/109MEDIA/DSCF0161.JPG,DSCF0161.JPG,4Z/109MEDIA,0,Other_Amphibian,0.2719,2974.2,2489.0,3103.3,2623.4
/srv/shared_leopard_toad/2025/Documents/06.10-13.10.2025/4Z/109MEDIA/DSCF0161.JPG,DSCF0161.JPG,4Z/109MEDIA,0,Other_Amphibian,0.2063,2980.3,2470.6,3098.6,2624.2
/srv/shared_leopard_toad/2025/Documents/06.10-13.10.2025/4Z/109MEDIA/DSCF0321.JPG,DSCF0321.JPG,4Z/109MEDIA,0,Other_Amphibian,0.2281,3655.3,1647.1,3928.1,1918.0
/srv/shared_leopard_toad/2025/Documents/06.10-13.10.2025/4Z/109MEDIA/DSCF0321.JPG,DSCF0321.JPG,4Z/109MEDIA,0,Other_Amphibian,0.2028,2981.2,2453.2,3099.5,2619.4
/srv/shared_leopard_toad/2025/Documents/06.10-13.10.2025/4Z/109MEDIA/DSCF0002.JPG,DSCF0002.JPG,4Z/109MEDIA,0,Other_Amphibian,0.3677,2970.6,2475.3,3102.3,2622.0
/srv/shared_leopard_toad/2025/Documents/06.10-13.10.2025/4Z/109MEDIA/DSCF0002.JPG,DSCF0002.JPG,4Z/109MEDIA,0,Other_Amphibian,0.3038,2982.0,2465.9,3103.9,2621.2
/srv/shared_leopard_toad/2025/Documents/06.10-13.10.2025/4Z/109MEDIA/DSCF0578.JPG,DSCF0578.JPG,4Z/109MEDIA,0,Other_Amphibian,0.3754,2971.8,2484.9,3105.1,2624.8
/srv/shared_leopard_toad/2025/Documents/06.10-13.10.2025/4Z/109MEDIA/DSCF0578.JPG,DSCF0578.JPG,4Z/109MEDIA,0,Other_Amphibian,0.3531,2973.9,2478.2,3106.0,2630.0
/srv/shared_leopard_toad/2025/Documents/06.10-13.10.2025/4Z/109MEDIA/DSCF0578.JPG,DSCF0578.JPG,4Z/109MEDIA,0,Other_Amphibian,0.3040,2984.6,2476.2,3107.3,2626.0
/srv/shared_leopard_toad/2025/Documents/06.10-13.10.2025/4Z/109MEDIA/DSCF0585.JPG,DSCF0585.JPG,4Z/109MEDIA,0,Other_Amphibian,0.2964,2971.0,2471.5,3102.3,2622.3
/srv/shared_leopard_toad/2025/Documents/06.10-13.10.2025/4Z/109MEDIA/DSCF0585.JPG,DSCF0585.JPG,4Z/109MEDIA,0,Other_Amphibian,0.2776,2983.3,2460.8,3104.4,2621.7
/srv/shared_leopard_toad/2025/Documents/06.10-13.10.2025/4Z/109MEDIA/DSCF0228.JPG,DSCF0228.JPG,4Z/109MEDIA,0,Other_Amphibian,0.3580,2972.8,2491.9,3102.5,2621.9
/srv/shared_leopard_toad/2025/Documents/06.10-13.10.2025/4Z/109MEDIA/DSCF0228.JPG,DSCF0228.JPG,4Z/109MEDIA,0,Other_Amphibian,0.2456,2981.0,2488.6,3100.5,2624.1
/srv/shared_leopard_toad/2025/Documents/06.10-13.10.2025/4Z/109MEDIA/DSCF0228.JPG,DSCF0228.JPG,4Z/109MEDIA,0,Other_Amphibian,0.2334,2970.4,2488.6,3099.7,2623.4
/srv/shared_leopard_toad/2025/Documents/06.10-13.10.2025/4Z/109MEDIA/DSCF0253.JPG,DSCF0253.JPG,4Z/109MEDIA,0,Other_Amphibian,0.3791,2971.3,2474.0,3105.3,2634.5
/srv/shared_leopard_toad/2025/Documents/06.10-13.10.2025/4Z/109MEDIA/DSCF0253.JPG,DSCF0253.JPG,4Z/109MEDIA,0,Other_Amphibian,0.3749,2970.6,2478.3,3104.7,2630.9
/srv/shared_leopard_toad/2025/Documents/06.10-13.10.2025/4Z/109MEDIA/DSCF0253.JPG,DSCF0253.JPG,4Z/109MEDIA,0,Other_Amphibian,0.3326,2981.9,2471.3,3105.7,2630.7
/srv/shared_leopard_toad/2025/Documents/06.10-13.10.2025/4Z/109MEDIA/DSCF0218.JPG,DSCF0218.JPG,4Z/109MEDIA,0,Other_Amphibian,0.2660,2971.1,2482.9,3102.9,2621.7
/srv/shared_leopard_toad/2025/Documents/06.10-13.10.2025/4Z/109MEDIA/DSCF0435.JPG,DSCF0435.JPG,4Z/109MEDIA,0,Other_Amphibian,0.3599,2970.8,2486.9,3102.3,2622.2
/srv/shared_leopard_toad/2025/Documents/06.10-13.10.2025/4Z/109MEDIA/DSCF0435.JPG,DSCF0435.JPG,4Z/109MEDIA,0,Other_Amphibian,0.2602,2980.4,2477.5,3101.4,2622.5
/srv/shared_leopard_toad/2025/Documents/06.10-13.10.2025/4Z/109MEDIA/DSCF0435.JPG,DSCF0435.JPG,4Z/109MEDIA,0,Other_Amphibian,0.2577,3656.9,1648.2,3930.2,1915.4
/srv/shared_leopard_toad/2025/Documents/06.10-13.10.2025/4Z/109MEDIA/DSCF0260.JPG,DSCF0260.JPG,4Z/109MEDIA,0,Other_Amphibian,0.3249,2970.8,2477.9,3102.6,2621.0
/srv/shared_leopard_toad/2025/Documents/06.10-13.10.2025/4Z/109MEDIA/DSCF0260.JPG,DSCF0260.JPG,4Z/109MEDIA,0,Other_Amphibian,0.2636,2982.5,2466.1,3104.7,2620.2
/srv/shared_leopard_toad/2025/Documents/06.10-13.10.2025/4Z/109MEDIA/DSCF0115.JPG,DSCF0115.JPG,4Z/109MEDIA,0,Other_Amphibian,0.3166,2974.6,2474.0,3103.8,2638.6
/srv/shared_leopard_toad/2025/Documents/06.10-13.10.2025/4Z/109MEDIA/DSCF0115.JPG,DSCF0115.JPG,4Z/109MEDIA,0,Other_Amphibian,0.3116,2973.7,2479.7,3104.1,2632.7
/srv/shared_leopard_toad/2025/Documents/06.10-13.10.2025/4Z/109MEDIA/DSCF0462.JPG,DSCF0462.JPG,4Z/109MEDIA,0,Other_Amphibian,0.2042,2971.7,2492.0,3101.0,2623.0
/srv/shared_leopard_toad/2025/Documents/06.10-13.10.2025/4Z/109MEDIA/DSCF0037.JPG,DSCF0037.JPG,4Z/109MEDIA,0,Other_Amphibian,0.3557,2981.5,2461.4,3106.1,2620.7
/srv/shared_leopard_toad/2025/Documents/06.10-13.10.2025/4Z/109MEDIA/DSCF0037.JPG,DSCF0037.JPG,4Z/109MEDIA,0,Other_Amphibian,0.3288,2973.3,2466.3,3108.2,2621.5
/srv/shared_leopard_toad/2025/Documents/06.10-13.10.2025/4Z/109MEDIA/DSCF0056.JPG,DSCF0056.JPG,4Z/109MEDIA,0,Other_Amphibian,0.2793,2970.3,2475.0,3103.0,2621.7
/srv/shared_leopard_toad/2025/Documents/06.10-13.10.2025/4Z/109MEDIA/DSCF0056.JPG,DSCF0056.JPG,4Z/109MEDIA,0,Other_Amphibian,0.2533,2980.1,2465.4,3103.1,2621.1
/srv/shared_leopard_toad/2025/Documents/06.10-13.10.2025/4Z/109MEDIA/DSCF0522.JPG,DSCF0522.JPG,4Z/109MEDIA,0,Other_Amphibian,0.2281,2974.1,2494.0,3103.7,2625.6
/srv/shared_leopard_toad/2025/Documents/06.10-13.10.2025/4Z/109MEDIA/DSCF0624.JPG,DSCF0624.JPG,4Z/109MEDIA,0,Other_Amphibian,0.3555,2971.4,2465.3,3103.7,2622.0
/srv/shared_leopard_toad/2025/Documents/06.10-13.10.2025/4Z/109MEDIA/DSCF0624.JPG,DSCF0624.JPG,4Z/109MEDIA,0,Other_Amphibian,0.3384,2980.9,2457.5,3104.5,2621.4
/srv/shared_leopard_toad/2025/Documents/06.10-13.10.2025/4Z/109MEDIA/DSCF0561.JPG,DSCF0561.JPG,4Z/109MEDIA,0,Other_Amphibian,0.3949,2968.0,2479.9,3100.7,2624.2
/srv/shared_leopard_toad/2025/Documents/06.10-13.10.2025/4Z/109MEDIA/DSCF0561.JPG,DSCF0561.JPG,4Z/109MEDIA,0,Other_Amphibian,0.3168,2980.5,2462.0,3103.1,2623.1
/srv/shared_leopard_toad/2025/Documents/06.10-13.10.2025/4Z/109MEDIA/DSCF0436.JPG,DSCF0436.JPG,4Z/109MEDIA,0,Other_Amphibian,0.4301,2970.4,2478.4,3102.7,2621.5
/srv/shared_leopard_toad/2025/Documents/06.10-13.10.2025/4Z/109MEDIA/DSCF0436.JPG,DSCF0436.JPG,4Z/109MEDIA,0,Other_Amphibian,0.3540,2981.5,2473.7,3105.7,2621.2
/srv/shared_leopard_toad/2025/Documents/06.10-13.10.2025/4Z/109MEDIA/DSCF0436.JPG,DSCF0436.JPG,4Z/109MEDIA,0,Other_Amphibian,0.2532,2973.0,2473.1,3103.9,2625.2
/srv/shared_leopard_toad/2025/Documents/06.10-13.10.2025/4Z/109MEDIA/DSCF0616.JPG,DSCF0616.JPG,4Z/109MEDIA,0,Other_Amphibian,0.4563,2968.3,2477.4,3104.2,2622.7
/srv/shared_leopard_toad/2025/Documents/06.10-13.10.2025/4Z/109MEDIA/DSCF0616.JPG,DSCF0616.JPG,4Z/109MEDIA,0,Other_Amphibian,0.4324,2982.6,2466.9,3106.4,2621.9
/srv/shared_leopard_toad/2025/Documents/06.10-13.10.2025/4Z/109MEDIA/DSCF0137.JPG,DSCF0137.JPG,4Z/109MEDIA,0,Other_Amphibian,0.2270,2972.2,2480.9,3101.9,2625.0
/srv/shared_leopard_toad/2025/Documents/06.10-13.10.2025/4Z/109MEDIA/DSCF0069.JPG,DSCF0069.JPG,4Z/109MEDIA,0,Other_Amphibian,0.3775,2972.2,2462.9,3106.6,2622.1
/srv/shared_leopard_toad/2025/Documents/06.10-13.10.2025/4Z/109MEDIA/DSCF0069.JPG,DSCF0069.JPG,4Z/109MEDIA,0,Other_Amphibian,0.3717,2981.3,2458.5,3106.5,2620.3
/srv/shared_leopard_toad/2025/Documents/06.10-13.10.2025/4Z/109MEDIA/DSCF0484.JPG,DSCF0484.JPG,4Z/109MEDIA,0,Other_Amphibian,0.2721,2971.3,2489.7,3102.6,2623.0
/srv/shared_leopard_toad/2025/Documents/06.10-13.10.2025/4Z/109MEDIA/DSCF0609.JPG,DSCF0609.JPG,4Z/109MEDIA,0,Other_Amphibian,0.3838,2968.8,2468.3,3101.6,2620.8
/srv/shared_leopard_toad/2025/Documents/06.10-13.10.2025/4Z/109MEDIA/DSCF0609.JPG,DSCF0609.JPG,4Z/109MEDIA,0,Other_Amphibian,0.3538,2977.0,2448.2,3102.3,2621.0
/srv/shared_leopard_toad/2025/Documents/06.10-13.10.2025/4Z/109MEDIA/DSCF0239.JPG,DSCF0239.JPG,4Z/109MEDIA,0,Other_Amphibian,0.4238,2969.7,2478.1,3103.4,2623.1
/srv/shared_leopard_toad/2025/Documents/06.10-13.10.2025/4Z/109MEDIA/DSCF0239.JPG,DSCF0239.JPG,4Z/109MEDIA,0,Other_Amphibian,0.3348,2982.6,2467.6,3105.3,2621.7
/srv/shared_leopard_toad/2025/Documents/06.10-13.10.2025/4Z/109MEDIA/DSCF0329.JPG,DSCF0329.JPG,4Z/109MEDIA,0,Other_Amphibian,0.3357,2970.5,2477.4,3101.7,2620.6
/srv/shared_leopard_toad/2025/Documents/06.10-13.10.2025/4Z/109MEDIA/DSCF0329.JPG,DSCF0329.JPG,4Z/109MEDIA,0,Other_Amphibian,0.2637,2981.2,2467.2,3103.5,2619.5
/srv/shared_leopard_toad/2025/Documents/06.10-13.10.2025/4Z/109MEDIA/DSCF0329.JPG,DSCF0329.JPG,4Z/109MEDIA,2,Western_Leopard_Toad,0.2178,3654.0,1648.1,3930.9,1918.6
/srv/shared_leopard_toad/2025/Documents/06.10-13.10.2025/4Z/109MEDIA/DSCF0129.JPG,DSCF0129.JPG,4Z/109MEDIA,0,Other_Amphibian,0.3207,2970.0,2480.4,3105.4,2622.5
/srv/shared_leopard_toad/2025/Documents/06.10-13.10.2025/4Z/109MEDIA/DSCF0129.JPG,DSCF0129.JPG,4Z/109MEDIA,0,Other_Amphibian,0.2544,3655.6,1648.7,3929.6,1917.8
/srv/shared_leopard_toad/2025/Documents/06.10-13.10.2025/4Z/109MEDIA/DSCF0129.JPG,DSCF0129.JPG,4Z/109MEDIA,0,Other_Amphibian,0.2543,2982.8,2472.2,3107.3,2621.9
/srv/shared_leopard_toad/2025/Documents/06.10-13.10.2025/4Z/109MEDIA/DSCF0261.JPG,DSCF0261.JPG,4Z/109MEDIA,0,Other_Amphibian,0.4890,2968.2,2478.5,3101.7,2618.4
/srv/shared_leopard_toad/2025/Documents/06.10-13.10.2025/4Z/109MEDIA/DSCF0261.JPG,DSCF0261.JPG,4Z/109MEDIA,0,Other_Amphibian,0.3977,2979.8,2469.0,3104.6,2618.9
/srv/shared_leopard_toad/2025/Documents/06.10-13.10.2025/4Z/109MEDIA/DSCF0062.JPG,DSCF0062.JPG,4Z/109MEDIA,0,Other_Amphibian,0.3583,2968.6,2485.1,3102.4,2624.5
/srv/shared_leopard_toad/2025/Documents/06.10-13.10.2025/4Z/109MEDIA/DSCF0062.JPG,DSCF0062.JPG,4Z/109MEDIA,0,Other_Amphibian,0.3075,2980.9,2472.9,3104.3,2623.1
/srv/shared_leopard_toad/2025/Documents/06.10-13.10.2025/4Z/109MEDIA/DSCF0062.JPG,DSCF0062.JPG,4Z/109MEDIA,0,Other_Amphibian,0.2840,2971.4,2478.5,3103.8,2627.4
/srv/shared_leopard_toad/2025/Documents/06.10-13.10.2025/4Z/109MEDIA/DSCF0062.JPG,DSCF0062.JPG,4Z/109MEDIA,2,Western_Leopard_Toad,0.2361,3655.7,1648.9,3931.5,1917.3
/srv/shared_leopard_toad/2025/Documents/06.10-13.10.2025/4Z/109MEDIA/DSCF0326.JPG,DSCF0326.JPG,4Z/109MEDIA,0,Other_Amphibian,0.4457,2970.8,2474.0,3101.9,2620.3
/srv/shared_leopard_toad/2025/Documents/06.10-13.10.2025/4Z/109MEDIA/DSCF0326.JPG,DSCF0326.JPG,4Z/109MEDIA,0,Other_Amphibian,0.3605,2981.6,2468.5,3104.6,2619.3
/srv/shared_leopard_toad/2025/Documents/06.10-13.10.2025/4Z/109MEDIA/DSCF0495.JPG,DSCF0495.JPG,4Z/109MEDIA,0,Other_Amphibian,0.4649,2970.8,2480.9,3104.7,2623.7
/srv/shared_leopard_toad/2025/Documents/06.10-13.10.2025/4Z/109MEDIA/DSCF0495.JPG,DSCF0495.JPG,4Z/109MEDIA,0,Other_Amphibian,0.3884,2982.4,2475.0,3107.2,2623.5
/srv/shared_leopard_toad/2025/Documents/06.10-13.10.2025/4Z/109MEDIA/DSCF0590.JPG,DSCF0590.JPG,4Z/109MEDIA,0,Other_Amphibian,0.4175,2969.1,2488.1,3102.4,2622.9
/srv/shared_leopard_toad/2025/Documents/06.10-13.10.2025/4Z/109MEDIA/DSCF0590.JPG,DSCF0590.JPG,4Z/109MEDIA,0,Other_Amphibian,0.3311,2983.2,2477.6,3106.8,2623.5
/srv/shared_leopard_toad/2025/Documents/06.10-13.10.2025/4Z/109MEDIA/DSCF0590.JPG,DSCF0590.JPG,4Z/109MEDIA,0,Other_Amphibian,0.3056,2973.7,2480.9,3104.8,2625.4
/srv/shared_leopard_toad/2025/Documents/06.10-13.10.2025/4Z/109MEDIA/DSCF0175.JPG,DSCF0175.JPG,4Z/109MEDIA,0,Other_Amphibian,0.3064,2978.4,2450.5,3101.0,2618.7
/srv/shared_leopard_toad/2025/Documents/06.10-13.10.2025/4Z/109MEDIA/DSCF0175.JPG,DSCF0175.JPG,4Z/109MEDIA,0,Other_Amphibian,0.2573,2970.1,2463.6,3101.6,2619.1
/srv/shared_leopard_toad/2025/Documents/06.10-13.10.2025/4Z/109MEDIA/DSCF0175.JPG,DSCF0175.JPG,4Z/109MEDIA,0,Other_Amphibian,0.2008,3653.6,1646.3,3928.9,1917.5
/srv/shared_leopard_toad/2025/Documents/06.10-13.10.2025/4Z/109MEDIA/DSCF0647.JPG,DSCF0647.JPG,4Z/109MEDIA,2,Western_Leopard_Toad,0.2043,3652.9,1649.1,3928.0,1917.4
/srv/shared_leopard_toad/2025/Documents/06.10-13.10.2025/4Z/109MEDIA/DSCF0573.JPG,DSCF0573.JPG,4Z/109MEDIA,0,Other_Amphibian,0.3419,2971.0,2487.5,3101.0,2623.0
/srv/shared_leopard_toad/2025/Documents/06.10-13.10.2025/4Z/109MEDIA/DSCF0573.JPG,DSCF0573.JPG,4Z/109MEDIA,0,Other_Amphibian,0.3276,2973.4,2480.7,3102.5,2628.0
/srv/shared_leopard_toad/2025/Documents/06.10-13.10.2025/4Z/109MEDIA/DSCF0573.JPG,DSCF0573.JPG,4Z/109MEDIA,0,Other_Amphibian,0.2551,2984.6,2478.8,3104.6,2623.7
/srv/shared_leopard_toad/2025/Documents/06.10-13.10.2025/4Z/109MEDIA/DSCF0332.JPG,DSCF0332.JPG,4Z/109MEDIA,0,Other_Amphibian,0.3793,2977.3,2456.8,3103.5,2622.6
/srv/shared_leopard_toad/2025/Documents/06.10-13.10.2025/4Z/109MEDIA/DSCF0332.JPG,DSCF0332.JPG,4Z/109MEDIA,0,Other_Amphibian,0.3698,2967.5,2466.5,3102.3,2623.1
/srv/shared_leopard_toad/2025/Documents/06.10-13.10.2025/4Z/109MEDIA/DSCF0203.JPG,DSCF0203.JPG,4Z/109MEDIA,0,Other_Amphibian,0.7000,1673.3,1827.8,1830.7,2020.8
/srv/shared_leopard_toad/2025/Documents/06.10-13.10.2025/4Z/109MEDIA/DSCF0203.JPG,DSCF0203.JPG,4Z/109MEDIA,0,Other_Amphibian,0.2283,2976.6,2492.1,3109.6,2626.5
/srv/shared_leopard_toad/2025/Documents/06.10-13.10.2025/4Z/109MEDIA/DSCF0103.JPG,DSCF0103.JPG,4Z/109MEDIA,0,Other_Amphibian,0.3975,2977.2,2453.3,3102.6,2619.6
/srv/shared_leopard_toad/2025/Documents/06.10-13.10.2025/4Z/109MEDIA/DSCF0103.JPG,DSCF0103.JPG,4Z/109MEDIA,0,Other_Amphibian,0.3897,2966.6,2464.0,3101.1,2620.4
/srv/shared_leopard_toad/2025/Documents/06.10-13.10.2025/4Z/109MEDIA/DSCF0388.JPG,DSCF0388.JPG,4Z/109MEDIA,0,Other_Amphibian,0.2891,2971.4,2484.9,3102.1,2623.7
/srv/shared_leopard_toad/2025/Documents/06.10-13.10.2025/4Z/109MEDIA/DSCF0388.JPG,DSCF0388.JPG,4Z/109MEDIA,0,Other_Amphibian,0.2558,3656.8,1646.1,3931.0,1917.5
/srv/shared_leopard_toad/2025/Documents/06.10-13.10.2025/4Z/109MEDIA/DSCF0388.JPG,DSCF0388.JPG,4Z/109MEDIA,0,Other_Amphibian,0.2118,2984.1,2468.4,3104.4,2622.3
/srv/shared_leopard_toad/2025/Documents/06.10-13.10.2025/4Z/109MEDIA/DSCF0039.JPG,DSCF0039.JPG,4Z/109MEDIA,0,Other_Amphibian,0.2463,2979.9,2456.2,3101.8,2618.2
/srv/shared_leopard_toad/2025/Documents/06.10-13.10.2025/4Z/109MEDIA/DSCF0039.JPG,DSCF0039.JPG,4Z/109MEDIA,2,Western_Leopard_Toad,0.2208,3657.9,1646.0,3931.0,1917.1
/srv/shared_leopard_toad/2025/Documents/06.10-13.10.2025/4Z/109MEDIA/DSCF0070.JPG,DSCF0070.JPG,4Z/109MEDIA,0,Other_Amphibian,0.2844,2968.9,2471.5,3104.3,2625.4
/srv/shared_leopard_toad/2025/Documents/06.10-13.10.2025/4Z/109MEDIA/DSCF0070.JPG,DSCF0070.JPG,4Z/109MEDIA,0,Other_Amphibian,0.2761,2980.1,2456.5,3104.7,2623.7
/srv/shared_leopard_toad/2025/Documents/06.10-13.10.2025/4Z/109MEDIA/DSCF0070.JPG,DSCF0070.JPG,4Z/109MEDIA,0,Other_Amphibian,0.2469,2970.9,2462.1,3104.7,2629.1
/srv/shared_leopard_toad/2025/Documents/06.10-13.10.2025/4Z/109MEDIA/DSCF0092.JPG,DSCF0092.JPG,4Z/109MEDIA,0,Other_Amphibian,0.2888,2974.8,2480.5,3103.3,2627.4
/srv/shared_leopard_toad/2025/Documents/06.10-13.10.2025/4Z/109MEDIA/DSCF0092.JPG,DSCF0092.JPG,4Z/109MEDIA,0,Other_Amphibian,0.2649,2984.2,2455.7,3102.3,2626.1
/srv/shared_leopard_toad/2025/Documents/06.10-13.10.2025/4Z/109MEDIA/DSCF0100.JPG,DSCF0100.JPG,4Z/109MEDIA,0,Other_Amphibian,0.4327,2969.3,2474.9,3105.1,2620.9
/srv/shared_leopard_toad/2025/Documents/06.10-13.10.2025/4Z/109MEDIA/DSCF0100.JPG,DSCF0100.JPG,4Z/109MEDIA,0,Other_Amphibian,0.3916,2980.8,2464.7,3106.5,2619.7
/srv/shared_leopard_toad/2025/Documents/06.10-13.10.2025/4Z/109MEDIA/DSCF0401.JPG,DSCF0401.JPG,4Z/109MEDIA,0,Other_Amphibian,0.3688,2970.5,2473.4,3099.3,2618.8
/srv/shared_leopard_toad/2025/Documents/06.10-13.10.2025/4Z/109MEDIA/DSCF0401.JPG,DSCF0401.JPG,4Z/109MEDIA,0,Other_Amphibian,0.2669,2981.2,2459.1,3100.0,2618.3
/srv/shared_leopard_toad/2025/Documents/06.10-13.10.2025/4Z/109MEDIA/DSCF0401.JPG,DSCF0401.JPG,4Z/109MEDIA,2,Western_Leopard_Toad,0.2224,3655.5,1647.3,3929.0,1917.4
/srv/shared_leopard_toad/2025/Documents/06.10-13.10.2025/4Z/109MEDIA/DSCF0599.JPG,DSCF0599.JPG,4Z/109MEDIA,0,Other_Amphibian,0.4298,2972.5,2489.2,3105.9,2628.5
/srv/shared_leopard_toad/2025/Documents/06.10-13.10.2025/4Z/109MEDIA/DSCF0599.JPG,DSCF0599.JPG,4Z/109MEDIA,0,Other_Amphibian,0.4164,2976.1,2483.5,3109.4,2631.7
/srv/shared_leopard_toad/2025/Documents/06.10-13.10.2025/4Z/109MEDIA/DSCF0599.JPG,DSCF0599.JPG,4Z/109MEDIA,0,Other_Amphibian,0.3163,2986.5,2480.5,3110.2,2630.9
/srv/shared_leopard_toad/2025/Documents/06.10-13.10.2025/4Z/109MEDIA/DSCF0600.JPG,DSCF0600.JPG,4Z/109MEDIA,0,Other_Amphibian,0.3369,2974.1,2492.0,3102.3,2623.1
/srv/shared_leopard_toad/2025/Documents/06.10-13.10.2025/4Z/109MEDIA/DSCF0600.JPG,DSCF0600.JPG,4Z/109MEDIA,0,Other_Amphibian,0.2006,2980.1,2471.4,3096.3,2624.5
/srv/shared_leopard_toad/2025/Documents/06.10-13.10.2025/4Z/109MEDIA/DSCF0529.JPG,DSCF0529.JPG,4Z/109MEDIA,0,Other_Amphibian,0.2261,2971.9,2477.9,3098.7,2619.3
/srv/shared_leopard_toad/2025/Documents/06.10-13.10.2025/4Z/109MEDIA/DSCF0010.JPG,DSCF0010.JPG,4Z/109MEDIA,0,Other_Amphibian,0.4126,2971.9,2465.7,3104.7,2616.3
/srv/shared_leopard_toad/2025/Documents/06.10-13.10.2025/4Z/109MEDIA/DSCF0010.JPG,DSCF0010.JPG,4Z/109MEDIA,0,Other_Amphibian,0.3940,2980.4,2460.0,3104.5,2616.5
/srv/shared_leopard_toad/2025/Documents/06.10-13.10.2025/4Z/109MEDIA/DSCF0348.JPG,DSCF0348.JPG,4Z/109MEDIA,0,Other_Amphibian,0.2114,2970.9,2487.2,3099.4,2625.7
/srv/shared_leopard_toad/2025/Documents/06.10-13.10.2025/4Z/109MEDIA/DSCF0078.JPG,DSCF0078.JPG,4Z/109MEDIA,0,Other_Amphibian,0.2409,2980.3,2441.4,3101.5,2622.9
/srv/shared_leopard_toad/2025/Documents/06.10-13.10.2025/4Z/109MEDIA/DSCF0078.JPG,DSCF0078.JPG,4Z/109MEDIA,0,Other_Amphibian,0.2044,2971.6,2471.1,3102.1,2622.4
/srv/shared_leopard_toad/2025/Documents/06.10-13.10.2025/4Z/109MEDIA/DSCF0244.JPG,DSCF0244.JPG,4Z/109MEDIA,0,Other_Amphibian,0.2989,2970.7,2475.2,3103.6,2625.9
/srv/shared_leopard_toad/2025/Documents/06.10-13.10.2025/4Z/109MEDIA/DSCF0244.JPG,DSCF0244.JPG,4Z/109MEDIA,0,Other_Amphibian,0.2654,2980.3,2471.1,3102.6,2625.4
/srv/shared_leopard_toad/2025/Documents/06.10-13.10.2025/4Z/109MEDIA/DSCF0217.JPG,DSCF0217.JPG,4Z/109MEDIA,0,Other_Amphibian,0.2658,3654.6,1645.7,3930.2,1917.4
/srv/shared_leopard_toad/2025/Documents/06.10-13.10.2025/4Z/109MEDIA/DSCF0242.JPG,DSCF0242.JPG,4Z/109MEDIA,0,Other_Amphibian,0.2134,2970.9,2477.3,3102.7,2623.9
/srv/shared_leopard_toad/2025/Documents/06.10-13.10.2025/4Z/109MEDIA/DSCF0156.JPG,DSCF0156.JPG,4Z/109MEDIA,0,Other_Amphibian,0.4089,2967.3,2480.7,3103.4,2620.8
/srv/shared_leopard_toad/2025/Documents/06.10-13.10.2025/4Z/109MEDIA/DSCF0156.JPG,DSCF0156.JPG,4Z/109MEDIA,0,Other_Amphibian,0.3580,2979.0,2470.0,3104.9,2620.0
/srv/shared_leopard_toad/2025/Documents/06.10-13.10.2025/4Z/109MEDIA/DSCF0094.JPG,DSCF0094.JPG,4Z/109MEDIA,0,Other_Amphibian,0.3224,2970.4,2476.2,3104.3,2635.1
/srv/shared_leopard_toad/2025/Documents/06.10-13.10.2025/4Z/109MEDIA/DSCF0094.JPG,DSCF0094.JPG,4Z/109MEDIA,0,Other_Amphibian,0.2738,3655.0,1647.1,3931.7,1917.4
/srv/shared_leopard_toad/2025/Documents/06.10-13.10.2025/4Z/109MEDIA/DSCF0094.JPG,DSCF0094.JPG,4Z/109MEDIA,0,Other_Amphibian,0.2509,2981.4,2470.5,3104.7,2629.1
/srv/shared_leopard_toad/2025/Documents/06.10-13.10.2025/4Z/109MEDIA/DSCF0094.JPG,DSCF0094.JPG,4Z/109MEDIA,0,Other_Amphibian,0.2017,2973.9,2480.3,3106.9,2627.7
/srv/shared_leopard_toad/2025/Documents/06.10-13.10.2025/4Z/109MEDIA/DSCF0190.JPG,DSCF0190.JPG,4Z/109MEDIA,0,Other_Amphibian,0.8193,1660.6,1909.8,1841.3,2127.5
/srv/shared_leopard_toad/2025/Documents/06.10-13.10.2025/4Z/109MEDIA/DSCF0383.JPG,DSCF0383.JPG,4Z/109MEDIA,0,Other_Amphibian,0.3885,2970.6,2478.3,3103.6,2620.1
/srv/shared_leopard_toad/2025/Documents/06.10-13.10.2025/4Z/109MEDIA/DSCF0383.JPG,DSCF0383.JPG,4Z/109MEDIA,0,Other_Amphibian,0.3118,2981.6,2471.4,3105.9,2620.1
/srv/shared_leopard_toad/2025/Documents/06.10-13.10.2025/4Z/109MEDIA/DSCF0047.JPG,DSCF0047.JPG,4Z/109MEDIA,0,Other_Amphibian,0.2938,2971.1,2478.5,3099.3,2621.2
/srv/shared_leopard_toad/2025/Documents/06.10-13.10.2025/4Z/109MEDIA/DSCF0047.JPG,DSCF0047.JPG,4Z/109MEDIA,0,Other_Amphibian,0.2139,2983.0,2466.3,3100.6,2620.0
/srv/shared_leopard_toad/2025/Documents/06.10-13.10.2025/4Z/109MEDIA/DSCF0213.JPG,DSCF0213.JPG,4Z/109MEDIA,0,Other_Amphibian,0.2438,2979.0,2451.3,3102.0,2623.1
/srv/shared_leopard_toad/2025/Documents/06.10-13.10.2025/4Z/109MEDIA/DSCF0213.JPG,DSCF0213.JPG,4Z/109MEDIA,0,Other_Amphibian,0.2200,2972.7,2463.6,3103.3,2622.5
/srv/shared_leopard_toad/2025/Documents/06.10-13.10.2025/4Z/109MEDIA/DSCF0055.JPG,DSCF0055.JPG,4Z/109MEDIA,0,Other_Amphibian,0.3230,2978.7,2444.7,3101.1,2622.4
/srv/shared_leopard_toad/2025/Documents/06.10-13.10.2025/4Z/109MEDIA/DSCF0055.JPG,DSCF0055.JPG,4Z/109MEDIA,0,Other_Amphibian,0.2547,3655.0,1648.0,3930.8,1916.9
/srv/shared_leopard_toad/2025/Documents/06.10-13.10.2025/4Z/109MEDIA/DSCF0400.JPG,DSCF0400.JPG,4Z/109MEDIA,0,Other_Amphibian,0.3838,2970.6,2479.7,3106.7,2621.8
/srv/shared_leopard_toad/2025/Documents/06.10-13.10.2025/4Z/109MEDIA/DSCF0400.JPG,DSCF0400.JPG,4Z/109MEDIA,0,Other_Amphibian,0.3719,2980.4,2474.7,3107.4,2621.4
/srv/shared_leopard_toad/2025/Documents/06.10-13.10.2025/4Z/109MEDIA/DSCF0400.JPG,DSCF0400.JPG,4Z/109MEDIA,0,Other_Amphibian,0.3164,2973.6,2475.0,3107.7,2624.9
/srv/shared_leopard_toad/2025/Documents/06.10-13.10.2025/4Z/109MEDIA/DSCF0658.JPG,DSCF0658.JPG,4Z/109MEDIA,2,Western_Leopard_Toad,0.7858,3646.8,1657.3,3929.9,1920.1
/srv/shared_leopard_toad/2025/Documents/06.10-13.10.2025/4Z/109MEDIA/DSCF0658.JPG,DSCF0658.JPG,4Z/109MEDIA,2,Western_Leopard_Toad,0.2221,30.2,2254.3,1016.1,2862.5
/srv/shared_leopard_toad/2025/Documents/06.10-13.10.2025/4Z/109MEDIA/DSCF0606.JPG,DSCF0606.JPG,4Z/109MEDIA,0,Other_Amphibian,0.3545,2971.7,2490.5,3100.4,2619.1
/srv/shared_leopard_toad/2025/Documents/06.10-13.10.2025/4Z/109MEDIA/DSCF0606.JPG,DSCF0606.JPG,4Z/109MEDIA,0,Other_Amphibian,0.2340,2980.4,2474.7,3098.0,2620.1
/srv/shared_leopard_toad/2025/Documents/06.10-13.10.2025/4Z/109MEDIA/DSCF0197.JPG,DSCF0197.JPG,4Z/109MEDIA,0,Other_Amphibian,0.6431,1687.0,1849.8,1855.3,2040.3
/srv/shared_leopard_toad/2025/Documents/06.10-13.10.2025/4Z/109MEDIA/DSCF0197.JPG,DSCF0197.JPG,4Z/109MEDIA,0,Other_Amphibian,0.3219,2978.2,2463.8,3102.9,2623.5
/srv/shared_leopard_toad/2025/Documents/06.10-13.10.2025/4Z/109MEDIA/DSCF0197.JPG,DSCF0197.JPG,4Z/109MEDIA,0,Other_Amphibian,0.2847,2970.1,2465.0,3104.2,2628.8
/srv/shared_leopard_toad/2025/Documents/06.10-13.10.2025/4Z/109MEDIA/DSCF0197.JPG,DSCF0197.JPG,4Z/109MEDIA,0,Other_Amphibian,0.2410,2971.1,2469.4,3104.8,2623.3
/srv/shared_leopard_toad/2025/Documents/06.10-13.10.2025/4Z/109MEDIA/DSCF0064.JPG,DSCF0064.JPG,4Z/109MEDIA,0,Other_Amphibian,0.2594,2974.7,2481.2,3106.2,2636.0
/srv/shared_leopard_toad/2025/Documents/06.10-13.10.2025/4Z/109MEDIA/DSCF0064.JPG,DSCF0064.JPG,4Z/109MEDIA,0,Other_Amphibian,0.2478,2974.8,2488.4,3106.5,2629.8
/srv/shared_leopard_toad/2025/Documents/06.10-13.10.2025/4Z/109MEDIA/DSCF0351.JPG,DSCF0351.JPG,4Z/109MEDIA,0,Other_Amphibian,0.2756,2978.6,2456.8,3104.2,2625.9
/srv/shared_leopard_toad/2025/Documents/06.10-13.10.2025/4Z/109MEDIA/DSCF0351.JPG,DSCF0351.JPG,4Z/109MEDIA,0,Other_Amphibian,0.2199,2971.2,2466.6,3106.9,2625.2
/srv/shared_leopard_toad/2025/Documents/06.10-13.10.2025/4Z/109MEDIA/DSCF0225.JPG,DSCF0225.JPG,4Z/109MEDIA,0,Other_Amphibian,0.2872,3651.8,1647.0,3931.7,1918.9
/srv/shared_leopard_toad/2025/Documents/06.10-13.10.2025/4Z/109MEDIA/DSCF0354.JPG,DSCF0354.JPG,4Z/109MEDIA,0,Other_Amphibian,0.4055,2969.4,2469.8,3102.8,2617.0
/srv/shared_leopard_toad/2025/Documents/06.10-13.10.2025/4Z/109MEDIA/DSCF0354.JPG,DSCF0354.JPG,4Z/109MEDIA,0,Other_Amphibian,0.4042,2978.6,2463.4,3103.5,2616.3
/srv/shared_leopard_toad/2025/Documents/06.10-13.10.2025/4Z/109MEDIA/DSCF0272.JPG,DSCF0272.JPG,4Z/109MEDIA,0,Other_Amphibian,0.2329,2973.1,2486.5,3101.0,2621.2
/srv/shared_leopard_toad/2025/Documents/06.10-13.10.2025/4Z/109MEDIA/DSCF0272.JPG,DSCF0272.JPG,4Z/109MEDIA,2,Western_Leopard_Toad,0.2064,3657.4,1645.7,3928.6,1917.1
/srv/shared_leopard_toad/2025/Documents/06.10-13.10.2025/4Z/109MEDIA/DSCF0459.JPG,DSCF0459.JPG,4Z/109MEDIA,0,Other_Amphibian,0.2833,2973.9,2487.5,3104.3,2625.7
/srv/shared_leopard_toad/2025/Documents/06.10-13.10.2025/4Z/109MEDIA/DSCF0459.JPG,DSCF0459.JPG,4Z/109MEDIA,0,Other_Amphibian,0.2312,2982.7,2468.2,3102.6,2625.0
/srv/shared_leopard_toad/2025/Documents/06.10-13.10.2025/4Z/109MEDIA/DSCF0620.JPG,DSCF0620.JPG,4Z/109MEDIA,0,Other_Amphibian,0.3641,2968.9,2484.1,3099.8,2622.8
/srv/shared_leopard_toad/2025/Documents/06.10-13.10.2025/4Z/109MEDIA/DSCF0620.JPG,DSCF0620.JPG,4Z/109MEDIA,0,Other_Amphibian,0.2939,2970.9,2475.0,3102.2,2627.8
/srv/shared_leopard_toad/2025/Documents/06.10-13.10.2025/4Z/109MEDIA/DSCF0620.JPG,DSCF0620.JPG,4Z/109MEDIA,0,Other_Amphibian,0.2737,2981.5,2472.3,3103.3,2622.9
/srv/shared_leopard_toad/2025/Documents/06.10-13.10.2025/4Z/109MEDIA/DSCF0224.JPG,DSCF0224.JPG,4Z/109MEDIA,0,Other_Amphibian,0.2833,2979.2,2461.1,3104.0,2620.4
/srv/shared_leopard_toad/2025/Documents/06.10-13.10.2025/4Z/109MEDIA/DSCF0224.JPG,DSCF0224.JPG,4Z/109MEDIA,0,Other_Amphibian,0.2386,2970.1,2467.3,3104.5,2621.5
/srv/shared_leopard_toad/2025/Documents/06.10-13.10.2025/4Z/109MEDIA/DSCF0591.JPG,DSCF0591.JPG,4Z/109MEDIA,0,Other_Amphibian,0.4756,2971.1,2464.2,3105.7,2618.3
/srv/shared_leopard_toad/2025/Documents/06.10-13.10.2025/4Z/109MEDIA/DSCF0591.JPG,DSCF0591.JPG,4Z/109MEDIA,0,Other_Amphibian,0.4360,2978.6,2462.1,3105.8,2618.0
/srv/shared_leopard_toad/2025/Documents/06.10-13.10.2025/4Z/109MEDIA/DSCF0081.JPG,DSCF0081.JPG,4Z/109MEDIA,0,Other_Amphibian,0.2010,2974.3,2490.6,3102.9,2624.2
/srv/shared_leopard_toad/2025/Documents/06.10-13.10.2025/4Z/109MEDIA/DSCF0081.JPG,DSCF0081.JPG,4Z/109MEDIA,0,Other_Amphibian,0.2007,3654.4,1647.6,3929.6,1917.8
/srv/shared_leopard_toad/2025/Documents/06.10-13.10.2025/4Z/109MEDIA/DSCF0016.JPG,DSCF0016.JPG,4Z/109MEDIA,0,Other_Amphibian,0.2941,2969.1,2466.2,3096.9,2616.6
/srv/shared_leopard_toad/2025/Documents/06.10-13.10.2025/4Z/109MEDIA/DSCF0016.JPG,DSCF0016.JPG,4Z/109MEDIA,0,Other_Amphibian,0.2675,2979.5,2455.1,3098.1,2616.0
/srv/shared_leopard_toad/2025/Documents/06.10-13.10.2025/4Z/109MEDIA/DSCF0016.JPG,DSCF0016.JPG,4Z/109MEDIA,2,Western_Leopard_Toad,0.2083,3654.4,1647.8,3928.0,1918.2
/srv/shared_leopard_toad/2025/Documents/06.10-13.10.2025/4Z/109MEDIA/DSCF0101.JPG,DSCF0101.JPG,4Z/109MEDIA,0,Other_Amphibian,0.2275,2973.0,2490.3,3100.2,2620.5
/srv/shared_leopard_toad/2025/Documents/06.10-13.10.2025/4Z/109MEDIA/DSCF0029.JPG,DSCF0029.JPG,4Z/109MEDIA,0,Other_Amphibian,0.2225,2979.6,2457.4,3099.9,2624.3
/srv/shared_leopard_toad/2025/Documents/06.10-13.10.2025/4Z/109MEDIA/DSCF0029.JPG,DSCF0029.JPG,4Z/109MEDIA,0,Other_Amphibian,0.2201,2970.8,2473.2,3101.8,2624.9
/srv/shared_leopard_toad/2025/Documents/06.10-13.10.2025/4Z/109MEDIA/DSCF0664.JPG,DSCF0664.JPG,4Z/109MEDIA,2,Western_Leopard_Toad,0.7127,3643.7,1658.5,3925.6,1918.3
/srv/shared_leopard_toad/2025/Documents/06.10-13.10.2025/4Z/109MEDIA/DSCF0468.JPG,DSCF0468.JPG,4Z/109MEDIA,0,Other_Amphibian,0.2435,2970.2,2479.9,3100.5,2623.1
/srv/shared_leopard_toad/2025/Documents/06.10-13.10.2025/4Z/109MEDIA/DSCF0105.JPG,DSCF0105.JPG,4Z/109MEDIA,0,Other_Amphibian,0.3115,2977.8,2453.0,3101.7,2624.9
/srv/shared_leopard_toad/2025/Documents/06.10-13.10.2025/4Z/109MEDIA/DSCF0105.JPG,DSCF0105.JPG,4Z/109MEDIA,0,Other_Amphibian,0.2647,2970.4,2467.2,3103.6,2624.5
/srv/shared_leopard_toad/2025/Documents/06.10-13.10.2025/4Z/109MEDIA/DSCF0105.JPG,DSCF0105.JPG,4Z/109MEDIA,0,Other_Amphibian,0.2365,3655.6,1648.1,3929.8,1918.1
/srv/shared_leopard_toad/2025/Documents/06.10-13.10.2025/4Z/109MEDIA/DSCF0116.JPG,DSCF0116.JPG,4Z/109MEDIA,0,Other_Amphibian,0.2881,2978.3,2445.5,3102.9,2626.1
/srv/shared_leopard_toad/2025/Documents/06.10-13.10.2025/4Z/109MEDIA/DSCF0116.JPG,DSCF0116.JPG,4Z/109MEDIA,0,Other_Amphibian,0.2643,2970.1,2465.0,3104.7,2626.0
/srv/shared_leopard_toad/2025/Documents/06.10-13.10.2025/4Z/109MEDIA/DSCF0116.JPG,DSCF0116.JPG,4Z/109MEDIA,0,Other_Amphibian,0.2518,3651.7,1647.7,3929.3,1916.9
/srv/shared_leopard_toad/2025/Documents/06.10-13.10.2025/4Z/109MEDIA/DSCF0085.JPG,DSCF0085.JPG,4Z/109MEDIA,0,Other_Amphibian,0.2669,2970.4,2482.7,3098.2,2619.5
/srv/shared_leopard_toad/2025/Documents/06.10-13.10.2025/4Z/109MEDIA/DSCF0085.JPG,DSCF0085.JPG,4Z/109MEDIA,2,Western_Leopard_Toad,0.2339,3655.4,1647.1,3931.1,1917.4
/srv/shared_leopard_toad/2025/Documents/06.10-13.10.2025/4Z/109MEDIA/DSCF0027.JPG,DSCF0027.JPG,4Z/109MEDIA,0,Other_Amphibian,0.2777,2979.3,2458.1,3102.9,2622.1
/srv/shared_leopard_toad/2025/Documents/06.10-13.10.2025/4Z/109MEDIA/DSCF0027.JPG,DSCF0027.JPG,4Z/109MEDIA,0,Other_Amphibian,0.2726,2969.4,2466.9,3102.9,2623.5
/srv/shared_leopard_toad/2025/Documents/06.10-13.10.2025/4Z/109MEDIA/DSCF0367.JPG,DSCF0367.JPG,4Z/109MEDIA,0,Other_Amphibian,0.2673,2976.7,2495.1,3104.4,2621.1
/srv/shared_leopard_toad/2025/Documents/06.10-13.10.2025/4Z/109MEDIA/DSCF0331.JPG,DSCF0331.JPG,4Z/109MEDIA,0,Other_Amphibian,0.3693,2969.2,2478.7,3101.6,2620.8
/srv/shared_leopard_toad/2025/Documents/06.10-13.10.2025/4Z/109MEDIA/DSCF0331.JPG,DSCF0331.JPG,4Z/109MEDIA,0,Other_Amphibian,0.3294,2978.9,2454.1,3101.8,2619.2
/srv/shared_leopard_toad/2025/Documents/06.10-13.10.2025/4Z/109MEDIA/DSCF0602.JPG,DSCF0602.JPG,4Z/109MEDIA,0,Other_Amphibian,0.3043,2973.3,2493.2,3101.0,2620.1
/srv/shared_leopard_toad/2025/Documents/06.10-13.10.2025/4Z/109MEDIA/DSCF0602.JPG,DSCF0602.JPG,4Z/109MEDIA,0,Other_Amphibian,0.2190,2970.6,2489.1,3097.5,2623.4
/srv/shared_leopard_toad/2025/Documents/06.10-13.10.2025/4Z/109MEDIA/DSCF0688.JPG,DSCF0688.JPG,4Z/109MEDIA,2,Western_Leopard_Toad,0.6727,3639.1,1662.5,3922.9,1923.7
/srv/shared_leopard_toad/2025/Documents/06.10-13.10.2025/4Z/109MEDIA/DSCF0109.JPG,DSCF0109.JPG,4Z/109MEDIA,0,Other_Amphibian,0.2348,2972.0,2484.4,3099.1,2623.1
/srv/shared_leopard_toad/2025/Documents/06.10-13.10.2025/4Z/109MEDIA/DSCF0357.JPG,DSCF0357.JPG,4Z/109MEDIA,0,Other_Amphibian,0.3138,2973.8,2488.8,3106.2,2623.2
/srv/shared_leopard_toad/2025/Documents/06.10-13.10.2025/4Z/109MEDIA/DSCF0357.JPG,DSCF0357.JPG,4Z/109MEDIA,0,Other_Amphibian,0.2566,2982.7,2485.2,3104.3,2624.9
/srv/shared_leopard_toad/2025/Documents/06.10-13.10.2025/4Z/109MEDIA/DSCF0357.JPG,DSCF0357.JPG,4Z/109MEDIA,0,Other_Amphibian,0.2556,2974.2,2484.9,3106.5,2624.7
/srv/shared_leopard_toad/2025/Documents/06.10-13.10.2025/4Z/109MEDIA/DSCF0309.JPG,DSCF0309.JPG,4Z/109MEDIA,0,Other_Amphibian,0.3267,2974.1,2488.7,3104.0,2621.6
/srv/shared_leopard_toad/2025/Documents/06.10-13.10.2025/4Z/109MEDIA/DSCF0309.JPG,DSCF0309.JPG,4Z/109MEDIA,0,Other_Amphibian,0.2581,2981.7,2483.6,3101.6,2622.9
/srv/shared_leopard_toad/2025/Documents/06.10-13.10.2025/4Z/109MEDIA/DSCF0497.JPG,DSCF0497.JPG,4Z/109MEDIA,0,Other_Amphibian,0.2897,2968.7,2475.1,3102.5,2622.9
/srv/shared_leopard_toad/2025/Documents/06.10-13.10.2025/4Z/109MEDIA/DSCF0497.JPG,DSCF0497.JPG,4Z/109MEDIA,0,Other_Amphibian,0.2540,3654.4,1646.1,3929.7,1917.4
/srv/shared_leopard_toad/2025/Documents/06.10-13.10.2025/4Z/109MEDIA/DSCF0497.JPG,DSCF0497.JPG,4Z/109MEDIA,0,Other_Amphibian,0.2363,2980.3,2460.0,3104.0,2621.8
/srv/shared_leopard_toad/2025/Documents/06.10-13.10.2025/4Z/109MEDIA/DSCF0340.JPG,DSCF0340.JPG,4Z/109MEDIA,0,Other_Amphibian,0.3263,2982.4,2457.8,3104.5,2618.9
/srv/shared_leopard_toad/2025/Documents/06.10-13.10.2025/4Z/109MEDIA/DSCF0340.JPG,DSCF0340.JPG,4Z/109MEDIA,0,Other_Amphibian,0.3201,2971.1,2466.4,3102.8,2620.1
/srv/shared_leopard_toad/2025/Documents/06.10-13.10.2025/4Z/109MEDIA/DSCF0340.JPG,DSCF0340.JPG,4Z/109MEDIA,0,Other_Amphibian,0.2001,3657.3,1646.6,3928.2,1918.2
/srv/shared_leopard_toad/2025/Documents/06.10-13.10.2025/4Z/109MEDIA/DSCF0024.JPG,DSCF0024.JPG,4Z/109MEDIA,0,Other_Amphibian,0.3816,2979.3,2455.5,3102.7,2620.7
/srv/shared_leopard_toad/2025/Documents/06.10-13.10.2025/4Z/109MEDIA/DSCF0024.JPG,DSCF0024.JPG,4Z/109MEDIA,0,Other_Amphibian,0.3292,2969.8,2474.1,3102.4,2621.3
/srv/shared_leopard_toad/2025/Documents/06.10-13.10.2025/4Z/109MEDIA/DSCF0318.JPG,DSCF0318.JPG,4Z/109MEDIA,0,Other_Amphibian,0.3285,2970.3,2485.8,3100.8,2618.8
/srv/shared_leopard_toad/2025/Documents/06.10-13.10.2025/4Z/109MEDIA/DSCF0318.JPG,DSCF0318.JPG,4Z/109MEDIA,0,Other_Amphibian,0.2246,2979.0,2478.0,3099.9,2619.3
/srv/shared_leopard_toad/2025/Documents/06.10-13.10.2025/4Z/109MEDIA/DSCF0392.JPG,DSCF0392.JPG,4Z/109MEDIA,0,Other_Amphibian,0.2552,2972.0,2482.0,3101.9,2621.0
/srv/shared_leopard_toad/2025/Documents/06.10-13.10.2025/4Z/109MEDIA/DSCF0392.JPG,DSCF0392.JPG,4Z/109MEDIA,0,Other_Amphibian,0.2209,2982.6,2470.2,3102.1,2620.8
/srv/shared_leopard_toad/2025/Documents/06.10-13.10.2025/4Z/109MEDIA/DSCF0493.JPG,DSCF0493.JPG,4Z/109MEDIA,0,Other_Amphibian,0.2766,2970.8,2484.0,3101.4,2624.2
/srv/shared_leopard_toad/2025/Documents/06.10-13.10.2025/4Z/109MEDIA/DSCF0493.JPG,DSCF0493.JPG,4Z/109MEDIA,0,Other_Amphibian,0.2258,2979.7,2465.5,3099.8,2624.0
/srv/shared_leopard_toad/2025/Documents/06.10-13.10.2025/4Z/109MEDIA/DSCF0617.JPG,DSCF0617.JPG,4Z/109MEDIA,0,Other_Amphibian,0.3369,2970.2,2470.6,3103.7,2621.2
/srv/shared_leopard_toad/2025/Documents/06.10-13.10.2025/4Z/109MEDIA/DSCF0617.JPG,DSCF0617.JPG,4Z/109MEDIA,0,Other_Amphibian,0.3191,2981.1,2463.8,3104.7,2619.7
/srv/shared_leopard_toad/2025/Documents/06.10-13.10.2025/4Z/109MEDIA/DSCF0617.JPG,DSCF0617.JPG,4Z/109MEDIA,0,Other_Amphibian,0.2497,3655.7,1645.9,3930.2,1917.1
/srv/shared_leopard_toad/2025/Documents/06.10-13.10.2025/4Z/109MEDIA/DSCF0617.JPG,DSCF0617.JPG,4Z/109MEDIA,0,Other_Amphibian,0.2069,2974.6,2461.1,3104.9,2624.1
/srv/shared_leopard_toad/2025/Documents/06.10-13.10.2025/4Z/109MEDIA/DSCF0235.JPG,DSCF0235.JPG,4Z/109MEDIA,0,Other_Amphibian,0.3341,2971.7,2486.5,3102.5,2623.6
/srv/shared_leopard_toad/2025/Documents/06.10-13.10.2025/4Z/109MEDIA/DSCF0235.JPG,DSCF0235.JPG,4Z/109MEDIA,0,Other_Amphibian,0.2389,2983.7,2478.7,3104.2,2624.4
/srv/shared_leopard_toad/2025/Documents/06.10-13.10.2025/4Z/109MEDIA/DSCF0235.JPG,DSCF0235.JPG,4Z/109MEDIA,0,Other_Amphibian,0.2223,2974.0,2479.0,3105.2,2625.6
/srv/shared_leopard_toad/2025/Documents/06.10-13.10.2025/4Z/109MEDIA/DSCF0671.JPG,DSCF0671.JPG,4Z/109MEDIA,2,Western_Leopard_Toad,0.7360,3637.7,1660.7,3927.7,1924.0
/srv/shared_leopard_toad/2025/Documents/06.10-13.10.2025/4Z/109MEDIA/DSCF0328.JPG,DSCF0328.JPG,4Z/109MEDIA,0,Other_Amphibian,0.4196,2971.2,2485.3,3104.4,2619.8
/srv/shared_leopard_toad/2025/Documents/06.10-13.10.2025/4Z/109MEDIA/DSCF0328.JPG,DSCF0328.JPG,4Z/109MEDIA,0,Other_Amphibian,0.3236,2983.1,2479.3,3106.7,2620.4
/srv/shared_leopard_toad/2025/Documents/06.10-13.10.2025/4Z/109MEDIA/DSCF0328.JPG,DSCF0328.JPG,4Z/109MEDIA,0,Other_Amphibian,0.2432,2972.1,2478.7,3103.4,2623.4
/srv/shared_leopard_toad/2025/Documents/06.10-13.10.2025/4Z/109MEDIA/DSCF0202.JPG,DSCF0202.JPG,4Z/109MEDIA,0,Other_Amphibian,0.6283,1673.1,1827.4,1825.6,2015.5
/srv/shared_leopard_toad/2025/Documents/06.10-13.10.2025/4Z/109MEDIA/DSCF0202.JPG,DSCF0202.JPG,4Z/109MEDIA,2,Western_Leopard_Toad,0.2517,3657.1,1646.8,3929.7,1918.0
/srv/shared_leopard_toad/2025/Documents/06.10-13.10.2025/4Z/109MEDIA/DSCF0202.JPG,DSCF0202.JPG,4Z/109MEDIA,0,Other_Amphibian,0.2477,2972.1,2487.3,3104.2,2625.5
/srv/shared_leopard_toad/2025/Documents/06.10-13.10.2025/4Z/109MEDIA/DSCF0595.JPG,DSCF0595.JPG,4Z/109MEDIA,0,Other_Amphibian,0.3717,2970.2,2478.4,3105.9,2622.9
/srv/shared_leopard_toad/2025/Documents/06.10-13.10.2025/4Z/109MEDIA/DSCF0595.JPG,DSCF0595.JPG,4Z/109MEDIA,0,Other_Amphibian,0.3308,2972.3,2471.8,3107.7,2628.1
/srv/shared_leopard_toad/2025/Documents/06.10-13.10.2025/4Z/109MEDIA/DSCF0595.JPG,DSCF0595.JPG,4Z/109MEDIA,0,Other_Amphibian,0.2955,2981.7,2470.8,3109.7,2623.2
/srv/shared_leopard_toad/2025/Documents/06.10-13.10.2025/4Z/109MEDIA/DSCF0226.JPG,DSCF0226.JPG,4Z/109MEDIA,0,Other_Amphibian,0.4503,2976.6,2463.7,3108.2,2623.4
/srv/shared_leopard_toad/2025/Documents/06.10-13.10.2025/4Z/109MEDIA/DSCF0226.JPG,DSCF0226.JPG,4Z/109MEDIA,0,Other_Amphibian,0.4397,2968.9,2468.9,3108.3,2624.4
/srv/shared_leopard_toad/2025/Documents/06.10-13.10.2025/4Z/109MEDIA/DSCF0310.JPG,DSCF0310.JPG,4Z/109MEDIA,0,Other_Amphibian,0.2056,2974.6,2494.9,3101.2,2622.0
/srv/shared_leopard_toad/2025/Documents/06.10-13.10.2025/4Z/109MEDIA/DSCF0374.JPG,DSCF0374.JPG,4Z/109MEDIA,0,Other_Amphibian,0.3258,2981.9,2462.6,3107.8,2622.6
/srv/shared_leopard_toad/2025/Documents/06.10-13.10.2025/4Z/109MEDIA/DSCF0374.JPG,DSCF0374.JPG,4Z/109MEDIA,0,Other_Amphibian,0.3130,2972.8,2476.2,3108.2,2622.8
/srv/shared_leopard_toad/2025/Documents/06.10-13.10.2025/4Z/109MEDIA/DSCF0371.JPG,DSCF0371.JPG,4Z/109MEDIA,0,Other_Amphibian,0.2439,2971.0,2481.9,3100.2,2620.5
/srv/shared_leopard_toad/2025/Documents/06.10-13.10.2025/4Z/109MEDIA/DSCF0371.JPG,DSCF0371.JPG,4Z/109MEDIA,2,Western_Leopard_Toad,0.2199,3655.4,1648.0,3929.5,1917.7
/srv/shared_leopard_toad/2025/Documents/06.10-13.10.2025/4Z/109MEDIA/DSCF0701.JPG,DSCF0701.JPG,4Z/109MEDIA,2,Western_Leopard_Toad,0.4190,3638.2,1664.7,3921.8,1923.9
/srv/shared_leopard_toad/2025/Documents/06.10-13.10.2025/4Z/109MEDIA/DSCF0701.JPG,DSCF0701.JPG,4Z/109MEDIA,2,Western_Leopard_Toad,0.3006,3644.0,1664.1,3924.3,1921.3
/srv/shared_leopard_toad/2025/Documents/06.10-13.10.2025/4Z/109MEDIA/DSCF0701.JPG,DSCF0701.JPG,4Z/109MEDIA,0,Other_Amphibian,0.2073,4690.0,1026.2,4775.5,1134.9
/srv/shared_leopard_toad/2025/Documents/06.10-13.10.2025/4Z/109MEDIA/DSCF0317.JPG,DSCF0317.JPG,4Z/109MEDIA,0,Other_Amphibian,0.3597,2968.4,2477.4,3100.7,2619.4
/srv/shared_leopard_toad/2025/Documents/06.10-13.10.2025/4Z/109MEDIA/DSCF0317.JPG,DSCF0317.JPG,4Z/109MEDIA,0,Other_Amphibian,0.2989,2981.1,2461.4,3103.6,2618.7
/srv/shared_leopard_toad/2025/Documents/06.10-13.10.2025/4Z/109MEDIA/DSCF0210.JPG,DSCF0210.JPG,4Z/109MEDIA,0,Other_Amphibian,0.3872,2967.6,2473.4,3099.2,2625.9
/srv/shared_leopard_toad/2025/Documents/06.10-13.10.2025/4Z/109MEDIA/DSCF0210.JPG,DSCF0210.JPG,4Z/109MEDIA,0,Other_Amphibian,0.3289,2979.5,2460.9,3100.3,2624.1
/srv/shared_leopard_toad/2025/Documents/06.10-13.10.2025/4Z/109MEDIA/DSCF0234.JPG,DSCF0234.JPG,4Z/109MEDIA,0,Other_Amphibian,0.3709,2981.0,2456.6,3103.7,2622.0
/srv/shared_leopard_toad/2025/Documents/06.10-13.10.2025/4Z/109MEDIA/DSCF0234.JPG,DSCF0234.JPG,4Z/109MEDIA,0,Other_Amphibian,0.3373,2971.3,2468.8,3103.8,2622.4
/srv/shared_leopard_toad/2025/Documents/06.10-13.10.2025/4Z/109MEDIA/DSCF0234.JPG,DSCF0234.JPG,4Z/109MEDIA,0,Other_Amphibian,0.2042,3653.8,1647.6,3930.0,1917.9
/srv/shared_leopard_toad/2025/Documents/06.10-13.10.2025/4Z/109MEDIA/DSCF0465.JPG,DSCF0465.JPG,4Z/109MEDIA,0,Other_Amphibian,0.2274,2975.5,2488.7,3106.9,2630.5
/srv/shared_leopard_toad/2025/Documents/06.10-13.10.2025/4Z/109MEDIA/DSCF0604.JPG,DSCF0604.JPG,4Z/109MEDIA,0,Other_Amphibian,0.3685,2972.6,2485.4,3103.0,2621.9
/srv/shared_leopard_toad/2025/Documents/06.10-13.10.2025/4Z/109MEDIA/DSCF0604.JPG,DSCF0604.JPG,4Z/109MEDIA,0,Other_Amphibian,0.2806,2984.7,2468.4,3105.9,2622.3
/srv/shared_leopard_toad/2025/Documents/06.10-13.10.2025/4Z/109MEDIA/DSCF0604.JPG,DSCF0604.JPG,4Z/109MEDIA,0,Other_Amphibian,0.2681,2975.0,2474.0,3104.7,2626.8
/srv/shared_leopard_toad/2025/Documents/06.10-13.10.2025/4Z/109MEDIA/DSCF0270.JPG,DSCF0270.JPG,4Z/109MEDIA,0,Other_Amphibian,0.3851,2969.5,2467.2,3103.8,2622.6
/srv/shared_leopard_toad/2025/Documents/06.10-13.10.2025/4Z/109MEDIA/DSCF0270.JPG,DSCF0270.JPG,4Z/109MEDIA,0,Other_Amphibian,0.3411,2980.1,2459.2,3104.1,2620.8
/srv/shared_leopard_toad/2025/Documents/06.10-13.10.2025/4Z/109MEDIA/DSCF0090.JPG,DSCF0090.JPG,4Z/109MEDIA,0,Other_Amphibian,0.3103,2980.3,2457.0,3103.0,2624.5
/srv/shared_leopard_toad/2025/Documents/06.10-13.10.2025/4Z/109MEDIA/DSCF0090.JPG,DSCF0090.JPG,4Z/109MEDIA,0,Other_Amphibian,0.2391,2974.4,2461.3,3105.8,2624.1
/srv/shared_leopard_toad/2025/Documents/06.10-13.10.2025/4Z/109MEDIA/DSCF0677.JPG,DSCF0677.JPG,4Z/109MEDIA,2,Western_Leopard_Toad,0.7026,3640.1,1660.8,3923.3,1919.1
/srv/shared_leopard_toad/2025/Documents/06.10-13.10.2025/4Z/109MEDIA/DSCF0356.JPG,DSCF0356.JPG,4Z/109MEDIA,0,Other_Amphibian,0.3316,2971.7,2486.9,3104.6,2628.0
/srv/shared_leopard_toad/2025/Documents/06.10-13.10.2025/4Z/109MEDIA/DSCF0356.JPG,DSCF0356.JPG,4Z/109MEDIA,0,Other_Amphibian,0.3263,2972.8,2481.6,3105.6,2632.2
/srv/shared_leopard_toad/2025/Documents/06.10-13.10.2025/4Z/109MEDIA/DSCF0356.JPG,DSCF0356.JPG,4Z/109MEDIA,0,Other_Amphibian,0.2961,2983.3,2475.6,3106.3,2628.5
/srv/shared_leopard_toad/2025/Documents/06.10-13.10.2025/4Z/109MEDIA/DSCF0444.JPG,DSCF0444.JPG,4Z/109MEDIA,0,Other_Amphibian,0.2802,2970.1,2477.0,3100.0,2625.4
/srv/shared_leopard_toad/2025/Documents/06.10-13.10.2025/4Z/109MEDIA/DSCF0444.JPG,DSCF0444.JPG,4Z/109MEDIA,0,Other_Amphibian,0.2510,2981.3,2461.2,3100.3,2623.7
/srv/shared_leopard_toad/2025/Documents/06.10-13.10.2025/4Z/109MEDIA/DSCF0444.JPG,DSCF0444.JPG,4Z/109MEDIA,0,Other_Amphibian,0.2151,3654.4,1647.1,3929.0,1916.7
/srv/shared_leopard_toad/2025/Documents/06.10-13.10.2025/4Z/109MEDIA/DSCF0638.JPG,DSCF0638.JPG,4Z/109MEDIA,0,Other_Amphibian,0.3310,2972.2,2475.0,3101.3,2620.1
/srv/shared_leopard_toad/2025/Documents/06.10-13.10.2025/4Z/109MEDIA/DSCF0638.JPG,DSCF0638.JPG,4Z/109MEDIA,0,Other_Amphibian,0.2618,2981.2,2465.9,3100.0,2619.7
/srv/shared_leopard_toad/2025/Documents/06.10-13.10.2025/4Z/109MEDIA/DSCF0485.JPG,DSCF0485.JPG,4Z/109MEDIA,0,Other_Amphibian,0.2961,2969.4,2466.6,3102.3,2617.4
/srv/shared_leopard_toad/2025/Documents/06.10-13.10.2025/4Z/109MEDIA/DSCF0485.JPG,DSCF0485.JPG,4Z/109MEDIA,0,Other_Amphibian,0.2827,2978.2,2453.6,3102.2,2616.4
/srv/shared_leopard_toad/2025/Documents/06.10-13.10.2025/4Z/109MEDIA/DSCF0236.JPG,DSCF0236.JPG,4Z/109MEDIA,0,Other_Amphibian,0.2839,2969.4,2468.5,3101.8,2623.3
/srv/shared_leopard_toad/2025/Documents/06.10-13.10.2025/4Z/109MEDIA/DSCF0236.JPG,DSCF0236.JPG,4Z/109MEDIA,0,Other_Amphibian,0.2785,2980.1,2458.8,3101.8,2621.4
/srv/shared_leopard_toad/2025/Documents/06.10-13.10.2025/4Z/109MEDIA/DSCF0322.JPG,DSCF0322.JPG,4Z/109MEDIA,0,Other_Amphibian,0.3399,2980.1,2460.2,3105.0,2620.6
/srv/shared_leopard_toad/2025/Documents/06.10-13.10.2025/4Z/109MEDIA/DSCF0322.JPG,DSCF0322.JPG,4Z/109MEDIA,0,Other_Amphibian,0.2979,2971.4,2464.6,3104.5,2621.7
/srv/shared_leopard_toad/2025/Documents/06.10-13.10.2025/4Z/109MEDIA/DSCF0322.JPG,DSCF0322.JPG,4Z/109MEDIA,0,Other_Amphibian,0.2481,3655.9,1647.4,3931.1,1918.4
/srv/shared_leopard_toad/2025/Documents/06.10-13.10.2025/4Z/109MEDIA/DSCF0084.JPG,DSCF0084.JPG,4Z/109MEDIA,0,Other_Amphibian,0.3116,2970.4,2475.7,3101.1,2619.1
/srv/shared_leopard_toad/2025/Documents/06.10-13.10.2025/4Z/109MEDIA/DSCF0084.JPG,DSCF0084.JPG,4Z/109MEDIA,0,Other_Amphibian,0.2496,2981.3,2465.2,3102.1,2617.5
/srv/shared_leopard_toad/2025/Documents/06.10-13.10.2025/4Z/109MEDIA/DSCF0124.JPG,DSCF0124.JPG,4Z/109MEDIA,0,Other_Amphibian,0.4155,2968.4,2463.1,3102.4,2621.5
/srv/shared_leopard_toad/2025/Documents/06.10-13.10.2025/4Z/109MEDIA/DSCF0124.JPG,DSCF0124.JPG,4Z/109MEDIA,0,Other_Amphibian,0.3649,2977.0,2451.7,3103.2,2620.5
/srv/shared_leopard_toad/2025/Documents/06.10-13.10.2025/4Z/109MEDIA/DSCF0124.JPG,DSCF0124.JPG,4Z/109MEDIA,0,Other_Amphibian,0.2105,3656.1,1647.8,3929.9,1917.8
/srv/shared_leopard_toad/2025/Documents/06.10-13.10.2025/4Z/109MEDIA/DSCF0138.JPG,DSCF0138.JPG,4Z/109MEDIA,0,Other_Amphibian,0.2040,2973.5,2484.0,3101.2,2623.6
/srv/shared_leopard_toad/2025/Documents/06.10-13.10.2025/4Z/109MEDIA/DSCF0014.JPG,DSCF0014.JPG,4Z/109MEDIA,0,Other_Amphibian,0.2825,2970.6,2481.1,3101.7,2626.0
/srv/shared_leopard_toad/2025/Documents/06.10-13.10.2025/4Z/109MEDIA/DSCF0014.JPG,DSCF0014.JPG,4Z/109MEDIA,0,Other_Amphibian,0.2734,2980.4,2461.7,3100.3,2625.1
/srv/shared_leopard_toad/2025/Documents/06.10-13.10.2025/4Z/109MEDIA/DSCF0520.JPG,DSCF0520.JPG,4Z/109MEDIA,0,Other_Amphibian,0.3571,3656.0,1647.5,3933.1,1918.0
/srv/shared_leopard_toad/2025/Documents/06.10-13.10.2025/4Z/109MEDIA/DSCF0200.JPG,DSCF0200.JPG,4Z/109MEDIA,0,Other_Amphibian,0.6277,1671.8,1827.8,1830.5,2021.1
/srv/shared_leopard_toad/2025/Documents/06.10-13.10.2025/4Z/109MEDIA/DSCF0200.JPG,DSCF0200.JPG,4Z/109MEDIA,0,Other_Amphibian,0.2302,2971.9,2475.5,3105.2,2617.4
/srv/shared_leopard_toad/2025/Documents/06.10-13.10.2025/4Z/109MEDIA/DSCF0200.JPG,DSCF0200.JPG,4Z/109MEDIA,0,Other_Amphibian,0.2075,2979.6,2467.5,3103.8,2618.7
/srv/shared_leopard_toad/2025/Documents/06.10-13.10.2025/4Z/109MEDIA/DSCF0359.JPG,DSCF0359.JPG,4Z/109MEDIA,0,Other_Amphibian,0.3289,2973.0,2482.2,3107.0,2630.7
/srv/shared_leopard_toad/2025/Documents/06.10-13.10.2025/4Z/109MEDIA/DSCF0359.JPG,DSCF0359.JPG,4Z/109MEDIA,0,Other_Amphibian,0.2606,2984.5,2476.2,3108.4,2627.6
/srv/shared_leopard_toad/2025/Documents/06.10-13.10.2025/4Z/109MEDIA/DSCF0359.JPG,DSCF0359.JPG,4Z/109MEDIA,0,Other_Amphibian,0.2593,2972.5,2486.5,3107.1,2626.3
/srv/shared_leopard_toad/2025/Documents/06.10-13.10.2025/4Z/109MEDIA/DSCF0009.JPG,DSCF0009.JPG,4Z/109MEDIA,0,Other_Amphibian,0.3581,2968.8,2468.9,3100.3,2622.4
/srv/shared_leopard_toad/2025/Documents/06.10-13.10.2025/4Z/109MEDIA/DSCF0009.JPG,DSCF0009.JPG,4Z/109MEDIA,0,Other_Amphibian,0.3135,2980.3,2457.8,3101.5,2620.6
/srv/shared_leopard_toad/2025/Documents/06.10-13.10.2025/4Z/109MEDIA/DSCF0009.JPG,DSCF0009.JPG,4Z/109MEDIA,2,Western_Leopard_Toad,0.2310,3656.8,1648.2,3929.1,1917.7
/srv/shared_leopard_toad/2025/Documents/06.10-13.10.2025/4Z/109MEDIA/DSCF0702.JPG,DSCF0702.JPG,4Z/109MEDIA,2,Western_Leopard_Toad,0.4538,3642.8,1661.8,3921.6,1922.6
/srv/shared_leopard_toad/2025/Documents/06.10-13.10.2025/4Z/109MEDIA/DSCF0140.JPG,DSCF0140.JPG,4Z/109MEDIA,0,Other_Amphibian,0.3101,2966.4,2472.4,3099.8,2625.2
/srv/shared_leopard_toad/2025/Documents/06.10-13.10.2025/4Z/109MEDIA/DSCF0140.JPG,DSCF0140.JPG,4Z/109MEDIA,0,Other_Amphibian,0.2653,2976.2,2463.9,3100.5,2623.3
/srv/shared_leopard_toad/2025/Documents/06.10-13.10.2025/4Z/109MEDIA/DSCF0140.JPG,DSCF0140.JPG,4Z/109MEDIA,0,Other_Amphibian,0.2101,3655.5,1647.5,3928.9,1918.5
/srv/shared_leopard_toad/2025/Documents/06.10-13.10.2025/4Z/109MEDIA/DSCF0243.JPG,DSCF0243.JPG,4Z/109MEDIA,2,Western_Leopard_Toad,0.3097,3653.4,1646.8,3932.1,1918.5
/srv/shared_leopard_toad/2025/Documents/06.10-13.10.2025/4Z/109MEDIA/DSCF0410.JPG,DSCF0410.JPG,4Z/109MEDIA,0,Other_Amphibian,0.3307,2969.3,2481.2,3100.9,2624.2
/srv/shared_leopard_toad/2025/Documents/06.10-13.10.2025/4Z/109MEDIA/DSCF0410.JPG,DSCF0410.JPG,4Z/109MEDIA,0,Other_Amphibian,0.2258,2979.7,2473.8,3101.3,2624.0
/srv/shared_leopard_toad/2025/Documents/06.10-13.10.2025/4Z/109MEDIA/DSCF0579.JPG,DSCF0579.JPG,4Z/109MEDIA,0,Other_Amphibian,0.3934,2968.6,2476.5,3102.8,2624.7
/srv/shared_leopard_toad/2025/Documents/06.10-13.10.2025/4Z/109MEDIA/DSCF0579.JPG,DSCF0579.JPG,4Z/109MEDIA,0,Other_Amphibian,0.3251,2981.7,2463.4,3104.2,2623.9
/srv/shared_leopard_toad/2025/Documents/06.10-13.10.2025/4Z/109MEDIA/DSCF0506.JPG,DSCF0506.JPG,4Z/109MEDIA,0,Other_Amphibian,0.2319,2979.1,2453.9,3100.0,2620.3
/srv/shared_leopard_toad/2025/Documents/06.10-13.10.2025/4Z/109MEDIA/DSCF0361.JPG,DSCF0361.JPG,4Z/109MEDIA,0,Other_Amphibian,0.3729,2968.5,2478.8,3101.8,2621.6
/srv/shared_leopard_toad/2025/Documents/06.10-13.10.2025/4Z/109MEDIA/DSCF0361.JPG,DSCF0361.JPG,4Z/109MEDIA,0,Other_Amphibian,0.3335,2980.2,2470.8,3104.4,2621.1
/srv/shared_leopard_toad/2025/Documents/06.10-13.10.2025/4Z/109MEDIA/DSCF0361.JPG,DSCF0361.JPG,4Z/109MEDIA,0,Other_Amphibian,0.2133,3657.4,1647.3,3930.2,1917.5
/srv/shared_leopard_toad/2025/Documents/06.10-13.10.2025/4Z/109MEDIA/DSCF0201.JPG,DSCF0201.JPG,4Z/109MEDIA,0,Other_Amphibian,0.6608,1672.9,1826.8,1828.9,2022.0
/srv/shared_leopard_toad/2025/Documents/06.10-13.10.2025/4Z/109MEDIA/DSCF0201.JPG,DSCF0201.JPG,4Z/109MEDIA,0,Other_Amphibian,0.3078,2981.4,2467.9,3106.5,2621.5
/srv/shared_leopard_toad/2025/Documents/06.10-13.10.2025/4Z/109MEDIA/DSCF0201.JPG,DSCF0201.JPG,4Z/109MEDIA,0,Other_Amphibian,0.3049,2972.8,2475.6,3108.9,2621.0
/srv/shared_leopard_toad/2025/Documents/06.10-13.10.2025/4Z/109MEDIA/DSCF0642.JPG,DSCF0642.JPG,4Z/109MEDIA,0,Other_Amphibian,0.2103,2970.6,2486.5,3101.1,2624.5
/srv/shared_leopard_toad/2025/Documents/06.10-13.10.2025/4Z/109MEDIA/DSCF0513.JPG,DSCF0513.JPG,4Z/109MEDIA,0,Other_Amphibian,0.2272,2981.7,2459.5,3101.3,2617.4
/srv/shared_leopard_toad/2025/Documents/06.10-13.10.2025/4Z/109MEDIA/DSCF0513.JPG,DSCF0513.JPG,4Z/109MEDIA,0,Other_Amphibian,0.2081,2973.3,2468.1,3102.5,2618.0
/srv/shared_leopard_toad/2025/Documents/06.10-13.10.2025/4Z/109MEDIA/DSCF0707.JPG,DSCF0707.JPG,4Z/109MEDIA,2,Western_Leopard_Toad,0.5140,3635.6,1661.4,3923.6,1922.9
/srv/shared_leopard_toad/2025/Documents/06.10-13.10.2025/4Z/100MEDIA/DSCF0135.JPG,DSCF0135.JPG,4Z/100MEDIA,0,Other_Amphibian,0.7800,2551.7,2301.3,2702.3,2539.5
/srv/shared_leopard_toad/2025/Documents/06.10-13.10.2025/4Z/100MEDIA/DSCF0404.JPG,DSCF0404.JPG,4Z/100MEDIA,0,Other_Amphibian,0.7118,2557.8,2301.7,2702.4,2540.2
/srv/shared_leopard_toad/2025/Documents/06.10-13.10.2025/4Z/100MEDIA/DSCF0404.JPG,DSCF0404.JPG,4Z/100MEDIA,0,Other_Amphibian,0.2208,765.9,1805.3,937.7,1981.9
/srv/shared_leopard_toad/2025/Documents/06.10-13.10.2025/4Z/100MEDIA/DSCF0993.JPG,DSCF0993.JPG,4Z/100MEDIA,0,Other_Amphibian,0.3348,2642.4,2243.8,2786.8,2408.3
/srv/shared_leopard_toad/2025/Documents/06.10-13.10.2025/4Z/100MEDIA/DSCF0358.JPG,DSCF0358.JPG,4Z/100MEDIA,0,Other_Amphibian,0.6848,2558.4,2307.8,2702.2,2540.4
/srv/shared_leopard_toad/2025/Documents/06.10-13.10.2025/4Z/100MEDIA/DSCF0358.JPG,DSCF0358.JPG,4Z/100MEDIA,0,Other_Amphibian,0.2785,769.5,1805.2,940.4,1982.6
/srv/shared_leopard_toad/2025/Documents/06.10-13.10.2025/4Z/100MEDIA/DSCF0012.JPG,DSCF0012.JPG,4Z/100MEDIA,0,Other_Amphibian,0.5132,795.1,1854.4,924.6,1999.7
/srv/shared_leopard_toad/2025/Documents/06.10-13.10.2025/4Z/100MEDIA/DSCF0488.JPG,DSCF0488.JPG,4Z/100MEDIA,0,Other_Amphibian,0.5508,2557.1,2311.5,2702.6,2540.8
/srv/shared_leopard_toad/2025/Documents/06.10-13.10.2025/4Z/100MEDIA/DSCF0541.JPG,DSCF0541.JPG,4Z/100MEDIA,0,Other_Amphibian,0.2435,2640.8,2245.9,2783.6,2407.0
/srv/shared_leopard_toad/2025/Documents/06.10-13.10.2025/4Z/100MEDIA/DSCF0466.JPG,DSCF0466.JPG,4Z/100MEDIA,0,Other_Amphibian,0.7124,2555.2,2306.3,2704.2,2540.2
/srv/shared_leopard_toad/2025/Documents/06.10-13.10.2025/4Z/100MEDIA/DSCF0443.JPG,DSCF0443.JPG,4Z/100MEDIA,0,Other_Amphibian,0.6941,2558.6,2309.0,2703.5,2540.4
/srv/shared_leopard_toad/2025/Documents/06.10-13.10.2025/4Z/100MEDIA/DSCF0443.JPG,DSCF0443.JPG,4Z/100MEDIA,0,Other_Amphibian,0.2159,775.7,1805.7,928.6,1980.1
/srv/shared_leopard_toad/2025/Documents/06.10-13.10.2025/4Z/100MEDIA/DSCF0911.JPG,DSCF0911.JPG,4Z/100MEDIA,0,Other_Amphibian,0.2438,2644.5,2198.7,2801.0,2404.8
/srv/shared_leopard_toad/2025/Documents/06.10-13.10.2025/4Z/100MEDIA/DSCF0215.JPG,DSCF0215.JPG,4Z/100MEDIA,0,Other_Amphibian,0.7616,2555.6,2307.4,2704.6,2539.1
/srv/shared_leopard_toad/2025/Documents/06.10-13.10.2025/4Z/100MEDIA/DSCF0215.JPG,DSCF0215.JPG,4Z/100MEDIA,0,Other_Amphibian,0.2933,801.4,1811.7,948.7,1971.9
/srv/shared_leopard_toad/2025/Documents/06.10-13.10.2025/4Z/100MEDIA/DSCF0215.JPG,DSCF0215.JPG,4Z/100MEDIA,0,Other_Amphibian,0.2330,799.5,1816.0,944.0,1973.4
/srv/shared_leopard_toad/2025/Documents/06.10-13.10.2025/4Z/100MEDIA/DSCF0173.JPG,DSCF0173.JPG,4Z/100MEDIA,0,Other_Amphibian,0.7201,2556.8,2311.8,2699.3,2539.3
/srv/shared_leopard_toad/2025/Documents/06.10-13.10.2025/4Z/100MEDIA/DSCF0279.JPG,DSCF0279.JPG,4Z/100MEDIA,0,Other_Amphibian,0.7385,2554.0,2307.0,2702.5,2538.6
/srv/shared_leopard_toad/2025/Documents/06.10-13.10.2025/4Z/100MEDIA/DSCF0464.JPG,DSCF0464.JPG,4Z/100MEDIA,0,Other_Amphibian,0.7210,2553.9,2310.2,2709.1,2541.2
/srv/shared_leopard_toad/2025/Documents/06.10-13.10.2025/4Z/100MEDIA/DSCF0455.JPG,DSCF0455.JPG,4Z/100MEDIA,0,Other_Amphibian,0.6022,2559.2,2312.9,2702.5,2540.6
/srv/shared_leopard_toad/2025/Documents/06.10-13.10.2025/4Z/100MEDIA/DSCF0001.JPG,DSCF0001.JPG,4Z/100MEDIA,2,Western_Leopard_Toad,0.2685,3630.6,1662.9,3914.4,1944.6
/srv/shared_leopard_toad/2025/Documents/06.10-13.10.2025/4Z/100MEDIA/DSCF0407.JPG,DSCF0407.JPG,4Z/100MEDIA,0,Other_Amphibian,0.6906,2558.4,2307.2,2702.9,2539.7
/srv/shared_leopard_toad/2025/Documents/06.10-13.10.2025/4Z/100MEDIA/DSCF0416.JPG,DSCF0416.JPG,4Z/100MEDIA,0,Other_Amphibian,0.7193,2559.4,2309.5,2706.5,2541.0
/srv/shared_leopard_toad/2025/Documents/06.10-13.10.2025/4Z/100MEDIA/DSCF0922.JPG,DSCF0922.JPG,4Z/100MEDIA,0,Other_Amphibian,0.3121,2638.3,2244.7,2788.4,2407.9
/srv/shared_leopard_toad/2025/Documents/06.10-13.10.2025/4Z/100MEDIA/DSCF0678.JPG,DSCF0678.JPG,4Z/100MEDIA,0,Other_Amphibian,0.3466,2640.7,2243.4,2786.1,2407.5
/srv/shared_leopard_toad/2025/Documents/06.10-13.10.2025/4Z/100MEDIA/DSCF0651.JPG,DSCF0651.JPG,4Z/100MEDIA,0,Other_Amphibian,0.2369,2643.9,2246.4,2787.8,2407.6
/srv/shared_leopard_toad/2025/Documents/06.10-13.10.2025/4Z/100MEDIA/DSCF0514.JPG,DSCF0514.JPG,4Z/100MEDIA,0,Other_Amphibian,0.6500,2558.3,2309.9,2704.7,2541.4
/srv/shared_leopard_toad/2025/Documents/06.10-13.10.2025/4Z/100MEDIA/DSCF0767.JPG,DSCF0767.JPG,4Z/100MEDIA,0,Other_Amphibian,0.2318,2689.8,2427.4,2819.3,2555.6
/srv/shared_leopard_toad/2025/Documents/06.10-13.10.2025/4Z/100MEDIA/DSCF0767.JPG,DSCF0767.JPG,4Z/100MEDIA,0,Other_Amphibian,0.2145,2642.1,2245.7,2787.5,2410.2
/srv/shared_leopard_toad/2025/Documents/06.10-13.10.2025/4Z/100MEDIA/DSCF0774.JPG,DSCF0774.JPG,4Z/100MEDIA,0,Other_Amphibian,0.2274,2641.0,2243.9,2787.1,2409.7
/srv/shared_leopard_toad/2025/Documents/06.10-13.10.2025/4Z/100MEDIA/DSCF0774.JPG,DSCF0774.JPG,4Z/100MEDIA,0,Other_Amphibian,0.2160,2690.0,2427.8,2819.6,2556.3
/srv/shared_leopard_toad/2025/Documents/06.10-13.10.2025/4Z/100MEDIA/DSCF0298.JPG,DSCF0298.JPG,4Z/100MEDIA,0,Other_Amphibian,0.5563,2558.2,2321.1,2697.3,2539.1
/srv/shared_leopard_toad/2025/Documents/06.10-13.10.2025/4Z/100MEDIA/DSCF0298.JPG,DSCF0298.JPG,4Z/100MEDIA,0,Other_Amphibian,0.3163,787.9,1803.9,938.8,1975.8
/srv/shared_leopard_toad/2025/Documents/06.10-13.10.2025/4Z/100MEDIA/DSCF0784.JPG,DSCF0784.JPG,4Z/100MEDIA,0,Other_Amphibian,0.2028,2637.7,2245.5,2784.2,2409.0
/srv/shared_leopard_toad/2025/Documents/06.10-13.10.2025/4Z/100MEDIA/DSCF0417.JPG,DSCF0417.JPG,4Z/100MEDIA,0,Other_Amphibian,0.7197,2557.9,2307.8,2705.2,2540.1
/srv/shared_leopard_toad/2025/Documents/06.10-13.10.2025/4Z/100MEDIA/DSCF0141.JPG,DSCF0141.JPG,4Z/100MEDIA,0,Other_Amphibian,0.7410,2550.8,2309.1,2698.1,2539.2
/srv/shared_leopard_toad/2025/Documents/06.10-13.10.2025/4Z/100MEDIA/DSCF0543.JPG,DSCF0543.JPG,4Z/100MEDIA,0,Other_Amphibian,0.3074,2644.4,2245.5,2790.5,2408.4
/srv/shared_leopard_toad/2025/Documents/06.10-13.10.2025/4Z/100MEDIA/DSCF0543.JPG,DSCF0543.JPG,4Z/100MEDIA,0,Other_Amphibian,0.2338,3655.3,1648.5,3915.0,1923.6
/srv/shared_leopard_toad/2025/Documents/06.10-13.10.2025/4Z/100MEDIA/DSCF0325.JPG,DSCF0325.JPG,4Z/100MEDIA,0,Other_Amphibian,0.7298,2552.1,2302.2,2704.4,2539.6
/srv/shared_leopard_toad/2025/Documents/06.10-13.10.2025/4Z/100MEDIA/DSCF0107.JPG,DSCF0107.JPG,4Z/100MEDIA,0,Other_Amphibian,0.7714,2551.0,2311.0,2705.5,2539.5
/srv/shared_leopard_toad/2025/Documents/06.10-13.10.2025/4Z/100MEDIA/DSCF0446.JPG,DSCF0446.JPG,4Z/100MEDIA,0,Other_Amphibian,0.6543,2557.9,2308.8,2703.2,2540.0
/srv/shared_leopard_toad/2025/Documents/06.10-13.10.2025/4Z/100MEDIA/DSCF0512.JPG,DSCF0512.JPG,4Z/100MEDIA,0,Other_Amphibian,0.7074,2558.8,2309.3,2706.9,2539.5
/srv/shared_leopard_toad/2025/Documents/06.10-13.10.2025/4Z/100MEDIA/DSCF0282.JPG,DSCF0282.JPG,4Z/100MEDIA,0,Other_Amphibian,0.7353,2556.2,2306.0,2703.8,2540.0
/srv/shared_leopard_toad/2025/Documents/06.10-13.10.2025/4Z/100MEDIA/DSCF0430.JPG,DSCF0430.JPG,4Z/100MEDIA,0,Other_Amphibian,0.7145,2553.7,2310.5,2705.8,2540.3
/srv/shared_leopard_toad/2025/Documents/06.10-13.10.2025/4Z/100MEDIA/DSCF0430.JPG,DSCF0430.JPG,4Z/100MEDIA,0,Other_Amphibian,0.2048,770.7,1804.3,942.0,1980.0
/srv/shared_leopard_toad/2025/Documents/06.10-13.10.2025/4Z/100MEDIA/DSCF0765.JPG,DSCF0765.JPG,4Z/100MEDIA,0,Other_Amphibian,0.2974,2637.4,2245.1,2786.8,2409.0
/srv/shared_leopard_toad/2025/Documents/06.10-13.10.2025/4Z/100MEDIA/DSCF0765.JPG,DSCF0765.JPG,4Z/100MEDIA,0,Other_Amphibian,0.2021,2696.2,2427.7,2824.4,2555.3
/srv/shared_leopard_toad/2025/Documents/06.10-13.10.2025/4Z/100MEDIA/DSCF0594.JPG,DSCF0594.JPG,4Z/100MEDIA,0,Other_Amphibian,0.3485,2645.2,2244.6,2787.9,2406.9
/srv/shared_leopard_toad/2025/Documents/06.10-13.10.2025/4Z/100MEDIA/DSCF0956.JPG,DSCF0956.JPG,4Z/100MEDIA,0,Other_Amphibian,0.2469,2636.3,2246.5,2785.5,2409.1
/srv/shared_leopard_toad/2025/Documents/06.10-13.10.2025/4Z/100MEDIA/DSCF0221.JPG,DSCF0221.JPG,4Z/100MEDIA,0,Other_Amphibian,0.7529,2554.2,2305.8,2704.2,2541.8
/srv/shared_leopard_toad/2025/Documents/06.10-13.10.2025/4Z/100MEDIA/DSCF0442.JPG,DSCF0442.JPG,4Z/100MEDIA,0,Other_Amphibian,0.7265,2555.3,2308.1,2705.8,2541.0
/srv/shared_leopard_toad/2025/Documents/06.10-13.10.2025/4Z/100MEDIA/DSCF0812.JPG,DSCF0812.JPG,4Z/100MEDIA,0,Other_Amphibian,0.2401,2643.9,2245.5,2785.1,2409.2
/srv/shared_leopard_toad/2025/Documents/06.10-13.10.2025/4Z/100MEDIA/DSCF0311.JPG,DSCF0311.JPG,4Z/100MEDIA,0,Other_Amphibian,0.7332,2558.1,2304.2,2704.0,2540.1
/srv/shared_leopard_toad/2025/Documents/06.10-13.10.2025/4Z/100MEDIA/DSCF0311.JPG,DSCF0311.JPG,4Z/100MEDIA,0,Other_Amphibian,0.2077,799.3,1802.6,943.9,1974.7
/srv/shared_leopard_toad/2025/Documents/06.10-13.10.2025/4Z/100MEDIA/DSCF0362.JPG,DSCF0362.JPG,4Z/100MEDIA,0,Other_Amphibian,0.6734,2557.4,2309.1,2703.4,2541.1
/srv/shared_leopard_toad/2025/Documents/06.10-13.10.2025/4Z/100MEDIA/DSCF0565.JPG,DSCF0565.JPG,4Z/100MEDIA,0,Other_Amphibian,0.2179,2643.5,2245.3,2788.0,2409.9
/srv/shared_leopard_toad/2025/Documents/06.10-13.10.2025/4Z/100MEDIA/DSCF0868.JPG,DSCF0868.JPG,4Z/100MEDIA,0,Other_Amphibian,0.4631,2637.4,2243.4,2786.1,2406.7
/srv/shared_leopard_toad/2025/Documents/06.10-13.10.2025/4Z/100MEDIA/DSCF0668.JPG,DSCF0668.JPG,4Z/100MEDIA,0,Other_Amphibian,0.2836,2640.5,2245.8,2786.6,2409.0
/srv/shared_leopard_toad/2025/Documents/06.10-13.10.2025/4Z/100MEDIA/DSCF0187.JPG,DSCF0187.JPG,4Z/100MEDIA,0,Other_Amphibian,0.7797,2555.4,2307.6,2710.0,2540.6
/srv/shared_leopard_toad/2025/Documents/06.10-13.10.2025/4Z/100MEDIA/DSCF0187.JPG,DSCF0187.JPG,4Z/100MEDIA,0,Other_Amphibian,0.7123,1407.4,2474.7,1613.7,2702.4
/srv/shared_leopard_toad/2025/Documents/06.10-13.10.2025/4Z/100MEDIA/DSCF0061.JPG,DSCF0061.JPG,4Z/100MEDIA,0,Other_Amphibian,0.7604,2556.4,2328.0,2705.4,2549.4
/srv/shared_leopard_toad/2025/Documents/06.10-13.10.2025/4Z/100MEDIA/DSCF0980.JPG,DSCF0980.JPG,4Z/100MEDIA,0,Other_Amphibian,0.4044,2638.8,2245.8,2786.5,2406.4
/srv/shared_leopard_toad/2025/Documents/06.10-13.10.2025/4Z/100MEDIA/DSCF0679.JPG,DSCF0679.JPG,4Z/100MEDIA,0,Other_Amphibian,0.2616,2645.7,2245.1,2788.1,2407.0
/srv/shared_leopard_toad/2025/Documents/06.10-13.10.2025/4Z/100MEDIA/DSCF0752.JPG,DSCF0752.JPG,4Z/100MEDIA,0,Other_Amphibian,0.3430,2644.9,2244.3,2787.4,2407.6
/srv/shared_leopard_toad/2025/Documents/06.10-13.10.2025/4Z/100MEDIA/DSCF0193.JPG,DSCF0193.JPG,4Z/100MEDIA,0,Other_Amphibian,0.7922,1426.6,2480.3,1610.0,2703.0
/srv/shared_leopard_toad/2025/Documents/06.10-13.10.2025/4Z/100MEDIA/DSCF0193.JPG,DSCF0193.JPG,4Z/100MEDIA,0,Other_Amphibian,0.7453,2554.6,2311.0,2707.5,2541.3
/srv/shared_leopard_toad/2025/Documents/06.10-13.10.2025/4Z/100MEDIA/DSCF0640.JPG,DSCF0640.JPG,4Z/100MEDIA,0,Other_Amphibian,0.2365,2640.5,2243.9,2784.9,2408.6
/srv/shared_leopard_toad/2025/Documents/06.10-13.10.2025/4Z/100MEDIA/DSCF0623.JPG,DSCF0623.JPG,4Z/100MEDIA,0,Other_Amphibian,0.2484,2640.6,2245.0,2788.9,2406.9
/srv/shared_leopard_toad/2025/Documents/06.10-13.10.2025/4Z/100MEDIA/DSCF0623.JPG,DSCF0623.JPG,4Z/100MEDIA,0,Other_Amphibian,0.2216,2690.5,2426.7,2817.7,2557.8
/srv/shared_leopard_toad/2025/Documents/06.10-13.10.2025/4Z/100MEDIA/DSCF0734.JPG,DSCF0734.JPG,4Z/100MEDIA,0,Other_Amphibian,0.3294,2640.7,2244.8,2786.5,2409.0
/srv/shared_leopard_toad/2025/Documents/06.10-13.10.2025/4Z/100MEDIA/DSCF0518.JPG,DSCF0518.JPG,4Z/100MEDIA,0,Other_Amphibian,0.6625,2561.1,2310.1,2706.0,2540.9
/srv/shared_leopard_toad/2025/Documents/06.10-13.10.2025/4Z/100MEDIA/DSCF0777.JPG,DSCF0777.JPG,4Z/100MEDIA,0,Other_Amphibian,0.3392,2640.3,2244.2,2785.2,2407.3
/srv/shared_leopard_toad/2025/Documents/06.10-13.10.2025/4Z/100MEDIA/DSCF0167.JPG,DSCF0167.JPG,4Z/100MEDIA,0,Other_Amphibian,0.6903,2556.7,2319.8,2718.7,2538.2
/srv/shared_leopard_toad/2025/Documents/06.10-13.10.2025/4Z/100MEDIA/DSCF0273.JPG,DSCF0273.JPG,4Z/100MEDIA,0,Other_Amphibian,0.7519,2555.7,2308.1,2705.8,2541.1
/srv/shared_leopard_toad/2025/Documents/06.10-13.10.2025/4Z/100MEDIA/DSCF0038.JPG,DSCF0038.JPG,4Z/100MEDIA,0,Other_Amphibian,0.3742,224.0,641.0,359.4,818.8
/srv/shared_leopard_toad/2025/Documents/06.10-13.10.2025/4Z/100MEDIA/DSCF0891.JPG,DSCF0891.JPG,4Z/100MEDIA,0,Other_Amphibian,0.3041,2641.6,2244.0,2789.5,2407.8
/srv/shared_leopard_toad/2025/Documents/06.10-13.10.2025/4Z/100MEDIA/DSCF0636.JPG,DSCF0636.JPG,4Z/100MEDIA,0,Other_Amphibian,0.2151,2651.0,2245.9,2785.5,2407.7
/srv/shared_leopard_toad/2025/Documents/06.10-13.10.2025/4Z/100MEDIA/DSCF0089.JPG,DSCF0089.JPG,4Z/100MEDIA,0,Other_Amphibian,0.7901,2552.7,2305.2,2708.9,2540.6
/srv/shared_leopard_toad/2025/Documents/06.10-13.10.2025/4Z/100MEDIA/DSCF0560.JPG,DSCF0560.JPG,4Z/100MEDIA,0,Other_Amphibian,0.3996,2641.5,2244.4,2786.3,2406.6
/srv/shared_leopard_toad/2025/Documents/06.10-13.10.2025/4Z/100MEDIA/DSCF0802.JPG,DSCF0802.JPG,4Z/100MEDIA,0,Other_Amphibian,0.2212,2647.5,2244.7,2786.0,2407.9
/srv/shared_leopard_toad/2025/Documents/06.10-13.10.2025/4Z/100MEDIA/DSCF0720.JPG,DSCF0720.JPG,4Z/100MEDIA,0,Other_Amphibian,0.2276,2645.0,2244.0,2786.2,2407.3
/srv/shared_leopard_toad/2025/Documents/06.10-13.10.2025/4Z/100MEDIA/DSCF0339.JPG,DSCF0339.JPG,4Z/100MEDIA,0,Other_Amphibian,0.7458,2554.9,2309.9,2706.8,2541.3
/srv/shared_leopard_toad/2025/Documents/06.10-13.10.2025/4Z/100MEDIA/DSCF0164.JPG,DSCF0164.JPG,4Z/100MEDIA,0,Other_Amphibian,0.7660,2552.0,2304.5,2703.7,2541.4
/srv/shared_leopard_toad/2025/Documents/06.10-13.10.2025/4Z/100MEDIA/DSCF0336.JPG,DSCF0336.JPG,4Z/100MEDIA,0,Other_Amphibian,0.6602,2556.3,2310.8,2702.3,2541.1
/srv/shared_leopard_toad/2025/Documents/06.10-13.10.2025/4Z/100MEDIA/DSCF0461.JPG,DSCF0461.JPG,4Z/100MEDIA,0,Other_Amphibian,0.7052,2560.8,2306.8,2706.9,2542.5
/srv/shared_leopard_toad/2025/Documents/06.10-13.10.2025/4Z/100MEDIA/DSCF0458.JPG,DSCF0458.JPG,4Z/100MEDIA,0,Other_Amphibian,0.7231,2557.4,2303.5,2704.9,2540.6
/srv/shared_leopard_toad/2025/Documents/06.10-13.10.2025/4Z/100MEDIA/DSCF0344.JPG,DSCF0344.JPG,4Z/100MEDIA,0,Other_Amphibian,0.6926,2553.3,2305.4,2703.8,2540.0
/srv/shared_leopard_toad/2025/Documents/06.10-13.10.2025/4Z/100MEDIA/DSCF0344.JPG,DSCF0344.JPG,4Z/100MEDIA,0,Other_Amphibian,0.3493,765.8,1803.7,935.3,1982.7
/srv/shared_leopard_toad/2025/Documents/06.10-13.10.2025/4Z/100MEDIA/DSCF0194.JPG,DSCF0194.JPG,4Z/100MEDIA,0,Other_Amphibian,0.7678,2555.3,2303.9,2702.6,2540.0
/srv/shared_leopard_toad/2025/Documents/06.10-13.10.2025/4Z/100MEDIA/DSCF0712.JPG,DSCF0712.JPG,4Z/100MEDIA,0,Other_Amphibian,0.2004,2638.4,2245.2,2784.4,2410.0
/srv/shared_leopard_toad/2025/Documents/06.10-13.10.2025/4Z/100MEDIA/DSCF0501.JPG,DSCF0501.JPG,4Z/100MEDIA,0,Other_Amphibian,0.6535,2556.2,2314.5,2707.0,2541.8
/srv/shared_leopard_toad/2025/Documents/06.10-13.10.2025/4Z/100MEDIA/DSCF0233.JPG,DSCF0233.JPG,4Z/100MEDIA,0,Other_Amphibian,0.7543,2556.8,2309.9,2704.1,2539.5
/srv/shared_leopard_toad/2025/Documents/06.10-13.10.2025/4Z/100MEDIA/DSCF0489.JPG,DSCF0489.JPG,4Z/100MEDIA,0,Other_Amphibian,0.6317,2556.5,2306.0,2702.6,2540.2
/srv/shared_leopard_toad/2025/Documents/06.10-13.10.2025/4Z/100MEDIA/DSCF0553.JPG,DSCF0553.JPG,4Z/100MEDIA,0,Other_Amphibian,0.3701,2631.9,2244.8,2786.4,2409.2
/srv/shared_leopard_toad/2025/Documents/06.10-13.10.2025/4Z/100MEDIA/DSCF0077.JPG,DSCF0077.JPG,4Z/100MEDIA,0,Other_Amphibian,0.7442,2551.6,2310.6,2699.3,2539.8
/srv/shared_leopard_toad/2025/Documents/06.10-13.10.2025/4Z/100MEDIA/DSCF0350.JPG,DSCF0350.JPG,4Z/100MEDIA,0,Other_Amphibian,0.7310,2555.8,2302.4,2704.0,2540.4
/srv/shared_leopard_toad/2025/Documents/06.10-13.10.2025/4Z/100MEDIA/DSCF0390.JPG,DSCF0390.JPG,4Z/100MEDIA,0,Other_Amphibian,0.7236,2552.5,2310.2,2705.6,2540.2
/srv/shared_leopard_toad/2025/Documents/06.10-13.10.2025/4Z/100MEDIA/DSCF0185.JPG,DSCF0185.JPG,4Z/100MEDIA,0,Other_Amphibian,0.7500,2554.6,2310.1,2703.4,2540.9
/srv/shared_leopard_toad/2025/Documents/06.10-13.10.2025/4Z/100MEDIA/DSCF0185.JPG,DSCF0185.JPG,4Z/100MEDIA,0,Other_Amphibian,0.7483,1352.3,2455.0,1612.4,2715.4
/srv/shared_leopard_toad/2025/Documents/06.10-13.10.2025/4Z/100MEDIA/DSCF0539.JPG,DSCF0539.JPG,4Z/100MEDIA,0,Other_Amphibian,0.2148,2648.8,2246.2,2788.5,2408.3
/srv/shared_leopard_toad/2025/Documents/06.10-13.10.2025/4Z/100MEDIA/DSCF0051.JPG,DSCF0051.JPG,4Z/100MEDIA,0,Other_Amphibian,0.2720,229.9,636.4,350.5,795.0
/srv/shared_leopard_toad/2025/Documents/06.10-13.10.2025/4Z/100MEDIA/DSCF0292.JPG,DSCF0292.JPG,4Z/100MEDIA,0,Other_Amphibian,0.7726,2551.6,2306.9,2706.9,2539.7
/srv/shared_leopard_toad/2025/Documents/06.10-13.10.2025/4Z/100MEDIA/DSCF0429.JPG,DSCF0429.JPG,4Z/100MEDIA,0,Other_Amphibian,0.6899,2556.0,2309.7,2702.9,2539.9
/srv/shared_leopard_toad/2025/Documents/06.10-13.10.2025/4Z/100MEDIA/DSCF0431.JPG,DSCF0431.JPG,4Z/100MEDIA,0,Other_Amphibian,0.6559,2557.4,2307.5,2703.2,2539.8
/srv/shared_leopard_toad/2025/Documents/06.10-13.10.2025/4Z/100MEDIA/DSCF0834.JPG,DSCF0834.JPG,4Z/100MEDIA,0,Other_Amphibian,0.4084,2638.6,2243.7,2788.4,2408.3
/srv/shared_leopard_toad/2025/Documents/06.10-13.10.2025/4Z/100MEDIA/DSCF0822.JPG,DSCF0822.JPG,4Z/100MEDIA,0,Other_Amphibian,0.3267,2635.7,2243.4,2783.9,2408.1
/srv/shared_leopard_toad/2025/Documents/06.10-13.10.2025/4Z/100MEDIA/DSCF0792.JPG,DSCF0792.JPG,4Z/100MEDIA,0,Other_Amphibian,0.2580,2640.6,2246.1,2785.9,2409.2
/srv/shared_leopard_toad/2025/Documents/06.10-13.10.2025/4Z/100MEDIA/DSCF0807.JPG,DSCF0807.JPG,4Z/100MEDIA,0,Other_Amphibian,0.3195,2640.5,2244.4,2786.3,2407.7
/srv/shared_leopard_toad/2025/Documents/06.10-13.10.2025/4Z/100MEDIA/DSCF0341.JPG,DSCF0341.JPG,4Z/100MEDIA,0,Other_Amphibian,0.6754,2557.4,2306.2,2702.0,2540.5
/srv/shared_leopard_toad/2025/Documents/06.10-13.10.2025/4Z/100MEDIA/DSCF0341.JPG,DSCF0341.JPG,4Z/100MEDIA,0,Other_Amphibian,0.2359,771.6,1803.2,932.6,1982.2
/srv/shared_leopard_toad/2025/Documents/06.10-13.10.2025/4Z/100MEDIA/DSCF0304.JPG,DSCF0304.JPG,4Z/100MEDIA,0,Other_Amphibian,0.7770,2554.1,2304.3,2708.7,2540.3
/srv/shared_leopard_toad/2025/Documents/06.10-13.10.2025/4Z/100MEDIA/DSCF0507.JPG,DSCF0507.JPG,4Z/100MEDIA,0,Other_Amphibian,0.7110,2553.9,2307.4,2705.3,2541.1
/srv/shared_leopard_toad/2025/Documents/06.10-13.10.2025/4Z/100MEDIA/DSCF0681.JPG,DSCF0681.JPG,4Z/100MEDIA,0,Other_Amphibian,0.2729,2637.5,2245.7,2789.5,2409.9
/srv/shared_leopard_toad/2025/Documents/06.10-13.10.2025/4Z/100MEDIA/DSCF0574.JPG,DSCF0574.JPG,4Z/100MEDIA,2,Western_Leopard_Toad,0.2332,668.9,-3.6,1091.2,477.2
/srv/shared_leopard_toad/2025/Documents/06.10-13.10.2025/4Z/100MEDIA/DSCF0574.JPG,DSCF0574.JPG,4Z/100MEDIA,0,Other_Amphibian,0.2066,2645.5,2248.2,2782.1,2409.2
/srv/shared_leopard_toad/2025/Documents/06.10-13.10.2025/4Z/100MEDIA/DSCF0795.JPG,DSCF0795.JPG,4Z/100MEDIA,0,Other_Amphibian,0.3219,2639.7,2244.6,2786.5,2408.5
/srv/shared_leopard_toad/2025/Documents/06.10-13.10.2025/4Z/100MEDIA/DSCF0266.JPG,DSCF0266.JPG,4Z/100MEDIA,0,Other_Amphibian,0.7760,2548.8,2305.9,2709.7,2540.7
/srv/shared_leopard_toad/2025/Documents/06.10-13.10.2025/4Z/100MEDIA/DSCF0003.JPG,DSCF0003.JPG,4Z/100MEDIA,0,Other_Amphibian,0.4576,798.1,1853.4,932.9,1995.5
/srv/shared_leopard_toad/2025/Documents/06.10-13.10.2025/4Z/100MEDIA/DSCF0207.JPG,DSCF0207.JPG,4Z/100MEDIA,0,Other_Amphibian,0.7682,2551.6,2308.3,2705.7,2540.8
/srv/shared_leopard_toad/2025/Documents/06.10-13.10.2025/4Z/100MEDIA/DSCF0393.JPG,DSCF0393.JPG,4Z/100MEDIA,0,Other_Amphibian,0.6950,2554.0,2308.0,2703.7,2539.4
/srv/shared_leopard_toad/2025/Documents/06.10-13.10.2025/4Z/100MEDIA/DSCF0780.JPG,DSCF0780.JPG,4Z/100MEDIA,0,Other_Amphibian,0.3342,2639.1,2244.0,2786.4,2407.2
/srv/shared_leopard_toad/2025/Documents/06.10-13.10.2025/4Z/100MEDIA/DSCF0986.JPG,DSCF0986.JPG,4Z/100MEDIA,0,Other_Amphibian,0.3692,2646.2,2245.9,2789.2,2407.9
/srv/shared_leopard_toad/2025/Documents/06.10-13.10.2025/4Z/100MEDIA/DSCF0981.JPG,DSCF0981.JPG,4Z/100MEDIA,0,Other_Amphibian,0.2850,2643.6,2245.6,2786.7,2408.9
/srv/shared_leopard_toad/2025/Documents/06.10-13.10.2025/4Z/100MEDIA/DSCF0403.JPG,DSCF0403.JPG,4Z/100MEDIA,0,Other_Amphibian,0.6945,2554.0,2310.7,2703.8,2538.7
/srv/shared_leopard_toad/2025/Documents/06.10-13.10.2025/4Z/100MEDIA/DSCF0369.JPG,DSCF0369.JPG,4Z/100MEDIA,0,Other_Amphibian,0.6609,2555.2,2308.1,2702.8,2538.5
/srv/shared_leopard_toad/2025/Documents/06.10-13.10.2025/4Z/100MEDIA/DSCF0490.JPG,DSCF0490.JPG,4Z/100MEDIA,0,Other_Amphibian,0.6865,2559.0,2306.7,2703.8,2540.2
/srv/shared_leopard_toad/2025/Documents/06.10-13.10.2025/4Z/100MEDIA/DSCF0422.JPG,DSCF0422.JPG,4Z/100MEDIA,0,Other_Amphibian,0.6926,2555.5,2309.5,2704.9,2540.1
/srv/shared_leopard_toad/2025/Documents/06.10-13.10.2025/4Z/100MEDIA/DSCF0817.JPG,DSCF0817.JPG,4Z/100MEDIA,0,Other_Amphibian,0.3350,2642.5,2244.9,2783.4,2408.3
/srv/shared_leopard_toad/2025/Documents/06.10-13.10.2025/4Z/100MEDIA/DSCF0649.JPG,DSCF0649.JPG,4Z/100MEDIA,0,Other_Amphibian,0.2225,2646.2,2246.8,2787.5,2409.4
/srv/shared_leopard_toad/2025/Documents/06.10-13.10.2025/4Z/100MEDIA/DSCF0912.JPG,DSCF0912.JPG,4Z/100MEDIA,0,Other_Amphibian,0.2234,2645.6,2245.0,2783.8,2406.1
/srv/shared_leopard_toad/2025/Documents/06.10-13.10.2025/4Z/100MEDIA/DSCF0899.JPG,DSCF0899.JPG,4Z/100MEDIA,0,Other_Amphibian,0.3348,2639.1,2243.3,2784.0,2407.7
/srv/shared_leopard_toad/2025/Documents/06.10-13.10.2025/4Z/100MEDIA/DSCF0353.JPG,DSCF0353.JPG,4Z/100MEDIA,0,Other_Amphibian,0.7107,2557.5,2308.3,2704.4,2540.1
/srv/shared_leopard_toad/2025/Documents/06.10-13.10.2025/4Z/100MEDIA/DSCF0394.JPG,DSCF0394.JPG,4Z/100MEDIA,0,Other_Amphibian,0.6722,2557.2,2307.0,2701.9,2540.4
/srv/shared_leopard_toad/2025/Documents/06.10-13.10.2025/4Z/100MEDIA/DSCF0759.JPG,DSCF0759.JPG,4Z/100MEDIA,0,Other_Amphibian,0.2282,2641.7,2245.9,2784.8,2408.9
/srv/shared_leopard_toad/2025/Documents/06.10-13.10.2025/4Z/100MEDIA/DSCF0476.JPG,DSCF0476.JPG,4Z/100MEDIA,0,Other_Amphibian,0.6978,2550.0,2314.9,2705.4,2540.0
/srv/shared_leopard_toad/2025/Documents/06.10-13.10.2025/4Z/100MEDIA/DSCF0713.JPG,DSCF0713.JPG,4Z/100MEDIA,0,Other_Amphibian,0.3379,2636.9,2243.2,2786.1,2409.3
/srv/shared_leopard_toad/2025/Documents/06.10-13.10.2025/4Z/100MEDIA/DSCF0699.JPG,DSCF0699.JPG,4Z/100MEDIA,0,Other_Amphibian,0.2036,2644.6,2247.2,2784.1,2409.4
/srv/shared_leopard_toad/2025/Documents/06.10-13.10.2025/4Z/100MEDIA/DSCF0146.JPG,DSCF0146.JPG,4Z/100MEDIA,0,Other_Amphibian,0.7151,2552.7,2315.7,2701.5,2539.0
/srv/shared_leopard_toad/2025/Documents/06.10-13.10.2025/4Z/100MEDIA/DSCF0566.JPG,DSCF0566.JPG,4Z/100MEDIA,0,Other_Amphibian,0.4156,2636.9,2244.9,2787.6,2408.1
/srv/shared_leopard_toad/2025/Documents/06.10-13.10.2025/4Z/100MEDIA/DSCF0566.JPG,DSCF0566.JPG,4Z/100MEDIA,2,Western_Leopard_Toad,0.2315,675.5,-0.1,1080.6,478.4
/srv/shared_leopard_toad/2025/Documents/06.10-13.10.2025/4Z/100MEDIA/DSCF0559.JPG,DSCF0559.JPG,4Z/100MEDIA,0,Other_Amphibian,0.2083,2692.1,2426.4,2821.6,2558.0
/srv/shared_leopard_toad/2025/Documents/06.10-13.10.2025/4Z/100MEDIA/DSCF0445.JPG,DSCF0445.JPG,4Z/100MEDIA,0,Other_Amphibian,0.5925,2556.1,2312.7,2702.0,2540.8
/srv/shared_leopard_toad/2025/Documents/06.10-13.10.2025/4Z/100MEDIA/DSCF0445.JPG,DSCF0445.JPG,4Z/100MEDIA,0,Other_Amphibian,0.2243,769.6,1802.6,931.9,1979.7
/srv/shared_leopard_toad/2025/Documents/06.10-13.10.2025/4Z/100MEDIA/DSCF0368.JPG,DSCF0368.JPG,4Z/100MEDIA,0,Other_Amphibian,0.7246,2557.8,2305.6,2705.5,2539.6
/srv/shared_leopard_toad/2025/Documents/06.10-13.10.2025/4Z/100MEDIA/DSCF0656.JPG,DSCF0656.JPG,4Z/100MEDIA,0,Other_Amphibian,0.2398,2691.1,2427.9,2820.4,2557.0
/srv/shared_leopard_toad/2025/Documents/06.10-13.10.2025/4Z/100MEDIA/DSCF0994.JPG,DSCF0994.JPG,4Z/100MEDIA,0,Other_Amphibian,0.3041,2644.4,2245.5,2787.3,2409.4
/srv/shared_leopard_toad/2025/Documents/06.10-13.10.2025/4Z/100MEDIA/DSCF0366.JPG,DSCF0366.JPG,4Z/100MEDIA,0,Other_Amphibian,0.6754,2553.5,2312.9,2702.4,2540.4
/srv/shared_leopard_toad/2025/Documents/06.10-13.10.2025/4Z/100MEDIA/DSCF0439.JPG,DSCF0439.JPG,4Z/100MEDIA,0,Other_Amphibian,0.7139,2556.0,2307.2,2705.3,2541.2
/srv/shared_leopard_toad/2025/Documents/06.10-13.10.2025/4Z/100MEDIA/DSCF0439.JPG,DSCF0439.JPG,4Z/100MEDIA,0,Other_Amphibian,0.2123,759.8,1804.7,943.0,1983.6
/srv/shared_leopard_toad/2025/Documents/06.10-13.10.2025/4Z/100MEDIA/DSCF0755.JPG,DSCF0755.JPG,4Z/100MEDIA,0,Other_Amphibian,0.2814,2642.4,2246.0,2786.7,2408.6
/srv/shared_leopard_toad/2025/Documents/06.10-13.10.2025/4Z/100MEDIA/DSCF0067.JPG,DSCF0067.JPG,4Z/100MEDIA,0,Other_Amphibian,0.7809,2558.0,2320.1,2705.1,2547.8
/srv/shared_leopard_toad/2025/Documents/06.10-13.10.2025/4Z/100MEDIA/DSCF0251.JPG,DSCF0251.JPG,4Z/100MEDIA,0,Other_Amphibian,0.7295,2558.1,2305.4,2704.6,2541.1
/srv/shared_leopard_toad/2025/Documents/06.10-13.10.2025/4Z/100MEDIA/DSCF0372.JPG,DSCF0372.JPG,4Z/100MEDIA,0,Other_Amphibian,0.6658,2555.5,2309.4,2700.2,2540.8
/srv/shared_leopard_toad/2025/Documents/06.10-13.10.2025/4Z/100MEDIA/DSCF0372.JPG,DSCF0372.JPG,4Z/100MEDIA,0,Other_Amphibian,0.2038,787.4,1805.0,939.8,1973.2
/srv/shared_leopard_toad/2025/Documents/06.10-13.10.2025/4Z/100MEDIA/DSCF0250.JPG,DSCF0250.JPG,4Z/100MEDIA,0,Other_Amphibian,0.7696,2553.1,2305.2,2706.9,2539.7
/srv/shared_leopard_toad/2025/Documents/06.10-13.10.2025/4Z/100MEDIA/DSCF0342.JPG,DSCF0342.JPG,4Z/100MEDIA,0,Other_Amphibian,0.5034,2560.9,2322.7,2702.0,2539.6
/srv/shared_leopard_toad/2025/Documents/06.10-13.10.2025/4Z/100MEDIA/DSCF0979.JPG,DSCF0979.JPG,4Z/100MEDIA,0,Other_Amphibian,0.3342,2639.8,2246.0,2786.9,2409.2
/srv/shared_leopard_toad/2025/Documents/06.10-13.10.2025/4Z/100MEDIA/DSCF0305.JPG,DSCF0305.JPG,4Z/100MEDIA,0,Other_Amphibian,0.7333,2552.8,2302.4,2703.7,2539.4
/srv/shared_leopard_toad/2025/Documents/06.10-13.10.2025/4Z/100MEDIA/DSCF0880.JPG,DSCF0880.JPG,4Z/100MEDIA,0,Other_Amphibian,0.4694,2635.1,2243.0,2787.8,2406.9
/srv/shared_leopard_toad/2025/Documents/06.10-13.10.2025/4Z/100MEDIA/DSCF0938.JPG,DSCF0938.JPG,4Z/100MEDIA,0,Other_Amphibian,0.2430,2644.3,2245.0,2785.1,2407.1
/srv/shared_leopard_toad/2025/Documents/06.10-13.10.2025/4Z/100MEDIA/DSCF0033.JPG,DSCF0033.JPG,4Z/100MEDIA,0,Other_Amphibian,0.2091,136.4,1948.2,275.9,2081.3
/srv/shared_leopard_toad/2025/Documents/06.10-13.10.2025/4Z/100MEDIA/DSCF0487.JPG,DSCF0487.JPG,4Z/100MEDIA,0,Other_Amphibian,0.6559,2556.5,2312.5,2704.0,2539.3
/srv/shared_leopard_toad/2025/Documents/06.10-13.10.2025/4Z/100MEDIA/DSCF0709.JPG,DSCF0709.JPG,4Z/100MEDIA,0,Other_Amphibian,0.2727,2638.3,2245.4,2784.1,2409.7
/srv/shared_leopard_toad/2025/Documents/06.10-13.10.2025/4Z/100MEDIA/DSCF0168.JPG,DSCF0168.JPG,4Z/100MEDIA,0,Other_Amphibian,0.7648,2555.9,2305.6,2713.0,2542.0
/srv/shared_leopard_toad/2025/Documents/06.10-13.10.2025/4Z/100MEDIA/DSCF0670.JPG,DSCF0670.JPG,4Z/100MEDIA,0,Other_Amphibian,0.2078,2625.0,2167.7,2777.5,2402.2
/srv/shared_leopard_toad/2025/Documents/06.10-13.10.2025/4Z/100MEDIA/DSCF0870.JPG,DSCF0870.JPG,4Z/100MEDIA,0,Other_Amphibian,0.2901,2637.1,2243.6,2782.9,2408.3
/srv/shared_leopard_toad/2025/Documents/06.10-13.10.2025/4Z/100MEDIA/DSCF0531.JPG,DSCF0531.JPG,4Z/100MEDIA,0,Other_Amphibian,0.2027,2648.3,2247.5,2787.0,2409.8
/srv/shared_leopard_toad/2025/Documents/06.10-13.10.2025/4Z/100MEDIA/DSCF0411.JPG,DSCF0411.JPG,4Z/100MEDIA,0,Other_Amphibian,0.7142,2557.0,2307.1,2703.0,2540.9
/srv/shared_leopard_toad/2025/Documents/06.10-13.10.2025/4Z/100MEDIA/DSCF0411.JPG,DSCF0411.JPG,4Z/100MEDIA,0,Other_Amphibian,0.2648,765.5,1805.7,945.1,1981.8
/srv/shared_leopard_toad/2025/Documents/06.10-13.10.2025/4Z/100MEDIA/DSCF0700.JPG,DSCF0700.JPG,4Z/100MEDIA,0,Other_Amphibian,0.2370,2645.0,2244.1,2786.0,2407.8
/srv/shared_leopard_toad/2025/Documents/06.10-13.10.2025/4Z/100MEDIA/DSCF0230.JPG,DSCF0230.JPG,4Z/100MEDIA,0,Other_Amphibian,0.7513,2552.6,2307.3,2704.3,2541.4
/srv/shared_leopard_toad/2025/Documents/06.10-13.10.2025/4Z/100MEDIA/DSCF0007.JPG,DSCF0007.JPG,4Z/100MEDIA,0,Other_Amphibian,0.4672,222.8,632.5,365.7,785.9
/srv/shared_leopard_toad/2025/Documents/06.10-13.10.2025/4Z/100MEDIA/DSCF0007.JPG,DSCF0007.JPG,4Z/100MEDIA,0,Other_Amphibian,0.3102,798.5,1851.6,922.7,1998.7
/srv/shared_leopard_toad/2025/Documents/06.10-13.10.2025/4Z/100MEDIA/DSCF0139.JPG,DSCF0139.JPG,4Z/100MEDIA,0,Other_Amphibian,0.7428,2555.2,2310.7,2702.6,2539.4
/srv/shared_leopard_toad/2025/Documents/06.10-13.10.2025/4Z/100MEDIA/DSCF0256.JPG,DSCF0256.JPG,4Z/100MEDIA,0,Other_Amphibian,0.7030,2555.7,2306.7,2701.4,2540.1
/srv/shared_leopard_toad/2025/Documents/06.10-13.10.2025/4Z/100MEDIA/DSCF0256.JPG,DSCF0256.JPG,4Z/100MEDIA,0,Other_Amphibian,0.2723,774.5,1804.5,933.7,1981.1
/srv/shared_leopard_toad/2025/Documents/06.10-13.10.2025/4Z/100MEDIA/DSCF0923.JPG,DSCF0923.JPG,4Z/100MEDIA,0,Other_Amphibian,0.3288,2640.4,2245.0,2784.9,2407.0
/srv/shared_leopard_toad/2025/Documents/06.10-13.10.2025/4Z/100MEDIA/DSCF0936.JPG,DSCF0936.JPG,4Z/100MEDIA,0,Other_Amphibian,0.3471,2639.2,2243.0,2786.3,2407.3
/srv/shared_leopard_toad/2025/Documents/06.10-13.10.2025/4Z/100MEDIA/DSCF0324.JPG,DSCF0324.JPG,4Z/100MEDIA,0,Other_Amphibian,0.7282,2556.3,2311.9,2702.8,2540.6
/srv/shared_leopard_toad/2025/Documents/06.10-13.10.2025/4Z/100MEDIA/DSCF0524.JPG,DSCF0524.JPG,4Z/100MEDIA,0,Other_Amphibian,0.2067,2638.0,2247.3,2785.5,2410.0
/srv/shared_leopard_toad/2025/Documents/06.10-13.10.2025/4Z/100MEDIA/DSCF0866.JPG,DSCF0866.JPG,4Z/100MEDIA,0,Other_Amphibian,0.2755,2642.6,2245.0,2787.0,2409.0
/srv/shared_leopard_toad/2025/Documents/06.10-13.10.2025/4Z/100MEDIA/DSCF0730.JPG,DSCF0730.JPG,4Z/100MEDIA,0,Other_Amphibian,0.2906,2645.9,2244.3,2787.2,2408.4
/srv/shared_leopard_toad/2025/Documents/06.10-13.10.2025/4Z/100MEDIA/DSCF0486.JPG,DSCF0486.JPG,4Z/100MEDIA,0,Other_Amphibian,0.6263,2557.4,2308.2,2703.0,2540.9
/srv/shared_leopard_toad/2025/Documents/06.10-13.10.2025/4Z/100MEDIA/DSCF0026.JPG,DSCF0026.JPG,4Z/100MEDIA,0,Other_Amphibian,0.3775,801.0,1842.9,932.3,2003.4
/srv/shared_leopard_toad/2025/Documents/06.10-13.10.2025/4Z/100MEDIA/DSCF0026.JPG,DSCF0026.JPG,4Z/100MEDIA,2,Western_Leopard_Toad,0.2648,2441.1,-0.4,3195.5,626.0
/srv/shared_leopard_toad/2025/Documents/06.10-13.10.2025/4Z/100MEDIA/DSCF0026.JPG,DSCF0026.JPG,4Z/100MEDIA,0,Other_Amphibian,0.2019,136.3,1941.8,269.0,2084.7
/srv/shared_leopard_toad/2025/Documents/06.10-13.10.2025/4Z/100MEDIA/DSCF0380.JPG,DSCF0380.JPG,4Z/100MEDIA,0,Other_Amphibian,0.6801,2559.1,2309.4,2706.0,2540.7
/srv/shared_leopard_toad/2025/Documents/06.10-13.10.2025/4Z/100MEDIA/DSCF0380.JPG,DSCF0380.JPG,4Z/100MEDIA,0,Other_Amphibian,0.2166,779.2,1804.9,937.2,1977.0
/srv/shared_leopard_toad/2025/Documents/06.10-13.10.2025/4Z/100MEDIA/DSCF0568.JPG,DSCF0568.JPG,4Z/100MEDIA,0,Other_Amphibian,0.3350,2643.2,2244.6,2786.9,2407.5
/srv/shared_leopard_toad/2025/Documents/06.10-13.10.2025/4Z/100MEDIA/DSCF0982.JPG,DSCF0982.JPG,4Z/100MEDIA,0,Other_Amphibian,0.3076,2640.7,2246.5,2788.1,2407.2
/srv/shared_leopard_toad/2025/Documents/06.10-13.10.2025/4Z/100MEDIA/DSCF0854.JPG,DSCF0854.JPG,4Z/100MEDIA,0,Other_Amphibian,0.2791,2641.6,2243.3,2786.6,2408.0
/srv/shared_leopard_toad/2025/Documents/06.10-13.10.2025/4Z/100MEDIA/DSCF0409.JPG,DSCF0409.JPG,4Z/100MEDIA,0,Other_Amphibian,0.6736,2555.8,2313.2,2707.2,2540.1
/srv/shared_leopard_toad/2025/Documents/06.10-13.10.2025/4Z/100MEDIA/DSCF0409.JPG,DSCF0409.JPG,4Z/100MEDIA,0,Other_Amphibian,0.2306,760.0,1804.3,944.2,1986.4
/srv/shared_leopard_toad/2025/Documents/06.10-13.10.2025/4Z/100MEDIA/DSCF0851.JPG,DSCF0851.JPG,4Z/100MEDIA,0,Other_Amphibian,0.2159,2641.0,2244.6,2786.8,2408.8
/srv/shared_leopard_toad/2025/Documents/06.10-13.10.2025/4Z/100MEDIA/DSCF0343.JPG,DSCF0343.JPG,4Z/100MEDIA,0,Other_Amphibian,0.7122,2554.1,2305.1,2703.1,2540.9
/srv/shared_leopard_toad/2025/Documents/06.10-13.10.2025/4Z/100MEDIA/DSCF0402.JPG,DSCF0402.JPG,4Z/100MEDIA,0,Other_Amphibian,0.6755,2558.4,2308.7,2704.1,2540.9
/srv/shared_leopard_toad/2025/Documents/06.10-13.10.2025/4Z/100MEDIA/DSCF0402.JPG,DSCF0402.JPG,4Z/100MEDIA,0,Other_Amphibian,0.2288,769.7,1809.2,931.6,1979.6
/srv/shared_leopard_toad/2025/Documents/06.10-13.10.2025/4Z/100MEDIA/DSCF0572.JPG,DSCF0572.JPG,4Z/100MEDIA,0,Other_Amphibian,0.2423,2639.8,2246.0,2788.2,2410.6
/srv/shared_leopard_toad/2025/Documents/06.10-13.10.2025/4Z/100MEDIA/DSCF0301.JPG,DSCF0301.JPG,4Z/100MEDIA,0,Other_Amphibian,0.6808,2555.8,2307.9,2701.3,2539.8
/srv/shared_leopard_toad/2025/Documents/06.10-13.10.2025/4Z/100MEDIA/DSCF0544.JPG,DSCF0544.JPG,4Z/100MEDIA,0,Other_Amphibian,0.2929,3221.4,2385.3,3358.2,2482.2
/srv/shared_leopard_toad/2025/Documents/06.10-13.10.2025/4Z/100MEDIA/DSCF0769.JPG,DSCF0769.JPG,4Z/100MEDIA,0,Other_Amphibian,0.2538,2643.3,2244.2,2783.7,2406.5
/srv/shared_leopard_toad/2025/Documents/06.10-13.10.2025/4Z/100MEDIA/DSCF0596.JPG,DSCF0596.JPG,4Z/100MEDIA,0,Other_Amphibian,0.2729,2647.1,2244.9,2786.9,2407.7
/srv/shared_leopard_toad/2025/Documents/06.10-13.10.2025/4Z/100MEDIA/DSCF0596.JPG,DSCF0596.JPG,4Z/100MEDIA,0,Other_Amphibian,0.2123,3653.7,1648.4,3906.9,1924.2
/srv/shared_leopard_toad/2025/Documents/06.10-13.10.2025/4Z/100MEDIA/DSCF0924.JPG,DSCF0924.JPG,4Z/100MEDIA,0,Other_Amphibian,0.2409,2644.2,2245.9,2785.8,2408.7
/srv/shared_leopard_toad/2025/Documents/06.10-13.10.2025/4Z/100MEDIA/DSCF0184.JPG,DSCF0184.JPG,4Z/100MEDIA,0,Other_Amphibian,0.7499,2555.7,2311.3,2704.5,2540.1
/srv/shared_leopard_toad/2025/Documents/06.10-13.10.2025/4Z/100MEDIA/DSCF0184.JPG,DSCF0184.JPG,4Z/100MEDIA,0,Other_Amphibian,0.3153,1342.9,2455.6,1606.2,2703.6
/srv/shared_leopard_toad/2025/Documents/06.10-13.10.2025/4Z/100MEDIA/DSCF0237.JPG,DSCF0237.JPG,4Z/100MEDIA,0,Other_Amphibian,0.7376,2553.3,2305.6,2703.4,2539.3
/srv/shared_leopard_toad/2025/Documents/06.10-13.10.2025/4Z/100MEDIA/DSCF0237.JPG,DSCF0237.JPG,4Z/100MEDIA,0,Other_Amphibian,0.3885,788.4,1808.7,930.3,1977.5
/srv/shared_leopard_toad/2025/Documents/06.10-13.10.2025/4Z/100MEDIA/DSCF0373.JPG,DSCF0373.JPG,4Z/100MEDIA,0,Other_Amphibian,0.7195,2556.8,2308.6,2705.4,2541.6
/srv/shared_leopard_toad/2025/Documents/06.10-13.10.2025/4Z/100MEDIA/DSCF0871.JPG,DSCF0871.JPG,4Z/100MEDIA,0,Other_Amphibian,0.2517,2641.3,2245.3,2783.4,2407.8
/srv/shared_leopard_toad/2025/Documents/06.10-13.10.2025/4Z/100MEDIA/DSCF0118.JPG,DSCF0118.JPG,4Z/100MEDIA,0,Other_Amphibian,0.7939,2557.3,2303.5,2708.3,2540.6
/srv/shared_leopard_toad/2025/Documents/06.10-13.10.2025/4Z/100MEDIA/DSCF0118.JPG,DSCF0118.JPG,4Z/100MEDIA,0,Other_Amphibian,0.2480,3657.6,1651.1,3925.0,1927.9
/srv/shared_leopard_toad/2025/Documents/06.10-13.10.2025/4Z/100MEDIA/DSCF0944.JPG,DSCF0944.JPG,4Z/100MEDIA,0,Other_Amphibian,0.2268,2635.8,2246.0,2785.8,2409.8
/srv/shared_leopard_toad/2025/Documents/06.10-13.10.2025/4Z/100MEDIA/DSCF0060.JPG,DSCF0060.JPG,4Z/100MEDIA,0,Other_Amphibian,0.7487,2557.6,2328.7,2705.3,2547.1
/srv/shared_leopard_toad/2025/Documents/06.10-13.10.2025/4Z/100MEDIA/DSCF0949.JPG,DSCF0949.JPG,4Z/100MEDIA,0,Other_Amphibian,0.3090,2640.0,2247.1,2786.7,2409.1
/srv/shared_leopard_toad/2025/Documents/06.10-13.10.2025/4Z/100MEDIA/DSCF0736.JPG,DSCF0736.JPG,4Z/100MEDIA,0,Other_Amphibian,0.2780,2690.7,2426.8,2822.4,2557.0
/srv/shared_leopard_toad/2025/Documents/06.10-13.10.2025/4Z/100MEDIA/DSCF0736.JPG,DSCF0736.JPG,4Z/100MEDIA,0,Other_Amphibian,0.2667,2637.4,2245.2,2784.3,2410.4
/srv/shared_leopard_toad/2025/Documents/06.10-13.10.2025/4Z/100MEDIA/DSCF0943.JPG,DSCF0943.JPG,4Z/100MEDIA,0,Other_Amphibian,0.2559,2635.3,2246.2,2784.5,2408.4
/srv/shared_leopard_toad/2025/Documents/06.10-13.10.2025/4Z/100MEDIA/DSCF0873.JPG,DSCF0873.JPG,4Z/100MEDIA,0,Other_Amphibian,0.3813,2638.4,2244.4,2788.0,2407.6
/srv/shared_leopard_toad/2025/Documents/06.10-13.10.2025/4Z/100MEDIA/DSCF0917.JPG,DSCF0917.JPG,4Z/100MEDIA,0,Other_Amphibian,0.2444,2647.4,2244.9,2783.6,2406.8
/srv/shared_leopard_toad/2025/Documents/06.10-13.10.2025/4Z/100MEDIA/DSCF0505.JPG,DSCF0505.JPG,4Z/100MEDIA,0,Other_Amphibian,0.6730,2560.8,2305.9,2705.0,2540.1
/srv/shared_leopard_toad/2025/Documents/06.10-13.10.2025/4Z/100MEDIA/DSCF0672.JPG,DSCF0672.JPG,4Z/100MEDIA,0,Other_Amphibian,0.2901,2645.2,2246.2,2786.8,2408.6
/srv/shared_leopard_toad/2025/Documents/06.10-13.10.2025/4Z/100MEDIA/DSCF0662.JPG,DSCF0662.JPG,4Z/100MEDIA,0,Other_Amphibian,0.2438,2646.8,2245.4,2789.2,2410.2
/srv/shared_leopard_toad/2025/Documents/06.10-13.10.2025/4Z/100MEDIA/DSCF0143.JPG,DSCF0143.JPG,4Z/100MEDIA,0,Other_Amphibian,0.7778,2551.3,2309.2,2702.6,2540.4
/srv/shared_leopard_toad/2025/Documents/06.10-13.10.2025/4Z/100MEDIA/DSCF0998.JPG,DSCF0998.JPG,4Z/100MEDIA,0,Other_Amphibian,0.2251,2689.4,2426.9,2820.4,2556.3
/srv/shared_leopard_toad/2025/Documents/06.10-13.10.2025/4Z/100MEDIA/DSCF0308.JPG,DSCF0308.JPG,4Z/100MEDIA,0,Other_Amphibian,0.7811,2551.4,2305.3,2708.3,2539.8
/srv/shared_leopard_toad/2025/Documents/06.10-13.10.2025/4Z/100MEDIA/DSCF0433.JPG,DSCF0433.JPG,4Z/100MEDIA,0,Other_Amphibian,0.6569,2556.5,2310.4,2702.4,2539.7
/srv/shared_leopard_toad/2025/Documents/06.10-13.10.2025/4Z/100MEDIA/DSCF0312.JPG,DSCF0312.JPG,4Z/100MEDIA,0,Other_Amphibian,0.7097,2556.8,2307.4,2702.3,2538.7
/srv/shared_leopard_toad/2025/Documents/06.10-13.10.2025/4Z/100MEDIA/DSCF0312.JPG,DSCF0312.JPG,4Z/100MEDIA,0,Other_Amphibian,0.2157,778.8,1804.8,930.2,1979.4
/srv/shared_leopard_toad/2025/Documents/06.10-13.10.2025/4Z/100MEDIA/DSCF0385.JPG,DSCF0385.JPG,4Z/100MEDIA,0,Other_Amphibian,0.7040,2561.7,2308.8,2704.9,2540.3
/srv/shared_leopard_toad/2025/Documents/06.10-13.10.2025/4Z/100MEDIA/DSCF0385.JPG,DSCF0385.JPG,4Z/100MEDIA,0,Other_Amphibian,0.2605,774.8,1808.2,934.8,1978.6
/srv/shared_leopard_toad/2025/Documents/06.10-13.10.2025/4Z/100MEDIA/DSCF0151.JPG,DSCF0151.JPG,4Z/100MEDIA,0,Other_Amphibian,0.7875,2550.4,2306.6,2705.0,2540.9
/srv/shared_leopard_toad/2025/Documents/06.10-13.10.2025/4Z/100MEDIA/DSCF0426.JPG,DSCF0426.JPG,4Z/100MEDIA,0,Other_Amphibian,0.7288,2555.1,2307.9,2705.3,2539.9
/srv/shared_leopard_toad/2025/Documents/06.10-13.10.2025/4Z/100MEDIA/DSCF0534.JPG,DSCF0534.JPG,4Z/100MEDIA,0,Other_Amphibian,0.3378,2643.1,2243.8,2787.6,2407.1
/srv/shared_leopard_toad/2025/Documents/06.10-13.10.2025/4Z/100MEDIA/DSCF0041.JPG,DSCF0041.JPG,4Z/100MEDIA,0,Other_Amphibian,0.3249,147.0,1945.5,285.6,2070.8
/srv/shared_leopard_toad/2025/Documents/06.10-13.10.2025/4Z/100MEDIA/DSCF0041.JPG,DSCF0041.JPG,4Z/100MEDIA,2,Western_Leopard_Toad,0.2257,4726.0,1843.9,5059.3,2309.8
/srv/shared_leopard_toad/2025/Documents/06.10-13.10.2025/4Z/100MEDIA/DSCF0254.JPG,DSCF0254.JPG,4Z/100MEDIA,0,Other_Amphibian,0.7804,2553.5,2308.2,2707.1,2541.0
/srv/shared_leopard_toad/2025/Documents/06.10-13.10.2025/4Z/100MEDIA/DSCF0970.JPG,DSCF0970.JPG,4Z/100MEDIA,0,Other_Amphibian,0.3102,2634.7,2246.0,2784.6,2407.9
/srv/shared_leopard_toad/2025/Documents/06.10-13.10.2025/4Z/100MEDIA/DSCF0509.JPG,DSCF0509.JPG,4Z/100MEDIA,0,Other_Amphibian,0.6879,2557.4,2309.9,2705.9,2538.8
/srv/shared_leopard_toad/2025/Documents/06.10-13.10.2025/4Z/100MEDIA/DSCF0509.JPG,DSCF0509.JPG,4Z/100MEDIA,0,Other_Amphibian,0.4599,2749.0,1949.1,2913.5,2074.2
/srv/shared_leopard_toad/2025/Documents/06.10-13.10.2025/4Z/100MEDIA/DSCF0157.JPG,DSCF0157.JPG,4Z/100MEDIA,0,Other_Amphibian,0.7033,2555.6,2309.7,2700.7,2540.0
/srv/shared_leopard_toad/2025/Documents/06.10-13.10.2025/4Z/100MEDIA/DSCF0732.JPG,DSCF0732.JPG,4Z/100MEDIA,0,Other_Amphibian,0.3220,2633.0,2246.7,2783.6,2408.5
/srv/shared_leopard_toad/2025/Documents/06.10-13.10.2025/4Z/100MEDIA/DSCF0781.JPG,DSCF0781.JPG,4Z/100MEDIA,0,Other_Amphibian,0.2237,2635.8,2245.7,2780.6,2408.1
/srv/shared_leopard_toad/2025/Documents/06.10-13.10.2025/4Z/100MEDIA/DSCF0634.JPG,DSCF0634.JPG,4Z/100MEDIA,0,Other_Amphibian,0.3121,2692.1,2426.2,2822.1,2555.9
/srv/shared_leopard_toad/2025/Documents/06.10-13.10.2025/4Z/100MEDIA/DSCF0896.JPG,DSCF0896.JPG,4Z/100MEDIA,0,Other_Amphibian,0.3876,2632.8,2244.6,2786.0,2407.8
/srv/shared_leopard_toad/2025/Documents/06.10-13.10.2025/4Z/100MEDIA/DSCF0925.JPG,DSCF0925.JPG,4Z/100MEDIA,0,Other_Amphibian,0.2184,2638.8,2245.4,2785.9,2410.3
/srv/shared_leopard_toad/2025/Documents/06.10-13.10.2025/4Z/100MEDIA/DSCF0419.JPG,DSCF0419.JPG,4Z/100MEDIA,0,Other_Amphibian,0.6837,2556.7,2306.6,2701.6,2540.3
/srv/shared_leopard_toad/2025/Documents/06.10-13.10.2025/4Z/100MEDIA/DSCF0419.JPG,DSCF0419.JPG,4Z/100MEDIA,0,Other_Amphibian,0.2542,767.4,1802.4,936.1,1982.7
/srv/shared_leopard_toad/2025/Documents/06.10-13.10.2025/4Z/100MEDIA/DSCF0528.JPG,DSCF0528.JPG,4Z/100MEDIA,0,Other_Amphibian,0.6833,2069.1,1587.4,2309.4,1753.2
/srv/shared_leopard_toad/2025/Documents/06.10-13.10.2025/4Z/100MEDIA/DSCF0528.JPG,DSCF0528.JPG,4Z/100MEDIA,0,Other_Amphibian,0.2153,2649.6,2248.8,2789.7,2411.2
/srv/shared_leopard_toad/2025/Documents/06.10-13.10.2025/4Z/100MEDIA/DSCF0008.JPG,DSCF0008.JPG,4Z/100MEDIA,0,Other_Amphibian,0.5313,795.8,1861.0,925.2,2003.6
/srv/shared_leopard_toad/2025/Documents/06.10-13.10.2025/4Z/100MEDIA/DSCF0008.JPG,DSCF0008.JPG,4Z/100MEDIA,0,Other_Amphibian,0.2565,789.7,1862.0,932.8,2181.1
/srv/shared_leopard_toad/2025/Documents/06.10-13.10.2025/4Z/100MEDIA/DSCF0303.JPG,DSCF0303.JPG,4Z/100MEDIA,0,Other_Amphibian,0.7226,2553.7,2305.5,2704.6,2540.8
/srv/shared_leopard_toad/2025/Documents/06.10-13.10.2025/4Z/100MEDIA/DSCF0155.JPG,DSCF0155.JPG,4Z/100MEDIA,0,Other_Amphibian,0.7501,2549.2,2304.6,2698.9,2539.2
/srv/shared_leopard_toad/2025/Documents/06.10-13.10.2025/4Z/100MEDIA/DSCF0644.JPG,DSCF0644.JPG,4Z/100MEDIA,0,Other_Amphibian,0.2188,2643.4,2246.5,2787.3,2408.3
/srv/shared_leopard_toad/2025/Documents/06.10-13.10.2025/4Z/100MEDIA/DSCF0220.JPG,DSCF0220.JPG,4Z/100MEDIA,0,Other_Amphibian,0.7446,2556.0,2312.1,2706.8,2540.5
/srv/shared_leopard_toad/2025/Documents/06.10-13.10.2025/4Z/100MEDIA/DSCF0515.JPG,DSCF0515.JPG,4Z/100MEDIA,0,Other_Amphibian,0.7091,2557.2,2304.2,2705.0,2541.3
/srv/shared_leopard_toad/2025/Documents/06.10-13.10.2025/4Z/100MEDIA/DSCF0837.JPG,DSCF0837.JPG,4Z/100MEDIA,0,Other_Amphibian,0.2573,2639.9,2245.4,2782.7,2408.7
/srv/shared_leopard_toad/2025/Documents/06.10-13.10.2025/4Z/100MEDIA/DSCF0125.JPG,DSCF0125.JPG,4Z/100MEDIA,0,Other_Amphibian,0.7866,2551.2,2305.3,2706.0,2540.5
/srv/shared_leopard_toad/2025/Documents/06.10-13.10.2025/4Z/100MEDIA/DSCF0853.JPG,DSCF0853.JPG,4Z/100MEDIA,0,Other_Amphibian,0.3019,2636.3,2245.5,2783.9,2409.5
/srv/shared_leopard_toad/2025/Documents/06.10-13.10.2025/4Z/100MEDIA/DSCF0858.JPG,DSCF0858.JPG,4Z/100MEDIA,0,Other_Amphibian,0.4092,2634.8,2243.3,2785.2,2408.6
/srv/shared_leopard_toad/2025/Documents/06.10-13.10.2025/4Z/100MEDIA/DSCF0722.JPG,DSCF0722.JPG,4Z/100MEDIA,0,Other_Amphibian,0.3799,2638.3,2243.7,2784.2,2408.4
/srv/shared_leopard_toad/2025/Documents/06.10-13.10.2025/4Z/100MEDIA/DSCF0988.JPG,DSCF0988.JPG,4Z/100MEDIA,0,Other_Amphibian,0.2765,2638.0,2246.2,2786.8,2410.7
/srv/shared_leopard_toad/2025/Documents/06.10-13.10.2025/4Z/100MEDIA/DSCF0988.JPG,DSCF0988.JPG,4Z/100MEDIA,0,Other_Amphibian,0.2213,2692.5,2427.1,2819.2,2555.1
/srv/shared_leopard_toad/2025/Documents/06.10-13.10.2025/4Z/100MEDIA/DSCF0006.JPG,DSCF0006.JPG,4Z/100MEDIA,0,Other_Amphibian,0.7005,3631.0,1667.5,3920.4,1936.7
/srv/shared_leopard_toad/2025/Documents/06.10-13.10.2025/4Z/100MEDIA/DSCF0006.JPG,DSCF0006.JPG,4Z/100MEDIA,0,Other_Amphibian,0.4794,799.4,1859.1,929.2,1996.5
/srv/shared_leopard_toad/2025/Documents/06.10-13.10.2025/4Z/100MEDIA/DSCF0006.JPG,DSCF0006.JPG,4Z/100MEDIA,0,Other_Amphibian,0.3941,249.2,633.5,369.3,783.1
/srv/shared_leopard_toad/2025/Documents/06.10-13.10.2025/4Z/100MEDIA/DSCF0959.JPG,DSCF0959.JPG,4Z/100MEDIA,0,Other_Amphibian,0.2794,2637.4,2247.0,2786.4,2409.4
/srv/shared_leopard_toad/2025/Documents/06.10-13.10.2025/4Z/100MEDIA/DSCF0508.JPG,DSCF0508.JPG,4Z/100MEDIA,0,Other_Amphibian,0.7166,2552.0,2307.9,2706.9,2540.7
/srv/shared_leopard_toad/2025/Documents/06.10-13.10.2025/4Z/100MEDIA/DSCF0608.JPG,DSCF0608.JPG,4Z/100MEDIA,0,Other_Amphibian,0.2480,3655.1,1648.8,3909.2,1925.1
/srv/shared_leopard_toad/2025/Documents/06.10-13.10.2025/4Z/100MEDIA/DSCF0608.JPG,DSCF0608.JPG,4Z/100MEDIA,0,Other_Amphibian,0.2062,2642.4,2246.7,2784.6,2410.2
/srv/shared_leopard_toad/2025/Documents/06.10-13.10.2025/4Z/100MEDIA/DSCF0451.JPG,DSCF0451.JPG,4Z/100MEDIA,0,Other_Amphibian,0.6739,2557.5,2312.1,2703.2,2540.5
/srv/shared_leopard_toad/2025/Documents/06.10-13.10.2025/4Z/100MEDIA/DSCF0532.JPG,DSCF0532.JPG,4Z/100MEDIA,0,Other_Amphibian,0.2678,2639.2,2244.4,2783.5,2408.3
/srv/shared_leopard_toad/2025/Documents/06.10-13.10.2025/4Z/100MEDIA/DSCF0290.JPG,DSCF0290.JPG,4Z/100MEDIA,0,Other_Amphibian,0.7531,2554.7,2312.6,2705.8,2540.1
/srv/shared_leopard_toad/2025/Documents/06.10-13.10.2025/4Z/100MEDIA/DSCF0556.JPG,DSCF0556.JPG,4Z/100MEDIA,0,Other_Amphibian,0.2104,2636.8,2247.3,2780.6,2409.0
/srv/shared_leopard_toad/2025/Documents/06.10-13.10.2025/4Z/100MEDIA/DSCF0862.JPG,DSCF0862.JPG,4Z/100MEDIA,0,Other_Amphibian,0.2605,2647.6,2244.3,2783.7,2406.9
/srv/shared_leopard_toad/2025/Documents/06.10-13.10.2025/4Z/100MEDIA/DSCF0057.JPG,DSCF0057.JPG,4Z/100MEDIA,0,Other_Amphibian,0.7717,2553.2,2324.6,2707.9,2548.7
/srv/shared_leopard_toad/2025/Documents/06.10-13.10.2025/4Z/100MEDIA/DSCF0758.JPG,DSCF0758.JPG,4Z/100MEDIA,0,Other_Amphibian,0.3166,2688.0,2427.4,2824.7,2558.2
/srv/shared_leopard_toad/2025/Documents/06.10-13.10.2025/4Z/100MEDIA/DSCF0758.JPG,DSCF0758.JPG,4Z/100MEDIA,0,Other_Amphibian,0.2513,2636.3,2246.2,2787.1,2411.3
/srv/shared_leopard_toad/2025/Documents/06.10-13.10.2025/4Z/100MEDIA/DSCF0758.JPG,DSCF0758.JPG,4Z/100MEDIA,0,Other_Amphibian,0.2337,2680.0,2426.0,2815.8,2561.2
/srv/shared_leopard_toad/2025/Documents/06.10-13.10.2025/4Z/100MEDIA/DSCF0652.JPG,DSCF0652.JPG,4Z/100MEDIA,0,Other_Amphibian,0.2597,2633.7,2246.8,2784.9,2409.7
/srv/shared_leopard_toad/2025/Documents/06.10-13.10.2025/4Z/100MEDIA/DSCF0652.JPG,DSCF0652.JPG,4Z/100MEDIA,0,Other_Amphibian,0.2033,2692.2,2427.5,2818.1,2553.8
/srv/shared_leopard_toad/2025/Documents/06.10-13.10.2025/4Z/100MEDIA/DSCF0165.JPG,DSCF0165.JPG,4Z/100MEDIA,0,Other_Amphibian,0.7698,2555.5,2305.5,2703.9,2539.4
/srv/shared_leopard_toad/2025/Documents/06.10-13.10.2025/4Z/100MEDIA/DSCF0615.JPG,DSCF0615.JPG,4Z/100MEDIA,0,Other_Amphibian,0.2612,2644.0,2246.2,2784.6,2408.2
/srv/shared_leopard_toad/2025/Documents/06.10-13.10.2025/4Z/100MEDIA/DSCF0258.JPG,DSCF0258.JPG,4Z/100MEDIA,0,Other_Amphibian,0.7206,2555.4,2312.3,2702.9,2539.9
/srv/shared_leopard_toad/2025/Documents/06.10-13.10.2025/4Z/100MEDIA/DSCF0346.JPG,DSCF0346.JPG,4Z/100MEDIA,0,Other_Amphibian,0.6449,2553.2,2308.7,2699.8,2540.3
/srv/shared_leopard_toad/2025/Documents/06.10-13.10.2025/4Z/100MEDIA/DSCF0346.JPG,DSCF0346.JPG,4Z/100MEDIA,0,Other_Amphibian,0.2860,782.5,1805.7,943.0,1977.1
/srv/shared_leopard_toad/2025/Documents/06.10-13.10.2025/4Z/100MEDIA/DSCF0723.JPG,DSCF0723.JPG,4Z/100MEDIA,0,Other_Amphibian,0.2790,2644.0,2243.7,2788.5,2407.6
/srv/shared_leopard_toad/2025/Documents/06.10-13.10.2025/4Z/100MEDIA/DSCF0878.JPG,DSCF0878.JPG,4Z/100MEDIA,0,Other_Amphibian,0.3554,2640.8,2243.3,2784.0,2406.8
/srv/shared_leopard_toad/2025/Documents/06.10-13.10.2025/4Z/100MEDIA/DSCF0432.JPG,DSCF0432.JPG,4Z/100MEDIA,0,Other_Amphibian,0.7168,2557.7,2306.9,2709.9,2540.4
/srv/shared_leopard_toad/2025/Documents/06.10-13.10.2025/4Z/100MEDIA/DSCF0174.JPG,DSCF0174.JPG,4Z/100MEDIA,0,Other_Amphibian,0.7496,2556.1,2306.5,2699.3,2540.0
/srv/shared_leopard_toad/2025/Documents/06.10-13.10.2025/4Z/100MEDIA/DSCF0864.JPG,DSCF0864.JPG,4Z/100MEDIA,0,Other_Amphibian,0.2931,2640.5,2244.3,2782.7,2407.0
/srv/shared_leopard_toad/2025/Documents/06.10-13.10.2025/4Z/100MEDIA/DSCF0697.JPG,DSCF0697.JPG,4Z/100MEDIA,0,Other_Amphibian,0.2716,2646.0,2244.4,2786.1,2407.0
/srv/shared_leopard_toad/2025/Documents/06.10-13.10.2025/4Z/100MEDIA/DSCF0761.JPG,DSCF0761.JPG,4Z/100MEDIA,0,Other_Amphibian,0.3185,2641.5,2244.3,2787.1,2408.2
/srv/shared_leopard_toad/2025/Documents/06.10-13.10.2025/4Z/100MEDIA/DSCF0248.JPG,DSCF0248.JPG,4Z/100MEDIA,0,Other_Amphibian,0.7433,2556.9,2308.1,2703.6,2540.5
/srv/shared_leopard_toad/2025/Documents/06.10-13.10.2025/4Z/100MEDIA/DSCF0117.JPG,DSCF0117.JPG,4Z/100MEDIA,0,Other_Amphibian,0.7891,2554.0,2303.2,2704.3,2540.1
/srv/shared_leopard_toad/2025/Documents/06.10-13.10.2025/4Z/100MEDIA/DSCF0833.JPG,DSCF0833.JPG,4Z/100MEDIA,0,Other_Amphibian,0.3467,2641.3,2243.7,2785.3,2406.6
/srv/shared_leopard_toad/2025/Documents/06.10-13.10.2025/4Z/100MEDIA/DSCF0945.JPG,DSCF0945.JPG,4Z/100MEDIA,0,Other_Amphibian,0.3868,2628.1,2245.1,2787.2,2408.1
/srv/shared_leopard_toad/2025/Documents/06.10-13.10.2025/4Z/100MEDIA/DSCF0063.JPG,DSCF0063.JPG,4Z/100MEDIA,0,Other_Amphibian,0.7689,2556.9,2320.7,2704.3,2549.5
/srv/shared_leopard_toad/2025/Documents/06.10-13.10.2025/4Z/100MEDIA/DSCF0152.JPG,DSCF0152.JPG,4Z/100MEDIA,0,Other_Amphibian,0.7777,2548.5,2313.2,2705.4,2539.2
/srv/shared_leopard_toad/2025/Documents/06.10-13.10.2025/4Z/100MEDIA/DSCF0405.JPG,DSCF0405.JPG,4Z/100MEDIA,0,Other_Amphibian,0.7332,2558.6,2306.2,2705.1,2539.4
/srv/shared_leopard_toad/2025/Documents/06.10-13.10.2025/4Z/100MEDIA/DSCF0989.JPG,DSCF0989.JPG,4Z/100MEDIA,0,Other_Amphibian,0.3632,2638.2,2245.4,2786.8,2408.3
/srv/shared_leopard_toad/2025/Documents/06.10-13.10.2025/4Z/100MEDIA/DSCF0052.JPG,DSCF0052.JPG,4Z/100MEDIA,0,Other_Amphibian,0.2527,217.3,632.0,340.3,774.0
/srv/shared_leopard_toad/2025/Documents/06.10-13.10.2025/4Z/100MEDIA/DSCF0653.JPG,DSCF0653.JPG,4Z/100MEDIA,0,Other_Amphibian,0.2119,2690.7,2425.7,2819.2,2556.3
/srv/shared_leopard_toad/2025/Documents/06.10-13.10.2025/4Z/100MEDIA/DSCF0754.JPG,DSCF0754.JPG,4Z/100MEDIA,0,Other_Amphibian,0.2285,2693.8,2427.3,2819.4,2556.0
/srv/shared_leopard_toad/2025/Documents/06.10-13.10.2025/4Z/100MEDIA/DSCF0754.JPG,DSCF0754.JPG,4Z/100MEDIA,0,Other_Amphibian,0.2191,2642.7,2246.8,2785.8,2410.7
/srv/shared_leopard_toad/2025/Documents/06.10-13.10.2025/4Z/100MEDIA/DSCF0838.JPG,DSCF0838.JPG,4Z/100MEDIA,0,Other_Amphibian,0.3429,2643.2,2243.7,2787.3,2407.9
/srv/shared_leopard_toad/2025/Documents/06.10-13.10.2025/4Z/100MEDIA/DSCF0189.JPG,DSCF0189.JPG,4Z/100MEDIA,0,Other_Amphibian,0.7981,1399.1,2480.5,1614.0,2705.0
/srv/shared_leopard_toad/2025/Documents/06.10-13.10.2025/4Z/100MEDIA/DSCF0189.JPG,DSCF0189.JPG,4Z/100MEDIA,0,Other_Amphibian,0.6876,2558.1,2308.8,2706.3,2539.8
/srv/shared_leopard_toad/2025/Documents/06.10-13.10.2025/4Z/100MEDIA/DSCF0171.JPG,DSCF0171.JPG,4Z/100MEDIA,0,Other_Amphibian,0.6830,2550.6,2318.0,2710.6,2540.7
/srv/shared_leopard_toad/2025/Documents/06.10-13.10.2025/4Z/100MEDIA/DSCF0040.JPG,DSCF0040.JPG,4Z/100MEDIA,0,Other_Amphibian,0.2453,144.0,1951.6,280.2,2089.1
/srv/shared_leopard_toad/2025/Documents/06.10-13.10.2025/4Z/100MEDIA/DSCF0040.JPG,DSCF0040.JPG,4Z/100MEDIA,0,Other_Amphibian,0.2330,228.4,641.6,349.9,810.7
/srv/shared_leopard_toad/2025/Documents/06.10-13.10.2025/4Z/100MEDIA/DSCF0729.JPG,DSCF0729.JPG,4Z/100MEDIA,0,Other_Amphibian,0.3023,2639.6,2246.4,2788.8,2410.2
/srv/shared_leopard_toad/2025/Documents/06.10-13.10.2025/4Z/100MEDIA/DSCF0315.JPG,DSCF0315.JPG,4Z/100MEDIA,0,Other_Amphibian,0.6720,2555.6,2306.2,2701.4,2540.9
/srv/shared_leopard_toad/2025/Documents/06.10-13.10.2025/4Z/100MEDIA/DSCF0315.JPG,DSCF0315.JPG,4Z/100MEDIA,0,Other_Amphibian,0.3441,770.5,1805.9,924.5,1983.1
/srv/shared_leopard_toad/2025/Documents/06.10-13.10.2025/4Z/100MEDIA/DSCF0288.JPG,DSCF0288.JPG,4Z/100MEDIA,0,Other_Amphibian,0.7573,2554.7,2307.1,2705.7,2539.9
/srv/shared_leopard_toad/2025/Documents/06.10-13.10.2025/4Z/100MEDIA/DSCF0423.JPG,DSCF0423.JPG,4Z/100MEDIA,0,Other_Amphibian,0.6724,2552.4,2310.4,2702.1,2541.2
/srv/shared_leopard_toad/2025/Documents/06.10-13.10.2025/4Z/100MEDIA/DSCF0423.JPG,DSCF0423.JPG,4Z/100MEDIA,0,Other_Amphibian,0.2272,763.8,1804.9,933.3,1980.7
/srv/shared_leopard_toad/2025/Documents/06.10-13.10.2025/4Z/100MEDIA/DSCF0045.JPG,DSCF0045.JPG,4Z/100MEDIA,0,Other_Amphibian,0.3578,219.6,642.0,356.1,831.5
/srv/shared_leopard_toad/2025/Documents/06.10-13.10.2025/4Z/100MEDIA/DSCF0264.JPG,DSCF0264.JPG,4Z/100MEDIA,0,Other_Amphibian,0.7701,2553.2,2308.1,2708.4,2539.5
/srv/shared_leopard_toad/2025/Documents/06.10-13.10.2025/4Z/100MEDIA/DSCF0848.JPG,DSCF0848.JPG,4Z/100MEDIA,0,Other_Amphibian,0.6963,2478.5,1806.8,2721.6,2001.7
/srv/shared_leopard_toad/2025/Documents/06.10-13.10.2025/4Z/100MEDIA/DSCF0145.JPG,DSCF0145.JPG,4Z/100MEDIA,0,Other_Amphibian,0.7694,2550.8,2306.1,2701.8,2540.5
/srv/shared_leopard_toad/2025/Documents/06.10-13.10.2025/4Z/100MEDIA/DSCF0284.JPG,DSCF0284.JPG,4Z/100MEDIA,0,Other_Amphibian,0.7281,2555.9,2308.1,2703.8,2540.1
/srv/shared_leopard_toad/2025/Documents/06.10-13.10.2025/4Z/100MEDIA/DSCF0504.JPG,DSCF0504.JPG,4Z/100MEDIA,0,Other_Amphibian,0.6960,2557.0,2303.2,2705.5,2541.1
/srv/shared_leopard_toad/2025/Documents/06.10-13.10.2025/4Z/100MEDIA/DSCF0637.JPG,DSCF0637.JPG,4Z/100MEDIA,0,Other_Amphibian,0.3286,2640.5,2245.2,2784.6,2407.9
/srv/shared_leopard_toad/2025/Documents/06.10-13.10.2025/4Z/100MEDIA/DSCF0271.JPG,DSCF0271.JPG,4Z/100MEDIA,0,Other_Amphibian,0.7405,2556.0,2310.7,2704.3,2541.1
/srv/shared_leopard_toad/2025/Documents/06.10-13.10.2025/4Z/100MEDIA/DSCF0861.JPG,DSCF0861.JPG,4Z/100MEDIA,0,Other_Amphibian,0.3284,2641.5,2244.0,2785.5,2407.5
/srv/shared_leopard_toad/2025/Documents/06.10-13.10.2025/4Z/100MEDIA/DSCF0648.JPG,DSCF0648.JPG,4Z/100MEDIA,0,Other_Amphibian,0.2209,2641.3,2245.4,2781.8,2409.6
/srv/shared_leopard_toad/2025/Documents/06.10-13.10.2025/4Z/100MEDIA/DSCF0659.JPG,DSCF0659.JPG,4Z/100MEDIA,0,Other_Amphibian,0.2504,2647.6,2245.1,2788.0,2409.4
/srv/shared_leopard_toad/2025/Documents/06.10-13.10.2025/4Z/100MEDIA/DSCF0096.JPG,DSCF0096.JPG,4Z/100MEDIA,0,Other_Amphibian,0.7704,2554.7,2311.7,2701.9,2539.8
/srv/shared_leopard_toad/2025/Documents/06.10-13.10.2025/4Z/100MEDIA/DSCF0295.JPG,DSCF0295.JPG,4Z/100MEDIA,0,Other_Amphibian,0.7056,2557.6,2308.4,2703.6,2540.6
/srv/shared_leopard_toad/2025/Documents/06.10-13.10.2025/4Z/100MEDIA/DSCF0053.JPG,DSCF0053.JPG,4Z/100MEDIA,0,Other_Amphibian,0.3213,218.2,630.8,350.1,765.0
/srv/shared_leopard_toad/2025/Documents/06.10-13.10.2025/4Z/100MEDIA/DSCF0053.JPG,DSCF0053.JPG,4Z/100MEDIA,0,Other_Amphibian,0.2191,124.0,1938.6,284.1,2083.2
/srv/shared_leopard_toad/2025/Documents/06.10-13.10.2025/4Z/100MEDIA/DSCF0740.JPG,DSCF0740.JPG,4Z/100MEDIA,0,Other_Amphibian,0.2780,2642.6,2244.5,2786.1,2407.7
/srv/shared_leopard_toad/2025/Documents/06.10-13.10.2025/4Z/100MEDIA/DSCF0384.JPG,DSCF0384.JPG,4Z/100MEDIA,0,Other_Amphibian,0.6797,2558.1,2308.4,2703.8,2540.1
/srv/shared_leopard_toad/2025/Documents/06.10-13.10.2025/4Z/100MEDIA/DSCF0384.JPG,DSCF0384.JPG,4Z/100MEDIA,0,Other_Amphibian,0.6709,2079.5,1609.1,2257.6,1844.2
/srv/shared_leopard_toad/2025/Documents/06.10-13.10.2025/4Z/100MEDIA/DSCF0384.JPG,DSCF0384.JPG,4Z/100MEDIA,0,Other_Amphibian,0.3678,781.9,1803.1,949.8,1978.0
/srv/shared_leopard_toad/2025/Documents/06.10-13.10.2025/4Z/100MEDIA/DSCF0955.JPG,DSCF0955.JPG,4Z/100MEDIA,0,Other_Amphibian,0.2586,2639.2,2246.1,2786.0,2408.7
/srv/shared_leopard_toad/2025/Documents/06.10-13.10.2025/4Z/100MEDIA/DSCF0149.JPG,DSCF0149.JPG,4Z/100MEDIA,0,Other_Amphibian,0.7718,2553.7,2309.1,2704.9,2540.1
/srv/shared_leopard_toad/2025/Documents/06.10-13.10.2025/4Z/100MEDIA/DSCF0502.JPG,DSCF0502.JPG,4Z/100MEDIA,0,Other_Amphibian,0.6925,2556.2,2309.4,2707.4,2539.8
/srv/shared_leopard_toad/2025/Documents/06.10-13.10.2025/4Z/100MEDIA/DSCF0231.JPG,DSCF0231.JPG,4Z/100MEDIA,0,Other_Amphibian,0.7306,2548.9,2310.7,2705.0,2539.5
/srv/shared_leopard_toad/2025/Documents/06.10-13.10.2025/4Z/100MEDIA/DSCF0930.JPG,DSCF0930.JPG,4Z/100MEDIA,0,Other_Amphibian,0.2554,2689.8,2426.5,2819.2,2557.0
/srv/shared_leopard_toad/2025/Documents/06.10-13.10.2025/4Z/100MEDIA/DSCF0320.JPG,DSCF0320.JPG,4Z/100MEDIA,0,Other_Amphibian,0.6994,2557.1,2308.0,2703.1,2541.0
/srv/shared_leopard_toad/2025/Documents/06.10-13.10.2025/4Z/100MEDIA/DSCF0320.JPG,DSCF0320.JPG,4Z/100MEDIA,0,Other_Amphibian,0.3143,787.6,1807.8,941.4,1974.8
/srv/shared_leopard_toad/2025/Documents/06.10-13.10.2025/4Z/100MEDIA/DSCF0479.JPG,DSCF0479.JPG,4Z/100MEDIA,0,Other_Amphibian,0.6550,2554.6,2311.0,2703.7,2539.9
/srv/shared_leopard_toad/2025/Documents/06.10-13.10.2025/4Z/100MEDIA/DSCF0247.JPG,DSCF0247.JPG,4Z/100MEDIA,0,Other_Amphibian,0.7528,2555.4,2309.9,2703.8,2540.5
/srv/shared_leopard_toad/2025/Documents/06.10-13.10.2025/4Z/100MEDIA/DSCF0898.JPG,DSCF0898.JPG,4Z/100MEDIA,0,Other_Amphibian,0.2324,2644.7,2244.8,2786.7,2409.5
/srv/shared_leopard_toad/2025/Documents/06.10-13.10.2025/4Z/100MEDIA/DSCF0307.JPG,DSCF0307.JPG,4Z/100MEDIA,0,Other_Amphibian,0.7153,2554.9,2308.2,2703.4,2540.0
/srv/shared_leopard_toad/2025/Documents/06.10-13.10.2025/4Z/100MEDIA/DSCF0268.JPG,DSCF0268.JPG,4Z/100MEDIA,0,Other_Amphibian,0.7387,2554.3,2311.4,2703.0,2539.5
/srv/shared_leopard_toad/2025/Documents/06.10-13.10.2025/4Z/100MEDIA/DSCF0716.JPG,DSCF0716.JPG,4Z/100MEDIA,0,Other_Amphibian,0.3589,2642.6,2243.9,2783.9,2407.4
/srv/shared_leopard_toad/2025/Documents/06.10-13.10.2025/4Z/100MEDIA/DSCF0963.JPG,DSCF0963.JPG,4Z/100MEDIA,0,Other_Amphibian,0.3043,2636.2,2245.5,2787.8,2409.0
/srv/shared_leopard_toad/2025/Documents/06.10-13.10.2025/4Z/100MEDIA/DSCF0663.JPG,DSCF0663.JPG,4Z/100MEDIA,0,Other_Amphibian,0.2561,2642.1,2244.5,2785.8,2408.7
/srv/shared_leopard_toad/2025/Documents/06.10-13.10.2025/4Z/100MEDIA/DSCF0931.JPG,DSCF0931.JPG,4Z/100MEDIA,0,Other_Amphibian,0.2387,2639.6,2247.1,2785.3,2410.3
/srv/shared_leopard_toad/2025/Documents/06.10-13.10.2025/4Z/100MEDIA/DSCF0106.JPG,DSCF0106.JPG,4Z/100MEDIA,0,Other_Amphibian,0.7606,2551.4,2306.7,2703.5,2540.7
/srv/shared_leopard_toad/2025/Documents/06.10-13.10.2025/4Z/100MEDIA/DSCF0246.JPG,DSCF0246.JPG,4Z/100MEDIA,0,Other_Amphibian,0.7332,2555.3,2307.1,2702.5,2539.5
/srv/shared_leopard_toad/2025/Documents/06.10-13.10.2025/4Z/100MEDIA/DSCF0246.JPG,DSCF0246.JPG,4Z/100MEDIA,0,Other_Amphibian,0.3041,789.2,1810.3,942.1,1977.7
/srv/shared_leopard_toad/2025/Documents/06.10-13.10.2025/4Z/100MEDIA/DSCF0378.JPG,DSCF0378.JPG,4Z/100MEDIA,0,Other_Amphibian,0.7548,2553.0,2305.4,2705.6,2540.5
/srv/shared_leopard_toad/2025/Documents/06.10-13.10.2025/4Z/100MEDIA/DSCF0704.JPG,DSCF0704.JPG,4Z/100MEDIA,0,Other_Amphibian,0.2160,2694.1,2426.4,2820.7,2556.9
/srv/shared_leopard_toad/2025/Documents/06.10-13.10.2025/4Z/100MEDIA/DSCF0704.JPG,DSCF0704.JPG,4Z/100MEDIA,0,Other_Amphibian,0.2019,2642.8,2247.6,2784.2,2410.4
/srv/shared_leopard_toad/2025/Documents/06.10-13.10.2025/4Z/100MEDIA/DSCF0148.JPG,DSCF0148.JPG,4Z/100MEDIA,0,Other_Amphibian,0.6440,2555.5,2311.1,2696.9,2539.8
/srv/shared_leopard_toad/2025/Documents/06.10-13.10.2025/4Z/100MEDIA/DSCF0842.JPG,DSCF0842.JPG,4Z/100MEDIA,0,Other_Amphibian,0.3055,2691.3,2427.6,2822.1,2555.3
/srv/shared_leopard_toad/2025/Documents/06.10-13.10.2025/4Z/100MEDIA/DSCF0178.JPG,DSCF0178.JPG,4Z/100MEDIA,0,Other_Amphibian,0.7727,2553.9,2309.5,2703.6,2540.6
/srv/shared_leopard_toad/2025/Documents/06.10-13.10.2025/4Z/100MEDIA/DSCF0738.JPG,DSCF0738.JPG,4Z/100MEDIA,0,Other_Amphibian,0.3357,2637.6,2243.6,2786.0,2408.4
/srv/shared_leopard_toad/2025/Documents/06.10-13.10.2025/4Z/100MEDIA/DSCF0739.JPG,DSCF0739.JPG,4Z/100MEDIA,0,Other_Amphibian,0.3735,2639.0,2244.4,2786.8,2407.4
/srv/shared_leopard_toad/2025/Documents/06.10-13.10.2025/4Z/100MEDIA/DSCF0739.JPG,DSCF0739.JPG,4Z/100MEDIA,0,Other_Amphibian,0.2065,2696.0,2428.7,2822.0,2557.9
/srv/shared_leopard_toad/2025/Documents/06.10-13.10.2025/4Z/100MEDIA/DSCF0875.JPG,DSCF0875.JPG,4Z/100MEDIA,0,Other_Amphibian,0.2403,2641.3,2243.7,2787.2,2407.9
/srv/shared_leopard_toad/2025/Documents/06.10-13.10.2025/4Z/100MEDIA/DSCF0576.JPG,DSCF0576.JPG,4Z/100MEDIA,0,Other_Amphibian,0.3321,2639.6,2245.5,2786.9,2408.5
/srv/shared_leopard_toad/2025/Documents/06.10-13.10.2025/4Z/100MEDIA/DSCF0856.JPG,DSCF0856.JPG,4Z/100MEDIA,0,Other_Amphibian,0.2217,2645.9,2244.7,2788.4,2409.9
/srv/shared_leopard_toad/2025/Documents/06.10-13.10.2025/4Z/100MEDIA/DSCF0607.JPG,DSCF0607.JPG,4Z/100MEDIA,0,Other_Amphibian,0.3212,3655.9,1649.5,3912.0,1924.1
/srv/shared_leopard_toad/2025/Documents/06.10-13.10.2025/4Z/100MEDIA/DSCF0607.JPG,DSCF0607.JPG,4Z/100MEDIA,0,Other_Amphibian,0.2124,2640.3,2246.2,2782.0,2408.1
/srv/shared_leopard_toad/2025/Documents/06.10-13.10.2025/4Z/100MEDIA/DSCF0097.JPG,DSCF0097.JPG,4Z/100MEDIA,0,Other_Amphibian,0.7878,2556.1,2302.9,2709.9,2539.7
/srv/shared_leopard_toad/2025/Documents/06.10-13.10.2025/4Z/100MEDIA/DSCF0252.JPG,DSCF0252.JPG,4Z/100MEDIA,0,Other_Amphibian,0.7578,2552.8,2309.8,2703.3,2539.8
/srv/shared_leopard_toad/2025/Documents/06.10-13.10.2025/4Z/100MEDIA/DSCF0472.JPG,DSCF0472.JPG,4Z/100MEDIA,0,Other_Amphibian,0.6416,2559.9,2309.9,2700.9,2540.2
/srv/shared_leopard_toad/2025/Documents/06.10-13.10.2025/4Z/100MEDIA/DSCF0396.JPG,DSCF0396.JPG,4Z/100MEDIA,0,Other_Amphibian,0.7060,2558.1,2304.9,2706.5,2539.0
/srv/shared_leopard_toad/2025/Documents/06.10-13.10.2025/4Z/100MEDIA/DSCF0788.JPG,DSCF0788.JPG,4Z/100MEDIA,0,Other_Amphibian,0.2678,2642.5,2244.8,2788.0,2409.7
/srv/shared_leopard_toad/2025/Documents/06.10-13.10.2025/4Z/100MEDIA/DSCF0721.JPG,DSCF0721.JPG,4Z/100MEDIA,0,Other_Amphibian,0.3711,2644.1,2244.3,2789.1,2408.2
/srv/shared_leopard_toad/2025/Documents/06.10-13.10.2025/4Z/100MEDIA/DSCF0927.JPG,DSCF0927.JPG,4Z/100MEDIA,0,Other_Amphibian,0.2691,2641.8,2243.8,2785.8,2409.0
/srv/shared_leopard_toad/2025/Documents/06.10-13.10.2025/4Z/100MEDIA/DSCF0536.JPG,DSCF0536.JPG,4Z/100MEDIA,0,Other_Amphibian,0.2752,2645.4,2243.2,2784.2,2406.8
/srv/shared_leopard_toad/2025/Documents/06.10-13.10.2025/4Z/100MEDIA/DSCF0536.JPG,DSCF0536.JPG,4Z/100MEDIA,0,Other_Amphibian,0.2237,2882.1,2475.3,3014.9,2582.4
/srv/shared_leopard_toad/2025/Documents/06.10-13.10.2025/4Z/100MEDIA/DSCF0448.JPG,DSCF0448.JPG,4Z/100MEDIA,0,Other_Amphibian,0.6368,2554.5,2313.0,2702.6,2540.4
/srv/shared_leopard_toad/2025/Documents/06.10-13.10.2025/4Z/100MEDIA/DSCF0683.JPG,DSCF0683.JPG,4Z/100MEDIA,0,Other_Amphibian,0.2898,2637.6,2244.5,2787.2,2407.6
/srv/shared_leopard_toad/2025/Documents/06.10-13.10.2025/4Z/100MEDIA/DSCF0449.JPG,DSCF0449.JPG,4Z/100MEDIA,0,Other_Amphibian,0.7188,2556.7,2302.6,2706.9,2540.1
/srv/shared_leopard_toad/2025/Documents/06.10-13.10.2025/4Z/100MEDIA/DSCF0888.JPG,DSCF0888.JPG,4Z/100MEDIA,0,Other_Amphibian,0.2279,2649.1,2243.4,2787.0,2407.8
/srv/shared_leopard_toad/2025/Documents/06.10-13.10.2025/4Z/100MEDIA/DSCF0287.JPG,DSCF0287.JPG,4Z/100MEDIA,0,Other_Amphibian,0.7838,2555.0,2307.4,2709.4,2540.6
/srv/shared_leopard_toad/2025/Documents/06.10-13.10.2025/4Z/100MEDIA/DSCF0494.JPG,DSCF0494.JPG,4Z/100MEDIA,0,Other_Amphibian,0.7102,2559.1,2307.5,2706.8,2542.4
/srv/shared_leopard_toad/2025/Documents/06.10-13.10.2025/4Z/100MEDIA/DSCF0386.JPG,DSCF0386.JPG,4Z/100MEDIA,0,Other_Amphibian,0.7011,2555.3,2313.5,2705.7,2541.0
/srv/shared_leopard_toad/2025/Documents/06.10-13.10.2025/4Z/100MEDIA/DSCF0072.JPG,DSCF0072.JPG,4Z/100MEDIA,0,Other_Amphibian,0.7507,2556.6,2323.2,2703.1,2548.0
/srv/shared_leopard_toad/2025/Documents/06.10-13.10.2025/4Z/100MEDIA/DSCF0134.JPG,DSCF0134.JPG,4Z/100MEDIA,0,Other_Amphibian,0.7794,2553.5,2309.7,2703.4,2539.5
/srv/shared_leopard_toad/2025/Documents/06.10-13.10.2025/4Z/100MEDIA/DSCF0023.JPG,DSCF0023.JPG,4Z/100MEDIA,0,Other_Amphibian,0.2202,774.6,1841.9,939.4,2153.1
/srv/shared_leopard_toad/2025/Documents/06.10-13.10.2025/4Z/100MEDIA/DSCF0399.JPG,DSCF0399.JPG,4Z/100MEDIA,0,Other_Amphibian,0.7146,2552.6,2303.1,2702.0,2540.9
/srv/shared_leopard_toad/2025/Documents/06.10-13.10.2025/4Z/100MEDIA/DSCF0158.JPG,DSCF0158.JPG,4Z/100MEDIA,0,Other_Amphibian,0.7653,2551.0,2306.9,2701.6,2539.6
/srv/shared_leopard_toad/2025/Documents/06.10-13.10.2025/4Z/100MEDIA/DSCF0474.JPG,DSCF0474.JPG,4Z/100MEDIA,0,Other_Amphibian,0.7080,2554.9,2306.5,2702.3,2539.6
/srv/shared_leopard_toad/2025/Documents/06.10-13.10.2025/4Z/100MEDIA/DSCF0872.JPG,DSCF0872.JPG,4Z/100MEDIA,0,Other_Amphibian,0.2705,2641.3,2244.7,2787.2,2407.9
/srv/shared_leopard_toad/2025/Documents/06.10-13.10.2025/4Z/100MEDIA/DSCF0499.JPG,DSCF0499.JPG,4Z/100MEDIA,0,Other_Amphibian,0.6948,2555.4,2309.5,2706.2,2539.5
/srv/shared_leopard_toad/2025/Documents/06.10-13.10.2025/4Z/100MEDIA/DSCF0892.JPG,DSCF0892.JPG,4Z/100MEDIA,0,Other_Amphibian,0.2880,2643.3,2244.6,2788.6,2407.9
/srv/shared_leopard_toad/2025/Documents/06.10-13.10.2025/4Z/100MEDIA/DSCF0768.JPG,DSCF0768.JPG,4Z/100MEDIA,0,Other_Amphibian,0.3153,2640.9,2244.3,2785.0,2407.3
/srv/shared_leopard_toad/2025/Documents/06.10-13.10.2025/4Z/100MEDIA/DSCF0335.JPG,DSCF0335.JPG,4Z/100MEDIA,0,Other_Amphibian,0.6494,2557.0,2309.2,2702.7,2540.3
/srv/shared_leopard_toad/2025/Documents/06.10-13.10.2025/4Z/100MEDIA/DSCF0335.JPG,DSCF0335.JPG,4Z/100MEDIA,0,Other_Amphibian,0.2052,2561.3,2415.0,2697.3,2533.8
/srv/shared_leopard_toad/2025/Documents/06.10-13.10.2025/4Z/100MEDIA/DSCF0890.JPG,DSCF0890.JPG,4Z/100MEDIA,0,Other_Amphibian,0.2113,2639.6,2245.2,2782.3,2408.5
/srv/shared_leopard_toad/2025/Documents/06.10-13.10.2025/4Z/100MEDIA/DSCF0262.JPG,DSCF0262.JPG,4Z/100MEDIA,0,Other_Amphibian,0.7365,2556.3,2302.9,2705.2,2540.7
/srv/shared_leopard_toad/2025/Documents/06.10-13.10.2025/4Z/100MEDIA/DSCF0655.JPG,DSCF0655.JPG,4Z/100MEDIA,0,Other_Amphibian,0.2668,2646.6,2245.7,2787.0,2408.9
/srv/shared_leopard_toad/2025/Documents/06.10-13.10.2025/4Z/100MEDIA/DSCF0965.JPG,DSCF0965.JPG,4Z/100MEDIA,0,Other_Amphibian,0.2986,2634.3,2246.4,2785.6,2411.0
/srv/shared_leopard_toad/2025/Documents/06.10-13.10.2025/4Z/100MEDIA/DSCF0750.JPG,DSCF0750.JPG,4Z/100MEDIA,0,Other_Amphibian,0.3486,2638.0,2245.1,2784.0,2408.0
/srv/shared_leopard_toad/2025/Documents/06.10-13.10.2025/4Z/100MEDIA/DSCF0223.JPG,DSCF0223.JPG,4Z/100MEDIA,0,Other_Amphibian,0.7680,2553.1,2309.9,2705.4,2540.9
/srv/shared_leopard_toad/2025/Documents/06.10-13.10.2025/4Z/100MEDIA/DSCF0669.JPG,DSCF0669.JPG,4Z/100MEDIA,0,Other_Amphibian,0.3542,2638.5,2242.9,2787.0,2409.3
/srv/shared_leopard_toad/2025/Documents/06.10-13.10.2025/4Z/100MEDIA/DSCF0669.JPG,DSCF0669.JPG,4Z/100MEDIA,0,Other_Amphibian,0.2695,3657.6,1648.8,3919.2,1923.2
/srv/shared_leopard_toad/2025/Documents/06.10-13.10.2025/4Z/100MEDIA/DSCF0745.JPG,DSCF0745.JPG,4Z/100MEDIA,0,Other_Amphibian,0.2689,2640.3,2243.0,2784.0,2407.4
/srv/shared_leopard_toad/2025/Documents/06.10-13.10.2025/4Z/100MEDIA/DSCF0127.JPG,DSCF0127.JPG,4Z/100MEDIA,0,Other_Amphibian,0.7311,2548.7,2305.8,2698.9,2539.8
/srv/shared_leopard_toad/2025/Documents/06.10-13.10.2025/4Z/100MEDIA/DSCF0601.JPG,DSCF0601.JPG,4Z/100MEDIA,0,Other_Amphibian,0.2250,2686.6,2427.4,2819.6,2559.4
/srv/shared_leopard_toad/2025/Documents/06.10-13.10.2025/4Z/100MEDIA/DSCF0601.JPG,DSCF0601.JPG,4Z/100MEDIA,0,Other_Amphibian,0.2082,2640.8,2246.1,2783.1,2409.3
/srv/shared_leopard_toad/2025/Documents/06.10-13.10.2025/4Z/100MEDIA/DSCF0753.JPG,DSCF0753.JPG,4Z/100MEDIA,0,Other_Amphibian,0.3483,2637.8,2244.3,2786.8,2407.1
/srv/shared_leopard_toad/2025/Documents/06.10-13.10.2025/4Z/100MEDIA/DSCF0095.JPG,DSCF0095.JPG,4Z/100MEDIA,0,Other_Amphibian,0.7527,2555.6,2304.5,2703.9,2541.5
/srv/shared_leopard_toad/2025/Documents/06.10-13.10.2025/4Z/100MEDIA/DSCF0363.JPG,DSCF0363.JPG,4Z/100MEDIA,0,Other_Amphibian,0.7009,2555.8,2308.3,2704.7,2541.6
/srv/shared_leopard_toad/2025/Documents/06.10-13.10.2025/4Z/100MEDIA/DSCF0823.JPG,DSCF0823.JPG,4Z/100MEDIA,0,Other_Amphibian,0.3110,2642.1,2245.6,2785.3,2407.7
/srv/shared_leopard_toad/2025/Documents/06.10-13.10.2025/4Z/100MEDIA/DSCF0154.JPG,DSCF0154.JPG,4Z/100MEDIA,0,Other_Amphibian,0.7901,2552.5,2307.3,2706.2,2539.9
/srv/shared_leopard_toad/2025/Documents/06.10-13.10.2025/4Z/100MEDIA/DSCF0376.JPG,DSCF0376.JPG,4Z/100MEDIA,0,Other_Amphibian,0.7052,2556.9,2306.2,2705.1,2539.4
/srv/shared_leopard_toad/2025/Documents/06.10-13.10.2025/4Z/100MEDIA/DSCF0186.JPG,DSCF0186.JPG,4Z/100MEDIA,0,Other_Amphibian,0.7304,2557.3,2305.1,2705.0,2539.4
/srv/shared_leopard_toad/2025/Documents/06.10-13.10.2025/4Z/100MEDIA/DSCF0186.JPG,DSCF0186.JPG,4Z/100MEDIA,0,Other_Amphibian,0.7100,1420.1,2476.6,1609.3,2709.2
/srv/shared_leopard_toad/2025/Documents/06.10-13.10.2025/4Z/100MEDIA/DSCF0196.JPG,DSCF0196.JPG,4Z/100MEDIA,0,Other_Amphibian,0.7693,2556.2,2308.3,2705.0,2541.0
/srv/shared_leopard_toad/2025/Documents/06.10-13.10.2025/4Z/100MEDIA/DSCF0577.JPG,DSCF0577.JPG,4Z/100MEDIA,0,Other_Amphibian,0.2588,2643.1,2245.3,2785.9,2408.8
/srv/shared_leopard_toad/2025/Documents/06.10-13.10.2025/4Z/100MEDIA/DSCF0577.JPG,DSCF0577.JPG,4Z/100MEDIA,2,Western_Leopard_Toad,0.2001,673.2,-6.8,1106.9,474.3
/srv/shared_leopard_toad/2025/Documents/06.10-13.10.2025/4Z/100MEDIA/DSCF0478.JPG,DSCF0478.JPG,4Z/100MEDIA,0,Other_Amphibian,0.6235,2558.3,2309.0,2703.2,2539.9
/srv/shared_leopard_toad/2025/Documents/06.10-13.10.2025/4Z/100MEDIA/DSCF0123.JPG,DSCF0123.JPG,4Z/100MEDIA,0,Other_Amphibian,0.7368,2557.7,2313.6,2700.0,2539.8
/srv/shared_leopard_toad/2025/Documents/06.10-13.10.2025/4Z/100MEDIA/DSCF0666.JPG,DSCF0666.JPG,4Z/100MEDIA,0,Other_Amphibian,0.2851,2644.7,2244.3,2786.4,2406.2
/srv/shared_leopard_toad/2025/Documents/06.10-13.10.2025/4Z/100MEDIA/DSCF0666.JPG,DSCF0666.JPG,4Z/100MEDIA,0,Other_Amphibian,0.2583,2696.2,2427.6,2821.3,2557.2
/srv/shared_leopard_toad/2025/Documents/06.10-13.10.2025/4Z/100MEDIA/DSCF0280.JPG,DSCF0280.JPG,4Z/100MEDIA,0,Other_Amphibian,0.7296,2554.4,2305.7,2707.0,2539.9
/srv/shared_leopard_toad/2025/Documents/06.10-13.10.2025/4Z/100MEDIA/DSCF0629.JPG,DSCF0629.JPG,4Z/100MEDIA,0,Other_Amphibian,0.2106,2641.5,2245.3,2785.6,2409.8
/srv/shared_leopard_toad/2025/Documents/06.10-13.10.2025/4Z/100MEDIA/DSCF0675.JPG,DSCF0675.JPG,4Z/100MEDIA,0,Other_Amphibian,0.2760,2642.8,2244.7,2783.9,2408.0
/srv/shared_leopard_toad/2025/Documents/06.10-13.10.2025/4Z/100MEDIA/DSCF0049.JPG,DSCF0049.JPG,4Z/100MEDIA,0,Other_Amphibian,0.2870,127.1,1952.7,261.5,2086.5
/srv/shared_leopard_toad/2025/Documents/06.10-13.10.2025/4Z/100MEDIA/DSCF0208.JPG,DSCF0208.JPG,4Z/100MEDIA,0,Other_Amphibian,0.7540,2557.2,2308.8,2702.9,2539.8
/srv/shared_leopard_toad/2025/Documents/06.10-13.10.2025/4Z/100MEDIA/DSCF0635.JPG,DSCF0635.JPG,4Z/100MEDIA,0,Other_Amphibian,0.2996,2636.4,2244.9,2785.7,2408.3
/srv/shared_leopard_toad/2025/Documents/06.10-13.10.2025/4Z/100MEDIA/DSCF0065.JPG,DSCF0065.JPG,4Z/100MEDIA,0,Other_Amphibian,0.7727,2554.6,2321.5,2704.3,2548.5
/srv/shared_leopard_toad/2025/Documents/06.10-13.10.2025/4Z/100MEDIA/DSCF0414.JPG,DSCF0414.JPG,4Z/100MEDIA,0,Other_Amphibian,0.7154,2554.7,2310.3,2704.2,2540.6
/srv/shared_leopard_toad/2025/Documents/06.10-13.10.2025/4Z/100MEDIA/DSCF0782.JPG,DSCF0782.JPG,4Z/100MEDIA,0,Other_Amphibian,0.3371,2642.6,2243.3,2782.4,2406.3
/srv/shared_leopard_toad/2025/Documents/06.10-13.10.2025/4Z/100MEDIA/DSCF0074.JPG,DSCF0074.JPG,4Z/100MEDIA,0,Other_Amphibian,0.7337,2556.9,2336.0,2703.2,2548.6
/srv/shared_leopard_toad/2025/Documents/06.10-13.10.2025/4Z/100MEDIA/DSCF0110.JPG,DSCF0110.JPG,4Z/100MEDIA,0,Other_Amphibian,0.7818,2554.2,2304.8,2703.6,2539.5
/srv/shared_leopard_toad/2025/Documents/06.10-13.10.2025/4Z/100MEDIA/DSCF0421.JPG,DSCF0421.JPG,4Z/100MEDIA,0,Other_Amphibian,0.7159,2554.8,2311.0,2703.7,2540.7
/srv/shared_leopard_toad/2025/Documents/06.10-13.10.2025/4Z/100MEDIA/DSCF0907.JPG,DSCF0907.JPG,4Z/100MEDIA,0,Other_Amphibian,0.2386,2692.3,2426.8,2818.7,2553.4
/srv/shared_leopard_toad/2025/Documents/06.10-13.10.2025/4Z/100MEDIA/DSCF0533.JPG,DSCF0533.JPG,4Z/100MEDIA,0,Other_Amphibian,0.2911,2644.5,2244.6,2787.4,2408.6
/srv/shared_leopard_toad/2025/Documents/06.10-13.10.2025/4Z/100MEDIA/DSCF0511.JPG,DSCF0511.JPG,4Z/100MEDIA,0,Other_Amphibian,0.7240,2557.4,2309.1,2706.1,2540.2
/srv/shared_leopard_toad/2025/Documents/06.10-13.10.2025/4Z/100MEDIA/DSCF0503.JPG,DSCF0503.JPG,4Z/100MEDIA,0,Other_Amphibian,0.6307,2560.4,2309.9,2702.2,2540.2
/srv/shared_leopard_toad/2025/Documents/06.10-13.10.2025/4Z/100MEDIA/DSCF0885.JPG,DSCF0885.JPG,4Z/100MEDIA,0,Other_Amphibian,0.3084,2115.1,1883.7,2238.6,2026.1
/srv/shared_leopard_toad/2025/Documents/06.10-13.10.2025/4Z/100MEDIA/DSCF0885.JPG,DSCF0885.JPG,4Z/100MEDIA,0,Other_Amphibian,0.2352,2114.4,1884.1,2244.3,2015.7
/srv/shared_leopard_toad/2025/Documents/06.10-13.10.2025/4Z/100MEDIA/DSCF0885.JPG,DSCF0885.JPG,4Z/100MEDIA,0,Other_Amphibian,0.2268,2642.4,2245.3,2786.7,2407.5
/srv/shared_leopard_toad/2025/Documents/06.10-13.10.2025/4Z/100MEDIA/DSCF0622.JPG,DSCF0622.JPG,4Z/100MEDIA,0,Other_Amphibian,0.2216,2647.1,2246.3,2784.9,2408.8
/srv/shared_leopard_toad/2025/Documents/06.10-13.10.2025/4Z/100MEDIA/DSCF0418.JPG,DSCF0418.JPG,4Z/100MEDIA,0,Other_Amphibian,0.7240,2558.4,2304.6,2701.1,2538.8
/srv/shared_leopard_toad/2025/Documents/06.10-13.10.2025/4Z/100MEDIA/DSCF0211.JPG,DSCF0211.JPG,4Z/100MEDIA,0,Other_Amphibian,0.7104,2554.8,2306.4,2701.4,2540.9
/srv/shared_leopard_toad/2025/Documents/06.10-13.10.2025/4Z/100MEDIA/DSCF0211.JPG,DSCF0211.JPG,4Z/100MEDIA,0,Other_Amphibian,0.3592,800.6,1805.8,945.5,1972.6
/srv/shared_leopard_toad/2025/Documents/06.10-13.10.2025/4Z/100MEDIA/DSCF0211.JPG,DSCF0211.JPG,4Z/100MEDIA,0,Other_Amphibian,0.3329,799.9,1804.9,947.0,1974.4
/srv/shared_leopard_toad/2025/Documents/06.10-13.10.2025/4Z/100MEDIA/DSCF0621.JPG,DSCF0621.JPG,4Z/100MEDIA,0,Other_Amphibian,0.2955,2644.6,2244.3,2787.9,2407.8
/srv/shared_leopard_toad/2025/Documents/06.10-13.10.2025/4Z/100MEDIA/DSCF0030.JPG,DSCF0030.JPG,4Z/100MEDIA,0,Other_Amphibian,0.3048,137.1,1939.5,282.1,2079.9
/srv/shared_leopard_toad/2025/Documents/06.10-13.10.2025/4Z/100MEDIA/DSCF0030.JPG,DSCF0030.JPG,4Z/100MEDIA,0,Other_Amphibian,0.2405,780.7,1845.6,960.0,2119.3
/srv/shared_leopard_toad/2025/Documents/06.10-13.10.2025/4Z/100MEDIA/DSCF0483.JPG,DSCF0483.JPG,4Z/100MEDIA,0,Other_Amphibian,0.6774,2553.4,2307.1,2702.8,2541.2
/srv/shared_leopard_toad/2025/Documents/06.10-13.10.2025/4Z/100MEDIA/DSCF0121.JPG,DSCF0121.JPG,4Z/100MEDIA,0,Other_Amphibian,0.7604,2549.8,2312.2,2703.6,2540.8
/srv/shared_leopard_toad/2025/Documents/06.10-13.10.2025/4Z/100MEDIA/DSCF0937.JPG,DSCF0937.JPG,4Z/100MEDIA,0,Other_Amphibian,0.3589,2635.1,2243.1,2788.7,2410.0
/srv/shared_leopard_toad/2025/Documents/06.10-13.10.2025/4Z/100MEDIA/DSCF0686.JPG,DSCF0686.JPG,4Z/100MEDIA,0,Other_Amphibian,0.2401,2632.5,2245.1,2786.6,2410.3
/srv/shared_leopard_toad/2025/Documents/06.10-13.10.2025/4Z/100MEDIA/DSCF0686.JPG,DSCF0686.JPG,4Z/100MEDIA,0,Other_Amphibian,0.2213,2693.1,2427.2,2819.6,2555.9
/srv/shared_leopard_toad/2025/Documents/06.10-13.10.2025/4Z/100MEDIA/DSCF0790.JPG,DSCF0790.JPG,4Z/100MEDIA,0,Other_Amphibian,0.2484,2643.9,2246.0,2783.1,2408.9
/srv/shared_leopard_toad/2025/Documents/06.10-13.10.2025/4Z/100MEDIA/DSCF0333.JPG,DSCF0333.JPG,4Z/100MEDIA,0,Other_Amphibian,0.7423,2556.6,2309.9,2705.1,2541.0
/srv/shared_leopard_toad/2025/Documents/06.10-13.10.2025/4Z/100MEDIA/DSCF0482.JPG,DSCF0482.JPG,4Z/100MEDIA,0,Other_Amphibian,0.6917,2555.6,2310.0,2703.1,2540.5
/srv/shared_leopard_toad/2025/Documents/06.10-13.10.2025/4Z/100MEDIA/DSCF0805.JPG,DSCF0805.JPG,4Z/100MEDIA,0,Other_Amphibian,0.3014,2636.1,2244.3,2783.9,2408.2
/srv/shared_leopard_toad/2025/Documents/06.10-13.10.2025/4Z/100MEDIA/DSCF0113.JPG,DSCF0113.JPG,4Z/100MEDIA,0,Other_Amphibian,0.7765,2549.2,2307.1,2703.0,2540.0
/srv/shared_leopard_toad/2025/Documents/06.10-13.10.2025/4Z/100MEDIA/DSCF0387.JPG,DSCF0387.JPG,4Z/100MEDIA,0,Other_Amphibian,0.7172,2552.6,2309.8,2704.6,2539.9
/srv/shared_leopard_toad/2025/Documents/06.10-13.10.2025/4Z/100MEDIA/DSCF0962.JPG,DSCF0962.JPG,4Z/100MEDIA,0,Other_Amphibian,0.2144,2638.1,2246.0,2787.6,2410.2
/srv/shared_leopard_toad/2025/Documents/06.10-13.10.2025/4Z/100MEDIA/DSCF0867.JPG,DSCF0867.JPG,4Z/100MEDIA,0,Other_Amphibian,0.2735,2640.5,2245.1,2787.3,2408.7
/srv/shared_leopard_toad/2025/Documents/06.10-13.10.2025/4Z/100MEDIA/DSCF0874.JPG,DSCF0874.JPG,4Z/100MEDIA,0,Other_Amphibian,0.3393,2646.9,2244.3,2788.7,2407.4
/srv/shared_leopard_toad/2025/Documents/06.10-13.10.2025/4Z/100MEDIA/DSCF0548.JPG,DSCF0548.JPG,4Z/100MEDIA,0,Other_Amphibian,0.2634,2641.6,2245.9,2787.0,2409.3
/srv/shared_leopard_toad/2025/Documents/06.10-13.10.2025/4Z/100MEDIA/DSCF0786.JPG,DSCF0786.JPG,4Z/100MEDIA,0,Other_Amphibian,0.3112,2638.0,2244.9,2786.1,2407.9
/srv/shared_leopard_toad/2025/Documents/06.10-13.10.2025/4Z/100MEDIA/DSCF0091.JPG,DSCF0091.JPG,4Z/100MEDIA,0,Other_Amphibian,0.7773,2546.0,2303.8,2704.7,2540.2
/srv/shared_leopard_toad/2025/Documents/06.10-13.10.2025/4Z/100MEDIA/DSCF0942.JPG,DSCF0942.JPG,4Z/100MEDIA,0,Other_Amphibian,0.3901,2618.2,2246.7,2782.3,2408.1
/srv/shared_leopard_toad/2025/Documents/06.10-13.10.2025/4Z/100MEDIA/DSCF0991.JPG,DSCF0991.JPG,4Z/100MEDIA,0,Other_Amphibian,0.2380,2641.8,2245.5,2787.6,2408.2
/srv/shared_leopard_toad/2025/Documents/06.10-13.10.2025/4Z/100MEDIA/DSCF0691.JPG,DSCF0691.JPG,4Z/100MEDIA,0,Other_Amphibian,0.3097,2641.8,2245.5,2784.7,2407.4
/srv/shared_leopard_toad/2025/Documents/06.10-13.10.2025/4Z/100MEDIA/DSCF0742.JPG,DSCF0742.JPG,4Z/100MEDIA,0,Other_Amphibian,0.2101,2646.8,2245.1,2787.7,2408.9
/srv/shared_leopard_toad/2025/Documents/06.10-13.10.2025/4Z/100MEDIA/DSCF0966.JPG,DSCF0966.JPG,4Z/100MEDIA,0,Other_Amphibian,0.2987,2643.7,2246.1,2787.1,2408.6
/srv/shared_leopard_toad/2025/Documents/06.10-13.10.2025/4Z/100MEDIA/DSCF0632.JPG,DSCF0632.JPG,4Z/100MEDIA,0,Other_Amphibian,0.2015,2643.8,2244.9,2787.6,2409.2
/srv/shared_leopard_toad/2025/Documents/06.10-13.10.2025/4Z/100MEDIA/DSCF0031.JPG,DSCF0031.JPG,4Z/100MEDIA,2,Western_Leopard_Toad,0.2617,2438.0,-0.5,3176.2,603.6
/srv/shared_leopard_toad/2025/Documents/06.10-13.10.2025/4Z/100MEDIA/DSCF0985.JPG,DSCF0985.JPG,4Z/100MEDIA,0,Other_Amphibian,0.3276,2635.6,2245.5,2787.6,2409.0
/srv/shared_leopard_toad/2025/Documents/06.10-13.10.2025/4Z/100MEDIA/DSCF0841.JPG,DSCF0841.JPG,4Z/100MEDIA,0,Other_Amphibian,0.3019,2642.8,2245.9,2786.4,2408.8
/srv/shared_leopard_toad/2025/Documents/06.10-13.10.2025/4Z/100MEDIA/DSCF0391.JPG,DSCF0391.JPG,4Z/100MEDIA,0,Other_Amphibian,0.7047,2556.6,2316.3,2706.0,2539.2
/srv/shared_leopard_toad/2025/Documents/06.10-13.10.2025/4Z/100MEDIA/DSCF0516.JPG,DSCF0516.JPG,4Z/100MEDIA,0,Other_Amphibian,0.6228,2556.5,2313.1,2702.7,2540.4
/srv/shared_leopard_toad/2025/Documents/06.10-13.10.2025/4Z/100MEDIA/DSCF0191.JPG,DSCF0191.JPG,4Z/100MEDIA,0,Other_Amphibian,0.7749,1420.5,2476.6,1611.0,2703.1
/srv/shared_leopard_toad/2025/Documents/06.10-13.10.2025/4Z/100MEDIA/DSCF0191.JPG,DSCF0191.JPG,4Z/100MEDIA,0,Other_Amphibian,0.6922,2555.6,2310.1,2704.4,2539.9
/srv/shared_leopard_toad/2025/Documents/06.10-13.10.2025/4Z/100MEDIA/DSCF0500.JPG,DSCF0500.JPG,4Z/100MEDIA,0,Other_Amphibian,0.6686,2559.5,2307.9,2702.9,2540.5
/srv/shared_leopard_toad/2025/Documents/06.10-13.10.2025/4Z/100MEDIA/DSCF0058.JPG,DSCF0058.JPG,4Z/100MEDIA,0,Other_Amphibian,0.7517,2557.3,2340.2,2706.3,2549.7
/srv/shared_leopard_toad/2025/Documents/06.10-13.10.2025/4Z/100MEDIA/DSCF0169.JPG,DSCF0169.JPG,4Z/100MEDIA,0,Other_Amphibian,0.6995,2555.7,2321.3,2713.0,2536.7
/srv/shared_leopard_toad/2025/Documents/06.10-13.10.2025/4Z/100MEDIA/DSCF0706.JPG,DSCF0706.JPG,4Z/100MEDIA,0,Other_Amphibian,0.2983,2639.5,2242.4,2784.7,2407.6
/srv/shared_leopard_toad/2025/Documents/06.10-13.10.2025/4Z/100MEDIA/DSCF0798.JPG,DSCF0798.JPG,4Z/100MEDIA,0,Other_Amphibian,0.4373,2639.3,2243.4,2788.9,2407.0
/srv/shared_leopard_toad/2025/Documents/06.10-13.10.2025/4Z/100MEDIA/DSCF0757.JPG,DSCF0757.JPG,4Z/100MEDIA,0,Other_Amphibian,0.3837,2639.4,2243.9,2789.5,2407.7
/srv/shared_leopard_toad/2025/Documents/06.10-13.10.2025/4Z/100MEDIA/DSCF0144.JPG,DSCF0144.JPG,4Z/100MEDIA,0,Other_Amphibian,0.7768,2551.3,2307.5,2706.3,2539.9
/srv/shared_leopard_toad/2025/Documents/06.10-13.10.2025/4Z/100MEDIA/DSCF0904.JPG,DSCF0904.JPG,4Z/100MEDIA,0,Other_Amphibian,0.3099,2645.7,2244.0,2784.7,2406.3
/srv/shared_leopard_toad/2025/Documents/06.10-13.10.2025/4Z/100MEDIA/DSCF0238.JPG,DSCF0238.JPG,4Z/100MEDIA,0,Other_Amphibian,0.7216,2556.8,2310.1,2701.8,2540.5
/srv/shared_leopard_toad/2025/Documents/06.10-13.10.2025/4Z/100MEDIA/DSCF0086.JPG,DSCF0086.JPG,4Z/100MEDIA,0,Other_Amphibian,0.7532,2551.0,2317.8,2703.6,2539.4
/srv/shared_leopard_toad/2025/Documents/06.10-13.10.2025/4Z/100MEDIA/DSCF0735.JPG,DSCF0735.JPG,4Z/100MEDIA,0,Other_Amphibian,0.3348,2639.6,2243.9,2784.1,2407.5
/srv/shared_leopard_toad/2025/Documents/06.10-13.10.2025/4Z/100MEDIA/DSCF0613.JPG,DSCF0613.JPG,4Z/100MEDIA,0,Other_Amphibian,0.2174,2652.2,2247.1,2787.9,2408.6
/srv/shared_leopard_toad/2025/Documents/06.10-13.10.2025/4Z/100MEDIA/DSCF0551.JPG,DSCF0551.JPG,4Z/100MEDIA,0,Other_Amphibian,0.3043,2644.0,2244.3,2787.2,2407.5
/srv/shared_leopard_toad/2025/Documents/06.10-13.10.2025/4Z/100MEDIA/DSCF0748.JPG,DSCF0748.JPG,4Z/100MEDIA,0,Other_Amphibian,0.4205,2639.3,2243.3,2786.9,2406.4
/srv/shared_leopard_toad/2025/Documents/06.10-13.10.2025/4Z/100MEDIA/DSCF0192.JPG,DSCF0192.JPG,4Z/100MEDIA,0,Other_Amphibian,0.7672,1415.6,2475.0,1610.7,2703.3
/srv/shared_leopard_toad/2025/Documents/06.10-13.10.2025/4Z/100MEDIA/DSCF0192.JPG,DSCF0192.JPG,4Z/100MEDIA,0,Other_Amphibian,0.5019,2562.0,2310.0,2705.7,2540.5
/srv/shared_leopard_toad/2025/Documents/06.10-13.10.2025/4Z/100MEDIA/DSCF0114.JPG,DSCF0114.JPG,4Z/100MEDIA,0,Other_Amphibian,0.7734,2554.2,2311.6,2707.4,2539.5
/srv/shared_leopard_toad/2025/Documents/06.10-13.10.2025/4Z/100MEDIA/DSCF0182.JPG,DSCF0182.JPG,4Z/100MEDIA,0,Other_Amphibian,0.6992,2554.7,2317.1,2700.5,2538.3
/srv/shared_leopard_toad/2025/Documents/06.10-13.10.2025/4Z/100MEDIA/DSCF0299.JPG,DSCF0299.JPG,4Z/100MEDIA,0,Other_Amphibian,0.6802,2557.2,2310.9,2702.3,2540.5
/srv/shared_leopard_toad/2025/Documents/06.10-13.10.2025/4Z/100MEDIA/DSCF0345.JPG,DSCF0345.JPG,4Z/100MEDIA,0,Other_Amphibian,0.7310,2558.1,2310.0,2705.3,2539.9
/srv/shared_leopard_toad/2025/Documents/06.10-13.10.2025/4Z/100MEDIA/DSCF0293.JPG,DSCF0293.JPG,4Z/100MEDIA,0,Other_Amphibian,0.7468,2555.5,2306.2,2704.7,2541.6
/srv/shared_leopard_toad/2025/Documents/06.10-13.10.2025/4Z/100MEDIA/DSCF0293.JPG,DSCF0293.JPG,4Z/100MEDIA,0,Other_Amphibian,0.3832,780.4,1806.5,939.9,1975.0
/srv/shared_leopard_toad/2025/Documents/06.10-13.10.2025/4Z/100MEDIA/DSCF0020.JPG,DSCF0020.JPG,4Z/100MEDIA,0,Other_Amphibian,0.4328,782.8,1837.8,932.4,2109.2
/srv/shared_leopard_toad/2025/Documents/06.10-13.10.2025/4Z/100MEDIA/DSCF0020.JPG,DSCF0020.JPG,4Z/100MEDIA,0,Other_Amphibian,0.3888,802.8,1849.8,934.1,2004.2
/srv/shared_leopard_toad/2025/Documents/06.10-13.10.2025/4Z/100MEDIA/DSCF0020.JPG,DSCF0020.JPG,4Z/100MEDIA,2,Western_Leopard_Toad,0.3388,2430.2,2.5,3186.3,636.3
/srv/shared_leopard_toad/2025/Documents/06.10-13.10.2025/4Z/100MEDIA/DSCF0195.JPG,DSCF0195.JPG,4Z/100MEDIA,0,Other_Amphibian,0.7629,2555.9,2308.1,2702.4,2540.1
/srv/shared_leopard_toad/2025/Documents/06.10-13.10.2025/4Z/100MEDIA/DSCF0018.JPG,DSCF0018.JPG,4Z/100MEDIA,0,Other_Amphibian,0.4968,780.5,1830.8,933.6,2103.3
/srv/shared_leopard_toad/2025/Documents/06.10-13.10.2025/4Z/100MEDIA/DSCF0018.JPG,DSCF0018.JPG,4Z/100MEDIA,0,Other_Amphibian,0.4427,222.7,635.5,365.5,800.9
/srv/shared_leopard_toad/2025/Documents/06.10-13.10.2025/4Z/100MEDIA/DSCF0794.JPG,DSCF0794.JPG,4Z/100MEDIA,0,Other_Amphibian,0.2437,2646.2,2244.2,2786.9,2408.2
/srv/shared_leopard_toad/2025/Documents/06.10-13.10.2025/4Z/100MEDIA/DSCF0527.JPG,DSCF0527.JPG,4Z/100MEDIA,0,Other_Amphibian,0.2001,2689.5,2426.3,2818.5,2556.4
/srv/shared_leopard_toad/2025/Documents/06.10-13.10.2025/4Z/100MEDIA/DSCF0338.JPG,DSCF0338.JPG,4Z/100MEDIA,0,Other_Amphibian,0.7139,2558.6,2309.8,2706.9,2539.4
/srv/shared_leopard_toad/2025/Documents/06.10-13.10.2025/4Z/100MEDIA/DSCF0940.JPG,DSCF0940.JPG,4Z/100MEDIA,0,Other_Amphibian,0.2800,2695.9,2427.0,2823.4,2556.0
/srv/shared_leopard_toad/2025/Documents/06.10-13.10.2025/4Z/100MEDIA/DSCF0940.JPG,DSCF0940.JPG,4Z/100MEDIA,0,Other_Amphibian,0.2330,2639.0,2247.3,2786.2,2410.1
/srv/shared_leopard_toad/2025/Documents/06.10-13.10.2025/4Z/100MEDIA/DSCF0360.JPG,DSCF0360.JPG,4Z/100MEDIA,0,Other_Amphibian,0.6411,2555.7,2309.3,2701.1,2539.9
/srv/shared_leopard_toad/2025/Documents/06.10-13.10.2025/4Z/100MEDIA/DSCF0206.JPG,DSCF0206.JPG,4Z/100MEDIA,0,Other_Amphibian,0.7664,2554.5,2308.7,2704.7,2539.3
/srv/shared_leopard_toad/2025/Documents/06.10-13.10.2025/4Z/100MEDIA/DSCF0902.JPG,DSCF0902.JPG,4Z/100MEDIA,0,Other_Amphibian,0.2136,2639.2,2246.0,2787.1,2409.2
/srv/shared_leopard_toad/2025/Documents/06.10-13.10.2025/4Z/100MEDIA/DSCF0778.JPG,DSCF0778.JPG,4Z/100MEDIA,0,Other_Amphibian,0.3035,2643.4,2243.6,2786.1,2408.2
/srv/shared_leopard_toad/2025/Documents/06.10-13.10.2025/4Z/100MEDIA/DSCF0883.JPG,DSCF0883.JPG,4Z/100MEDIA,0,Other_Amphibian,0.3455,2643.1,2242.9,2788.2,2407.4
/srv/shared_leopard_toad/2025/Documents/06.10-13.10.2025/4Z/100MEDIA/DSCF0059.JPG,DSCF0059.JPG,4Z/100MEDIA,0,Other_Amphibian,0.7867,2553.9,2315.3,2706.3,2549.0
/srv/shared_leopard_toad/2025/Documents/06.10-13.10.2025/4Z/100MEDIA/DSCF0180.JPG,DSCF0180.JPG,4Z/100MEDIA,0,Other_Amphibian,0.7694,2555.8,2309.5,2702.9,2539.6
/srv/shared_leopard_toad/2025/Documents/06.10-13.10.2025/4Z/100MEDIA/DSCF0791.JPG,DSCF0791.JPG,4Z/100MEDIA,0,Other_Amphibian,0.3297,2643.0,2244.9,2784.5,2407.6
/srv/shared_leopard_toad/2025/Documents/06.10-13.10.2025/4Z/100MEDIA/DSCF0826.JPG,DSCF0826.JPG,4Z/100MEDIA,0,Other_Amphibian,0.3557,2641.9,2244.9,2785.4,2406.8
/srv/shared_leopard_toad/2025/Documents/06.10-13.10.2025/4Z/100MEDIA/DSCF0088.JPG,DSCF0088.JPG,4Z/100MEDIA,0,Other_Amphibian,0.7354,2554.4,2310.7,2701.8,2541.0
/srv/shared_leopard_toad/2025/Documents/06.10-13.10.2025/4Z/100MEDIA/DSCF0775.JPG,DSCF0775.JPG,4Z/100MEDIA,0,Other_Amphibian,0.3676,2642.3,2243.4,2782.3,2406.2
/srv/shared_leopard_toad/2025/Documents/06.10-13.10.2025/4Z/100MEDIA/DSCF0811.JPG,DSCF0811.JPG,4Z/100MEDIA,0,Other_Amphibian,0.2974,2641.1,2245.0,2787.2,2410.0
/srv/shared_leopard_toad/2025/Documents/06.10-13.10.2025/4Z/100MEDIA/DSCF0689.JPG,DSCF0689.JPG,4Z/100MEDIA,0,Other_Amphibian,0.2090,2644.4,2246.4,2783.3,2408.7
/srv/shared_leopard_toad/2025/Documents/06.10-13.10.2025/4Z/100MEDIA/DSCF0278.JPG,DSCF0278.JPG,4Z/100MEDIA,0,Other_Amphibian,0.7137,2556.2,2310.0,2700.9,2539.9
/srv/shared_leopard_toad/2025/Documents/06.10-13.10.2025/4Z/100MEDIA/DSCF0625.JPG,DSCF0625.JPG,4Z/100MEDIA,0,Other_Amphibian,0.2094,2692.8,2427.4,2820.5,2555.0
/srv/shared_leopard_toad/2025/Documents/06.10-13.10.2025/4Z/100MEDIA/DSCF0645.JPG,DSCF0645.JPG,4Z/100MEDIA,0,Other_Amphibian,0.2372,2947.3,2448.7,3084.8,2557.6
/srv/shared_leopard_toad/2025/Documents/06.10-13.10.2025/4Z/100MEDIA/DSCF0216.JPG,DSCF0216.JPG,4Z/100MEDIA,0,Other_Amphibian,0.7122,2553.8,2309.3,2700.6,2540.7
/srv/shared_leopard_toad/2025/Documents/06.10-13.10.2025/4Z/100MEDIA/DSCF0050.JPG,DSCF0050.JPG,4Z/100MEDIA,0,Other_Amphibian,0.3941,130.5,1951.3,266.2,2080.2
/srv/shared_leopard_toad/2025/Documents/06.10-13.10.2025/4Z/100MEDIA/DSCF0050.JPG,DSCF0050.JPG,4Z/100MEDIA,0,Other_Amphibian,0.2877,221.4,623.0,357.5,775.8
/srv/shared_leopard_toad/2025/Documents/06.10-13.10.2025/4Z/100MEDIA/DSCF0099.JPG,DSCF0099.JPG,4Z/100MEDIA,0,Other_Amphibian,0.7683,2553.3,2309.8,2702.9,2540.4
/srv/shared_leopard_toad/2025/Documents/06.10-13.10.2025/4Z/100MEDIA/DSCF0463.JPG,DSCF0463.JPG,4Z/100MEDIA,0,Other_Amphibian,0.6816,2559.9,2308.4,2706.5,2539.3
/srv/shared_leopard_toad/2025/Documents/06.10-13.10.2025/4Z/100MEDIA/DSCF0327.JPG,DSCF0327.JPG,4Z/100MEDIA,0,Other_Amphibian,0.7450,2556.7,2304.1,2702.4,2539.3
/srv/shared_leopard_toad/2025/Documents/06.10-13.10.2025/4Z/100MEDIA/DSCF0727.JPG,DSCF0727.JPG,4Z/100MEDIA,0,Other_Amphibian,0.3908,2641.6,2243.7,2787.1,2407.0
/srv/shared_leopard_toad/2025/Documents/06.10-13.10.2025/4Z/100MEDIA/DSCF0909.JPG,DSCF0909.JPG,4Z/100MEDIA,0,Other_Amphibian,0.2690,2640.7,2245.2,2787.3,2408.7
/srv/shared_leopard_toad/2025/Documents/06.10-13.10.2025/4Z/100MEDIA/DSCF0840.JPG,DSCF0840.JPG,4Z/100MEDIA,0,Other_Amphibian,0.2640,2642.4,2244.0,2784.8,2409.2
/srv/shared_leopard_toad/2025/Documents/06.10-13.10.2025/4Z/100MEDIA/DSCF0964.JPG,DSCF0964.JPG,4Z/100MEDIA,0,Other_Amphibian,0.2101,2645.0,2246.0,2787.0,2410.1
/srv/shared_leopard_toad/2025/Documents/06.10-13.10.2025/4Z/100MEDIA/DSCF0967.JPG,DSCF0967.JPG,4Z/100MEDIA,0,Other_Amphibian,0.2802,2641.1,2245.4,2786.4,2410.4
/srv/shared_leopard_toad/2025/Documents/06.10-13.10.2025/4Z/100MEDIA/DSCF0087.JPG,DSCF0087.JPG,4Z/100MEDIA,0,Other_Amphibian,0.7493,2552.8,2310.5,2700.6,2540.0
/srv/shared_leopard_toad/2025/Documents/06.10-13.10.2025/4Z/100MEDIA/DSCF0314.JPG,DSCF0314.JPG,4Z/100MEDIA,0,Other_Amphibian,0.7303,2553.5,2310.1,2704.3,2539.0
/srv/shared_leopard_toad/2025/Documents/06.10-13.10.2025/4Z/100MEDIA/DSCF0760.JPG,DSCF0760.JPG,4Z/100MEDIA,0,Other_Amphibian,0.2858,2644.7,2244.6,2784.7,2408.4
/srv/shared_leopard_toad/2025/Documents/06.10-13.10.2025/4Z/100MEDIA/DSCF0222.JPG,DSCF0222.JPG,4Z/100MEDIA,0,Other_Amphibian,0.7056,2556.5,2314.1,2701.4,2540.2
/srv/shared_leopard_toad/2025/Documents/06.10-13.10.2025/4Z/100MEDIA/DSCF0588.JPG,DSCF0588.JPG,4Z/100MEDIA,0,Other_Amphibian,0.2791,2639.1,2243.6,2786.6,2408.0
/srv/shared_leopard_toad/2025/Documents/06.10-13.10.2025/4Z/100MEDIA/DSCF0588.JPG,DSCF0588.JPG,4Z/100MEDIA,0,Other_Amphibian,0.2387,2694.0,2426.0,2819.3,2556.3
/srv/shared_leopard_toad/2025/Documents/06.10-13.10.2025/4Z/100MEDIA/DSCF0889.JPG,DSCF0889.JPG,4Z/100MEDIA,0,Other_Amphibian,0.3485,2646.5,2245.4,2786.4,2405.9
/srv/shared_leopard_toad/2025/Documents/06.10-13.10.2025/4Z/100MEDIA/DSCF0889.JPG,DSCF0889.JPG,4Z/100MEDIA,0,Other_Amphibian,0.3416,2642.5,2245.3,2788.0,2405.8
/srv/shared_leopard_toad/2025/Documents/06.10-13.10.2025/4Z/100MEDIA/DSCF0068.JPG,DSCF0068.JPG,4Z/100MEDIA,0,Other_Amphibian,0.7945,2556.3,2314.5,2703.6,2549.0
/srv/shared_leopard_toad/2025/Documents/06.10-13.10.2025/4Z/100MEDIA/DSCF0724.JPG,DSCF0724.JPG,4Z/100MEDIA,0,Other_Amphibian,0.2848,2641.9,2245.1,2786.1,2408.1
/srv/shared_leopard_toad/2025/Documents/06.10-13.10.2025/4Z/100MEDIA/DSCF0025.JPG,DSCF0025.JPG,4Z/100MEDIA,2,Western_Leopard_Toad,0.2196,3626.2,1665.0,3906.7,1942.3
/srv/shared_leopard_toad/2025/Documents/06.10-13.10.2025/4Z/100MEDIA/DSCF0997.JPG,DSCF0997.JPG,4Z/100MEDIA,0,Other_Amphibian,0.2003,2632.2,2246.5,2787.2,2412.2
/srv/shared_leopard_toad/2025/Documents/06.10-13.10.2025/4Z/100MEDIA/DSCF0381.JPG,DSCF0381.JPG,4Z/100MEDIA,0,Other_Amphibian,0.6946,2557.8,2311.7,2703.9,2540.1
/srv/shared_leopard_toad/2025/Documents/06.10-13.10.2025/4Z/100MEDIA/DSCF0365.JPG,DSCF0365.JPG,4Z/100MEDIA,0,Other_Amphibian,0.6784,2555.4,2309.8,2701.9,2539.1
/srv/shared_leopard_toad/2025/Documents/06.10-13.10.2025/4Z/100MEDIA/DSCF0693.JPG,DSCF0693.JPG,4Z/100MEDIA,0,Other_Amphibian,0.2940,2644.5,2245.8,2787.6,2408.9
/srv/shared_leopard_toad/2025/Documents/06.10-13.10.2025/4Z/100MEDIA/DSCF0741.JPG,DSCF0741.JPG,4Z/100MEDIA,0,Other_Amphibian,0.2074,2651.0,2247.2,2786.0,2410.2
/srv/shared_leopard_toad/2025/Documents/06.10-13.10.2025/4Z/100MEDIA/DSCF0538.JPG,DSCF0538.JPG,4Z/100MEDIA,0,Other_Amphibian,0.2513,2637.7,2245.8,2785.4,2409.3
/srv/shared_leopard_toad/2025/Documents/06.10-13.10.2025/4Z/100MEDIA/DSCF0538.JPG,DSCF0538.JPG,4Z/100MEDIA,0,Other_Amphibian,0.2284,2691.2,2426.0,2817.6,2554.0
/srv/shared_leopard_toad/2025/Documents/06.10-13.10.2025/4Z/100MEDIA/DSCF0913.JPG,DSCF0913.JPG,4Z/100MEDIA,0,Other_Amphibian,0.2653,2641.4,2244.1,2789.4,2410.5
/srv/shared_leopard_toad/2025/Documents/06.10-13.10.2025/4Z/100MEDIA/DSCF0454.JPG,DSCF0454.JPG,4Z/100MEDIA,0,Other_Amphibian,0.5341,2556.9,2314.0,2702.1,2538.8
/srv/shared_leopard_toad/2025/Documents/06.10-13.10.2025/4Z/100MEDIA/DSCF0188.JPG,DSCF0188.JPG,4Z/100MEDIA,0,Other_Amphibian,0.7633,1417.6,2475.1,1606.2,2704.6
/srv/shared_leopard_toad/2025/Documents/06.10-13.10.2025/4Z/100MEDIA/DSCF0188.JPG,DSCF0188.JPG,4Z/100MEDIA,0,Other_Amphibian,0.6454,2558.2,2307.7,2703.2,2540.5
/srv/shared_leopard_toad/2025/Documents/06.10-13.10.2025/4Z/100MEDIA/DSCF0772.JPG,DSCF0772.JPG,4Z/100MEDIA,0,Other_Amphibian,0.3773,2638.1,2246.1,2787.8,2408.4
/srv/shared_leopard_toad/2025/Documents/06.10-13.10.2025/4Z/100MEDIA/DSCF0844.JPG,DSCF0844.JPG,4Z/100MEDIA,0,Other_Amphibian,0.2859,2641.8,2243.6,2784.2,2407.3
/srv/shared_leopard_toad/2025/Documents/06.10-13.10.2025/4Z/100MEDIA/DSCF0824.JPG,DSCF0824.JPG,4Z/100MEDIA,0,Other_Amphibian,0.2797,2641.7,2244.8,2783.7,2408.2
/srv/shared_leopard_toad/2025/Documents/06.10-13.10.2025/4Z/100MEDIA/DSCF0133.JPG,DSCF0133.JPG,4Z/100MEDIA,0,Other_Amphibian,0.7675,2552.4,2306.9,2700.3,2539.7
/srv/shared_leopard_toad/2025/Documents/06.10-13.10.2025/4Z/100MEDIA/DSCF0886.JPG,DSCF0886.JPG,4Z/100MEDIA,0,Other_Amphibian,0.3187,2639.6,2243.8,2786.3,2407.2
/srv/shared_leopard_toad/2025/Documents/06.10-13.10.2025/4Z/100MEDIA/DSCF0181.JPG,DSCF0181.JPG,4Z/100MEDIA,0,Other_Amphibian,0.7701,2551.7,2306.9,2703.5,2539.2
/srv/shared_leopard_toad/2025/Documents/06.10-13.10.2025/4Z/100MEDIA/DSCF0773.JPG,DSCF0773.JPG,4Z/100MEDIA,0,Other_Amphibian,0.3321,2642.5,2244.5,2785.5,2406.9
/srv/shared_leopard_toad/2025/Documents/06.10-13.10.2025/4Z/100MEDIA/DSCF0849.JPG,DSCF0849.JPG,4Z/100MEDIA,0,Other_Amphibian,0.6705,2485.4,1806.1,2708.7,1988.5
/srv/shared_leopard_toad/2025/Documents/06.10-13.10.2025/4Z/100MEDIA/DSCF0849.JPG,DSCF0849.JPG,4Z/100MEDIA,0,Other_Amphibian,0.2919,2641.4,2247.4,2788.1,2411.1
/srv/shared_leopard_toad/2025/Documents/06.10-13.10.2025/4Z/100MEDIA/DSCF0916.JPG,DSCF0916.JPG,4Z/100MEDIA,0,Other_Amphibian,0.2899,2692.4,2426.8,2823.2,2556.4
/srv/shared_leopard_toad/2025/Documents/06.10-13.10.2025/4Z/100MEDIA/DSCF0916.JPG,DSCF0916.JPG,4Z/100MEDIA,0,Other_Amphibian,0.2067,2644.4,2246.2,2786.6,2409.3
/srv/shared_leopard_toad/2025/Documents/06.10-13.10.2025/4Z/100MEDIA/DSCF0685.JPG,DSCF0685.JPG,4Z/100MEDIA,0,Other_Amphibian,0.3212,2637.9,2245.3,2783.8,2408.6
/srv/shared_leopard_toad/2025/Documents/06.10-13.10.2025/4Z/100MEDIA/DSCF0209.JPG,DSCF0209.JPG,4Z/100MEDIA,0,Other_Amphibian,0.7649,2551.1,2304.6,2704.5,2540.3
/srv/shared_leopard_toad/2025/Documents/06.10-13.10.2025/4Z/100MEDIA/DSCF0725.JPG,DSCF0725.JPG,4Z/100MEDIA,0,Other_Amphibian,0.4608,2638.7,2243.6,2784.9,2407.8
/srv/shared_leopard_toad/2025/Documents/06.10-13.10.2025/4Z/100MEDIA/DSCF0550.JPG,DSCF0550.JPG,4Z/100MEDIA,0,Other_Amphibian,0.3145,2638.2,2244.6,2788.1,2409.3
/srv/shared_leopard_toad/2025/Documents/06.10-13.10.2025/4Z/100MEDIA/DSCF0015.JPG,DSCF0015.JPG,4Z/100MEDIA,0,Other_Amphibian,0.6365,786.4,1829.3,934.4,2100.2
/srv/shared_leopard_toad/2025/Documents/06.10-13.10.2025/4Z/100MEDIA/DSCF0015.JPG,DSCF0015.JPG,4Z/100MEDIA,0,Other_Amphibian,0.4153,805.3,1839.6,936.7,1994.6
/srv/shared_leopard_toad/2025/Documents/06.10-13.10.2025/4Z/100MEDIA/DSCF0626.JPG,DSCF0626.JPG,4Z/100MEDIA,0,Other_Amphibian,0.2548,2643.8,2244.9,2787.1,2408.0
/srv/shared_leopard_toad/2025/Documents/06.10-13.10.2025/4Z/100MEDIA/DSCF0839.JPG,DSCF0839.JPG,4Z/100MEDIA,0,Other_Amphibian,0.3031,2636.7,2244.5,2785.0,2407.0
/srv/shared_leopard_toad/2025/Documents/06.10-13.10.2025/4Z/100MEDIA/DSCF0076.JPG,DSCF0076.JPG,4Z/100MEDIA,0,Other_Amphibian,0.7341,2557.0,2305.0,2698.5,2539.3
/srv/shared_leopard_toad/2025/Documents/06.10-13.10.2025/4Z/100MEDIA/DSCF0690.JPG,DSCF0690.JPG,4Z/100MEDIA,0,Other_Amphibian,0.2400,2643.7,2245.5,2786.8,2407.5
/srv/shared_leopard_toad/2025/Documents/06.10-13.10.2025/4Z/100MEDIA/DSCF0918.JPG,DSCF0918.JPG,4Z/100MEDIA,0,Other_Amphibian,0.4093,2642.1,2244.1,2787.2,2406.9
/srv/shared_leopard_toad/2025/Documents/06.10-13.10.2025/4Z/100MEDIA/DSCF0240.JPG,DSCF0240.JPG,4Z/100MEDIA,0,Other_Amphibian,0.7568,2553.8,2308.3,2703.0,2540.4
/srv/shared_leopard_toad/2025/Documents/06.10-13.10.2025/4Z/100MEDIA/DSCF0240.JPG,DSCF0240.JPG,4Z/100MEDIA,0,Other_Amphibian,0.2394,785.7,1808.1,929.5,1979.4
/srv/shared_leopard_toad/2025/Documents/06.10-13.10.2025/4Z/100MEDIA/DSCF0714.JPG,DSCF0714.JPG,4Z/100MEDIA,0,Other_Amphibian,0.2094,2642.7,2246.1,2783.2,2408.5
/srv/shared_leopard_toad/2025/Documents/06.10-13.10.2025/4Z/100MEDIA/DSCF0302.JPG,DSCF0302.JPG,4Z/100MEDIA,0,Other_Amphibian,0.7300,2555.2,2309.7,2701.3,2538.6
/srv/shared_leopard_toad/2025/Documents/06.10-13.10.2025/4Z/100MEDIA/DSCF0801.JPG,DSCF0801.JPG,4Z/100MEDIA,0,Other_Amphibian,0.5298,2417.1,2106.0,2513.5,2233.3
/srv/shared_leopard_toad/2025/Documents/06.10-13.10.2025/4Z/100MEDIA/DSCF0801.JPG,DSCF0801.JPG,4Z/100MEDIA,0,Other_Amphibian,0.2452,2426.7,2114.7,2516.5,2239.9
/srv/shared_leopard_toad/2025/Documents/06.10-13.10.2025/4Z/100MEDIA/DSCF0232.JPG,DSCF0232.JPG,4Z/100MEDIA,0,Other_Amphibian,0.7204,2556.4,2311.4,2702.1,2539.5
/srv/shared_leopard_toad/2025/Documents/06.10-13.10.2025/4Z/100MEDIA/DSCF0545.JPG,DSCF0545.JPG,4Z/100MEDIA,2,Western_Leopard_Toad,0.3113,533.1,-2.8,1083.2,487.5
/srv/shared_leopard_toad/2025/Documents/06.10-13.10.2025/4Z/100MEDIA/DSCF0545.JPG,DSCF0545.JPG,4Z/100MEDIA,0,Other_Amphibian,0.2125,2640.6,2246.0,2786.3,2410.0
/srv/shared_leopard_toad/2025/Documents/06.10-13.10.2025/4Z/100MEDIA/DSCF0377.JPG,DSCF0377.JPG,4Z/100MEDIA,0,Other_Amphibian,0.6543,2557.5,2305.1,2699.7,2539.9
/srv/shared_leopard_toad/2025/Documents/06.10-13.10.2025/4Z/100MEDIA/DSCF0705.JPG,DSCF0705.JPG,4Z/100MEDIA,0,Other_Amphibian,0.2063,2640.2,2246.6,2785.3,2409.2
/srv/shared_leopard_toad/2025/Documents/06.10-13.10.2025/4Z/100MEDIA/DSCF0813.JPG,DSCF0813.JPG,4Z/100MEDIA,0,Other_Amphibian,0.2828,2641.5,2246.1,2783.3,2408.7
/srv/shared_leopard_toad/2025/Documents/06.10-13.10.2025/4Z/100MEDIA/DSCF0830.JPG,DSCF0830.JPG,4Z/100MEDIA,0,Other_Amphibian,0.8556,2310.4,1750.3,2585.9,2026.7
/srv/shared_leopard_toad/2025/Documents/06.10-13.10.2025/4Z/100MEDIA/DSCF0830.JPG,DSCF0830.JPG,4Z/100MEDIA,0,Other_Amphibian,0.6477,2634.4,2173.6,2791.2,2403.9
/srv/shared_leopard_toad/2025/Documents/06.10-13.10.2025/4Z/100MEDIA/DSCF0267.JPG,DSCF0267.JPG,4Z/100MEDIA,0,Other_Amphibian,0.7300,2552.3,2311.2,2704.7,2540.3
/srv/shared_leopard_toad/2025/Documents/06.10-13.10.2025/4Z/100MEDIA/DSCF0319.JPG,DSCF0319.JPG,4Z/100MEDIA,0,Other_Amphibian,0.7440,2553.7,2306.1,2705.5,2541.0
/srv/shared_leopard_toad/2025/Documents/06.10-13.10.2025/4Z/100MEDIA/DSCF0150.JPG,DSCF0150.JPG,4Z/100MEDIA,0,Other_Amphibian,0.7789,2549.2,2306.0,2704.6,2540.0
/srv/shared_leopard_toad/2025/Documents/06.10-13.10.2025/4Z/100MEDIA/DSCF0150.JPG,DSCF0150.JPG,4Z/100MEDIA,0,Other_Amphibian,0.2020,3659.0,1651.1,3915.8,1926.9
/srv/shared_leopard_toad/2025/Documents/06.10-13.10.2025/4Z/100MEDIA/DSCF0510.JPG,DSCF0510.JPG,4Z/100MEDIA,0,Other_Amphibian,0.6147,2558.2,2310.5,2703.3,2539.7
/srv/shared_leopard_toad/2025/Documents/06.10-13.10.2025/4Z/100MEDIA/DSCF0643.JPG,DSCF0643.JPG,4Z/100MEDIA,0,Other_Amphibian,0.2086,2639.6,2246.7,2786.2,2410.3
/srv/shared_leopard_toad/2025/Documents/06.10-13.10.2025/4Z/100MEDIA/DSCF0323.JPG,DSCF0323.JPG,4Z/100MEDIA,0,Other_Amphibian,0.6989,2553.3,2307.4,2701.4,2539.8
/srv/shared_leopard_toad/2025/Documents/06.10-13.10.2025/4Z/100MEDIA/DSCF0013.JPG,DSCF0013.JPG,4Z/100MEDIA,2,Western_Leopard_Toad,0.3177,3629.6,1668.4,3913.2,1942.1
/srv/shared_leopard_toad/2025/Documents/06.10-13.10.2025/4Z/100MEDIA/DSCF0013.JPG,DSCF0013.JPG,4Z/100MEDIA,0,Other_Amphibian,0.2329,137.8,1935.2,280.2,2080.6
/srv/shared_leopard_toad/2025/Documents/06.10-13.10.2025/4Z/100MEDIA/DSCF0876.JPG,DSCF0876.JPG,4Z/100MEDIA,0,Other_Amphibian,0.4140,2632.5,2242.3,2786.9,2407.8
/srv/shared_leopard_toad/2025/Documents/06.10-13.10.2025/4Z/100MEDIA/DSCF0108.JPG,DSCF0108.JPG,4Z/100MEDIA,0,Other_Amphibian,0.7661,2551.4,2303.8,2704.2,2540.1
/srv/shared_leopard_toad/2025/Documents/06.10-13.10.2025/4Z/100MEDIA/DSCF0277.JPG,DSCF0277.JPG,4Z/100MEDIA,0,Other_Amphibian,0.7044,2553.7,2311.7,2703.7,2539.4
/srv/shared_leopard_toad/2025/Documents/06.10-13.10.2025/4Z/100MEDIA/DSCF0901.JPG,DSCF0901.JPG,4Z/100MEDIA,0,Other_Amphibian,0.2444,2638.5,2243.2,2785.6,2410.6
/srv/shared_leopard_toad/2025/Documents/06.10-13.10.2025/4Z/100MEDIA/DSCF0153.JPG,DSCF0153.JPG,4Z/100MEDIA,0,Other_Amphibian,0.7654,2552.6,2302.2,2703.3,2539.1
/srv/shared_leopard_toad/2025/Documents/06.10-13.10.2025/4Z/100MEDIA/DSCF0747.JPG,DSCF0747.JPG,4Z/100MEDIA,0,Other_Amphibian,0.3414,2637.0,2244.3,2787.6,2408.2
/srv/shared_leopard_toad/2025/Documents/06.10-13.10.2025/4Z/100MEDIA/DSCF0079.JPG,DSCF0079.JPG,4Z/100MEDIA,0,Other_Amphibian,0.7703,2553.5,2311.3,2703.7,2539.9
/srv/shared_leopard_toad/2025/Documents/06.10-13.10.2025/4Z/100MEDIA/DSCF0996.JPG,DSCF0996.JPG,4Z/100MEDIA,0,Other_Amphibian,0.3748,2642.5,2244.6,2787.9,2407.4
/srv/shared_leopard_toad/2025/Documents/06.10-13.10.2025/4Z/100MEDIA/DSCF0610.JPG,DSCF0610.JPG,4Z/100MEDIA,0,Other_Amphibian,0.2460,2639.6,2244.5,2784.8,2407.7
/srv/shared_leopard_toad/2025/Documents/06.10-13.10.2025/4Z/100MEDIA/DSCF0610.JPG,DSCF0610.JPG,4Z/100MEDIA,0,Other_Amphibian,0.2214,3655.2,1649.1,3909.8,1928.0
/srv/shared_leopard_toad/2025/Documents/06.10-13.10.2025/4Z/100MEDIA/DSCF0692.JPG,DSCF0692.JPG,4Z/100MEDIA,0,Other_Amphibian,0.2252,2643.7,2245.2,2783.9,2407.8
/srv/shared_leopard_toad/2025/Documents/06.10-13.10.2025/4Z/100MEDIA/DSCF0542.JPG,DSCF0542.JPG,4Z/100MEDIA,0,Other_Amphibian,0.2226,2646.7,2244.9,2787.1,2408.9
/srv/shared_leopard_toad/2025/Documents/06.10-13.10.2025/4Z/100MEDIA/DSCF0708.JPG,DSCF0708.JPG,4Z/100MEDIA,0,Other_Amphibian,0.4090,2637.0,2244.4,2788.9,2407.1
/srv/shared_leopard_toad/2025/Documents/06.10-13.10.2025/4Z/100MEDIA/DSCF0119.JPG,DSCF0119.JPG,4Z/100MEDIA,0,Other_Amphibian,0.7749,2554.8,2306.3,2704.4,2540.2
/srv/shared_leopard_toad/2025/Documents/06.10-13.10.2025/4Z/100MEDIA/DSCF0408.JPG,DSCF0408.JPG,4Z/100MEDIA,0,Other_Amphibian,0.6989,2557.1,2309.9,2700.7,2540.3
/srv/shared_leopard_toad/2025/Documents/06.10-13.10.2025/4Z/100MEDIA/DSCF0408.JPG,DSCF0408.JPG,4Z/100MEDIA,0,Other_Amphibian,0.3203,763.0,1805.9,938.2,1981.9
/srv/shared_leopard_toad/2025/Documents/06.10-13.10.2025/4Z/100MEDIA/DSCF0846.JPG,DSCF0846.JPG,4Z/100MEDIA,0,Other_Amphibian,0.2470,2645.9,2246.5,2787.8,2409.4
/srv/shared_leopard_toad/2025/Documents/06.10-13.10.2025/4Z/100MEDIA/DSCF0098.JPG,DSCF0098.JPG,4Z/100MEDIA,0,Other_Amphibian,0.7855,2549.7,2305.0,2706.8,2540.6
/srv/shared_leopard_toad/2025/Documents/06.10-13.10.2025/4Z/100MEDIA/DSCF0961.JPG,DSCF0961.JPG,4Z/100MEDIA,0,Other_Amphibian,0.2193,2636.7,2246.2,2785.0,2411.0
/srv/shared_leopard_toad/2025/Documents/06.10-13.10.2025/4Z/100MEDIA/DSCF0214.JPG,DSCF0214.JPG,4Z/100MEDIA,0,Other_Amphibian,0.7368,2554.0,2309.2,2702.6,2540.4
/srv/shared_leopard_toad/2025/Documents/06.10-13.10.2025/4Z/100MEDIA/DSCF0804.JPG,DSCF0804.JPG,4Z/100MEDIA,0,Other_Amphibian,0.3287,2636.5,2245.3,2784.5,2409.5
/srv/shared_leopard_toad/2025/Documents/06.10-13.10.2025/4Z/100MEDIA/DSCF0825.JPG,DSCF0825.JPG,4Z/100MEDIA,0,Other_Amphibian,0.3517,2644.5,2244.5,2785.8,2406.7
/srv/shared_leopard_toad/2025/Documents/06.10-13.10.2025/4Z/100MEDIA/DSCF0915.JPG,DSCF0915.JPG,4Z/100MEDIA,0,Other_Amphibian,0.3153,2640.1,2244.4,2784.4,2407.5
/srv/shared_leopard_toad/2025/Documents/06.10-13.10.2025/4Z/100MEDIA/DSCF0627.JPG,DSCF0627.JPG,4Z/100MEDIA,0,Other_Amphibian,0.2340,2644.7,2244.8,2787.5,2409.0
/srv/shared_leopard_toad/2025/Documents/06.10-13.10.2025/4Z/100MEDIA/DSCF0425.JPG,DSCF0425.JPG,4Z/100MEDIA,0,Other_Amphibian,0.6697,2558.5,2307.3,2706.1,2541.1
/srv/shared_leopard_toad/2025/Documents/06.10-13.10.2025/4Z/100MEDIA/DSCF0420.JPG,DSCF0420.JPG,4Z/100MEDIA,0,Other_Amphibian,0.6597,2558.8,2310.2,2703.6,2540.9
/srv/shared_leopard_toad/2025/Documents/06.10-13.10.2025/4Z/100MEDIA/DSCF0420.JPG,DSCF0420.JPG,4Z/100MEDIA,0,Other_Amphibian,0.2102,763.3,1805.6,950.3,1982.5
/srv/shared_leopard_toad/2025/Documents/06.10-13.10.2025/4Z/100MEDIA/DSCF0398.JPG,DSCF0398.JPG,4Z/100MEDIA,0,Other_Amphibian,0.6900,2552.7,2308.8,2699.4,2539.0
/srv/shared_leopard_toad/2025/Documents/06.10-13.10.2025/4Z/100MEDIA/DSCF0205.JPG,DSCF0205.JPG,4Z/100MEDIA,0,Other_Amphibian,0.7409,2554.6,2306.4,2703.0,2540.5
/srv/shared_leopard_toad/2025/Documents/06.10-13.10.2025/4Z/100MEDIA/DSCF0540.JPG,DSCF0540.JPG,4Z/100MEDIA,0,Other_Amphibian,0.2988,2637.6,2245.5,2783.9,2408.8
/srv/shared_leopard_toad/2025/Documents/06.10-13.10.2025/4Z/100MEDIA/DSCF0112.JPG,DSCF0112.JPG,4Z/100MEDIA,0,Other_Amphibian,0.7667,2555.5,2307.7,2702.5,2540.5
/srv/shared_leopard_toad/2025/Documents/06.10-13.10.2025/4Z/100MEDIA/DSCF0584.JPG,DSCF0584.JPG,4Z/100MEDIA,0,Other_Amphibian,0.2771,3657.5,1649.3,3911.6,1925.1
/srv/shared_leopard_toad/2025/Documents/06.10-13.10.2025/4Z/100MEDIA/DSCF0584.JPG,DSCF0584.JPG,4Z/100MEDIA,0,Other_Amphibian,0.2209,2646.4,2246.0,2786.5,2409.3
/srv/shared_leopard_toad/2025/Documents/06.10-13.10.2025/4Z/100MEDIA/DSCF0111.JPG,DSCF0111.JPG,4Z/100MEDIA,0,Other_Amphibian,0.7632,2555.6,2308.8,2703.0,2539.9
/srv/shared_leopard_toad/2025/Documents/06.10-13.10.2025/4Z/100MEDIA/DSCF0263.JPG,DSCF0263.JPG,4Z/100MEDIA,0,Other_Amphibian,0.7415,2557.3,2303.8,2703.6,2541.4
/srv/shared_leopard_toad/2025/Documents/06.10-13.10.2025/4Z/100MEDIA/DSCF0349.JPG,DSCF0349.JPG,4Z/100MEDIA,0,Other_Amphibian,0.7134,2553.1,2306.5,2705.0,2540.9
/srv/shared_leopard_toad/2025/Documents/06.10-13.10.2025/4Z/100MEDIA/DSCF0828.JPG,DSCF0828.JPG,4Z/100MEDIA,0,Other_Amphibian,0.3009,2641.1,2244.5,2786.6,2408.6
/srv/shared_leopard_toad/2025/Documents/06.10-13.10.2025/4Z/100MEDIA/DSCF0555.JPG,DSCF0555.JPG,4Z/100MEDIA,0,Other_Amphibian,0.2635,2643.4,2244.9,2785.8,2408.4
/srv/shared_leopard_toad/2025/Documents/06.10-13.10.2025/4Z/100MEDIA/DSCF0695.JPG,DSCF0695.JPG,4Z/100MEDIA,0,Other_Amphibian,0.2621,2637.4,2245.3,2787.1,2408.7
/srv/shared_leopard_toad/2025/Documents/06.10-13.10.2025/4Z/100MEDIA/DSCF0695.JPG,DSCF0695.JPG,4Z/100MEDIA,0,Other_Amphibian,0.2243,2688.3,2426.8,2822.2,2557.8
/srv/shared_leopard_toad/2025/Documents/06.10-13.10.2025/4Z/100MEDIA/DSCF0764.JPG,DSCF0764.JPG,4Z/100MEDIA,0,Other_Amphibian,0.2036,2643.1,2246.4,2785.7,2409.6
/srv/shared_leopard_toad/2025/Documents/06.10-13.10.2025/4Z/100MEDIA/DSCF0229.JPG,DSCF0229.JPG,4Z/100MEDIA,0,Other_Amphibian,0.7548,2554.4,2304.8,2704.6,2539.9
/srv/shared_leopard_toad/2025/Documents/06.10-13.10.2025/4Z/100MEDIA/DSCF0953.JPG,DSCF0953.JPG,4Z/100MEDIA,0,Other_Amphibian,0.2640,2641.9,2246.4,2785.3,2409.0
/srv/shared_leopard_toad/2025/Documents/06.10-13.10.2025/4Z/100MEDIA/DSCF0657.JPG,DSCF0657.JPG,4Z/100MEDIA,0,Other_Amphibian,0.2237,2689.5,2427.1,2816.6,2555.5
/srv/shared_leopard_toad/2025/Documents/06.10-13.10.2025/4Z/100MEDIA/DSCF0163.JPG,DSCF0163.JPG,4Z/100MEDIA,0,Other_Amphibian,0.7226,2553.6,2318.3,2702.2,2538.4
/srv/shared_leopard_toad/2025/Documents/06.10-13.10.2025/4Z/100MEDIA/DSCF0711.JPG,DSCF0711.JPG,4Z/100MEDIA,0,Other_Amphibian,0.4029,2639.2,2244.5,2786.3,2407.7
/srv/shared_leopard_toad/2025/Documents/06.10-13.10.2025/4Z/100MEDIA/DSCF0283.JPG,DSCF0283.JPG,4Z/100MEDIA,0,Other_Amphibian,0.7334,2558.1,2310.0,2707.3,2542.0
/srv/shared_leopard_toad/2025/Documents/06.10-13.10.2025/4Z/100MEDIA/DSCF0869.JPG,DSCF0869.JPG,4Z/100MEDIA,0,Other_Amphibian,0.2585,2641.8,2245.4,2791.0,2409.1
/srv/shared_leopard_toad/2025/Documents/06.10-13.10.2025/4Z/100MEDIA/DSCF0470.JPG,DSCF0470.JPG,4Z/100MEDIA,0,Other_Amphibian,0.7152,2556.9,2309.2,2703.0,2540.1
/srv/shared_leopard_toad/2025/Documents/06.10-13.10.2025/4Z/100MEDIA/DSCF0710.JPG,DSCF0710.JPG,4Z/100MEDIA,0,Other_Amphibian,0.3969,2638.4,2242.3,2786.0,2406.8
/srv/shared_leopard_toad/2025/Documents/06.10-13.10.2025/4Z/100MEDIA/DSCF0406.JPG,DSCF0406.JPG,4Z/100MEDIA,0,Other_Amphibian,0.6455,2555.6,2313.5,2703.1,2541.2
/srv/shared_leopard_toad/2025/Documents/06.10-13.10.2025/4Z/100MEDIA/DSCF0863.JPG,DSCF0863.JPG,4Z/100MEDIA,0,Other_Amphibian,0.2277,2643.7,2245.8,2787.1,2409.3
/srv/shared_leopard_toad/2025/Documents/06.10-13.10.2025/4Z/100MEDIA/DSCF0128.JPG,DSCF0128.JPG,4Z/100MEDIA,0,Other_Amphibian,0.7852,2554.0,2305.3,2705.7,2540.6
/srv/shared_leopard_toad/2025/Documents/06.10-13.10.2025/4Z/100MEDIA/DSCF0265.JPG,DSCF0265.JPG,4Z/100MEDIA,0,Other_Amphibian,0.7694,2556.3,2306.0,2706.7,2539.5
/srv/shared_leopard_toad/2025/Documents/06.10-13.10.2025/4Z/100MEDIA/DSCF0850.JPG,DSCF0850.JPG,4Z/100MEDIA,0,Other_Amphibian,0.6142,2485.1,1806.1,2709.4,1989.2
/srv/shared_leopard_toad/2025/Documents/06.10-13.10.2025/4Z/100MEDIA/DSCF0850.JPG,DSCF0850.JPG,4Z/100MEDIA,0,Other_Amphibian,0.2001,2646.1,2249.5,2787.4,2412.5
/srv/shared_leopard_toad/2025/Documents/06.10-13.10.2025/4Z/100MEDIA/DSCF0022.JPG,DSCF0022.JPG,4Z/100MEDIA,0,Other_Amphibian,0.7408,778.6,1842.4,932.1,2109.2
/srv/shared_leopard_toad/2025/Documents/06.10-13.10.2025/4Z/100MEDIA/DSCF0389.JPG,DSCF0389.JPG,4Z/100MEDIA,0,Other_Amphibian,0.6449,2560.0,2308.3,2702.6,2541.2
/srv/shared_leopard_toad/2025/Documents/06.10-13.10.2025/4Z/100MEDIA/DSCF0198.JPG,DSCF0198.JPG,4Z/100MEDIA,0,Other_Amphibian,0.7897,2554.7,2308.0,2705.8,2540.3
/srv/shared_leopard_toad/2025/Documents/06.10-13.10.2025/4Z/100MEDIA/DSCF0379.JPG,DSCF0379.JPG,4Z/100MEDIA,0,Other_Amphibian,0.6787,2558.1,2306.1,2703.7,2541.6
/srv/shared_leopard_toad/2025/Documents/06.10-13.10.2025/4Z/100MEDIA/DSCF0395.JPG,DSCF0395.JPG,4Z/100MEDIA,0,Other_Amphibian,0.7379,2557.7,2306.7,2706.6,2540.2
/srv/shared_leopard_toad/2025/Documents/06.10-13.10.2025/4Z/100MEDIA/DSCF0011.JPG,DSCF0011.JPG,4Z/100MEDIA,0,Other_Amphibian,0.5048,786.1,1840.0,932.2,2167.4
/srv/shared_leopard_toad/2025/Documents/06.10-13.10.2025/4Z/100MEDIA/DSCF0570.JPG,DSCF0570.JPG,4Z/100MEDIA,0,Other_Amphibian,0.3022,2640.6,2244.4,2784.9,2407.4
/srv/shared_leopard_toad/2025/Documents/06.10-13.10.2025/4Z/100MEDIA/DSCF0785.JPG,DSCF0785.JPG,4Z/100MEDIA,0,Other_Amphibian,0.3630,2642.7,2244.0,2784.2,2406.7
/srv/shared_leopard_toad/2025/Documents/06.10-13.10.2025/4Z/100MEDIA/DSCF0073.JPG,DSCF0073.JPG,4Z/100MEDIA,0,Other_Amphibian,0.6265,2555.7,2390.2,2696.4,2550.2
/srv/shared_leopard_toad/2025/Documents/06.10-13.10.2025/4Z/100MEDIA/DSCF0999.JPG,DSCF0999.JPG,4Z/100MEDIA,0,Other_Amphibian,0.2297,2648.5,2245.9,2789.3,2408.5
/srv/shared_leopard_toad/2025/Documents/06.10-13.10.2025/4Z/100MEDIA/DSCF0183.JPG,DSCF0183.JPG,4Z/100MEDIA,0,Other_Amphibian,0.7543,2556.2,2304.1,2704.0,2539.7
/srv/shared_leopard_toad/2025/Documents/06.10-13.10.2025/4Z/100MEDIA/DSCF0183.JPG,DSCF0183.JPG,4Z/100MEDIA,0,Other_Amphibian,0.6138,1355.1,2454.0,1614.7,2709.3
/srv/shared_leopard_toad/2025/Documents/06.10-13.10.2025/4Z/100MEDIA/DSCF0894.JPG,DSCF0894.JPG,4Z/100MEDIA,0,Other_Amphibian,0.2827,2646.3,2242.5,2787.9,2407.3
/srv/shared_leopard_toad/2025/Documents/06.10-13.10.2025/4Z/100MEDIA/DSCF0370.JPG,DSCF0370.JPG,4Z/100MEDIA,0,Other_Amphibian,0.7036,2555.2,2310.0,2704.2,2541.4
/srv/shared_leopard_toad/2025/Documents/06.10-13.10.2025/4Z/100MEDIA/DSCF0370.JPG,DSCF0370.JPG,4Z/100MEDIA,0,Other_Amphibian,0.2701,3277.7,2395.6,3427.3,2512.6
/srv/shared_leopard_toad/2025/Documents/06.10-13.10.2025/4Z/100MEDIA/DSCF0289.JPG,DSCF0289.JPG,4Z/100MEDIA,0,Other_Amphibian,0.7308,2556.7,2305.9,2705.3,2540.6
/srv/shared_leopard_toad/2025/Documents/06.10-13.10.2025/4Z/100MEDIA/DSCF0289.JPG,DSCF0289.JPG,4Z/100MEDIA,0,Other_Amphibian,0.2426,778.9,1799.9,934.6,1979.0
/srv/shared_leopard_toad/2025/Documents/06.10-13.10.2025/4Z/100MEDIA/DSCF0718.JPG,DSCF0718.JPG,4Z/100MEDIA,0,Other_Amphibian,0.3886,2643.4,2243.9,2784.4,2406.8
/srv/shared_leopard_toad/2025/Documents/06.10-13.10.2025/4Z/100MEDIA/DSCF0718.JPG,DSCF0718.JPG,4Z/100MEDIA,0,Other_Amphibian,0.2154,3265.8,1556.7,3477.6,1735.7
/srv/shared_leopard_toad/2025/Documents/06.10-13.10.2025/4Z/100MEDIA/DSCF0017.JPG,DSCF0017.JPG,4Z/100MEDIA,0,Other_Amphibian,0.4941,778.1,1834.3,933.5,2129.4
/srv/shared_leopard_toad/2025/Documents/06.10-13.10.2025/4Z/100MEDIA/DSCF0017.JPG,DSCF0017.JPG,4Z/100MEDIA,0,Other_Amphibian,0.4414,222.8,632.8,363.4,789.5
/srv/shared_leopard_toad/2025/Documents/06.10-13.10.2025/4Z/100MEDIA/DSCF0017.JPG,DSCF0017.JPG,4Z/100MEDIA,0,Other_Amphibian,0.2314,138.4,1923.1,284.4,2072.1
/srv/shared_leopard_toad/2025/Documents/06.10-13.10.2025/4Z/100MEDIA/DSCF0726.JPG,DSCF0726.JPG,4Z/100MEDIA,0,Other_Amphibian,0.2584,2636.1,2243.9,2786.9,2409.6
/srv/shared_leopard_toad/2025/Documents/06.10-13.10.2025/4Z/100MEDIA/DSCF0726.JPG,DSCF0726.JPG,4Z/100MEDIA,0,Other_Amphibian,0.2486,2694.1,2427.4,2820.7,2557.2
/srv/shared_leopard_toad/2025/Documents/06.10-13.10.2025/4Z/100MEDIA/DSCF0783.JPG,DSCF0783.JPG,4Z/100MEDIA,0,Other_Amphibian,0.3578,2643.2,2243.8,2789.0,2406.8
/srv/shared_leopard_toad/2025/Documents/06.10-13.10.2025/4Z/100MEDIA/DSCF0440.JPG,DSCF0440.JPG,4Z/100MEDIA,0,Other_Amphibian,0.6938,2557.8,2308.4,2706.3,2540.4
/srv/shared_leopard_toad/2025/Documents/06.10-13.10.2025/4Z/100MEDIA/DSCF0857.JPG,DSCF0857.JPG,4Z/100MEDIA,0,Other_Amphibian,0.3589,2639.1,2244.1,2789.3,2407.7
/srv/shared_leopard_toad/2025/Documents/06.10-13.10.2025/4Z/100MEDIA/DSCF0703.JPG,DSCF0703.JPG,4Z/100MEDIA,0,Other_Amphibian,0.2833,2641.6,2245.5,2786.3,2408.3
/srv/shared_leopard_toad/2025/Documents/06.10-13.10.2025/4Z/100MEDIA/DSCF0779.JPG,DSCF0779.JPG,4Z/100MEDIA,0,Other_Amphibian,0.4147,2639.6,2244.2,2785.3,2407.6
/srv/shared_leopard_toad/2025/Documents/06.10-13.10.2025/4Z/100MEDIA/DSCF0881.JPG,DSCF0881.JPG,4Z/100MEDIA,0,Other_Amphibian,0.3411,2637.2,2243.7,2784.3,2407.7
/srv/shared_leopard_toad/2025/Documents/06.10-13.10.2025/4Z/100MEDIA/DSCF0075.JPG,DSCF0075.JPG,4Z/100MEDIA,0,Other_Amphibian,0.7467,2546.6,2309.3,2700.4,2540.9
/srv/shared_leopard_toad/2025/Documents/06.10-13.10.2025/4Z/100MEDIA/DSCF0571.JPG,DSCF0571.JPG,4Z/100MEDIA,0,Other_Amphibian,0.2217,2647.2,2246.5,2787.0,2409.9
/srv/shared_leopard_toad/2025/Documents/06.10-13.10.2025/4Z/100MEDIA/DSCF0375.JPG,DSCF0375.JPG,4Z/100MEDIA,0,Other_Amphibian,0.7287,2554.8,2307.4,2705.5,2541.1
/srv/shared_leopard_toad/2025/Documents/06.10-13.10.2025/4Z/100MEDIA/DSCF0929.JPG,DSCF0929.JPG,4Z/100MEDIA,0,Other_Amphibian,0.2913,2639.4,2245.1,2788.1,2409.9
/srv/shared_leopard_toad/2025/Documents/06.10-13.10.2025/4Z/100MEDIA/DSCF0337.JPG,DSCF0337.JPG,4Z/100MEDIA,0,Other_Amphibian,0.7032,2558.6,2305.8,2702.5,2540.0
/srv/shared_leopard_toad/2025/Documents/06.10-13.10.2025/4Z/100MEDIA/DSCF0104.JPG,DSCF0104.JPG,4Z/100MEDIA,0,Other_Amphibian,0.7362,2557.3,2306.4,2701.0,2540.6
/srv/shared_leopard_toad/2025/Documents/06.10-13.10.2025/4Z/100MEDIA/DSCF0972.JPG,DSCF0972.JPG,4Z/100MEDIA,0,Other_Amphibian,0.3118,2635.7,2245.5,2786.1,2408.8
/srv/shared_leopard_toad/2025/Documents/06.10-13.10.2025/4Z/100MEDIA/DSCF0316.JPG,DSCF0316.JPG,4Z/100MEDIA,0,Other_Amphibian,0.7360,2553.9,2315.0,2707.3,2539.0
/srv/shared_leopard_toad/2025/Documents/06.10-13.10.2025/4Z/100MEDIA/DSCF0275.JPG,DSCF0275.JPG,4Z/100MEDIA,0,Other_Amphibian,0.7654,2553.5,2302.5,2704.5,2539.7
/srv/shared_leopard_toad/2025/Documents/06.10-13.10.2025/4Z/100MEDIA/DSCF0245.JPG,DSCF0245.JPG,4Z/100MEDIA,0,Other_Amphibian,0.6868,2556.0,2316.0,2701.9,2538.8
/srv/shared_leopard_toad/2025/Documents/06.10-13.10.2025/4Z/100MEDIA/DSCF0603.JPG,DSCF0603.JPG,4Z/100MEDIA,0,Other_Amphibian,0.2412,2646.7,2245.4,2785.2,2407.7
/srv/shared_leopard_toad/2025/Documents/06.10-13.10.2025/4Z/100MEDIA/DSCF0492.JPG,DSCF0492.JPG,4Z/100MEDIA,0,Other_Amphibian,0.6902,2554.8,2311.9,2704.5,2540.2
/srv/shared_leopard_toad/2025/Documents/06.10-13.10.2025/4Z/100MEDIA/DSCF0530.JPG,DSCF0530.JPG,4Z/100MEDIA,0,Other_Amphibian,0.3737,2643.8,2244.8,2785.9,2406.5
/srv/shared_leopard_toad/2025/Documents/06.10-13.10.2025/4Z/100MEDIA/DSCF0132.JPG,DSCF0132.JPG,4Z/100MEDIA,0,Other_Amphibian,0.7883,2550.5,2306.8,2711.0,2539.3
/srv/shared_leopard_toad/2025/Documents/06.10-13.10.2025/4Z/100MEDIA/DSCF0457.JPG,DSCF0457.JPG,4Z/100MEDIA,0,Other_Amphibian,0.6799,2555.3,2307.0,2702.2,2542.3
/srv/shared_leopard_toad/2025/Documents/06.10-13.10.2025/4Z/100MEDIA/DSCF0457.JPG,DSCF0457.JPG,4Z/100MEDIA,0,Other_Amphibian,0.2858,758.7,1805.9,938.4,1984.7
/srv/shared_leopard_toad/2025/Documents/06.10-13.10.2025/4Z/100MEDIA/DSCF0126.JPG,DSCF0126.JPG,4Z/100MEDIA,0,Other_Amphibian,0.7668,2551.7,2310.8,2704.3,2539.8
/srv/shared_leopard_toad/2025/Documents/06.10-13.10.2025/4Z/100MEDIA/DSCF0971.JPG,DSCF0971.JPG,4Z/100MEDIA,0,Other_Amphibian,0.2478,2645.1,2246.8,2787.2,2410.0
/srv/shared_leopard_toad/2025/Documents/06.10-13.10.2025/4Z/100MEDIA/DSCF0456.JPG,DSCF0456.JPG,4Z/100MEDIA,0,Other_Amphibian,0.7298,2555.9,2303.9,2705.9,2539.9
/srv/shared_leopard_toad/2025/Documents/06.10-13.10.2025/4Z/100MEDIA/DSCF0954.JPG,DSCF0954.JPG,4Z/100MEDIA,0,Other_Amphibian,0.2626,2639.8,2246.4,2785.4,2409.4
/srv/shared_leopard_toad/2025/Documents/06.10-13.10.2025/4Z/100MEDIA/DSCF0799.JPG,DSCF0799.JPG,4Z/100MEDIA,0,Other_Amphibian,0.3308,2642.4,2243.7,2786.1,2408.4
/srv/shared_leopard_toad/2025/Documents/06.10-13.10.2025/4Z/100MEDIA/DSCF0249.JPG,DSCF0249.JPG,4Z/100MEDIA,0,Other_Amphibian,0.7591,2553.2,2311.9,2707.4,2539.3
/srv/shared_leopard_toad/2025/Documents/06.10-13.10.2025/4Z/100MEDIA/DSCF0249.JPG,DSCF0249.JPG,4Z/100MEDIA,0,Other_Amphibian,0.2217,774.7,1809.0,936.7,1985.3
/srv/shared_leopard_toad/2025/Documents/06.10-13.10.2025/4Z/100MEDIA/DSCF0093.JPG,DSCF0093.JPG,4Z/100MEDIA,0,Other_Amphibian,0.7643,2548.0,2306.6,2701.2,2540.3
/srv/shared_leopard_toad/2025/Documents/06.10-13.10.2025/4Z/100MEDIA/DSCF0355.JPG,DSCF0355.JPG,4Z/100MEDIA,0,Other_Amphibian,0.6685,2555.2,2307.6,2702.3,2540.9
/srv/shared_leopard_toad/2025/Documents/06.10-13.10.2025/4Z/100MEDIA/DSCF0083.JPG,DSCF0083.JPG,4Z/100MEDIA,0,Other_Amphibian,0.7776,2548.7,2309.3,2706.3,2541.4
/srv/shared_leopard_toad/2025/Documents/06.10-13.10.2025/4Z/100MEDIA/DSCF0682.JPG,DSCF0682.JPG,4Z/100MEDIA,0,Other_Amphibian,0.2588,2644.9,2244.8,2786.4,2407.2
/srv/shared_leopard_toad/2025/Documents/06.10-13.10.2025/4Z/100MEDIA/DSCF0285.JPG,DSCF0285.JPG,4Z/100MEDIA,0,Other_Amphibian,0.7023,2556.7,2310.0,2704.1,2540.6
/srv/shared_leopard_toad/2025/Documents/06.10-13.10.2025/4Z/100MEDIA/DSCF0787.JPG,DSCF0787.JPG,4Z/100MEDIA,0,Other_Amphibian,0.3003,2642.5,2243.0,2785.0,2407.7
/srv/shared_leopard_toad/2025/Documents/06.10-13.10.2025/4Z/100MEDIA/DSCF0756.JPG,DSCF0756.JPG,4Z/100MEDIA,0,Other_Amphibian,0.2927,2643.2,2245.0,2784.3,2407.9
/srv/shared_leopard_toad/2025/Documents/06.10-13.10.2025/4Z/100MEDIA/DSCF0199.JPG,DSCF0199.JPG,4Z/100MEDIA,0,Other_Amphibian,0.7679,2557.4,2311.9,2701.4,2539.8
/srv/shared_leopard_toad/2025/Documents/06.10-13.10.2025/4Z/100MEDIA/DSCF0517.JPG,DSCF0517.JPG,4Z/100MEDIA,0,Other_Amphibian,0.5760,2559.7,2317.9,2703.6,2538.9
/srv/shared_leopard_toad/2025/Documents/06.10-13.10.2025/4Z/100MEDIA/DSCF0281.JPG,DSCF0281.JPG,4Z/100MEDIA,0,Other_Amphibian,0.7510,2554.6,2308.6,2704.7,2539.4
/srv/shared_leopard_toad/2025/Documents/06.10-13.10.2025/4Z/100MEDIA/DSCF0614.JPG,DSCF0614.JPG,4Z/100MEDIA,0,Other_Amphibian,0.2578,2643.8,2245.0,2785.8,2407.9
/srv/shared_leopard_toad/2025/Documents/06.10-13.10.2025/4Z/100MEDIA/DSCF0614.JPG,DSCF0614.JPG,4Z/100MEDIA,0,Other_Amphibian,0.2578,2691.7,2426.1,2818.6,2554.0
/srv/shared_leopard_toad/2025/Documents/06.10-13.10.2025/4Z/100MEDIA/DSCF0597.JPG,DSCF0597.JPG,4Z/100MEDIA,0,Other_Amphibian,0.2995,2642.7,2243.8,2785.1,2407.7
/srv/shared_leopard_toad/2025/Documents/06.10-13.10.2025/4Z/100MEDIA/DSCF0120.JPG,DSCF0120.JPG,4Z/100MEDIA,0,Other_Amphibian,0.7730,2549.6,2309.1,2705.2,2538.8
/srv/shared_leopard_toad/2025/Documents/06.10-13.10.2025/4Z/100MEDIA/DSCF0715.JPG,DSCF0715.JPG,4Z/100MEDIA,0,Other_Amphibian,0.2821,2641.5,2243.4,2783.3,2408.1
/srv/shared_leopard_toad/2025/Documents/06.10-13.10.2025/4Z/100MEDIA/DSCF0364.JPG,DSCF0364.JPG,4Z/100MEDIA,0,Other_Amphibian,0.6653,2557.7,2310.0,2701.5,2539.1
/srv/shared_leopard_toad/2025/Documents/06.10-13.10.2025/4Z/100MEDIA/DSCF0255.JPG,DSCF0255.JPG,4Z/100MEDIA,0,Other_Amphibian,0.7652,2556.7,2305.6,2706.8,2542.2
/srv/shared_leopard_toad/2025/Documents/06.10-13.10.2025/4Z/100MEDIA/DSCF0477.JPG,DSCF0477.JPG,4Z/100MEDIA,0,Other_Amphibian,0.6320,2560.0,2310.3,2701.8,2539.9
/srv/shared_leopard_toad/2025/Documents/06.10-13.10.2025/4Z/100MEDIA/DSCF0166.JPG,DSCF0166.JPG,4Z/100MEDIA,0,Other_Amphibian,0.7678,2554.2,2310.1,2703.8,2540.8
/srv/shared_leopard_toad/2025/Documents/06.10-13.10.2025/4Z/100MEDIA/DSCF0810.JPG,DSCF0810.JPG,4Z/100MEDIA,0,Other_Amphibian,0.2759,2644.3,2246.1,2786.4,2408.0
/srv/shared_leopard_toad/2025/Documents/06.10-13.10.2025/4Z/100MEDIA/DSCF0976.JPG,DSCF0976.JPG,4Z/100MEDIA,0,Other_Amphibian,0.2941,2640.1,2246.2,2787.4,2408.9
/srv/shared_leopard_toad/2025/Documents/06.10-13.10.2025/4Z/100MEDIA/DSCF0814.JPG,DSCF0814.JPG,4Z/100MEDIA,0,Other_Amphibian,0.2729,2639.1,2245.2,2784.9,2408.9
/srv/shared_leopard_toad/2025/Documents/06.10-13.10.2025/4Z/100MEDIA/DSCF0698.JPG,DSCF0698.JPG,4Z/100MEDIA,0,Other_Amphibian,0.4045,2638.2,2242.9,2786.5,2407.4
/srv/shared_leopard_toad/2025/Documents/06.10-13.10.2025/4Z/100MEDIA/DSCF0475.JPG,DSCF0475.JPG,4Z/100MEDIA,0,Other_Amphibian,0.6373,2558.2,2308.6,2704.7,2542.2
/srv/shared_leopard_toad/2025/Documents/06.10-13.10.2025/4Z/100MEDIA/DSCF0219.JPG,DSCF0219.JPG,4Z/100MEDIA,0,Other_Amphibian,0.7097,2555.3,2310.9,2698.5,2538.2
/srv/shared_leopard_toad/2025/Documents/06.10-13.10.2025/4Z/100MEDIA/DSCF0480.JPG,DSCF0480.JPG,4Z/100MEDIA,0,Other_Amphibian,0.6131,2560.1,2315.9,2705.3,2540.6
/srv/shared_leopard_toad/2025/Documents/06.10-13.10.2025/4Z/100MEDIA/DSCF0330.JPG,DSCF0330.JPG,4Z/100MEDIA,0,Other_Amphibian,0.7003,2556.3,2306.1,2704.2,2539.4
/srv/shared_leopard_toad/2025/Documents/06.10-13.10.2025/4Z/100MEDIA/DSCF0428.JPG,DSCF0428.JPG,4Z/100MEDIA,0,Other_Amphibian,0.7366,2555.3,2308.4,2706.9,2540.7
/srv/shared_leopard_toad/2025/Documents/06.10-13.10.2025/4Z/100MEDIA/DSCF0749.JPG,DSCF0749.JPG,4Z/100MEDIA,0,Other_Amphibian,0.3989,2642.7,2242.6,2787.1,2406.4
/srv/shared_leopard_toad/2025/Documents/06.10-13.10.2025/4Z/100MEDIA/DSCF0546.JPG,DSCF0546.JPG,4Z/100MEDIA,0,Other_Amphibian,0.3966,2636.7,2243.6,2787.7,2408.1
/srv/shared_leopard_toad/2025/Documents/06.10-13.10.2025/4Z/100MEDIA/DSCF0177.JPG,DSCF0177.JPG,4Z/100MEDIA,0,Other_Amphibian,0.7784,2556.3,2310.4,2706.1,2540.5
/srv/shared_leopard_toad/2025/Documents/06.10-13.10.2025/4Z/100MEDIA/DSCF0296.JPG,DSCF0296.JPG,4Z/100MEDIA,0,Other_Amphibian,0.7272,2552.7,2309.1,2702.7,2540.0
/srv/shared_leopard_toad/2025/Documents/06.10-13.10.2025/4Z/100MEDIA/DSCF0427.JPG,DSCF0427.JPG,4Z/100MEDIA,0,Other_Amphibian,0.6958,2554.6,2312.8,2703.7,2541.0
/srv/shared_leopard_toad/2025/Documents/06.10-13.10.2025/4Z/100MEDIA/DSCF0743.JPG,DSCF0743.JPG,4Z/100MEDIA,0,Other_Amphibian,0.3210,2642.9,2245.7,2788.7,2410.3
/srv/shared_leopard_toad/2025/Documents/06.10-13.10.2025/4Z/100MEDIA/DSCF0046.JPG,DSCF0046.JPG,4Z/100MEDIA,0,Other_Amphibian,0.2853,230.7,636.0,354.8,797.5
/srv/shared_leopard_toad/2025/Documents/06.10-13.10.2025/4Z/100MEDIA/DSCF0046.JPG,DSCF0046.JPG,4Z/100MEDIA,0,Other_Amphibian,0.2780,150.1,1950.2,282.1,2076.8
/srv/shared_leopard_toad/2025/Documents/06.10-13.10.2025/4Z/100MEDIA/DSCF0071.JPG,DSCF0071.JPG,4Z/100MEDIA,0,Other_Amphibian,0.6364,2560.2,2379.5,2699.7,2551.1
/srv/shared_leopard_toad/2025/Documents/06.10-13.10.2025/4Z/100MEDIA/DSCF0437.JPG,DSCF0437.JPG,4Z/100MEDIA,0,Other_Amphibian,0.6242,2558.0,2310.4,2702.5,2541.1
/srv/shared_leopard_toad/2025/Documents/06.10-13.10.2025/4Z/100MEDIA/DSCF0080.JPG,DSCF0080.JPG,4Z/100MEDIA,0,Other_Amphibian,0.7684,2551.6,2305.8,2703.9,2540.2
/srv/shared_leopard_toad/2025/Documents/06.10-13.10.2025/4Z/100MEDIA/DSCF0694.JPG,DSCF0694.JPG,4Z/100MEDIA,0,Other_Amphibian,0.3074,2633.3,2245.4,2786.5,2409.0
/srv/shared_leopard_toad/2025/Documents/06.10-13.10.2025/4Z/100MEDIA/DSCF0694.JPG,DSCF0694.JPG,4Z/100MEDIA,0,Other_Amphibian,0.2374,2693.0,2427.4,2819.5,2555.4
/srv/shared_leopard_toad/2025/Documents/06.10-13.10.2025/4Z/100MEDIA/DSCF0969.JPG,DSCF0969.JPG,4Z/100MEDIA,0,Other_Amphibian,0.2723,2638.9,2247.1,2788.1,2409.6
/srv/shared_leopard_toad/2025/Documents/06.10-13.10.2025/4Z/100MEDIA/DSCF0032.JPG,DSCF0032.JPG,4Z/100MEDIA,0,Other_Amphibian,0.2037,772.9,1833.4,931.8,2150.5
/srv/shared_leopard_toad/2025/Documents/06.10-13.10.2025/4Z/100MEDIA/DSCF0905.JPG,DSCF0905.JPG,4Z/100MEDIA,0,Other_Amphibian,0.2712,2638.4,2244.8,2784.0,2406.7
/srv/shared_leopard_toad/2025/Documents/06.10-13.10.2025/4Z/100MEDIA/DSCF0306.JPG,DSCF0306.JPG,4Z/100MEDIA,0,Other_Amphibian,0.6582,2558.6,2309.1,2702.4,2541.4
/srv/shared_leopard_toad/2025/Documents/06.10-13.10.2025/4Z/100MEDIA/DSCF0306.JPG,DSCF0306.JPG,4Z/100MEDIA,0,Other_Amphibian,0.2047,784.4,1801.3,937.7,1976.5
/srv/shared_leopard_toad/2025/Documents/06.10-13.10.2025/4Z/100MEDIA/DSCF0131.JPG,DSCF0131.JPG,4Z/100MEDIA,0,Other_Amphibian,0.7704,2549.4,2310.6,2703.0,2539.6
/srv/shared_leopard_toad/2025/Documents/06.10-13.10.2025/4Z/100MEDIA/DSCF0473.JPG,DSCF0473.JPG,4Z/100MEDIA,0,Other_Amphibian,0.6704,2559.2,2307.6,2703.6,2540.2
/srv/shared_leopard_toad/2025/Documents/06.10-13.10.2025/4Z/100MEDIA/DSCF0176.JPG,DSCF0176.JPG,4Z/100MEDIA,0,Other_Amphibian,0.7865,2553.6,2303.3,2705.7,2539.4
/srv/shared_leopard_toad/2025/Documents/06.10-13.10.2025/4Z/100MEDIA/DSCF0498.JPG,DSCF0498.JPG,4Z/100MEDIA,0,Other_Amphibian,0.6815,2557.6,2312.5,2704.6,2539.2
/srv/shared_leopard_toad/2025/Documents/06.10-13.10.2025/4Z/100MEDIA/DSCF0212.JPG,DSCF0212.JPG,4Z/100MEDIA,0,Other_Amphibian,0.7350,2556.1,2307.4,2703.9,2540.4
/srv/shared_leopard_toad/2025/Documents/06.10-13.10.2025/4Z/100MEDIA/DSCF0960.JPG,DSCF0960.JPG,4Z/100MEDIA,0,Other_Amphibian,0.3639,2641.1,2245.2,2790.7,2409.1
/srv/shared_leopard_toad/2025/Documents/06.10-13.10.2025/4Z/100MEDIA/DSCF0102.JPG,DSCF0102.JPG,4Z/100MEDIA,0,Other_Amphibian,0.7670,2548.3,2311.1,2702.6,2539.6
/srv/shared_leopard_toad/2025/Documents/06.10-13.10.2025/4Z/100MEDIA/DSCF0413.JPG,DSCF0413.JPG,4Z/100MEDIA,0,Other_Amphibian,0.7021,2558.3,2308.0,2702.7,2542.7
/srv/shared_leopard_toad/2025/Documents/06.10-13.10.2025/4Z/100MEDIA/DSCF0438.JPG,DSCF0438.JPG,4Z/100MEDIA,0,Other_Amphibian,0.6174,2558.8,2313.3,2699.5,2540.5
/srv/shared_leopard_toad/2025/Documents/06.10-13.10.2025/4Z/100MEDIA/DSCF0453.JPG,DSCF0453.JPG,4Z/100MEDIA,0,Other_Amphibian,0.7478,2554.8,2309.7,2707.9,2539.6
/srv/shared_leopard_toad/2025/Documents/06.10-13.10.2025/4Z/100MEDIA/DSCF0291.JPG,DSCF0291.JPG,4Z/100MEDIA,0,Other_Amphibian,0.7336,2556.2,2310.0,2705.2,2540.4
/srv/shared_leopard_toad/2025/Documents/06.10-13.10.2025/4Z/100MEDIA/DSCF0021.JPG,DSCF0021.JPG,4Z/100MEDIA,0,Other_Amphibian,0.3977,776.1,1843.3,933.3,2122.1
/srv/shared_leopard_toad/2025/Documents/06.10-13.10.2025/4Z/100MEDIA/DSCF0021.JPG,DSCF0021.JPG,4Z/100MEDIA,2,Western_Leopard_Toad,0.2146,2458.8,-0.2,3159.9,626.3
/srv/shared_leopard_toad/2025/Documents/06.10-13.10.2025/4Z/100MEDIA/DSCF0227.JPG,DSCF0227.JPG,4Z/100MEDIA,0,Other_Amphibian,0.7893,2553.7,2303.4,2708.8,2540.9
/srv/shared_leopard_toad/2025/Documents/06.10-13.10.2025/4Z/100MEDIA/DSCF0397.JPG,DSCF0397.JPG,4Z/100MEDIA,0,Other_Amphibian,0.7023,2557.3,2307.6,2704.0,2539.8
/srv/shared_leopard_toad/2025/Documents/06.10-13.10.2025/4Z/100MEDIA/DSCF0334.JPG,DSCF0334.JPG,4Z/100MEDIA,0,Other_Amphibian,0.7544,2553.0,2308.6,2706.6,2540.2
/srv/shared_leopard_toad/2025/Documents/06.10-13.10.2025/4Z/100MEDIA/DSCF0481.JPG,DSCF0481.JPG,4Z/100MEDIA,0,Other_Amphibian,0.7252,2555.5,2303.5,2706.8,2539.9
/srv/shared_leopard_toad/2025/Documents/06.10-13.10.2025/4Z/100MEDIA/DSCF0815.JPG,DSCF0815.JPG,4Z/100MEDIA,0,Other_Amphibian,0.4645,2629.4,2247.3,2795.6,2417.0
/srv/shared_leopard_toad/2025/Documents/06.10-13.10.2025/4Z/100MEDIA/DSCF0300.JPG,DSCF0300.JPG,4Z/100MEDIA,0,Other_Amphibian,0.7256,2552.4,2310.5,2706.3,2539.2
/srv/shared_leopard_toad/2025/Documents/06.10-13.10.2025/4Z/100MEDIA/DSCF0696.JPG,DSCF0696.JPG,4Z/100MEDIA,0,Other_Amphibian,0.2179,2641.2,2246.3,2787.3,2410.0
/srv/shared_leopard_toad/2025/Documents/06.10-13.10.2025/4Z/100MEDIA/DSCF0136.JPG,DSCF0136.JPG,4Z/100MEDIA,0,Other_Amphibian,0.7792,2550.2,2302.9,2705.7,2540.6
/srv/shared_leopard_toad/2025/Documents/06.10-13.10.2025/4Z/100MEDIA/DSCF0946.JPG,DSCF0946.JPG,4Z/100MEDIA,0,Other_Amphibian,0.3513,2633.1,2247.1,2785.1,2407.8
/srv/shared_leopard_toad/2025/Documents/06.10-13.10.2025/4Z/100MEDIA/DSCF0569.JPG,DSCF0569.JPG,4Z/100MEDIA,0,Other_Amphibian,0.2390,2643.3,2246.2,2786.4,2409.0
/srv/shared_leopard_toad/2025/Documents/06.10-13.10.2025/4Z/100MEDIA/DSCF0204.JPG,DSCF0204.JPG,4Z/100MEDIA,0,Other_Amphibian,0.7615,2552.5,2306.8,2704.3,2538.9
/srv/shared_leopard_toad/2025/Documents/06.10-13.10.2025/4Z/100MEDIA/DSCF0122.JPG,DSCF0122.JPG,4Z/100MEDIA,0,Other_Amphibian,0.7616,2554.9,2303.9,2702.7,2541.2
/srv/shared_leopard_toad/2025/Documents/06.10-13.10.2025/4Z/100MEDIA/DSCF0733.JPG,DSCF0733.JPG,4Z/100MEDIA,0,Other_Amphibian,0.3490,2644.5,2243.7,2786.4,2406.9
/srv/shared_leopard_toad/2025/Documents/06.10-13.10.2025/4Z/100MEDIA/DSCF0831.JPG,DSCF0831.JPG,4Z/100MEDIA,0,Other_Amphibian,0.2278,2643.4,2245.5,2786.4,2409.3
/srv/shared_leopard_toad/2025/Documents/06.10-13.10.2025/4Z/100MEDIA/DSCF0294.JPG,DSCF0294.JPG,4Z/100MEDIA,0,Other_Amphibian,0.7249,2554.3,2311.3,2702.2,2541.4
/srv/shared_leopard_toad/2025/Documents/06.10-13.10.2025/4Z/100MEDIA/DSCF0276.JPG,DSCF0276.JPG,4Z/100MEDIA,0,Other_Amphibian,0.6801,2556.3,2307.0,2701.2,2540.0
/srv/shared_leopard_toad/2025/Documents/06.10-13.10.2025/4Z/100MEDIA/DSCF0415.JPG,DSCF0415.JPG,4Z/100MEDIA,0,Other_Amphibian,0.7511,2552.3,2307.2,2705.8,2541.0
/srv/shared_leopard_toad/2025/Documents/06.10-13.10.2025/4Z/100MEDIA/DSCF0771.JPG,DSCF0771.JPG,4Z/100MEDIA,0,Other_Amphibian,0.3271,2638.8,2243.0,2786.2,2407.2
/srv/shared_leopard_toad/2025/Documents/06.10-13.10.2025/4Z/100MEDIA/DSCF0771.JPG,DSCF0771.JPG,4Z/100MEDIA,0,Other_Amphibian,0.2055,2694.3,2426.9,2820.2,2555.8
/srv/shared_leopard_toad/2025/Documents/06.10-13.10.2025/4Z/100MEDIA/DSCF0977.JPG,DSCF0977.JPG,4Z/100MEDIA,0,Other_Amphibian,0.2064,2641.4,2246.6,2786.3,2410.5
/srv/shared_leopard_toad/2025/Documents/06.10-13.10.2025/4Z/100MEDIA/DSCF0977.JPG,DSCF0977.JPG,4Z/100MEDIA,0,Other_Amphibian,0.2008,2687.8,2427.4,2821.9,2556.6
/srv/shared_leopard_toad/2025/Documents/06.10-13.10.2025/4Z/100MEDIA/DSCF0806.JPG,DSCF0806.JPG,4Z/100MEDIA,0,Other_Amphibian,0.3331,2644.7,2244.7,2788.8,2408.3
/srv/shared_leopard_toad/2025/Documents/06.10-13.10.2025/4Z/100MEDIA/DSCF0142.JPG,DSCF0142.JPG,4Z/100MEDIA,0,Other_Amphibian,0.7500,2554.6,2305.7,2700.6,2539.2
/srv/shared_leopard_toad/2025/Documents/06.10-13.10.2025/4Z/100MEDIA/DSCF0552.JPG,DSCF0552.JPG,4Z/100MEDIA,0,Other_Amphibian,0.2284,2638.3,2246.0,2786.8,2408.8
/srv/shared_leopard_toad/2025/Documents/06.10-13.10.2025/4Z/100MEDIA/DSCF0179.JPG,DSCF0179.JPG,4Z/100MEDIA,0,Other_Amphibian,0.7859,2555.7,2305.4,2705.6,2540.7
/srv/shared_leopard_toad/2025/Documents/06.10-13.10.2025/4Z/100MEDIA/DSCF0575.JPG,DSCF0575.JPG,4Z/100MEDIA,0,Other_Amphibian,0.2118,2642.8,2247.9,2787.1,2409.7
/srv/shared_leopard_toad/2025/Documents/06.10-13.10.2025/4Z/100MEDIA/DSCF0066.JPG,DSCF0066.JPG,4Z/100MEDIA,0,Other_Amphibian,0.7771,2556.5,2319.2,2704.5,2548.9
/srv/shared_leopard_toad/2025/Documents/06.10-13.10.2025/4Z/100MEDIA/DSCF0019.JPG,DSCF0019.JPG,4Z/100MEDIA,0,Other_Amphibian,0.4513,785.0,1840.9,943.3,2120.6
/srv/shared_leopard_toad/2025/Documents/06.10-13.10.2025/4Z/100MEDIA/DSCF0019.JPG,DSCF0019.JPG,4Z/100MEDIA,0,Other_Amphibian,0.2738,136.8,1933.2,275.2,2082.6
/srv/shared_leopard_toad/2025/Documents/06.10-13.10.2025/4Z/100MEDIA/DSCF0019.JPG,DSCF0019.JPG,4Z/100MEDIA,2,Western_Leopard_Toad,0.2601,2440.6,1.7,3168.9,632.1
/srv/shared_leopard_toad/2025/Documents/06.10-13.10.2025/4Z/100MEDIA/DSCF0160.JPG,DSCF0160.JPG,4Z/100MEDIA,0,Other_Amphibian,0.7628,2552.7,2308.6,2702.8,2541.0
/srv/shared_leopard_toad/2025/Documents/06.10-13.10.2025/4Z/100MEDIA/DSCF0034.JPG,DSCF0034.JPG,4Z/100MEDIA,0,Other_Amphibian,0.2220,774.3,1832.0,968.3,2171.6
/srv/shared_leopard_toad/2025/Documents/06.10-13.10.2025/4Z/100MEDIA/DSCF0818.JPG,DSCF0818.JPG,4Z/100MEDIA,0,Other_Amphibian,0.2331,2642.0,2244.6,2786.9,2409.1
/srv/shared_leopard_toad/2025/Documents/06.10-13.10.2025/4Z/100MEDIA/DSCF0583.JPG,DSCF0583.JPG,4Z/100MEDIA,0,Other_Amphibian,0.3110,2645.0,2243.5,2788.4,2408.0
/srv/shared_leopard_toad/2025/Documents/06.10-13.10.2025/4Z/100MEDIA/DSCF0005.JPG,DSCF0005.JPG,4Z/100MEDIA,0,Other_Amphibian,0.4825,800.7,1851.0,929.7,2001.0
/srv/shared_leopard_toad/2025/Documents/06.10-13.10.2025/4Z/100MEDIA/DSCF0452.JPG,DSCF0452.JPG,4Z/100MEDIA,0,Other_Amphibian,0.5869,2559.2,2312.8,2703.5,2540.4
/srv/shared_leopard_toad/2025/Documents/06.10-13.10.2025/4Z/100MEDIA/DSCF0452.JPG,DSCF0452.JPG,4Z/100MEDIA,0,Other_Amphibian,0.2047,764.9,1803.8,939.1,1980.6
/srv/shared_leopard_toad/2025/Documents/06.10-13.10.2025/4Z/100MEDIA/DSCF0952.JPG,DSCF0952.JPG,4Z/100MEDIA,0,Other_Amphibian,0.2302,2642.4,2245.8,2788.3,2409.6
/srv/shared_leopard_toad/2025/Documents/06.10-13.10.2025/4Z/100MEDIA/DSCF0172.JPG,DSCF0172.JPG,4Z/100MEDIA,0,Other_Amphibian,0.7335,2551.3,2310.6,2700.2,2539.7
/srv/shared_leopard_toad/2025/Documents/06.10-13.10.2025/4Z/100MEDIA/DSCF0257.JPG,DSCF0257.JPG,4Z/100MEDIA,0,Other_Amphibian,0.7233,2555.9,2308.0,2703.6,2540.8
/srv/shared_leopard_toad/2025/Documents/06.10-13.10.2025/4Z/100MEDIA/DSCF0382.JPG,DSCF0382.JPG,4Z/100MEDIA,0,Other_Amphibian,0.7648,2554.2,2304.0,2709.3,2541.2
/srv/shared_leopard_toad/2025/Documents/06.10-13.10.2025/4Z/100MEDIA/DSCF0467.JPG,DSCF0467.JPG,4Z/100MEDIA,0,Other_Amphibian,0.6629,2554.0,2308.3,2702.9,2541.3
/srv/shared_leopard_toad/2025/Documents/06.10-13.10.2025/4Z/100MEDIA/DSCF0162.JPG,DSCF0162.JPG,4Z/100MEDIA,0,Other_Amphibian,0.7559,2553.2,2305.9,2699.5,2539.2
/srv/shared_leopard_toad/2025/Documents/06.10-13.10.2025/4Z/100MEDIA/DSCF0274.JPG,DSCF0274.JPG,4Z/100MEDIA,0,Other_Amphibian,0.7393,2555.9,2306.7,2703.0,2539.0
/srv/shared_leopard_toad/2025/Documents/06.10-13.10.2025/4Z/100MEDIA/DSCF0259.JPG,DSCF0259.JPG,4Z/100MEDIA,0,Other_Amphibian,0.6612,2556.5,2310.4,2706.0,2541.7
/srv/shared_leopard_toad/2025/Documents/06.10-13.10.2025/4Z/100MEDIA/DSCF0797.JPG,DSCF0797.JPG,4Z/100MEDIA,0,Other_Amphibian,0.2682,2640.7,2245.0,2786.5,2409.1
/srv/shared_leopard_toad/2025/Documents/06.10-13.10.2025/4Z/100MEDIA/DSCF0665.JPG,DSCF0665.JPG,4Z/100MEDIA,0,Other_Amphibian,0.2913,2638.4,2245.4,2785.4,2408.3
/srv/shared_leopard_toad/2025/Documents/06.10-13.10.2025/4Z/100MEDIA/DSCF0630.JPG,DSCF0630.JPG,4Z/100MEDIA,0,Other_Amphibian,0.3850,2645.4,2243.8,2788.9,2407.2
/srv/shared_leopard_toad/2025/Documents/06.10-13.10.2025/4Z/100MEDIA/DSCF0776.JPG,DSCF0776.JPG,4Z/100MEDIA,0,Other_Amphibian,0.3714,2642.3,2243.4,2786.9,2406.8
/srv/shared_leopard_toad/2025/Documents/06.10-13.10.2025/4Z/100MEDIA/DSCF0957.JPG,DSCF0957.JPG,4Z/100MEDIA,0,Other_Amphibian,0.2666,2641.9,2245.5,2785.9,2408.9
/srv/shared_leopard_toad/2025/Documents/06.10-13.10.2025/4Z/100MEDIA/DSCF0557.JPG,DSCF0557.JPG,4Z/100MEDIA,0,Other_Amphibian,0.2214,2645.8,2245.6,2784.7,2409.1
/srv/shared_leopard_toad/2025/Documents/06.10-13.10.2025/4Z/100MEDIA/DSCF0766.JPG,DSCF0766.JPG,4Z/100MEDIA,0,Other_Amphibian,0.3018,2645.2,2245.8,2785.8,2407.2
/srv/shared_leopard_toad/2025/Documents/06.10-13.10.2025/4Z/100MEDIA/DSCF0496.JPG,DSCF0496.JPG,4Z/100MEDIA,0,Other_Amphibian,0.6853,2557.7,2308.1,2704.4,2539.6
/srv/shared_leopard_toad/2025/Documents/06.10-13.10.2025/4Z/100MEDIA/DSCF0035.JPG,DSCF0035.JPG,4Z/100MEDIA,0,Other_Amphibian,0.2944,135.5,1940.8,277.0,2069.9
/srv/shared_leopard_toad/2025/Documents/06.10-13.10.2025/4Z/100MEDIA/DSCF0995.JPG,DSCF0995.JPG,4Z/100MEDIA,0,Other_Amphibian,0.2592,2640.9,2246.2,2789.7,2410.7
/srv/shared_leopard_toad/2025/Documents/06.10-13.10.2025/4Z/100MEDIA/DSCF0269.JPG,DSCF0269.JPG,4Z/100MEDIA,0,Other_Amphibian,0.7212,2557.6,2307.6,2705.8,2539.0
/srv/shared_leopard_toad/2025/Documents/06.10-13.10.2025/4Z/100MEDIA/DSCF0004.JPG,DSCF0004.JPG,4Z/100MEDIA,0,Other_Amphibian,0.5996,800.9,1852.7,930.1,1994.7
/srv/shared_leopard_toad/2025/Documents/06.10-13.10.2025/4Z/100MEDIA/DSCF0004.JPG,DSCF0004.JPG,4Z/100MEDIA,2,Western_Leopard_Toad,0.2261,3638.8,1668.3,3930.2,1941.4
/srv/shared_leopard_toad/2025/Documents/06.10-13.10.2025/4Z/100MEDIA/DSCF0434.JPG,DSCF0434.JPG,4Z/100MEDIA,0,Other_Amphibian,0.6643,2556.8,2309.3,2704.4,2541.1
/srv/shared_leopard_toad/2025/Documents/06.10-13.10.2025/4Z/100MEDIA/DSCF0434.JPG,DSCF0434.JPG,4Z/100MEDIA,0,Other_Amphibian,0.2731,3159.9,2397.9,3290.7,2516.6
/srv/shared_leopard_toad/2025/Documents/06.10-13.10.2025/4Z/100MEDIA/DSCF0159.JPG,DSCF0159.JPG,4Z/100MEDIA,0,Other_Amphibian,0.7605,2551.9,2310.2,2702.1,2541.0
/srv/shared_leopard_toad/2025/Documents/06.10-13.10.2025/4Z/100MEDIA/DSCF0313.JPG,DSCF0313.JPG,4Z/100MEDIA,0,Other_Amphibian,0.6669,2557.8,2309.8,2699.9,2539.8
/srv/shared_leopard_toad/2025/Documents/06.10-13.10.2025/4Z/100MEDIA/DSCF0313.JPG,DSCF0313.JPG,4Z/100MEDIA,0,Other_Amphibian,0.2267,782.9,1800.3,932.0,1978.8
/srv/shared_leopard_toad/2025/Documents/06.10-13.10.2025/4Z/100MEDIA/DSCF0297.JPG,DSCF0297.JPG,4Z/100MEDIA,0,Other_Amphibian,0.7138,2557.4,2305.3,2702.1,2540.5
/srv/shared_leopard_toad/2025/Documents/06.10-13.10.2025/4Z/100MEDIA/DSCF0297.JPG,DSCF0297.JPG,4Z/100MEDIA,0,Other_Amphibian,0.2287,793.0,1804.7,932.8,1973.2
/srv/shared_leopard_toad/2025/Documents/06.10-13.10.2025/4Z/100MEDIA/DSCF0719.JPG,DSCF0719.JPG,4Z/100MEDIA,0,Other_Amphibian,0.2185,2692.6,2425.8,2822.2,2557.1
/srv/shared_leopard_toad/2025/Documents/06.10-13.10.2025/4Z/100MEDIA/DSCF0424.JPG,DSCF0424.JPG,4Z/100MEDIA,0,Other_Amphibian,0.6442,2558.6,2311.9,2703.1,2539.1
/srv/shared_leopard_toad/2025/Documents/06.10-13.10.2025/4Z/100MEDIA/DSCF0170.JPG,DSCF0170.JPG,4Z/100MEDIA,0,Other_Amphibian,0.7324,2554.6,2305.8,2710.7,2543.5
/srv/shared_leopard_toad/2025/Documents/06.10-13.10.2025/4Z/100MEDIA/DSCF0897.JPG,DSCF0897.JPG,4Z/100MEDIA,0,Other_Amphibian,0.2321,2639.6,2243.6,2786.6,2410.1
/srv/shared_leopard_toad/2025/Documents/06.10-13.10.2025/4Z/100MEDIA/DSCF0352.JPG,DSCF0352.JPG,4Z/100MEDIA,0,Other_Amphibian,0.7243,2555.1,2309.3,2704.5,2539.9
/srv/shared_leopard_toad/2025/Documents/06.10-13.10.2025/4Z/100MEDIA/DSCF0628.JPG,DSCF0628.JPG,4Z/100MEDIA,0,Other_Amphibian,0.2216,2642.5,2246.4,2786.1,2409.4
/srv/shared_leopard_toad/2025/Documents/06.10-13.10.2025/4Z/100MEDIA/DSCF0793.JPG,DSCF0793.JPG,4Z/100MEDIA,0,Other_Amphibian,0.2130,2640.5,2245.3,2782.5,2408.8
/srv/shared_leopard_toad/2025/Documents/06.10-13.10.2025/4Z/100MEDIA/DSCF0879.JPG,DSCF0879.JPG,4Z/100MEDIA,0,Other_Amphibian,0.2347,2688.3,2427.8,2817.4,2555.0
/srv/shared_leopard_toad/2025/Documents/06.10-13.10.2025/4Z/100MEDIA/DSCF0879.JPG,DSCF0879.JPG,4Z/100MEDIA,0,Other_Amphibian,0.2314,2645.7,2245.7,2788.4,2408.9
/srv/shared_leopard_toad/2025/Documents/06.10-13.10.2025/4Z/100MEDIA/DSCF0646.JPG,DSCF0646.JPG,4Z/100MEDIA,0,Other_Amphibian,0.3542,2638.9,2244.5,2788.8,2407.4
/srv/shared_leopard_toad/2025/Documents/06.10-13.10.2025/4Z/100MEDIA/DSCF0547.JPG,DSCF0547.JPG,4Z/100MEDIA,0,Other_Amphibian,0.2626,2644.8,2245.0,2785.4,2408.2
/srv/shared_leopard_toad/2025/Documents/06.10-13.10.2025/4Z/100MEDIA/DSCF0547.JPG,DSCF0547.JPG,4Z/100MEDIA,2,Western_Leopard_Toad,0.2014,517.3,-8.6,1069.7,501.5
/srv/shared_leopard_toad/2025/Documents/06.10-13.10.2025/4Z/100MEDIA/DSCF0161.JPG,DSCF0161.JPG,4Z/100MEDIA,0,Other_Amphibian,0.7262,2549.6,2310.9,2699.3,2540.4
/srv/shared_leopard_toad/2025/Documents/06.10-13.10.2025/4Z/100MEDIA/DSCF0321.JPG,DSCF0321.JPG,4Z/100MEDIA,0,Other_Amphibian,0.7155,2557.4,2312.9,2705.6,2539.6
/srv/shared_leopard_toad/2025/Documents/06.10-13.10.2025/4Z/100MEDIA/DSCF0919.JPG,DSCF0919.JPG,4Z/100MEDIA,0,Other_Amphibian,0.2386,2639.9,2248.2,2785.1,2408.7
/srv/shared_leopard_toad/2025/Documents/06.10-13.10.2025/4Z/100MEDIA/DSCF0002.JPG,DSCF0002.JPG,4Z/100MEDIA,0,Other_Amphibian,0.4458,808.3,1854.4,932.2,2000.8
/srv/shared_leopard_toad/2025/Documents/06.10-13.10.2025/4Z/100MEDIA/DSCF0002.JPG,DSCF0002.JPG,4Z/100MEDIA,2,Western_Leopard_Toad,0.2364,3637.1,1666.3,3917.0,1940.9
/srv/shared_leopard_toad/2025/Documents/06.10-13.10.2025/4Z/100MEDIA/DSCF0845.JPG,DSCF0845.JPG,4Z/100MEDIA,0,Other_Amphibian,0.3221,2643.5,2243.0,2785.6,2408.1
/srv/shared_leopard_toad/2025/Documents/06.10-13.10.2025/4Z/100MEDIA/DSCF0751.JPG,DSCF0751.JPG,4Z/100MEDIA,0,Other_Amphibian,0.3035,2645.0,2244.6,2786.5,2407.7
/srv/shared_leopard_toad/2025/Documents/06.10-13.10.2025/4Z/100MEDIA/DSCF0578.JPG,DSCF0578.JPG,4Z/100MEDIA,0,Other_Amphibian,0.2526,2646.1,2245.7,2789.2,2410.4
/srv/shared_leopard_toad/2025/Documents/06.10-13.10.2025/4Z/100MEDIA/DSCF0847.JPG,DSCF0847.JPG,4Z/100MEDIA,0,Other_Amphibian,0.2846,2646.3,2245.1,2788.3,2409.3
/srv/shared_leopard_toad/2025/Documents/06.10-13.10.2025/4Z/100MEDIA/DSCF0803.JPG,DSCF0803.JPG,4Z/100MEDIA,0,Other_Amphibian,0.2728,2646.4,2245.5,2782.7,2407.1
/srv/shared_leopard_toad/2025/Documents/06.10-13.10.2025/4Z/100MEDIA/DSCF0585.JPG,DSCF0585.JPG,4Z/100MEDIA,0,Other_Amphibian,0.2307,2645.9,2246.0,2788.5,2408.9
/srv/shared_leopard_toad/2025/Documents/06.10-13.10.2025/4Z/100MEDIA/DSCF0228.JPG,DSCF0228.JPG,4Z/100MEDIA,0,Other_Amphibian,0.7343,2556.0,2300.9,2703.1,2539.9
/srv/shared_leopard_toad/2025/Documents/06.10-13.10.2025/4Z/100MEDIA/DSCF0228.JPG,DSCF0228.JPG,4Z/100MEDIA,0,Other_Amphibian,0.3514,792.6,1811.2,927.9,1975.7
/srv/shared_leopard_toad/2025/Documents/06.10-13.10.2025/4Z/100MEDIA/DSCF0253.JPG,DSCF0253.JPG,4Z/100MEDIA,0,Other_Amphibian,0.6967,2554.2,2307.6,2699.0,2541.2
/srv/shared_leopard_toad/2025/Documents/06.10-13.10.2025/4Z/100MEDIA/DSCF0253.JPG,DSCF0253.JPG,4Z/100MEDIA,0,Other_Amphibian,0.4121,789.5,1803.0,933.2,1973.7
/srv/shared_leopard_toad/2025/Documents/06.10-13.10.2025/4Z/100MEDIA/DSCF0253.JPG,DSCF0253.JPG,4Z/100MEDIA,0,Other_Amphibian,0.2330,790.2,1806.4,932.9,1973.6
/srv/shared_leopard_toad/2025/Documents/06.10-13.10.2025/4Z/100MEDIA/DSCF0218.JPG,DSCF0218.JPG,4Z/100MEDIA,0,Other_Amphibian,0.7615,2553.5,2310.0,2704.5,2539.4
/srv/shared_leopard_toad/2025/Documents/06.10-13.10.2025/4Z/100MEDIA/DSCF0435.JPG,DSCF0435.JPG,4Z/100MEDIA,0,Other_Amphibian,0.6548,2558.7,2306.7,2703.4,2540.4
/srv/shared_leopard_toad/2025/Documents/06.10-13.10.2025/4Z/100MEDIA/DSCF0819.JPG,DSCF0819.JPG,4Z/100MEDIA,0,Other_Amphibian,0.2076,2641.1,2246.1,2784.4,2408.5
/srv/shared_leopard_toad/2025/Documents/06.10-13.10.2025/4Z/100MEDIA/DSCF0260.JPG,DSCF0260.JPG,4Z/100MEDIA,0,Other_Amphibian,0.6983,2556.6,2307.8,2702.9,2540.6
/srv/shared_leopard_toad/2025/Documents/06.10-13.10.2025/4Z/100MEDIA/DSCF0115.JPG,DSCF0115.JPG,4Z/100MEDIA,0,Other_Amphibian,0.7538,2551.0,2308.5,2701.3,2539.6
/srv/shared_leopard_toad/2025/Documents/06.10-13.10.2025/4Z/100MEDIA/DSCF0462.JPG,DSCF0462.JPG,4Z/100MEDIA,0,Other_Amphibian,0.7438,2554.4,2309.3,2706.7,2539.1
/srv/shared_leopard_toad/2025/Documents/06.10-13.10.2025/4Z/100MEDIA/DSCF0056.JPG,DSCF0056.JPG,4Z/100MEDIA,0,Other_Amphibian,0.7805,2556.3,2319.4,2708.2,2550.4
/srv/shared_leopard_toad/2025/Documents/06.10-13.10.2025/4Z/100MEDIA/DSCF0522.JPG,DSCF0522.JPG,4Z/100MEDIA,0,Other_Amphibian,0.2182,2641.0,2245.7,2784.0,2408.1
/srv/shared_leopard_toad/2025/Documents/06.10-13.10.2025/4Z/100MEDIA/DSCF0641.JPG,DSCF0641.JPG,4Z/100MEDIA,0,Other_Amphibian,0.2272,2690.9,2426.4,2819.3,2556.2
/srv/shared_leopard_toad/2025/Documents/06.10-13.10.2025/4Z/100MEDIA/DSCF0624.JPG,DSCF0624.JPG,4Z/100MEDIA,0,Other_Amphibian,0.2196,2648.1,2245.8,2788.7,2409.1
/srv/shared_leopard_toad/2025/Documents/06.10-13.10.2025/4Z/100MEDIA/DSCF0561.JPG,DSCF0561.JPG,4Z/100MEDIA,0,Other_Amphibian,0.2678,2643.5,2245.0,2786.6,2408.1
/srv/shared_leopard_toad/2025/Documents/06.10-13.10.2025/4Z/100MEDIA/DSCF0561.JPG,DSCF0561.JPG,4Z/100MEDIA,0,Other_Amphibian,0.2106,2694.2,2426.3,2819.6,2554.6
/srv/shared_leopard_toad/2025/Documents/06.10-13.10.2025/4Z/100MEDIA/DSCF0436.JPG,DSCF0436.JPG,4Z/100MEDIA,0,Other_Amphibian,0.6178,2559.3,2308.6,2700.3,2539.3
/srv/shared_leopard_toad/2025/Documents/06.10-13.10.2025/4Z/100MEDIA/DSCF0436.JPG,DSCF0436.JPG,4Z/100MEDIA,0,Other_Amphibian,0.2127,780.9,1800.3,934.8,1975.2
/srv/shared_leopard_toad/2025/Documents/06.10-13.10.2025/4Z/100MEDIA/DSCF0829.JPG,DSCF0829.JPG,4Z/100MEDIA,0,Other_Amphibian,0.2948,2644.3,2245.9,2789.5,2408.5
/srv/shared_leopard_toad/2025/Documents/06.10-13.10.2025/4Z/100MEDIA/DSCF0137.JPG,DSCF0137.JPG,4Z/100MEDIA,0,Other_Amphibian,0.7818,2551.7,2299.2,2704.2,2539.4
/srv/shared_leopard_toad/2025/Documents/06.10-13.10.2025/4Z/100MEDIA/DSCF0069.JPG,DSCF0069.JPG,4Z/100MEDIA,0,Other_Amphibian,0.7881,2554.8,2316.2,2706.1,2549.2
/srv/shared_leopard_toad/2025/Documents/06.10-13.10.2025/4Z/100MEDIA/DSCF0821.JPG,DSCF0821.JPG,4Z/100MEDIA,0,Other_Amphibian,0.2493,2642.0,2244.8,2785.7,2408.9
/srv/shared_leopard_toad/2025/Documents/06.10-13.10.2025/4Z/100MEDIA/DSCF0484.JPG,DSCF0484.JPG,4Z/100MEDIA,0,Other_Amphibian,0.6969,2555.1,2312.3,2706.0,2539.9
/srv/shared_leopard_toad/2025/Documents/06.10-13.10.2025/4Z/100MEDIA/DSCF0471.JPG,DSCF0471.JPG,4Z/100MEDIA,0,Other_Amphibian,0.6614,2559.3,2307.0,2702.1,2540.4
/srv/shared_leopard_toad/2025/Documents/06.10-13.10.2025/4Z/100MEDIA/DSCF0471.JPG,DSCF0471.JPG,4Z/100MEDIA,0,Other_Amphibian,0.2337,758.8,1807.6,944.0,1984.0
/srv/shared_leopard_toad/2025/Documents/06.10-13.10.2025/4Z/100MEDIA/DSCF0609.JPG,DSCF0609.JPG,4Z/100MEDIA,0,Other_Amphibian,0.3111,2641.0,2244.2,2786.1,2407.6
/srv/shared_leopard_toad/2025/Documents/06.10-13.10.2025/4Z/100MEDIA/DSCF0239.JPG,DSCF0239.JPG,4Z/100MEDIA,0,Other_Amphibian,0.7245,2557.5,2314.8,2702.9,2541.2
/srv/shared_leopard_toad/2025/Documents/06.10-13.10.2025/4Z/100MEDIA/DSCF0329.JPG,DSCF0329.JPG,4Z/100MEDIA,0,Other_Amphibian,0.7254,2556.3,2306.5,2700.7,2540.6
/srv/shared_leopard_toad/2025/Documents/06.10-13.10.2025/4Z/100MEDIA/DSCF0129.JPG,DSCF0129.JPG,4Z/100MEDIA,0,Other_Amphibian,0.7184,2550.6,2309.3,2697.7,2539.5
/srv/shared_leopard_toad/2025/Documents/06.10-13.10.2025/4Z/100MEDIA/DSCF0147.JPG,DSCF0147.JPG,4Z/100MEDIA,0,Other_Amphibian,0.7668,2552.7,2305.0,2701.0,2538.4
/srv/shared_leopard_toad/2025/Documents/06.10-13.10.2025/4Z/100MEDIA/DSCF0882.JPG,DSCF0882.JPG,4Z/100MEDIA,0,Other_Amphibian,0.2455,2639.7,2246.0,2785.2,2407.9
/srv/shared_leopard_toad/2025/Documents/06.10-13.10.2025/4Z/100MEDIA/DSCF0261.JPG,DSCF0261.JPG,4Z/100MEDIA,0,Other_Amphibian,0.7094,2554.3,2307.3,2701.7,2540.4
/srv/shared_leopard_toad/2025/Documents/06.10-13.10.2025/4Z/100MEDIA/DSCF0062.JPG,DSCF0062.JPG,4Z/100MEDIA,0,Other_Amphibian,0.7851,2556.2,2314.4,2708.1,2549.5
/srv/shared_leopard_toad/2025/Documents/06.10-13.10.2025/4Z/100MEDIA/DSCF0326.JPG,DSCF0326.JPG,4Z/100MEDIA,0,Other_Amphibian,0.7379,2558.1,2307.0,2702.0,2539.5
/srv/shared_leopard_toad/2025/Documents/06.10-13.10.2025/4Z/100MEDIA/DSCF0809.JPG,DSCF0809.JPG,4Z/100MEDIA,0,Other_Amphibian,0.3134,2645.6,2244.6,2785.7,2406.9
/srv/shared_leopard_toad/2025/Documents/06.10-13.10.2025/4Z/100MEDIA/DSCF0975.JPG,DSCF0975.JPG,4Z/100MEDIA,0,Other_Amphibian,0.3546,2638.2,2245.6,2785.4,2408.8
/srv/shared_leopard_toad/2025/Documents/06.10-13.10.2025/4Z/100MEDIA/DSCF0796.JPG,DSCF0796.JPG,4Z/100MEDIA,0,Other_Amphibian,0.3033,2639.5,2244.4,2784.1,2408.7
/srv/shared_leopard_toad/2025/Documents/06.10-13.10.2025/4Z/100MEDIA/DSCF0495.JPG,DSCF0495.JPG,4Z/100MEDIA,0,Other_Amphibian,0.7053,2557.6,2305.9,2705.9,2540.3
/srv/shared_leopard_toad/2025/Documents/06.10-13.10.2025/4Z/100MEDIA/DSCF0590.JPG,DSCF0590.JPG,4Z/100MEDIA,0,Other_Amphibian,0.2017,2645.0,2247.3,2788.4,2409.2
/srv/shared_leopard_toad/2025/Documents/06.10-13.10.2025/4Z/100MEDIA/DSCF0934.JPG,DSCF0934.JPG,4Z/100MEDIA,0,Other_Amphibian,0.2988,2641.3,2243.6,2787.7,2408.2
/srv/shared_leopard_toad/2025/Documents/06.10-13.10.2025/4Z/100MEDIA/DSCF0175.JPG,DSCF0175.JPG,4Z/100MEDIA,0,Other_Amphibian,0.7703,2554.9,2306.4,2702.3,2539.9
/srv/shared_leopard_toad/2025/Documents/06.10-13.10.2025/4Z/100MEDIA/DSCF0951.JPG,DSCF0951.JPG,4Z/100MEDIA,0,Other_Amphibian,0.2552,2643.3,2245.5,2787.6,2408.6
/srv/shared_leopard_toad/2025/Documents/06.10-13.10.2025/4Z/100MEDIA/DSCF0647.JPG,DSCF0647.JPG,4Z/100MEDIA,0,Other_Amphibian,0.2025,2642.0,2246.0,2786.7,2407.6
/srv/shared_leopard_toad/2025/Documents/06.10-13.10.2025/4Z/100MEDIA/DSCF0573.JPG,DSCF0573.JPG,4Z/100MEDIA,0,Other_Amphibian,0.2707,2644.1,2245.9,2788.0,2408.5
/srv/shared_leopard_toad/2025/Documents/06.10-13.10.2025/4Z/100MEDIA/DSCF0914.JPG,DSCF0914.JPG,4Z/100MEDIA,0,Other_Amphibian,0.2560,2690.7,2426.9,2817.4,2553.8
/srv/shared_leopard_toad/2025/Documents/06.10-13.10.2025/4Z/100MEDIA/DSCF0332.JPG,DSCF0332.JPG,4Z/100MEDIA,0,Other_Amphibian,0.7165,2555.1,2307.4,2704.4,2540.7
/srv/shared_leopard_toad/2025/Documents/06.10-13.10.2025/4Z/100MEDIA/DSCF0203.JPG,DSCF0203.JPG,4Z/100MEDIA,0,Other_Amphibian,0.7666,2555.1,2311.5,2706.9,2541.3
/srv/shared_leopard_toad/2025/Documents/06.10-13.10.2025/4Z/100MEDIA/DSCF0103.JPG,DSCF0103.JPG,4Z/100MEDIA,0,Other_Amphibian,0.7701,2553.2,2307.6,2704.3,2539.5
/srv/shared_leopard_toad/2025/Documents/06.10-13.10.2025/4Z/100MEDIA/DSCF0388.JPG,DSCF0388.JPG,4Z/100MEDIA,0,Other_Amphibian,0.5996,2556.9,2311.0,2700.5,2539.9
/srv/shared_leopard_toad/2025/Documents/06.10-13.10.2025/4Z/100MEDIA/DSCF0920.JPG,DSCF0920.JPG,4Z/100MEDIA,0,Other_Amphibian,0.3434,2640.7,2243.8,2789.6,2408.9
/srv/shared_leopard_toad/2025/Documents/06.10-13.10.2025/4Z/100MEDIA/DSCF0039.JPG,DSCF0039.JPG,4Z/100MEDIA,0,Other_Amphibian,0.2507,133.5,1939.1,285.0,2086.2
/srv/shared_leopard_toad/2025/Documents/06.10-13.10.2025/4Z/100MEDIA/DSCF0039.JPG,DSCF0039.JPG,4Z/100MEDIA,0,Other_Amphibian,0.2189,216.3,642.0,352.2,850.0
/srv/shared_leopard_toad/2025/Documents/06.10-13.10.2025/4Z/100MEDIA/DSCF0968.JPG,DSCF0968.JPG,4Z/100MEDIA,0,Other_Amphibian,0.4512,2631.2,2244.1,2787.0,2408.2
/srv/shared_leopard_toad/2025/Documents/06.10-13.10.2025/4Z/100MEDIA/DSCF0070.JPG,DSCF0070.JPG,4Z/100MEDIA,0,Other_Amphibian,0.7824,2554.6,2317.7,2706.7,2548.7
/srv/shared_leopard_toad/2025/Documents/06.10-13.10.2025/4Z/100MEDIA/DSCF0092.JPG,DSCF0092.JPG,4Z/100MEDIA,0,Other_Amphibian,0.7803,2554.5,2305.5,2705.2,2539.4
/srv/shared_leopard_toad/2025/Documents/06.10-13.10.2025/4Z/100MEDIA/DSCF0100.JPG,DSCF0100.JPG,4Z/100MEDIA,0,Other_Amphibian,0.7449,2553.4,2305.8,2701.4,2540.0
/srv/shared_leopard_toad/2025/Documents/06.10-13.10.2025/4Z/100MEDIA/DSCF0401.JPG,DSCF0401.JPG,4Z/100MEDIA,0,Other_Amphibian,0.7290,2554.8,2306.1,2704.2,2540.3
/srv/shared_leopard_toad/2025/Documents/06.10-13.10.2025/4Z/100MEDIA/DSCF0948.JPG,DSCF0948.JPG,4Z/100MEDIA,0,Other_Amphibian,0.2456,2645.1,2246.7,2788.5,2409.2
/srv/shared_leopard_toad/2025/Documents/06.10-13.10.2025/4Z/100MEDIA/DSCF0973.JPG,DSCF0973.JPG,4Z/100MEDIA,0,Other_Amphibian,0.2283,2637.4,2246.0,2781.8,2407.8
/srv/shared_leopard_toad/2025/Documents/06.10-13.10.2025/4Z/100MEDIA/DSCF0599.JPG,DSCF0599.JPG,4Z/100MEDIA,0,Other_Amphibian,0.3310,2637.1,2244.6,2785.9,2408.5
/srv/shared_leopard_toad/2025/Documents/06.10-13.10.2025/4Z/100MEDIA/DSCF0491.JPG,DSCF0491.JPG,4Z/100MEDIA,0,Other_Amphibian,0.6751,2560.7,2311.1,2706.5,2540.8
/srv/shared_leopard_toad/2025/Documents/06.10-13.10.2025/4Z/100MEDIA/DSCF0491.JPG,DSCF0491.JPG,4Z/100MEDIA,0,Other_Amphibian,0.2674,767.9,1804.8,942.9,1980.9
/srv/shared_leopard_toad/2025/Documents/06.10-13.10.2025/4Z/100MEDIA/DSCF0600.JPG,DSCF0600.JPG,4Z/100MEDIA,0,Other_Amphibian,0.2303,2685.6,2426.1,2816.1,2555.0
/srv/shared_leopard_toad/2025/Documents/06.10-13.10.2025/4Z/100MEDIA/DSCF0984.JPG,DSCF0984.JPG,4Z/100MEDIA,0,Other_Amphibian,0.2372,2637.2,2246.7,2788.7,2410.5
/srv/shared_leopard_toad/2025/Documents/06.10-13.10.2025/4Z/100MEDIA/DSCF0984.JPG,DSCF0984.JPG,4Z/100MEDIA,0,Other_Amphibian,0.2131,2689.0,2427.3,2821.4,2556.3
/srv/shared_leopard_toad/2025/Documents/06.10-13.10.2025/4Z/100MEDIA/DSCF0042.JPG,DSCF0042.JPG,4Z/100MEDIA,2,Western_Leopard_Toad,0.2010,4727.8,1834.4,5050.3,2295.2
/srv/shared_leopard_toad/2025/Documents/06.10-13.10.2025/4Z/100MEDIA/DSCF0921.JPG,DSCF0921.JPG,4Z/100MEDIA,0,Other_Amphibian,0.3302,2639.4,2245.6,2786.5,2409.6
/srv/shared_leopard_toad/2025/Documents/06.10-13.10.2025/4Z/100MEDIA/DSCF0010.JPG,DSCF0010.JPG,4Z/100MEDIA,0,Other_Amphibian,0.4759,798.4,1849.2,929.3,2005.2
/srv/shared_leopard_toad/2025/Documents/06.10-13.10.2025/4Z/100MEDIA/DSCF0010.JPG,DSCF0010.JPG,4Z/100MEDIA,0,Other_Amphibian,0.3582,786.0,1836.7,927.1,2112.3
/srv/shared_leopard_toad/2025/Documents/06.10-13.10.2025/4Z/100MEDIA/DSCF0835.JPG,DSCF0835.JPG,4Z/100MEDIA,0,Other_Amphibian,0.2308,2638.4,2245.8,2784.7,2409.3
/srv/shared_leopard_toad/2025/Documents/06.10-13.10.2025/4Z/100MEDIA/DSCF0348.JPG,DSCF0348.JPG,4Z/100MEDIA,0,Other_Amphibian,0.7085,2556.4,2312.3,2705.5,2541.2
/srv/shared_leopard_toad/2025/Documents/06.10-13.10.2025/4Z/100MEDIA/DSCF0348.JPG,DSCF0348.JPG,4Z/100MEDIA,0,Other_Amphibian,0.2218,796.5,1806.2,931.4,1974.1
/srv/shared_leopard_toad/2025/Documents/06.10-13.10.2025/4Z/100MEDIA/DSCF0078.JPG,DSCF0078.JPG,4Z/100MEDIA,0,Other_Amphibian,0.7025,2553.0,2313.3,2698.9,2539.2
/srv/shared_leopard_toad/2025/Documents/06.10-13.10.2025/4Z/100MEDIA/DSCF0244.JPG,DSCF0244.JPG,4Z/100MEDIA,0,Other_Amphibian,0.7463,2556.5,2309.0,2704.3,2540.7
/srv/shared_leopard_toad/2025/Documents/06.10-13.10.2025/4Z/100MEDIA/DSCF0217.JPG,DSCF0217.JPG,4Z/100MEDIA,0,Other_Amphibian,0.7549,2551.0,2311.9,2702.9,2539.5
/srv/shared_leopard_toad/2025/Documents/06.10-13.10.2025/4Z/100MEDIA/DSCF0242.JPG,DSCF0242.JPG,4Z/100MEDIA,0,Other_Amphibian,0.7474,2551.8,2312.7,2703.5,2538.9
/srv/shared_leopard_toad/2025/Documents/06.10-13.10.2025/4Z/100MEDIA/DSCF0156.JPG,DSCF0156.JPG,4Z/100MEDIA,0,Other_Amphibian,0.7788,2544.7,2311.3,2705.4,2539.7
/srv/shared_leopard_toad/2025/Documents/06.10-13.10.2025/4Z/100MEDIA/DSCF0094.JPG,DSCF0094.JPG,4Z/100MEDIA,0,Other_Amphibian,0.7257,2555.7,2314.5,2699.9,2539.9
/srv/shared_leopard_toad/2025/Documents/06.10-13.10.2025/4Z/100MEDIA/DSCF0190.JPG,DSCF0190.JPG,4Z/100MEDIA,0,Other_Amphibian,0.7611,1410.7,2474.1,1610.8,2707.2
/srv/shared_leopard_toad/2025/Documents/06.10-13.10.2025/4Z/100MEDIA/DSCF0190.JPG,DSCF0190.JPG,4Z/100MEDIA,0,Other_Amphibian,0.7521,2556.6,2305.9,2705.2,2539.9
/srv/shared_leopard_toad/2025/Documents/06.10-13.10.2025/4Z/100MEDIA/DSCF0383.JPG,DSCF0383.JPG,4Z/100MEDIA,0,Other_Amphibian,0.7195,2557.8,2306.0,2703.3,2540.1
/srv/shared_leopard_toad/2025/Documents/06.10-13.10.2025/4Z/100MEDIA/DSCF0383.JPG,DSCF0383.JPG,4Z/100MEDIA,0,Other_Amphibian,0.6601,2080.5,1692.0,2276.8,1854.0
/srv/shared_leopard_toad/2025/Documents/06.10-13.10.2025/4Z/100MEDIA/DSCF0047.JPG,DSCF0047.JPG,4Z/100MEDIA,0,Other_Amphibian,0.3071,224.8,630.1,351.4,787.4
/srv/shared_leopard_toad/2025/Documents/06.10-13.10.2025/4Z/100MEDIA/DSCF0213.JPG,DSCF0213.JPG,4Z/100MEDIA,0,Other_Amphibian,0.7315,2553.4,2307.7,2703.7,2541.0
/srv/shared_leopard_toad/2025/Documents/06.10-13.10.2025/4Z/100MEDIA/DSCF0935.JPG,DSCF0935.JPG,4Z/100MEDIA,0,Other_Amphibian,0.2773,2642.4,2245.7,2786.5,2409.3
/srv/shared_leopard_toad/2025/Documents/06.10-13.10.2025/4Z/100MEDIA/DSCF0055.JPG,DSCF0055.JPG,4Z/100MEDIA,0,Other_Amphibian,0.7435,2557.3,2320.9,2703.3,2549.2
/srv/shared_leopard_toad/2025/Documents/06.10-13.10.2025/4Z/100MEDIA/DSCF0400.JPG,DSCF0400.JPG,4Z/100MEDIA,0,Other_Amphibian,0.7331,2557.9,2305.6,2704.9,2538.6
/srv/shared_leopard_toad/2025/Documents/06.10-13.10.2025/4Z/100MEDIA/DSCF0926.JPG,DSCF0926.JPG,4Z/100MEDIA,0,Other_Amphibian,0.2851,2638.1,2244.3,2785.1,2409.3
/srv/shared_leopard_toad/2025/Documents/06.10-13.10.2025/4Z/100MEDIA/DSCF0658.JPG,DSCF0658.JPG,4Z/100MEDIA,0,Other_Amphibian,0.2505,2640.7,2245.8,2785.2,2409.0
/srv/shared_leopard_toad/2025/Documents/06.10-13.10.2025/4Z/100MEDIA/DSCF0606.JPG,DSCF0606.JPG,4Z/100MEDIA,0,Other_Amphibian,0.2318,2644.0,2246.4,2784.2,2408.2
/srv/shared_leopard_toad/2025/Documents/06.10-13.10.2025/4Z/100MEDIA/DSCF0197.JPG,DSCF0197.JPG,4Z/100MEDIA,0,Other_Amphibian,0.7121,2552.2,2310.3,2697.6,2541.0
/srv/shared_leopard_toad/2025/Documents/06.10-13.10.2025/4Z/100MEDIA/DSCF0064.JPG,DSCF0064.JPG,4Z/100MEDIA,0,Other_Amphibian,0.6860,2557.9,2336.7,2698.9,2548.4
/srv/shared_leopard_toad/2025/Documents/06.10-13.10.2025/4Z/100MEDIA/DSCF0351.JPG,DSCF0351.JPG,4Z/100MEDIA,0,Other_Amphibian,0.6523,2555.0,2313.6,2701.6,2540.3
/srv/shared_leopard_toad/2025/Documents/06.10-13.10.2025/4Z/100MEDIA/DSCF0225.JPG,DSCF0225.JPG,4Z/100MEDIA,0,Other_Amphibian,0.7838,2553.5,2307.1,2708.2,2540.4
/srv/shared_leopard_toad/2025/Documents/06.10-13.10.2025/4Z/100MEDIA/DSCF0354.JPG,DSCF0354.JPG,4Z/100MEDIA,0,Other_Amphibian,0.6909,2551.2,2308.0,2703.2,2539.5
/srv/shared_leopard_toad/2025/Documents/06.10-13.10.2025/4Z/100MEDIA/DSCF0272.JPG,DSCF0272.JPG,4Z/100MEDIA,0,Other_Amphibian,0.7658,2554.6,2308.3,2707.2,2539.3
/srv/shared_leopard_toad/2025/Documents/06.10-13.10.2025/4Z/100MEDIA/DSCF0459.JPG,DSCF0459.JPG,4Z/100MEDIA,0,Other_Amphibian,0.7121,2557.4,2310.1,2704.8,2539.9
/srv/shared_leopard_toad/2025/Documents/06.10-13.10.2025/4Z/100MEDIA/DSCF0620.JPG,DSCF0620.JPG,4Z/100MEDIA,0,Other_Amphibian,0.2521,2647.0,2245.6,2785.3,2407.0
/srv/shared_leopard_toad/2025/Documents/06.10-13.10.2025/4Z/100MEDIA/DSCF0746.JPG,DSCF0746.JPG,4Z/100MEDIA,0,Other_Amphibian,0.3059,2639.3,2244.4,2786.5,2407.7
/srv/shared_leopard_toad/2025/Documents/06.10-13.10.2025/4Z/100MEDIA/DSCF0763.JPG,DSCF0763.JPG,4Z/100MEDIA,0,Other_Amphibian,0.2941,2643.6,2245.1,2787.8,2409.0
/srv/shared_leopard_toad/2025/Documents/06.10-13.10.2025/4Z/100MEDIA/DSCF0224.JPG,DSCF0224.JPG,4Z/100MEDIA,0,Other_Amphibian,0.7753,2553.6,2301.1,2706.6,2541.2
/srv/shared_leopard_toad/2025/Documents/06.10-13.10.2025/4Z/100MEDIA/DSCF0081.JPG,DSCF0081.JPG,4Z/100MEDIA,0,Other_Amphibian,0.7709,2551.7,2309.8,2704.9,2539.9
/srv/shared_leopard_toad/2025/Documents/06.10-13.10.2025/4Z/100MEDIA/DSCF0016.JPG,DSCF0016.JPG,4Z/100MEDIA,0,Other_Amphibian,0.3796,780.8,1838.5,929.1,2112.5
/srv/shared_leopard_toad/2025/Documents/06.10-13.10.2025/4Z/100MEDIA/DSCF0016.JPG,DSCF0016.JPG,4Z/100MEDIA,0,Other_Amphibian,0.3340,801.7,1851.1,929.3,2001.5
/srv/shared_leopard_toad/2025/Documents/06.10-13.10.2025/4Z/100MEDIA/DSCF0016.JPG,DSCF0016.JPG,4Z/100MEDIA,0,Other_Amphibian,0.2512,222.1,636.8,368.0,796.8
/srv/shared_leopard_toad/2025/Documents/06.10-13.10.2025/4Z/100MEDIA/DSCF0241.JPG,DSCF0241.JPG,4Z/100MEDIA,0,Other_Amphibian,0.7308,2555.8,2313.8,2701.2,2539.7
/srv/shared_leopard_toad/2025/Documents/06.10-13.10.2025/4Z/100MEDIA/DSCF0101.JPG,DSCF0101.JPG,4Z/100MEDIA,0,Other_Amphibian,0.7597,2548.5,2308.8,2701.0,2539.6
/srv/shared_leopard_toad/2025/Documents/06.10-13.10.2025/4Z/100MEDIA/DSCF0029.JPG,DSCF0029.JPG,4Z/100MEDIA,0,Other_Amphibian,0.3568,784.5,1842.9,920.9,2108.1
/srv/shared_leopard_toad/2025/Documents/06.10-13.10.2025/4Z/100MEDIA/DSCF0029.JPG,DSCF0029.JPG,4Z/100MEDIA,0,Other_Amphibian,0.2284,801.5,1853.7,917.2,2011.2
/srv/shared_leopard_toad/2025/Documents/06.10-13.10.2025/4Z/100MEDIA/DSCF0728.JPG,DSCF0728.JPG,4Z/100MEDIA,0,Other_Amphibian,0.2795,2640.6,2246.1,2783.9,2408.5
/srv/shared_leopard_toad/2025/Documents/06.10-13.10.2025/4Z/100MEDIA/DSCF0664.JPG,DSCF0664.JPG,4Z/100MEDIA,0,Other_Amphibian,0.2080,2643.9,2246.1,2785.3,2408.0
/srv/shared_leopard_toad/2025/Documents/06.10-13.10.2025/4Z/100MEDIA/DSCF0468.JPG,DSCF0468.JPG,4Z/100MEDIA,0,Other_Amphibian,0.6914,2556.6,2312.0,2705.0,2541.0
/srv/shared_leopard_toad/2025/Documents/06.10-13.10.2025/4Z/100MEDIA/DSCF0105.JPG,DSCF0105.JPG,4Z/100MEDIA,0,Other_Amphibian,0.7534,2549.4,2310.4,2703.0,2539.5
/srv/shared_leopard_toad/2025/Documents/06.10-13.10.2025/4Z/100MEDIA/DSCF0116.JPG,DSCF0116.JPG,4Z/100MEDIA,0,Other_Amphibian,0.7971,2553.4,2307.4,2705.8,2541.0
/srv/shared_leopard_toad/2025/Documents/06.10-13.10.2025/4Z/100MEDIA/DSCF0865.JPG,DSCF0865.JPG,4Z/100MEDIA,0,Other_Amphibian,0.2751,2644.5,2245.1,2784.2,2408.3
/srv/shared_leopard_toad/2025/Documents/06.10-13.10.2025/4Z/100MEDIA/DSCF0085.JPG,DSCF0085.JPG,4Z/100MEDIA,0,Other_Amphibian,0.7716,2551.3,2307.3,2705.9,2541.3
/srv/shared_leopard_toad/2025/Documents/06.10-13.10.2025/4Z/100MEDIA/DSCF0808.JPG,DSCF0808.JPG,4Z/100MEDIA,0,Other_Amphibian,0.2423,2647.5,2245.7,2788.4,2409.0
/srv/shared_leopard_toad/2025/Documents/06.10-13.10.2025/4Z/100MEDIA/DSCF0987.JPG,DSCF0987.JPG,4Z/100MEDIA,0,Other_Amphibian,0.3331,2636.2,2245.2,2787.1,2408.7
/srv/shared_leopard_toad/2025/Documents/06.10-13.10.2025/4Z/100MEDIA/DSCF0800.JPG,DSCF0800.JPG,4Z/100MEDIA,0,Other_Amphibian,0.2689,2643.1,2245.3,2786.9,2407.5
/srv/shared_leopard_toad/2025/Documents/06.10-13.10.2025/4Z/100MEDIA/DSCF0367.JPG,DSCF0367.JPG,4Z/100MEDIA,0,Other_Amphibian,0.7493,2552.3,2306.6,2709.3,2541.1
/srv/shared_leopard_toad/2025/Documents/06.10-13.10.2025/4Z/100MEDIA/DSCF0832.JPG,DSCF0832.JPG,4Z/100MEDIA,0,Other_Amphibian,0.2887,2638.4,2244.6,2786.3,2408.1
/srv/shared_leopard_toad/2025/Documents/06.10-13.10.2025/4Z/100MEDIA/DSCF0331.JPG,DSCF0331.JPG,4Z/100MEDIA,0,Other_Amphibian,0.6965,2555.4,2307.7,2703.6,2540.5
/srv/shared_leopard_toad/2025/Documents/06.10-13.10.2025/4Z/100MEDIA/DSCF0082.JPG,DSCF0082.JPG,4Z/100MEDIA,0,Other_Amphibian,0.7813,2551.1,2307.1,2707.2,2540.6
/srv/shared_leopard_toad/2025/Documents/06.10-13.10.2025/4Z/100MEDIA/DSCF0990.JPG,DSCF0990.JPG,4Z/100MEDIA,0,Other_Amphibian,0.3120,2640.9,2244.4,2786.2,2407.8
/srv/shared_leopard_toad/2025/Documents/06.10-13.10.2025/4Z/100MEDIA/DSCF0941.JPG,DSCF0941.JPG,4Z/100MEDIA,0,Other_Amphibian,0.2508,2640.8,2247.4,2786.0,2409.7
/srv/shared_leopard_toad/2025/Documents/06.10-13.10.2025/4Z/100MEDIA/DSCF0602.JPG,DSCF0602.JPG,4Z/100MEDIA,0,Other_Amphibian,0.2129,2639.4,2245.8,2782.9,2410.3
/srv/shared_leopard_toad/2025/Documents/06.10-13.10.2025/4Z/100MEDIA/DSCF0688.JPG,DSCF0688.JPG,4Z/100MEDIA,0,Other_Amphibian,0.2332,2646.3,2245.7,2787.9,2409.3
/srv/shared_leopard_toad/2025/Documents/06.10-13.10.2025/4Z/100MEDIA/DSCF0688.JPG,DSCF0688.JPG,4Z/100MEDIA,0,Other_Amphibian,0.2288,2690.8,2427.5,2820.1,2555.9
/srv/shared_leopard_toad/2025/Documents/06.10-13.10.2025/4Z/100MEDIA/DSCF0347.JPG,DSCF0347.JPG,4Z/100MEDIA,0,Other_Amphibian,0.7161,2557.4,2307.3,2702.9,2540.4
/srv/shared_leopard_toad/2025/Documents/06.10-13.10.2025/4Z/100MEDIA/DSCF0109.JPG,DSCF0109.JPG,4Z/100MEDIA,0,Other_Amphibian,0.7899,2551.9,2306.6,2707.4,2540.4
/srv/shared_leopard_toad/2025/Documents/06.10-13.10.2025/4Z/100MEDIA/DSCF0357.JPG,DSCF0357.JPG,4Z/100MEDIA,0,Other_Amphibian,0.6933,2560.2,2311.5,2701.1,2540.3
/srv/shared_leopard_toad/2025/Documents/06.10-13.10.2025/4Z/100MEDIA/DSCF0843.JPG,DSCF0843.JPG,4Z/100MEDIA,0,Other_Amphibian,0.2752,2644.7,2243.9,2784.0,2408.1
/srv/shared_leopard_toad/2025/Documents/06.10-13.10.2025/4Z/100MEDIA/DSCF0309.JPG,DSCF0309.JPG,4Z/100MEDIA,0,Other_Amphibian,0.6918,2554.9,2309.8,2700.0,2540.3
/srv/shared_leopard_toad/2025/Documents/06.10-13.10.2025/4Z/100MEDIA/DSCF0910.JPG,DSCF0910.JPG,4Z/100MEDIA,0,Other_Amphibian,0.2032,2646.7,2244.8,2787.2,2409.6
/srv/shared_leopard_toad/2025/Documents/06.10-13.10.2025/4Z/100MEDIA/DSCF0497.JPG,DSCF0497.JPG,4Z/100MEDIA,0,Other_Amphibian,0.6080,2555.7,2309.6,2704.6,2540.5
/srv/shared_leopard_toad/2025/Documents/06.10-13.10.2025/4Z/100MEDIA/DSCF0340.JPG,DSCF0340.JPG,4Z/100MEDIA,0,Other_Amphibian,0.6297,2552.6,2313.1,2707.3,2539.2
/srv/shared_leopard_toad/2025/Documents/06.10-13.10.2025/4Z/100MEDIA/DSCF0340.JPG,DSCF0340.JPG,4Z/100MEDIA,0,Other_Amphibian,0.5471,773.6,1803.6,932.7,1976.9
/srv/shared_leopard_toad/2025/Documents/06.10-13.10.2025/4Z/100MEDIA/DSCF0460.JPG,DSCF0460.JPG,4Z/100MEDIA,0,Other_Amphibian,0.6944,2559.1,2307.2,2703.5,2541.4
/srv/shared_leopard_toad/2025/Documents/06.10-13.10.2025/4Z/100MEDIA/DSCF0855.JPG,DSCF0855.JPG,4Z/100MEDIA,0,Other_Amphibian,0.3065,2642.2,2242.7,2787.8,2408.1
/srv/shared_leopard_toad/2025/Documents/06.10-13.10.2025/4Z/100MEDIA/DSCF0024.JPG,DSCF0024.JPG,4Z/100MEDIA,0,Other_Amphibian,0.3138,785.1,1836.4,933.3,2115.9
/srv/shared_leopard_toad/2025/Documents/06.10-13.10.2025/4Z/100MEDIA/DSCF0024.JPG,DSCF0024.JPG,4Z/100MEDIA,2,Western_Leopard_Toad,0.2339,2449.2,-0.8,3182.5,600.6
/srv/shared_leopard_toad/2025/Documents/06.10-13.10.2025/4Z/100MEDIA/DSCF0852.JPG,DSCF0852.JPG,4Z/100MEDIA,0,Other_Amphibian,0.3222,2638.8,2244.3,2786.6,2408.0
/srv/shared_leopard_toad/2025/Documents/06.10-13.10.2025/4Z/100MEDIA/DSCF0318.JPG,DSCF0318.JPG,4Z/100MEDIA,0,Other_Amphibian,0.7509,2547.7,2308.4,2703.6,2539.0
/srv/shared_leopard_toad/2025/Documents/06.10-13.10.2025/4Z/100MEDIA/DSCF0939.JPG,DSCF0939.JPG,4Z/100MEDIA,0,Other_Amphibian,0.2248,2632.4,2245.9,2784.7,2411.5
/srv/shared_leopard_toad/2025/Documents/06.10-13.10.2025/4Z/100MEDIA/DSCF0939.JPG,DSCF0939.JPG,4Z/100MEDIA,0,Other_Amphibian,0.2024,2691.3,2426.4,2819.2,2553.8
/srv/shared_leopard_toad/2025/Documents/06.10-13.10.2025/4Z/100MEDIA/DSCF0392.JPG,DSCF0392.JPG,4Z/100MEDIA,0,Other_Amphibian,0.7514,2558.5,2305.8,2708.2,2540.0
/srv/shared_leopard_toad/2025/Documents/06.10-13.10.2025/4Z/100MEDIA/DSCF0493.JPG,DSCF0493.JPG,4Z/100MEDIA,0,Other_Amphibian,0.6917,2556.9,2307.3,2704.5,2541.4
/srv/shared_leopard_toad/2025/Documents/06.10-13.10.2025/4Z/100MEDIA/DSCF0617.JPG,DSCF0617.JPG,4Z/100MEDIA,0,Other_Amphibian,0.2917,2645.1,2245.2,2785.9,2407.3
/srv/shared_leopard_toad/2025/Documents/06.10-13.10.2025/4Z/100MEDIA/DSCF0235.JPG,DSCF0235.JPG,4Z/100MEDIA,0,Other_Amphibian,0.7422,2552.6,2313.7,2705.9,2540.0
/srv/shared_leopard_toad/2025/Documents/06.10-13.10.2025/4Z/100MEDIA/DSCF0671.JPG,DSCF0671.JPG,4Z/100MEDIA,0,Other_Amphibian,0.2802,2640.9,2244.6,2786.1,2409.8
/srv/shared_leopard_toad/2025/Documents/06.10-13.10.2025/4Z/100MEDIA/DSCF0328.JPG,DSCF0328.JPG,4Z/100MEDIA,0,Other_Amphibian,0.6831,2549.0,2309.4,2707.3,2541.4
/srv/shared_leopard_toad/2025/Documents/06.10-13.10.2025/4Z/100MEDIA/DSCF0202.JPG,DSCF0202.JPG,4Z/100MEDIA,0,Other_Amphibian,0.7491,2556.4,2309.2,2704.4,2540.3
/srv/shared_leopard_toad/2025/Documents/06.10-13.10.2025/4Z/100MEDIA/DSCF0595.JPG,DSCF0595.JPG,4Z/100MEDIA,0,Other_Amphibian,0.2301,2640.3,2245.6,2790.0,2410.4
/srv/shared_leopard_toad/2025/Documents/06.10-13.10.2025/4Z/100MEDIA/DSCF0226.JPG,DSCF0226.JPG,4Z/100MEDIA,0,Other_Amphibian,0.7509,2553.5,2309.4,2703.3,2541.5
/srv/shared_leopard_toad/2025/Documents/06.10-13.10.2025/4Z/100MEDIA/DSCF0310.JPG,DSCF0310.JPG,4Z/100MEDIA,0,Other_Amphibian,0.7051,2557.7,2311.6,2704.2,2540.5
/srv/shared_leopard_toad/2025/Documents/06.10-13.10.2025/4Z/100MEDIA/DSCF0374.JPG,DSCF0374.JPG,4Z/100MEDIA,0,Other_Amphibian,0.7337,2556.8,2310.2,2708.5,2539.6
/srv/shared_leopard_toad/2025/Documents/06.10-13.10.2025/4Z/100MEDIA/DSCF0371.JPG,DSCF0371.JPG,4Z/100MEDIA,0,Other_Amphibian,0.7167,2558.4,2308.1,2702.5,2540.3
/srv/shared_leopard_toad/2025/Documents/06.10-13.10.2025/4Z/100MEDIA/DSCF0701.JPG,DSCF0701.JPG,4Z/100MEDIA,0,Other_Amphibian,0.3481,2634.1,2246.5,2784.8,2408.9
/srv/shared_leopard_toad/2025/Documents/06.10-13.10.2025/4Z/100MEDIA/DSCF0317.JPG,DSCF0317.JPG,4Z/100MEDIA,0,Other_Amphibian,0.7362,2554.3,2307.9,2703.1,2539.1
/srv/shared_leopard_toad/2025/Documents/06.10-13.10.2025/4Z/100MEDIA/DSCF0317.JPG,DSCF0317.JPG,4Z/100MEDIA,0,Other_Amphibian,0.2969,774.3,1809.4,931.0,1979.2
/srv/shared_leopard_toad/2025/Documents/06.10-13.10.2025/4Z/100MEDIA/DSCF0210.JPG,DSCF0210.JPG,4Z/100MEDIA,0,Other_Amphibian,0.6893,2554.7,2319.5,2704.7,2539.9
/srv/shared_leopard_toad/2025/Documents/06.10-13.10.2025/4Z/100MEDIA/DSCF0234.JPG,DSCF0234.JPG,4Z/100MEDIA,0,Other_Amphibian,0.7620,2554.3,2310.5,2703.2,2540.1
/srv/shared_leopard_toad/2025/Documents/06.10-13.10.2025/4Z/100MEDIA/DSCF0893.JPG,DSCF0893.JPG,4Z/100MEDIA,0,Other_Amphibian,0.2297,2640.5,2245.0,2784.3,2408.3
/srv/shared_leopard_toad/2025/Documents/06.10-13.10.2025/4Z/100MEDIA/DSCF0860.JPG,DSCF0860.JPG,4Z/100MEDIA,0,Other_Amphibian,0.3055,2637.7,2244.8,2786.5,2409.5
/srv/shared_leopard_toad/2025/Documents/06.10-13.10.2025/4Z/100MEDIA/DSCF0465.JPG,DSCF0465.JPG,4Z/100MEDIA,0,Other_Amphibian,0.6689,2557.4,2306.7,2701.8,2540.3
/srv/shared_leopard_toad/2025/Documents/06.10-13.10.2025/4Z/100MEDIA/DSCF0270.JPG,DSCF0270.JPG,4Z/100MEDIA,0,Other_Amphibian,0.7220,2551.8,2307.1,2702.7,2540.4
/srv/shared_leopard_toad/2025/Documents/06.10-13.10.2025/4Z/100MEDIA/DSCF0270.JPG,DSCF0270.JPG,4Z/100MEDIA,0,Other_Amphibian,0.3033,3174.1,2071.2,3390.0,2251.3
/srv/shared_leopard_toad/2025/Documents/06.10-13.10.2025/4Z/100MEDIA/DSCF0090.JPG,DSCF0090.JPG,4Z/100MEDIA,0,Other_Amphibian,0.7768,2554.6,2302.8,2702.8,2539.9
/srv/shared_leopard_toad/2025/Documents/06.10-13.10.2025/4Z/100MEDIA/DSCF0450.JPG,DSCF0450.JPG,4Z/100MEDIA,0,Other_Amphibian,0.6659,2555.6,2308.0,2704.4,2542.3
/srv/shared_leopard_toad/2025/Documents/06.10-13.10.2025/4Z/100MEDIA/DSCF0677.JPG,DSCF0677.JPG,4Z/100MEDIA,0,Other_Amphibian,0.3871,2634.3,2245.1,2786.2,2408.3
/srv/shared_leopard_toad/2025/Documents/06.10-13.10.2025/4Z/100MEDIA/DSCF0884.JPG,DSCF0884.JPG,4Z/100MEDIA,0,Other_Amphibian,0.3394,2635.9,2244.1,2788.0,2409.0
/srv/shared_leopard_toad/2025/Documents/06.10-13.10.2025/4Z/100MEDIA/DSCF0356.JPG,DSCF0356.JPG,4Z/100MEDIA,0,Other_Amphibian,0.7466,2555.7,2306.1,2705.0,2540.9
/srv/shared_leopard_toad/2025/Documents/06.10-13.10.2025/4Z/100MEDIA/DSCF0444.JPG,DSCF0444.JPG,4Z/100MEDIA,0,Other_Amphibian,0.6599,2558.6,2309.3,2703.0,2540.7
/srv/shared_leopard_toad/2025/Documents/06.10-13.10.2025/4Z/100MEDIA/DSCF0638.JPG,DSCF0638.JPG,4Z/100MEDIA,0,Other_Amphibian,0.2623,2646.1,2244.5,2787.7,2410.4
/srv/shared_leopard_toad/2025/Documents/06.10-13.10.2025/4Z/100MEDIA/DSCF0485.JPG,DSCF0485.JPG,4Z/100MEDIA,0,Other_Amphibian,0.6565,2558.2,2309.6,2704.4,2541.0
/srv/shared_leopard_toad/2025/Documents/06.10-13.10.2025/4Z/100MEDIA/DSCF0236.JPG,DSCF0236.JPG,4Z/100MEDIA,0,Other_Amphibian,0.7460,2553.5,2306.0,2701.1,2540.4
/srv/shared_leopard_toad/2025/Documents/06.10-13.10.2025/4Z/100MEDIA/DSCF0322.JPG,DSCF0322.JPG,4Z/100MEDIA,0,Other_Amphibian,0.7196,2556.6,2307.2,2706.3,2540.3
/srv/shared_leopard_toad/2025/Documents/06.10-13.10.2025/4Z/100MEDIA/DSCF0084.JPG,DSCF0084.JPG,4Z/100MEDIA,0,Other_Amphibian,0.7652,2548.1,2304.6,2699.2,2539.2
/srv/shared_leopard_toad/2025/Documents/06.10-13.10.2025/4Z/100MEDIA/DSCF0124.JPG,DSCF0124.JPG,4Z/100MEDIA,0,Other_Amphibian,0.7572,2554.5,2311.8,2701.8,2539.5
/srv/shared_leopard_toad/2025/Documents/06.10-13.10.2025/4Z/100MEDIA/DSCF0138.JPG,DSCF0138.JPG,4Z/100MEDIA,0,Other_Amphibian,0.7500,2553.5,2304.3,2699.9,2539.1
/srv/shared_leopard_toad/2025/Documents/06.10-13.10.2025/4Z/100MEDIA/DSCF0014.JPG,DSCF0014.JPG,4Z/100MEDIA,0,Other_Amphibian,0.4720,781.6,1834.9,934.6,2119.2
/srv/shared_leopard_toad/2025/Documents/06.10-13.10.2025/4Z/100MEDIA/DSCF0014.JPG,DSCF0014.JPG,4Z/100MEDIA,0,Other_Amphibian,0.4230,799.2,1849.3,930.0,2004.7
/srv/shared_leopard_toad/2025/Documents/06.10-13.10.2025/4Z/100MEDIA/DSCF0014.JPG,DSCF0014.JPG,4Z/100MEDIA,2,Western_Leopard_Toad,0.2147,2436.1,1.3,3172.2,629.6
/srv/shared_leopard_toad/2025/Documents/06.10-13.10.2025/4Z/100MEDIA/DSCF0836.JPG,DSCF0836.JPG,4Z/100MEDIA,0,Other_Amphibian,0.2171,2644.8,2246.5,2785.7,2408.2
/srv/shared_leopard_toad/2025/Documents/06.10-13.10.2025/4Z/100MEDIA/DSCF0520.JPG,DSCF0520.JPG,4Z/100MEDIA,0,Other_Amphibian,0.2576,2693.1,2426.3,2822.0,2557.2
/srv/shared_leopard_toad/2025/Documents/06.10-13.10.2025/4Z/100MEDIA/DSCF0520.JPG,DSCF0520.JPG,4Z/100MEDIA,0,Other_Amphibian,0.2164,2641.3,2247.2,2787.4,2411.0
/srv/shared_leopard_toad/2025/Documents/06.10-13.10.2025/4Z/100MEDIA/DSCF0200.JPG,DSCF0200.JPG,4Z/100MEDIA,0,Other_Amphibian,0.7814,2556.6,2304.0,2704.6,2539.7
/srv/shared_leopard_toad/2025/Documents/06.10-13.10.2025/4Z/100MEDIA/DSCF0744.JPG,DSCF0744.JPG,4Z/100MEDIA,0,Other_Amphibian,0.3804,2637.6,2243.3,2787.6,2406.8
/srv/shared_leopard_toad/2025/Documents/06.10-13.10.2025/4Z/100MEDIA/DSCF0359.JPG,DSCF0359.JPG,4Z/100MEDIA,0,Other_Amphibian,0.7177,2556.2,2305.8,2704.4,2540.4
/srv/shared_leopard_toad/2025/Documents/06.10-13.10.2025/4Z/100MEDIA/DSCF0009.JPG,DSCF0009.JPG,4Z/100MEDIA,0,Other_Amphibian,0.5065,795.5,1859.6,920.9,1999.7
/srv/shared_leopard_toad/2025/Documents/06.10-13.10.2025/4Z/100MEDIA/DSCF0950.JPG,DSCF0950.JPG,4Z/100MEDIA,0,Other_Amphibian,0.3456,2633.1,2245.3,2785.8,2408.6
/srv/shared_leopard_toad/2025/Documents/06.10-13.10.2025/4Z/100MEDIA/DSCF0447.JPG,DSCF0447.JPG,4Z/100MEDIA,0,Other_Amphibian,0.6781,2558.7,2309.7,2703.7,2541.0
/srv/shared_leopard_toad/2025/Documents/06.10-13.10.2025/4Z/100MEDIA/DSCF0702.JPG,DSCF0702.JPG,4Z/100MEDIA,0,Other_Amphibian,0.3283,2642.4,2244.7,2787.7,2408.6
/srv/shared_leopard_toad/2025/Documents/06.10-13.10.2025/4Z/100MEDIA/DSCF0140.JPG,DSCF0140.JPG,4Z/100MEDIA,0,Other_Amphibian,0.6321,2550.8,2322.5,2698.5,2538.6
/srv/shared_leopard_toad/2025/Documents/06.10-13.10.2025/4Z/100MEDIA/DSCF0243.JPG,DSCF0243.JPG,4Z/100MEDIA,0,Other_Amphibian,0.7694,2551.3,2304.0,2703.7,2540.5
/srv/shared_leopard_toad/2025/Documents/06.10-13.10.2025/4Z/100MEDIA/DSCF0717.JPG,DSCF0717.JPG,4Z/100MEDIA,0,Other_Amphibian,0.2538,2641.7,2245.6,2784.8,2409.4
/srv/shared_leopard_toad/2025/Documents/06.10-13.10.2025/4Z/100MEDIA/DSCF0717.JPG,DSCF0717.JPG,4Z/100MEDIA,0,Other_Amphibian,0.2179,2690.9,2425.6,2821.3,2559.4
/srv/shared_leopard_toad/2025/Documents/06.10-13.10.2025/4Z/100MEDIA/DSCF0410.JPG,DSCF0410.JPG,4Z/100MEDIA,0,Other_Amphibian,0.7169,2553.7,2307.3,2703.8,2540.6
/srv/shared_leopard_toad/2025/Documents/06.10-13.10.2025/4Z/100MEDIA/DSCF0579.JPG,DSCF0579.JPG,4Z/100MEDIA,0,Other_Amphibian,0.3357,2635.9,2244.7,2783.4,2407.6
/srv/shared_leopard_toad/2025/Documents/06.10-13.10.2025/4Z/100MEDIA/DSCF0506.JPG,DSCF0506.JPG,4Z/100MEDIA,0,Other_Amphibian,0.6594,2560.0,2304.0,2701.9,2539.8
/srv/shared_leopard_toad/2025/Documents/06.10-13.10.2025/4Z/100MEDIA/DSCF0361.JPG,DSCF0361.JPG,4Z/100MEDIA,0,Other_Amphibian,0.6596,2556.4,2311.7,2699.3,2540.4
/srv/shared_leopard_toad/2025/Documents/06.10-13.10.2025/4Z/100MEDIA/DSCF0201.JPG,DSCF0201.JPG,4Z/100MEDIA,0,Other_Amphibian,0.7249,2555.3,2314.0,2702.6,2540.0
/srv/shared_leopard_toad/2025/Documents/06.10-13.10.2025/4Z/100MEDIA/DSCF0642.JPG,DSCF0642.JPG,4Z/100MEDIA,0,Other_Amphibian,0.2768,2646.9,2244.9,2784.4,2406.4
/srv/shared_leopard_toad/2025/Documents/06.10-13.10.2025/4Z/100MEDIA/DSCF0762.JPG,DSCF0762.JPG,4Z/100MEDIA,0,Other_Amphibian,0.2337,2641.0,2244.7,2783.3,2409.5
/srv/shared_leopard_toad/2025/Documents/06.10-13.10.2025/4Z/100MEDIA/DSCF0992.JPG,DSCF0992.JPG,4Z/100MEDIA,0,Other_Amphibian,0.2545,2641.1,2247.1,2786.2,2408.9
/srv/shared_leopard_toad/2025/Documents/06.10-13.10.2025/4Z/100MEDIA/DSCF0513.JPG,DSCF0513.JPG,4Z/100MEDIA,0,Other_Amphibian,0.6656,2554.8,2310.9,2704.3,2539.2
/srv/shared_leopard_toad/2025/Documents/06.10-13.10.2025/4Z/100MEDIA/DSCF0707.JPG,DSCF0707.JPG,4Z/100MEDIA,0,Other_Amphibian,0.2109,2645.2,2246.5,2785.2,2408.6
