image_path,image_name,subfolder,class_id,class_name,confidence,xmin,ymin,xmax,ymax
/srv/shared_leopard_toad/2024/26.09.2024/3Z/107MEDIA/DSCF0404.JPG,DSCF0404.JPG,3Z/107MEDIA,0,Other_Amphibian,0.4060,1936.8,524.8,2204.3,843.7
/srv/shared_leopard_toad/2024/26.09.2024/3Z/107MEDIA/DSCF0107.JPG,DSCF0107.JPG,3Z/107MEDIA,0,Other_Amphibian,0.2889,1940.1,525.1,2196.7,839.1
/srv/shared_leopard_toad/2024/26.09.2024/3Z/107MEDIA/DSCF0553.JPG,DSCF0553.JPG,3Z/107MEDIA,0,Other_Amphibian,0.3293,1939.5,534.3,2193.8,839.5
/srv/shared_leopard_toad/2024/26.09.2024/3Z/107MEDIA/DSCF0699.JPG,DSCF0699.JPG,3Z/107MEDIA,0,Other_Amphibian,0.4007,1936.9,528.8,2203.0,840.0
/srv/shared_leopard_toad/2024/26.09.2024/3Z/107MEDIA/DSCF0559.JPG,DSCF0559.JPG,3Z/107MEDIA,0,Other_Amphibian,0.2367,1942.2,525.7,2210.4,839.7
/srv/shared_leopard_toad/2024/26.09.2024/3Z/107MEDIA/DSCF0366.JPG,DSCF0366.JPG,3Z/107MEDIA,0,Other_Amphibian,0.5238,1938.6,541.1,2183.5,840.8
/srv/shared_leopard_toad/2024/26.09.2024/3Z/107MEDIA/DSCF0979.JPG,DSCF0979.JPG,3Z/107MEDIA,2,Western_Leopard_Toad,0.8592,0.0,0.0,864.0,624.7
/srv/shared_leopard_toad/2024/26.09.2024/3Z/107MEDIA/DSCF0670.JPG,DSCF0670.JPG,3Z/107MEDIA,0,Other_Amphibian,0.6469,1939.9,537.7,2188.6,842.0
/srv/shared_leopard_toad/2024/26.09.2024/3Z/107MEDIA/DSCF0256.JPG,DSCF0256.JPG,3Z/107MEDIA,0,Other_Amphibian,0.3075,1934.8,523.7,2209.0,840.7
/srv/shared_leopard_toad/2024/26.09.2024/3Z/107MEDIA/DSCF0380.JPG,DSCF0380.JPG,3Z/107MEDIA,0,Other_Amphibian,0.2317,1936.8,532.7,2208.1,840.9
/srv/shared_leopard_toad/2024/26.09.2024/3Z/107MEDIA/DSCF0409.JPG,DSCF0409.JPG,3Z/107MEDIA,0,Other_Amphibian,0.4124,1937.3,527.3,2212.8,842.8
/srv/shared_leopard_toad/2024/26.09.2024/3Z/107MEDIA/DSCF0184.JPG,DSCF0184.JPG,3Z/107MEDIA,0,Other_Amphibian,0.3959,1938.6,529.6,2204.5,841.5
/srv/shared_leopard_toad/2024/26.09.2024/3Z/107MEDIA/DSCF0373.JPG,DSCF0373.JPG,3Z/107MEDIA,0,Other_Amphibian,0.2074,1939.3,529.9,2211.4,841.8
/srv/shared_leopard_toad/2024/26.09.2024/3Z/107MEDIA/DSCF0426.JPG,DSCF0426.JPG,3Z/107MEDIA,0,Other_Amphibian,0.2145,1941.8,522.7,2213.3,840.4
/srv/shared_leopard_toad/2024/26.09.2024/3Z/107MEDIA/DSCF0290.JPG,DSCF0290.JPG,3Z/107MEDIA,0,Other_Amphibian,0.2143,1941.7,528.9,2200.4,844.0
/srv/shared_leopard_toad/2024/26.09.2024/3Z/107MEDIA/DSCF0165.JPG,DSCF0165.JPG,3Z/107MEDIA,0,Other_Amphibian,0.2789,1942.7,534.5,2191.2,836.7
/srv/shared_leopard_toad/2024/26.09.2024/3Z/107MEDIA/DSCF0248.JPG,DSCF0248.JPG,3Z/107MEDIA,0,Other_Amphibian,0.2672,1938.7,529.2,2208.7,841.8
/srv/shared_leopard_toad/2024/26.09.2024/3Z/107MEDIA/DSCF0053.JPG,DSCF0053.JPG,3Z/107MEDIA,0,Other_Amphibian,0.2052,1937.0,526.9,2211.5,843.6
/srv/shared_leopard_toad/2024/26.09.2024/3Z/107MEDIA/DSCF0268.JPG,DSCF0268.JPG,3Z/107MEDIA,0,Other_Amphibian,0.3820,1941.8,531.5,2200.9,842.4
/srv/shared_leopard_toad/2024/26.09.2024/3Z/107MEDIA/DSCF0683.JPG,DSCF0683.JPG,3Z/107MEDIA,0,Other_Amphibian,0.6509,1939.5,532.3,2216.0,840.6
/srv/shared_leopard_toad/2024/26.09.2024/3Z/107MEDIA/DSCF0635.JPG,DSCF0635.JPG,3Z/107MEDIA,0,Other_Amphibian,0.7035,1941.6,541.5,2190.3,838.6
/srv/shared_leopard_toad/2024/26.09.2024/3Z/107MEDIA/DSCF0030.JPG,DSCF0030.JPG,3Z/107MEDIA,0,Other_Amphibian,0.4839,1938.5,531.2,2207.7,841.8
/srv/shared_leopard_toad/2024/26.09.2024/3Z/107MEDIA/DSCF0660.JPG,DSCF0660.JPG,3Z/107MEDIA,0,Other_Amphibian,0.3985,1938.0,530.4,2214.8,840.2
/srv/shared_leopard_toad/2024/26.09.2024/3Z/107MEDIA/DSCF0500.JPG,DSCF0500.JPG,3Z/107MEDIA,0,Other_Amphibian,0.3458,1939.8,536.3,2203.9,843.1
/srv/shared_leopard_toad/2024/26.09.2024/3Z/107MEDIA/DSCF0086.JPG,DSCF0086.JPG,3Z/107MEDIA,0,Other_Amphibian,0.2746,1944.2,530.7,2206.2,840.3
/srv/shared_leopard_toad/2024/26.09.2024/3Z/107MEDIA/DSCF0338.JPG,DSCF0338.JPG,3Z/107MEDIA,0,Other_Amphibian,0.6431,1942.6,535.5,2207.8,840.5
/srv/shared_leopard_toad/2024/26.09.2024/3Z/107MEDIA/DSCF0050.JPG,DSCF0050.JPG,3Z/107MEDIA,0,Other_Amphibian,0.5557,1941.4,534.0,2196.2,842.3
/srv/shared_leopard_toad/2024/26.09.2024/3Z/107MEDIA/DSCF0314.JPG,DSCF0314.JPG,3Z/107MEDIA,0,Other_Amphibian,0.3754,1939.4,532.0,2208.2,840.6
/srv/shared_leopard_toad/2024/26.09.2024/3Z/107MEDIA/DSCF0232.JPG,DSCF0232.JPG,3Z/107MEDIA,0,Other_Amphibian,0.4010,1940.5,529.5,2211.6,843.0
/srv/shared_leopard_toad/2024/26.09.2024/3Z/107MEDIA/DSCF0229.JPG,DSCF0229.JPG,3Z/107MEDIA,0,Other_Amphibian,0.5134,1940.3,531.5,2211.8,842.0
/srv/shared_leopard_toad/2024/26.09.2024/3Z/107MEDIA/DSCF0470.JPG,DSCF0470.JPG,3Z/107MEDIA,0,Other_Amphibian,0.4210,1940.8,535.2,2212.8,839.8
/srv/shared_leopard_toad/2024/26.09.2024/3Z/107MEDIA/DSCF0265.JPG,DSCF0265.JPG,3Z/107MEDIA,0,Other_Amphibian,0.4739,1941.5,528.1,2217.9,841.1
/srv/shared_leopard_toad/2024/26.09.2024/3Z/107MEDIA/DSCF0198.JPG,DSCF0198.JPG,3Z/107MEDIA,0,Other_Amphibian,0.6965,1939.6,531.9,2200.8,841.2
/srv/shared_leopard_toad/2024/26.09.2024/3Z/107MEDIA/DSCF0546.JPG,DSCF0546.JPG,3Z/107MEDIA,0,Other_Amphibian,0.3151,1935.6,525.6,2212.4,839.4
/srv/shared_leopard_toad/2024/26.09.2024/3Z/107MEDIA/DSCF0028.JPG,DSCF0028.JPG,3Z/107MEDIA,0,Other_Amphibian,0.3691,1939.5,531.3,2207.8,843.1
/srv/shared_leopard_toad/2024/26.09.2024/3Z/107MEDIA/DSCF0080.JPG,DSCF0080.JPG,3Z/107MEDIA,0,Other_Amphibian,0.2107,1940.4,535.4,2200.6,838.7
/srv/shared_leopard_toad/2024/26.09.2024/3Z/107MEDIA/DSCF0306.JPG,DSCF0306.JPG,3Z/107MEDIA,0,Other_Amphibian,0.2418,1943.0,532.6,2202.8,842.7
/srv/shared_leopard_toad/2024/26.09.2024/3Z/107MEDIA/DSCF0453.JPG,DSCF0453.JPG,3Z/107MEDIA,0,Other_Amphibian,0.5400,1939.3,529.9,2204.0,839.7
/srv/shared_leopard_toad/2024/26.09.2024/3Z/107MEDIA/DSCF0397.JPG,DSCF0397.JPG,3Z/107MEDIA,0,Other_Amphibian,0.2509,1938.0,528.2,2201.5,842.0
/srv/shared_leopard_toad/2024/26.09.2024/3Z/107MEDIA/DSCF0452.JPG,DSCF0452.JPG,3Z/107MEDIA,0,Other_Amphibian,0.3591,1938.5,529.7,2201.5,841.0
/srv/shared_leopard_toad/2024/26.09.2024/3Z/107MEDIA/DSCF0004.JPG,DSCF0004.JPG,3Z/107MEDIA,0,Other_Amphibian,0.2002,1942.8,533.7,2202.7,841.1
/srv/shared_leopard_toad/2024/26.09.2024/3Z/107MEDIA/DSCF0115.JPG,DSCF0115.JPG,3Z/107MEDIA,0,Other_Amphibian,0.2156,1932.5,530.2,2203.4,843.0
/srv/shared_leopard_toad/2024/26.09.2024/3Z/107MEDIA/DSCF0401.JPG,DSCF0401.JPG,3Z/107MEDIA,0,Other_Amphibian,0.2826,1943.2,530.4,2199.3,837.3
/srv/shared_leopard_toad/2024/26.09.2024/3Z/107MEDIA/DSCF0010.JPG,DSCF0010.JPG,3Z/107MEDIA,0,Other_Amphibian,0.2250,1940.2,528.4,2209.8,842.5
/srv/shared_leopard_toad/2024/26.09.2024/3Z/107MEDIA/DSCF0217.JPG,DSCF0217.JPG,3Z/107MEDIA,0,Other_Amphibian,0.2049,1940.0,525.1,2204.6,843.6
/srv/shared_leopard_toad/2024/26.09.2024/3Z/107MEDIA/DSCF0242.JPG,DSCF0242.JPG,3Z/107MEDIA,0,Other_Amphibian,0.2991,1944.7,534.4,2208.7,840.6
/srv/shared_leopard_toad/2024/26.09.2024/3Z/107MEDIA/DSCF0926.JPG,DSCF0926.JPG,3Z/107MEDIA,2,Western_Leopard_Toad,0.3024,9.1,0.0,846.7,621.1
/srv/shared_leopard_toad/2024/26.09.2024/3Z/107MEDIA/DSCF0354.JPG,DSCF0354.JPG,3Z/107MEDIA,0,Other_Amphibian,0.3275,1945.3,528.2,2218.5,839.4
/srv/shared_leopard_toad/2024/26.09.2024/3Z/107MEDIA/DSCF0367.JPG,DSCF0367.JPG,3Z/107MEDIA,0,Other_Amphibian,0.3274,1937.6,537.0,2198.0,843.4
/srv/shared_leopard_toad/2024/26.09.2024/3Z/107MEDIA/DSCF0493.JPG,DSCF0493.JPG,3Z/107MEDIA,0,Other_Amphibian,0.3824,1936.6,535.5,2204.9,839.1
/srv/shared_leopard_toad/2024/26.09.2024/3Z/107MEDIA/DSCF0604.JPG,DSCF0604.JPG,3Z/107MEDIA,0,Other_Amphibian,0.2049,1939.9,532.0,2192.8,841.9
/srv/shared_leopard_toad/2024/26.09.2024/3Z/107MEDIA/DSCF0356.JPG,DSCF0356.JPG,3Z/107MEDIA,0,Other_Amphibian,0.3586,1944.5,531.1,2209.3,842.1
/srv/shared_leopard_toad/2024/26.09.2024/3Z/107MEDIA/DSCF0485.JPG,DSCF0485.JPG,3Z/107MEDIA,0,Other_Amphibian,0.6768,1940.7,528.4,2206.0,843.4
/srv/shared_leopard_toad/2024/26.09.2024/3Z/102MEDIA/DSCF0767.JPG,DSCF0767.JPG,3Z/102MEDIA,2,Western_Leopard_Toad,0.3672,4063.9,946.2,4351.6,1336.3
/srv/shared_leopard_toad/2024/26.09.2024/3Z/108MEDIA/DSCF0982.JPG,DSCF0982.JPG,3Z/108MEDIA,0,Other_Amphibian,0.2039,3237.6,1365.6,3509.6,1590.5
/srv/shared_leopard_toad/2024/26.09.2024/3Z/108MEDIA/DSCF0900.JPG,DSCF0900.JPG,3Z/108MEDIA,0,Other_Amphibian,0.2691,3233.3,1374.0,3510.2,1593.2
/srv/shared_leopard_toad/2024/26.09.2024/3Z/108MEDIA/DSCF0885.JPG,DSCF0885.JPG,3Z/108MEDIA,0,Other_Amphibian,0.2472,3236.2,1375.4,3505.4,1590.6
/srv/shared_leopard_toad/2024/26.09.2024/3Z/108MEDIA/DSCF0181.JPG,DSCF0181.JPG,3Z/108MEDIA,2,Western_Leopard_Toad,0.4511,26.2,0.0,849.9,616.8
/srv/shared_leopard_toad/2024/26.09.2024/3Z/108MEDIA/DSCF0098.JPG,DSCF0098.JPG,3Z/108MEDIA,0,Other_Amphibian,0.2012,1939.1,528.4,2212.2,840.2
/srv/shared_leopard_toad/2024/26.09.2024/3Z/108MEDIA/DSCF0170.JPG,DSCF0170.JPG,3Z/108MEDIA,0,Other_Amphibian,0.2408,1937.6,531.9,2199.3,842.2
/srv/shared_leopard_toad/2024/26.09.2024/3Z/108MEDIA/DSCF0037.JPG,DSCF0037.JPG,3Z/108MEDIA,2,Western_Leopard_Toad,0.4001,32.8,0.0,842.6,617.0
/srv/shared_leopard_toad/2024/26.09.2024/3Z/108MEDIA/DSCF0085.JPG,DSCF0085.JPG,3Z/108MEDIA,2,Western_Leopard_Toad,0.6654,13.2,0.0,847.5,623.2
/srv/shared_leopard_toad/2024/26.09.2024/3Z/101MEDIA/DSCF0404.JPG,DSCF0404.JPG,3Z/101MEDIA,0,Other_Amphibian,0.4123,2338.8,554.7,2613.4,818.3
/srv/shared_leopard_toad/2024/26.09.2024/3Z/101MEDIA/DSCF0488.JPG,DSCF0488.JPG,3Z/101MEDIA,2,Western_Leopard_Toad,0.4115,4438.2,2003.0,4608.0,2450.3
/srv/shared_leopard_toad/2024/26.09.2024/3Z/101MEDIA/DSCF0407.JPG,DSCF0407.JPG,3Z/101MEDIA,0,Other_Amphibian,0.4166,2337.0,554.5,2609.6,816.0
/srv/shared_leopard_toad/2024/26.09.2024/3Z/101MEDIA/DSCF0416.JPG,DSCF0416.JPG,3Z/101MEDIA,2,Western_Leopard_Toad,0.3883,4445.0,2004.8,4608.0,2448.0
/srv/shared_leopard_toad/2024/26.09.2024/3Z/101MEDIA/DSCF0668.JPG,DSCF0668.JPG,3Z/101MEDIA,2,Western_Leopard_Toad,0.3411,4438.1,2001.9,4608.0,2452.4
/srv/shared_leopard_toad/2024/26.09.2024/3Z/101MEDIA/DSCF0734.JPG,DSCF0734.JPG,3Z/101MEDIA,2,Western_Leopard_Toad,0.2644,4440.3,2002.8,4608.0,2454.4
/srv/shared_leopard_toad/2024/26.09.2024/3Z/101MEDIA/DSCF0518.JPG,DSCF0518.JPG,3Z/101MEDIA,2,Western_Leopard_Toad,0.2358,4441.3,2002.8,4608.0,2450.5
/srv/shared_leopard_toad/2024/26.09.2024/3Z/101MEDIA/DSCF0712.JPG,DSCF0712.JPG,3Z/101MEDIA,2,Western_Leopard_Toad,0.3792,4436.9,2003.8,4608.0,2449.8
/srv/shared_leopard_toad/2024/26.09.2024/3Z/101MEDIA/DSCF0501.JPG,DSCF0501.JPG,3Z/101MEDIA,2,Western_Leopard_Toad,0.2254,4443.4,2006.8,4608.0,2452.8
/srv/shared_leopard_toad/2024/26.09.2024/3Z/101MEDIA/DSCF0390.JPG,DSCF0390.JPG,3Z/101MEDIA,0,Other_Amphibian,0.6996,2333.5,548.4,2607.8,825.1
/srv/shared_leopard_toad/2024/26.09.2024/3Z/101MEDIA/DSCF0681.JPG,DSCF0681.JPG,3Z/101MEDIA,2,Western_Leopard_Toad,0.2219,4435.4,2008.3,4607.9,2453.7
/srv/shared_leopard_toad/2024/26.09.2024/3Z/101MEDIA/DSCF0393.JPG,DSCF0393.JPG,3Z/101MEDIA,0,Other_Amphibian,0.5857,2325.1,551.4,2613.6,822.1
/srv/shared_leopard_toad/2024/26.09.2024/3Z/101MEDIA/DSCF0403.JPG,DSCF0403.JPG,3Z/101MEDIA,0,Other_Amphibian,0.5013,2339.4,550.4,2608.3,800.4
/srv/shared_leopard_toad/2024/26.09.2024/3Z/101MEDIA/DSCF0422.JPG,DSCF0422.JPG,3Z/101MEDIA,2,Western_Leopard_Toad,0.2765,4434.2,1998.6,4607.9,2449.8
/srv/shared_leopard_toad/2024/26.09.2024/3Z/101MEDIA/DSCF0649.JPG,DSCF0649.JPG,3Z/101MEDIA,2,Western_Leopard_Toad,0.2877,4432.0,2004.7,4607.6,2449.2
/srv/shared_leopard_toad/2024/26.09.2024/3Z/101MEDIA/DSCF0394.JPG,DSCF0394.JPG,3Z/101MEDIA,0,Other_Amphibian,0.2739,2342.6,556.8,2616.4,782.3
/srv/shared_leopard_toad/2024/26.09.2024/3Z/101MEDIA/DSCF0439.JPG,DSCF0439.JPG,3Z/101MEDIA,2,Western_Leopard_Toad,0.3889,4448.8,2013.7,4608.0,2449.5
/srv/shared_leopard_toad/2024/26.09.2024/3Z/101MEDIA/DSCF0755.JPG,DSCF0755.JPG,3Z/101MEDIA,2,Western_Leopard_Toad,0.2119,4441.7,2003.1,4608.0,2452.6
/srv/shared_leopard_toad/2024/26.09.2024/3Z/101MEDIA/DSCF0487.JPG,DSCF0487.JPG,3Z/101MEDIA,2,Western_Leopard_Toad,0.3313,4434.0,2000.3,4608.0,2452.1
/srv/shared_leopard_toad/2024/26.09.2024/3Z/101MEDIA/DSCF0409.JPG,DSCF0409.JPG,3Z/101MEDIA,2,Western_Leopard_Toad,0.5500,4441.0,2002.9,4608.0,2448.3
/srv/shared_leopard_toad/2024/26.09.2024/3Z/101MEDIA/DSCF0402.JPG,DSCF0402.JPG,3Z/101MEDIA,0,Other_Amphibian,0.2449,2343.9,554.6,2610.2,779.1
/srv/shared_leopard_toad/2024/26.09.2024/3Z/101MEDIA/DSCF0373.JPG,DSCF0373.JPG,3Z/101MEDIA,2,Western_Leopard_Toad,0.2768,4438.7,2006.6,4608.0,2449.7
/srv/shared_leopard_toad/2024/26.09.2024/3Z/101MEDIA/DSCF0385.JPG,DSCF0385.JPG,3Z/101MEDIA,0,Other_Amphibian,0.4327,2335.7,555.9,2614.8,813.3
/srv/shared_leopard_toad/2024/26.09.2024/3Z/101MEDIA/DSCF0426.JPG,DSCF0426.JPG,3Z/101MEDIA,2,Western_Leopard_Toad,0.4447,4440.5,2011.1,4608.0,2449.9
/srv/shared_leopard_toad/2024/26.09.2024/3Z/101MEDIA/DSCF0008.JPG,DSCF0008.JPG,3Z/101MEDIA,2,Western_Leopard_Toad,0.2455,4436.1,2013.0,4608.0,2453.5
/srv/shared_leopard_toad/2024/26.09.2024/3Z/101MEDIA/DSCF0564.JPG,DSCF0564.JPG,3Z/101MEDIA,2,Western_Leopard_Toad,0.3392,4434.0,2007.6,4608.0,2454.6
/srv/shared_leopard_toad/2024/26.09.2024/3Z/101MEDIA/DSCF0290.JPG,DSCF0290.JPG,3Z/101MEDIA,2,Western_Leopard_Toad,0.3382,4428.8,2013.5,4607.9,2452.6
/srv/shared_leopard_toad/2024/26.09.2024/3Z/101MEDIA/DSCF0758.JPG,DSCF0758.JPG,3Z/101MEDIA,2,Western_Leopard_Toad,0.3831,4441.3,2003.9,4608.0,2451.9
/srv/shared_leopard_toad/2024/26.09.2024/3Z/101MEDIA/DSCF0652.JPG,DSCF0652.JPG,3Z/101MEDIA,2,Western_Leopard_Toad,0.4427,4434.2,2008.0,4607.9,2449.2
/srv/shared_leopard_toad/2024/26.09.2024/3Z/101MEDIA/DSCF0412.JPG,DSCF0412.JPG,3Z/101MEDIA,2,Western_Leopard_Toad,0.5633,4439.6,2006.3,4608.0,2448.4
/srv/shared_leopard_toad/2024/26.09.2024/3Z/101MEDIA/DSCF0152.JPG,DSCF0152.JPG,3Z/101MEDIA,2,Western_Leopard_Toad,0.3469,4430.3,2020.9,4607.8,2452.8
/srv/shared_leopard_toad/2024/26.09.2024/3Z/101MEDIA/DSCF0405.JPG,DSCF0405.JPG,3Z/101MEDIA,0,Other_Amphibian,0.4593,2339.6,552.6,2607.7,804.1
/srv/shared_leopard_toad/2024/26.09.2024/3Z/101MEDIA/DSCF0423.JPG,DSCF0423.JPG,3Z/101MEDIA,2,Western_Leopard_Toad,0.2489,4436.7,2005.5,4608.0,2449.5
/srv/shared_leopard_toad/2024/26.09.2024/3Z/101MEDIA/DSCF0659.JPG,DSCF0659.JPG,3Z/101MEDIA,2,Western_Leopard_Toad,0.3159,4441.1,2003.5,4608.0,2449.8
/srv/shared_leopard_toad/2024/26.09.2024/3Z/101MEDIA/DSCF0740.JPG,DSCF0740.JPG,3Z/101MEDIA,2,Western_Leopard_Toad,0.2394,4440.4,2000.7,4608.0,2449.4
/srv/shared_leopard_toad/2024/26.09.2024/3Z/101MEDIA/DSCF0384.JPG,DSCF0384.JPG,3Z/101MEDIA,0,Other_Amphibian,0.6865,2330.6,553.3,2608.0,826.6
/srv/shared_leopard_toad/2024/26.09.2024/3Z/101MEDIA/DSCF0716.JPG,DSCF0716.JPG,3Z/101MEDIA,2,Western_Leopard_Toad,0.2102,4438.7,2003.9,4608.0,2450.5
/srv/shared_leopard_toad/2024/26.09.2024/3Z/101MEDIA/DSCF0576.JPG,DSCF0576.JPG,3Z/101MEDIA,2,Western_Leopard_Toad,0.3929,4443.6,2003.5,4608.0,2451.5
/srv/shared_leopard_toad/2024/26.09.2024/3Z/101MEDIA/DSCF0472.JPG,DSCF0472.JPG,3Z/101MEDIA,2,Western_Leopard_Toad,0.2567,4437.8,2009.7,4608.0,2450.1
/srv/shared_leopard_toad/2024/26.09.2024/3Z/101MEDIA/DSCF0396.JPG,DSCF0396.JPG,3Z/101MEDIA,0,Other_Amphibian,0.3174,2339.6,556.6,2616.2,805.0
/srv/shared_leopard_toad/2024/26.09.2024/3Z/101MEDIA/DSCF0448.JPG,DSCF0448.JPG,3Z/101MEDIA,2,Western_Leopard_Toad,0.2982,4442.1,2007.1,4608.0,2448.4
/srv/shared_leopard_toad/2024/26.09.2024/3Z/101MEDIA/DSCF0386.JPG,DSCF0386.JPG,3Z/101MEDIA,0,Other_Amphibian,0.3736,2337.6,553.2,2611.1,806.8
/srv/shared_leopard_toad/2024/26.09.2024/3Z/101MEDIA/DSCF0399.JPG,DSCF0399.JPG,3Z/101MEDIA,0,Other_Amphibian,0.5593,2334.9,555.6,2612.9,806.3
/srv/shared_leopard_toad/2024/26.09.2024/3Z/101MEDIA/DSCF0655.JPG,DSCF0655.JPG,3Z/101MEDIA,2,Western_Leopard_Toad,0.3120,4440.2,2003.2,4608.0,2452.3
/srv/shared_leopard_toad/2024/26.09.2024/3Z/101MEDIA/DSCF0753.JPG,DSCF0753.JPG,3Z/101MEDIA,2,Western_Leopard_Toad,0.3862,4433.0,2002.5,4607.9,2451.6
/srv/shared_leopard_toad/2024/26.09.2024/3Z/101MEDIA/DSCF0421.JPG,DSCF0421.JPG,3Z/101MEDIA,2,Western_Leopard_Toad,0.2221,4444.8,2009.3,4608.0,2448.4
/srv/shared_leopard_toad/2024/26.09.2024/3Z/101MEDIA/DSCF0622.JPG,DSCF0622.JPG,3Z/101MEDIA,2,Western_Leopard_Toad,0.2674,4431.1,2008.7,4607.8,2450.8
/srv/shared_leopard_toad/2024/26.09.2024/3Z/101MEDIA/DSCF0418.JPG,DSCF0418.JPG,3Z/101MEDIA,2,Western_Leopard_Toad,0.4772,4446.8,2007.7,4608.0,2449.6
/srv/shared_leopard_toad/2024/26.09.2024/3Z/101MEDIA/DSCF0686.JPG,DSCF0686.JPG,3Z/101MEDIA,2,Western_Leopard_Toad,0.2006,4432.7,2010.5,4607.8,2449.6
/srv/shared_leopard_toad/2024/26.09.2024/3Z/101MEDIA/DSCF0482.JPG,DSCF0482.JPG,3Z/101MEDIA,2,Western_Leopard_Toad,0.2966,4440.7,2009.1,4608.0,2448.4
/srv/shared_leopard_toad/2024/26.09.2024/3Z/101MEDIA/DSCF0786.JPG,DSCF0786.JPG,3Z/101MEDIA,2,Western_Leopard_Toad,0.4185,4444.9,1998.5,4608.0,2451.3
/srv/shared_leopard_toad/2024/26.09.2024/3Z/101MEDIA/DSCF0091.JPG,DSCF0091.JPG,3Z/101MEDIA,2,Western_Leopard_Toad,0.2052,4407.0,1999.0,4607.2,2459.6
/srv/shared_leopard_toad/2024/26.09.2024/3Z/101MEDIA/DSCF0391.JPG,DSCF0391.JPG,3Z/101MEDIA,0,Other_Amphibian,0.2485,2332.5,560.3,2612.5,817.7
/srv/shared_leopard_toad/2024/26.09.2024/3Z/101MEDIA/DSCF0757.JPG,DSCF0757.JPG,3Z/101MEDIA,2,Western_Leopard_Toad,0.2365,4441.7,2002.5,4608.0,2453.1
/srv/shared_leopard_toad/2024/26.09.2024/3Z/101MEDIA/DSCF0613.JPG,DSCF0613.JPG,3Z/101MEDIA,2,Western_Leopard_Toad,0.2316,4445.3,2008.5,4608.0,2449.3
/srv/shared_leopard_toad/2024/26.09.2024/3Z/101MEDIA/DSCF0748.JPG,DSCF0748.JPG,3Z/101MEDIA,2,Western_Leopard_Toad,0.2054,4445.4,2002.1,4608.0,2450.2
/srv/shared_leopard_toad/2024/26.09.2024/3Z/101MEDIA/DSCF0645.JPG,DSCF0645.JPG,3Z/101MEDIA,2,Western_Leopard_Toad,0.2348,4438.5,2004.0,4608.0,2450.8
/srv/shared_leopard_toad/2024/26.09.2024/3Z/101MEDIA/DSCF0760.JPG,DSCF0760.JPG,3Z/101MEDIA,2,Western_Leopard_Toad,0.3630,4433.5,2008.7,4607.9,2449.2
/srv/shared_leopard_toad/2024/26.09.2024/3Z/101MEDIA/DSCF0593.JPG,DSCF0593.JPG,3Z/101MEDIA,2,Western_Leopard_Toad,0.2046,4437.8,2002.8,4608.0,2449.3
/srv/shared_leopard_toad/2024/26.09.2024/3Z/101MEDIA/DSCF0381.JPG,DSCF0381.JPG,3Z/101MEDIA,0,Other_Amphibian,0.3065,2341.6,558.7,2611.3,775.4
/srv/shared_leopard_toad/2024/26.09.2024/3Z/101MEDIA/DSCF0772.JPG,DSCF0772.JPG,3Z/101MEDIA,2,Western_Leopard_Toad,0.4622,4438.1,2008.7,4608.0,2451.5
/srv/shared_leopard_toad/2024/26.09.2024/3Z/101MEDIA/DSCF0725.JPG,DSCF0725.JPG,3Z/101MEDIA,2,Western_Leopard_Toad,0.2108,4431.0,2000.1,4607.7,2452.8
/srv/shared_leopard_toad/2024/26.09.2024/3Z/101MEDIA/DSCF0550.JPG,DSCF0550.JPG,3Z/101MEDIA,2,Western_Leopard_Toad,0.3926,4435.0,2009.2,4607.9,2448.9
/srv/shared_leopard_toad/2024/26.09.2024/3Z/101MEDIA/DSCF0633.JPG,DSCF0633.JPG,3Z/101MEDIA,2,Western_Leopard_Toad,0.2546,4442.1,2004.4,4608.0,2450.8
/srv/shared_leopard_toad/2024/26.09.2024/3Z/101MEDIA/DSCF0618.JPG,DSCF0618.JPG,3Z/101MEDIA,2,Western_Leopard_Toad,0.2117,4444.0,2000.1,4608.0,2451.7
/srv/shared_leopard_toad/2024/26.09.2024/3Z/101MEDIA/DSCF0586.JPG,DSCF0586.JPG,3Z/101MEDIA,2,Western_Leopard_Toad,0.2212,4440.9,2008.5,4608.0,2451.0
/srv/shared_leopard_toad/2024/26.09.2024/3Z/101MEDIA/DSCF0406.JPG,DSCF0406.JPG,3Z/101MEDIA,0,Other_Amphibian,0.5800,2333.6,549.4,2612.1,819.9
/srv/shared_leopard_toad/2024/26.09.2024/3Z/101MEDIA/DSCF0389.JPG,DSCF0389.JPG,3Z/101MEDIA,0,Other_Amphibian,0.2242,2336.8,562.3,2626.2,813.9
/srv/shared_leopard_toad/2024/26.09.2024/3Z/101MEDIA/DSCF0395.JPG,DSCF0395.JPG,3Z/101MEDIA,0,Other_Amphibian,0.5361,2332.4,551.2,2609.5,810.4
/srv/shared_leopard_toad/2024/26.09.2024/3Z/101MEDIA/DSCF0785.JPG,DSCF0785.JPG,3Z/101MEDIA,2,Western_Leopard_Toad,0.3610,4440.1,2002.8,4608.0,2451.4
/srv/shared_leopard_toad/2024/26.09.2024/3Z/101MEDIA/DSCF0783.JPG,DSCF0783.JPG,3Z/101MEDIA,2,Western_Leopard_Toad,0.3160,4435.4,2007.0,4608.0,2450.9
/srv/shared_leopard_toad/2024/26.09.2024/3Z/101MEDIA/DSCF0756.JPG,DSCF0756.JPG,3Z/101MEDIA,2,Western_Leopard_Toad,0.2400,4432.1,2007.6,4607.5,2450.5
/srv/shared_leopard_toad/2024/26.09.2024/3Z/101MEDIA/DSCF0441.JPG,DSCF0441.JPG,3Z/101MEDIA,2,Western_Leopard_Toad,0.5566,4435.3,2009.3,4608.0,2450.1
/srv/shared_leopard_toad/2024/26.09.2024/3Z/101MEDIA/DSCF0749.JPG,DSCF0749.JPG,3Z/101MEDIA,2,Western_Leopard_Toad,0.3866,4440.9,2009.0,4608.0,2449.3
/srv/shared_leopard_toad/2024/26.09.2024/3Z/101MEDIA/DSCF0437.JPG,DSCF0437.JPG,3Z/101MEDIA,2,Western_Leopard_Toad,0.2405,4440.6,2007.4,4608.0,2452.0
/srv/shared_leopard_toad/2024/26.09.2024/3Z/101MEDIA/DSCF0770.JPG,DSCF0770.JPG,3Z/101MEDIA,2,Western_Leopard_Toad,0.2950,4445.5,2006.4,4608.0,2450.8
/srv/shared_leopard_toad/2024/26.09.2024/3Z/101MEDIA/DSCF0413.JPG,DSCF0413.JPG,3Z/101MEDIA,2,Western_Leopard_Toad,0.2387,4435.2,2002.0,4608.0,2446.8
/srv/shared_leopard_toad/2024/26.09.2024/3Z/101MEDIA/DSCF0397.JPG,DSCF0397.JPG,3Z/101MEDIA,0,Other_Amphibian,0.2679,2338.9,555.5,2619.3,769.4
/srv/shared_leopard_toad/2024/26.09.2024/3Z/101MEDIA/DSCF0415.JPG,DSCF0415.JPG,3Z/101MEDIA,2,Western_Leopard_Toad,0.2992,4438.1,2008.6,4608.0,2449.1
/srv/shared_leopard_toad/2024/26.09.2024/3Z/101MEDIA/DSCF0771.JPG,DSCF0771.JPG,3Z/101MEDIA,2,Western_Leopard_Toad,0.2420,4447.2,2002.9,4608.0,2455.8
/srv/shared_leopard_toad/2024/26.09.2024/3Z/101MEDIA/DSCF0575.JPG,DSCF0575.JPG,3Z/101MEDIA,2,Western_Leopard_Toad,0.2042,4434.5,2006.9,4608.0,2451.3
/srv/shared_leopard_toad/2024/26.09.2024/3Z/101MEDIA/DSCF0019.JPG,DSCF0019.JPG,3Z/101MEDIA,2,Western_Leopard_Toad,0.4368,4419.8,2004.1,4607.2,2454.2
/srv/shared_leopard_toad/2024/26.09.2024/3Z/101MEDIA/DSCF0583.JPG,DSCF0583.JPG,3Z/101MEDIA,2,Western_Leopard_Toad,0.2472,4444.9,2012.7,4608.0,2450.0
/srv/shared_leopard_toad/2024/26.09.2024/3Z/101MEDIA/DSCF0382.JPG,DSCF0382.JPG,3Z/101MEDIA,0,Other_Amphibian,0.6350,2331.7,557.4,2607.7,818.9
/srv/shared_leopard_toad/2024/26.09.2024/3Z/101MEDIA/DSCF0496.JPG,DSCF0496.JPG,3Z/101MEDIA,2,Western_Leopard_Toad,0.2073,4440.3,2005.0,4608.0,2449.2
/srv/shared_leopard_toad/2024/26.09.2024/3Z/101MEDIA/DSCF0434.JPG,DSCF0434.JPG,3Z/101MEDIA,2,Western_Leopard_Toad,0.3101,4430.8,2005.5,4608.0,2452.5
/srv/shared_leopard_toad/2024/26.09.2024/3Z/101MEDIA/DSCF0228.JPG,DSCF0228.JPG,3Z/101MEDIA,2,Western_Leopard_Toad,0.2833,4427.2,2006.1,4607.9,2451.9
/srv/shared_leopard_toad/2024/26.09.2024/3Z/101MEDIA/DSCF0522.JPG,DSCF0522.JPG,3Z/101MEDIA,2,Western_Leopard_Toad,0.2315,4434.0,2010.1,4607.8,2449.1
/srv/shared_leopard_toad/2024/26.09.2024/3Z/101MEDIA/DSCF0436.JPG,DSCF0436.JPG,3Z/101MEDIA,2,Western_Leopard_Toad,0.2004,4441.5,2006.0,4607.9,2450.0
/srv/shared_leopard_toad/2024/26.09.2024/3Z/101MEDIA/DSCF0616.JPG,DSCF0616.JPG,3Z/101MEDIA,2,Western_Leopard_Toad,0.2355,4440.9,2002.2,4608.0,2450.2
/srv/shared_leopard_toad/2024/26.09.2024/3Z/101MEDIA/DSCF0609.JPG,DSCF0609.JPG,3Z/101MEDIA,2,Western_Leopard_Toad,0.2682,4438.3,1994.5,4608.0,2450.6
/srv/shared_leopard_toad/2024/26.09.2024/3Z/101MEDIA/DSCF0388.JPG,DSCF0388.JPG,3Z/101MEDIA,0,Other_Amphibian,0.2250,2340.7,556.0,2610.8,800.8
/srv/shared_leopard_toad/2024/26.09.2024/3Z/101MEDIA/DSCF0401.JPG,DSCF0401.JPG,3Z/101MEDIA,0,Other_Amphibian,0.4700,2331.1,552.7,2609.3,817.3
/srv/shared_leopard_toad/2024/26.09.2024/3Z/101MEDIA/DSCF0599.JPG,DSCF0599.JPG,3Z/101MEDIA,2,Western_Leopard_Toad,0.2717,4434.7,2006.5,4608.0,2450.1
/srv/shared_leopard_toad/2024/26.09.2024/3Z/101MEDIA/DSCF0156.JPG,DSCF0156.JPG,3Z/101MEDIA,2,Western_Leopard_Toad,0.2918,4424.1,2008.4,4607.3,2452.8
/srv/shared_leopard_toad/2024/26.09.2024/3Z/101MEDIA/DSCF0190.JPG,DSCF0190.JPG,3Z/101MEDIA,2,Western_Leopard_Toad,0.2640,4424.1,2012.8,4607.5,2452.1
/srv/shared_leopard_toad/2024/26.09.2024/3Z/101MEDIA/DSCF0631.JPG,DSCF0631.JPG,3Z/101MEDIA,2,Western_Leopard_Toad,0.2679,4437.9,2009.8,4608.0,2453.5
/srv/shared_leopard_toad/2024/26.09.2024/3Z/101MEDIA/DSCF0400.JPG,DSCF0400.JPG,3Z/101MEDIA,0,Other_Amphibian,0.2286,2331.6,555.3,2610.2,817.3
/srv/shared_leopard_toad/2024/26.09.2024/3Z/101MEDIA/DSCF0606.JPG,DSCF0606.JPG,3Z/101MEDIA,2,Western_Leopard_Toad,0.2115,4428.6,2002.4,4607.8,2451.4
/srv/shared_leopard_toad/2024/26.09.2024/3Z/101MEDIA/DSCF0620.JPG,DSCF0620.JPG,3Z/101MEDIA,2,Western_Leopard_Toad,0.3337,4442.9,2005.6,4608.0,2449.7
/srv/shared_leopard_toad/2024/26.09.2024/3Z/101MEDIA/DSCF0746.JPG,DSCF0746.JPG,3Z/101MEDIA,2,Western_Leopard_Toad,0.5898,4431.3,2004.9,4608.0,2449.4
/srv/shared_leopard_toad/2024/26.09.2024/3Z/101MEDIA/DSCF0664.JPG,DSCF0664.JPG,3Z/101MEDIA,2,Western_Leopard_Toad,0.6390,4415.7,2001.3,4607.4,2457.7
/srv/shared_leopard_toad/2024/26.09.2024/3Z/101MEDIA/DSCF0468.JPG,DSCF0468.JPG,3Z/101MEDIA,2,Western_Leopard_Toad,0.4096,4441.0,2005.5,4608.0,2450.2
/srv/shared_leopard_toad/2024/26.09.2024/3Z/101MEDIA/DSCF0460.JPG,DSCF0460.JPG,3Z/101MEDIA,2,Western_Leopard_Toad,0.2381,4435.6,2005.7,4608.0,2449.1
/srv/shared_leopard_toad/2024/26.09.2024/3Z/101MEDIA/DSCF0493.JPG,DSCF0493.JPG,3Z/101MEDIA,2,Western_Leopard_Toad,0.4390,4442.1,2012.6,4608.0,2451.6
/srv/shared_leopard_toad/2024/26.09.2024/3Z/101MEDIA/DSCF0210.JPG,DSCF0210.JPG,3Z/101MEDIA,2,Western_Leopard_Toad,0.2070,4435.9,2000.0,4608.0,2452.7
/srv/shared_leopard_toad/2024/26.09.2024/3Z/101MEDIA/DSCF0090.JPG,DSCF0090.JPG,3Z/101MEDIA,2,Western_Leopard_Toad,0.2312,1837.3,2123.4,2614.3,2451.4
/srv/shared_leopard_toad/2024/26.09.2024/3Z/101MEDIA/DSCF0485.JPG,DSCF0485.JPG,3Z/101MEDIA,2,Western_Leopard_Toad,0.3045,4438.2,1995.6,4608.0,2451.6
/srv/shared_leopard_toad/2024/26.09.2024/3Z/101MEDIA/DSCF0014.JPG,DSCF0014.JPG,3Z/101MEDIA,2,Western_Leopard_Toad,0.2222,4425.7,2004.8,4607.3,2460.9
/srv/shared_leopard_toad/2024/26.09.2024/3Z/101MEDIA/DSCF0410.JPG,DSCF0410.JPG,3Z/101MEDIA,2,Western_Leopard_Toad,0.3906,4443.3,2006.8,4608.0,2447.0
/srv/shared_leopard_toad/2024/26.09.2024/3Z/106MEDIA/DSCF0774.JPG,DSCF0774.JPG,3Z/106MEDIA,0,Other_Amphibian,0.4638,1942.3,531.7,2201.3,838.6
/srv/shared_leopard_toad/2024/26.09.2024/3Z/106MEDIA/DSCF0765.JPG,DSCF0765.JPG,3Z/106MEDIA,0,Other_Amphibian,0.4366,1937.9,521.1,2216.3,839.1
/srv/shared_leopard_toad/2024/26.09.2024/3Z/106MEDIA/DSCF0679.JPG,DSCF0679.JPG,3Z/106MEDIA,0,Other_Amphibian,0.3054,1946.2,530.3,2214.4,837.8
/srv/shared_leopard_toad/2024/26.09.2024/3Z/106MEDIA/DSCF0640.JPG,DSCF0640.JPG,3Z/106MEDIA,0,Other_Amphibian,0.2434,1935.0,536.9,2201.9,841.3
/srv/shared_leopard_toad/2024/26.09.2024/3Z/106MEDIA/DSCF0891.JPG,DSCF0891.JPG,3Z/106MEDIA,0,Other_Amphibian,0.6432,1937.6,524.6,2210.0,840.8
/srv/shared_leopard_toad/2024/26.09.2024/3Z/106MEDIA/DSCF0827.JPG,DSCF0827.JPG,3Z/106MEDIA,0,Other_Amphibian,0.4396,1943.8,530.7,2207.6,837.1
/srv/shared_leopard_toad/2024/26.09.2024/3Z/106MEDIA/DSCF0712.JPG,DSCF0712.JPG,3Z/106MEDIA,0,Other_Amphibian,0.3390,1937.2,533.5,2200.9,838.5
/srv/shared_leopard_toad/2024/26.09.2024/3Z/106MEDIA/DSCF0792.JPG,DSCF0792.JPG,3Z/106MEDIA,0,Other_Amphibian,0.5692,1942.7,537.0,2192.5,836.4
/srv/shared_leopard_toad/2024/26.09.2024/3Z/106MEDIA/DSCF0681.JPG,DSCF0681.JPG,3Z/106MEDIA,0,Other_Amphibian,0.2496,1939.8,529.8,2217.8,841.4
/srv/shared_leopard_toad/2024/26.09.2024/3Z/106MEDIA/DSCF0899.JPG,DSCF0899.JPG,3Z/106MEDIA,0,Other_Amphibian,0.5194,1934.6,528.7,2195.1,840.3
/srv/shared_leopard_toad/2024/26.09.2024/3Z/106MEDIA/DSCF0938.JPG,DSCF0938.JPG,3Z/106MEDIA,0,Other_Amphibian,0.5947,1944.0,520.5,2217.3,840.5
/srv/shared_leopard_toad/2024/26.09.2024/3Z/106MEDIA/DSCF0943.JPG,DSCF0943.JPG,3Z/106MEDIA,0,Other_Amphibian,0.7638,1938.8,526.7,2211.7,843.1
/srv/shared_leopard_toad/2024/26.09.2024/3Z/106MEDIA/DSCF0873.JPG,DSCF0873.JPG,3Z/106MEDIA,0,Other_Amphibian,0.2404,1939.5,528.1,2216.4,838.5
/srv/shared_leopard_toad/2024/26.09.2024/3Z/106MEDIA/DSCF0722.JPG,DSCF0722.JPG,3Z/106MEDIA,0,Other_Amphibian,0.4216,1937.4,521.6,2205.5,839.7
/srv/shared_leopard_toad/2024/26.09.2024/3Z/106MEDIA/DSCF0878.JPG,DSCF0878.JPG,3Z/106MEDIA,0,Other_Amphibian,0.4015,1942.0,524.5,2208.6,839.3
/srv/shared_leopard_toad/2024/26.09.2024/3Z/106MEDIA/DSCF0864.JPG,DSCF0864.JPG,3Z/106MEDIA,0,Other_Amphibian,0.2459,1943.5,541.9,2187.3,838.4
/srv/shared_leopard_toad/2024/26.09.2024/3Z/106MEDIA/DSCF0761.JPG,DSCF0761.JPG,3Z/106MEDIA,0,Other_Amphibian,0.5021,1944.7,528.2,2196.9,838.4
/srv/shared_leopard_toad/2024/26.09.2024/3Z/106MEDIA/DSCF0833.JPG,DSCF0833.JPG,3Z/106MEDIA,0,Other_Amphibian,0.2967,1941.2,533.0,2201.1,838.1
/srv/shared_leopard_toad/2024/26.09.2024/3Z/106MEDIA/DSCF0653.JPG,DSCF0653.JPG,3Z/106MEDIA,0,Other_Amphibian,0.2259,1946.8,532.8,2208.8,836.8
/srv/shared_leopard_toad/2024/26.09.2024/3Z/106MEDIA/DSCF0848.JPG,DSCF0848.JPG,3Z/106MEDIA,0,Other_Amphibian,0.7016,1941.8,528.3,2209.6,840.5
/srv/shared_leopard_toad/2024/26.09.2024/3Z/106MEDIA/DSCF0659.JPG,DSCF0659.JPG,3Z/106MEDIA,0,Other_Amphibian,0.2161,1938.4,531.2,2198.9,841.0
/srv/shared_leopard_toad/2024/26.09.2024/3Z/106MEDIA/DSCF0663.JPG,DSCF0663.JPG,3Z/106MEDIA,0,Other_Amphibian,0.2353,1941.3,532.9,2194.4,838.7
/srv/shared_leopard_toad/2024/26.09.2024/3Z/106MEDIA/DSCF0788.JPG,DSCF0788.JPG,3Z/106MEDIA,0,Other_Amphibian,0.2649,1942.3,528.1,2215.7,839.5
/srv/shared_leopard_toad/2024/26.09.2024/3Z/106MEDIA/DSCF0927.JPG,DSCF0927.JPG,3Z/106MEDIA,0,Other_Amphibian,0.2022,4054.5,946.4,4339.9,1318.7
/srv/shared_leopard_toad/2024/26.09.2024/3Z/106MEDIA/DSCF0888.JPG,DSCF0888.JPG,3Z/106MEDIA,0,Other_Amphibian,0.2775,1941.9,534.2,2185.2,838.4
/srv/shared_leopard_toad/2024/26.09.2024/3Z/106MEDIA/DSCF0890.JPG,DSCF0890.JPG,3Z/106MEDIA,0,Other_Amphibian,0.5544,1940.8,529.1,2207.7,841.1
/srv/shared_leopard_toad/2024/26.09.2024/3Z/106MEDIA/DSCF0965.JPG,DSCF0965.JPG,3Z/106MEDIA,0,Other_Amphibian,0.2665,1938.5,523.6,2215.1,842.3
/srv/shared_leopard_toad/2024/26.09.2024/3Z/106MEDIA/DSCF0885.JPG,DSCF0885.JPG,3Z/106MEDIA,0,Other_Amphibian,0.5041,1942.1,534.7,2187.4,838.1
/srv/shared_leopard_toad/2024/26.09.2024/3Z/106MEDIA/DSCF0805.JPG,DSCF0805.JPG,3Z/106MEDIA,0,Other_Amphibian,0.3190,1941.8,525.4,2225.2,839.4
/srv/shared_leopard_toad/2024/26.09.2024/3Z/106MEDIA/DSCF0660.JPG,DSCF0660.JPG,3Z/106MEDIA,0,Other_Amphibian,0.3937,1940.6,530.3,2198.2,840.5
/srv/shared_leopard_toad/2024/26.09.2024/3Z/106MEDIA/DSCF0942.JPG,DSCF0942.JPG,3Z/106MEDIA,0,Other_Amphibian,0.2828,1937.3,526.5,2203.7,845.1
/srv/shared_leopard_toad/2024/26.09.2024/3Z/106MEDIA/DSCF0798.JPG,DSCF0798.JPG,3Z/106MEDIA,0,Other_Amphibian,0.4298,1939.1,530.2,2202.8,836.5
/srv/shared_leopard_toad/2024/26.09.2024/3Z/106MEDIA/DSCF0727.JPG,DSCF0727.JPG,3Z/106MEDIA,0,Other_Amphibian,0.6511,1939.4,529.9,2202.6,841.8
/srv/shared_leopard_toad/2024/26.09.2024/3Z/106MEDIA/DSCF0889.JPG,DSCF0889.JPG,3Z/106MEDIA,0,Other_Amphibian,0.2367,1935.8,532.6,2197.4,841.4
/srv/shared_leopard_toad/2024/26.09.2024/3Z/106MEDIA/DSCF0947.JPG,DSCF0947.JPG,3Z/106MEDIA,0,Other_Amphibian,0.3747,1940.3,525.5,2199.0,845.1
/srv/shared_leopard_toad/2024/26.09.2024/3Z/106MEDIA/DSCF0844.JPG,DSCF0844.JPG,3Z/106MEDIA,0,Other_Amphibian,0.3695,1935.3,528.9,2192.0,839.8
/srv/shared_leopard_toad/2024/26.09.2024/3Z/106MEDIA/DSCF0824.JPG,DSCF0824.JPG,3Z/106MEDIA,0,Other_Amphibian,0.3306,1937.6,539.0,2188.0,840.3
/srv/shared_leopard_toad/2024/26.09.2024/3Z/106MEDIA/DSCF0916.JPG,DSCF0916.JPG,3Z/106MEDIA,0,Other_Amphibian,0.2258,4041.5,945.0,4340.0,1333.3
/srv/shared_leopard_toad/2024/26.09.2024/3Z/106MEDIA/DSCF0633.JPG,DSCF0633.JPG,3Z/106MEDIA,0,Other_Amphibian,0.4289,1941.4,525.1,2219.7,839.9
/srv/shared_leopard_toad/2024/26.09.2024/3Z/106MEDIA/DSCF0839.JPG,DSCF0839.JPG,3Z/106MEDIA,0,Other_Amphibian,0.4252,1940.7,529.6,2209.1,838.4
/srv/shared_leopard_toad/2024/26.09.2024/3Z/106MEDIA/DSCF0690.JPG,DSCF0690.JPG,3Z/106MEDIA,0,Other_Amphibian,0.3006,1939.6,531.4,2203.4,838.8
/srv/shared_leopard_toad/2024/26.09.2024/3Z/106MEDIA/DSCF0813.JPG,DSCF0813.JPG,3Z/106MEDIA,0,Other_Amphibian,0.6954,1941.2,529.0,2213.8,838.9
/srv/shared_leopard_toad/2024/26.09.2024/3Z/106MEDIA/DSCF0846.JPG,DSCF0846.JPG,3Z/106MEDIA,0,Other_Amphibian,0.3867,1936.5,534.2,2197.1,840.5
/srv/shared_leopard_toad/2024/26.09.2024/3Z/106MEDIA/DSCF0961.JPG,DSCF0961.JPG,3Z/106MEDIA,0,Other_Amphibian,0.2414,1939.8,527.5,2215.6,840.9
/srv/shared_leopard_toad/2024/26.09.2024/3Z/106MEDIA/DSCF0825.JPG,DSCF0825.JPG,3Z/106MEDIA,0,Other_Amphibian,0.2750,1942.5,531.4,2192.0,838.4
/srv/shared_leopard_toad/2024/26.09.2024/3Z/106MEDIA/DSCF0953.JPG,DSCF0953.JPG,3Z/106MEDIA,0,Other_Amphibian,0.3503,1942.9,527.0,2192.3,840.0
/srv/shared_leopard_toad/2024/26.09.2024/3Z/106MEDIA/DSCF0863.JPG,DSCF0863.JPG,3Z/106MEDIA,0,Other_Amphibian,0.2640,1945.2,531.8,2212.8,839.1
/srv/shared_leopard_toad/2024/26.09.2024/3Z/106MEDIA/DSCF0785.JPG,DSCF0785.JPG,3Z/106MEDIA,0,Other_Amphibian,0.2352,1937.4,529.6,2197.3,840.2
/srv/shared_leopard_toad/2024/26.09.2024/3Z/106MEDIA/DSCF0682.JPG,DSCF0682.JPG,3Z/106MEDIA,0,Other_Amphibian,0.2395,1943.0,532.9,2200.6,839.2
/srv/shared_leopard_toad/2024/26.09.2024/3Z/106MEDIA/DSCF0715.JPG,DSCF0715.JPG,3Z/106MEDIA,0,Other_Amphibian,0.3657,1943.6,521.9,2217.6,838.3
/srv/shared_leopard_toad/2024/26.09.2024/3Z/106MEDIA/DSCF0737.JPG,DSCF0737.JPG,3Z/106MEDIA,0,Other_Amphibian,0.3358,1941.8,535.6,2194.2,839.2
/srv/shared_leopard_toad/2024/26.09.2024/3Z/106MEDIA/DSCF0694.JPG,DSCF0694.JPG,3Z/106MEDIA,0,Other_Amphibian,0.5528,1944.7,527.2,2194.7,838.2
/srv/shared_leopard_toad/2024/26.09.2024/3Z/106MEDIA/DSCF0946.JPG,DSCF0946.JPG,3Z/106MEDIA,0,Other_Amphibian,0.4194,1943.6,525.0,2197.5,841.7
/srv/shared_leopard_toad/2024/26.09.2024/3Z/106MEDIA/DSCF0797.JPG,DSCF0797.JPG,3Z/106MEDIA,0,Other_Amphibian,0.2955,1938.4,532.1,2204.5,840.3
/srv/shared_leopard_toad/2024/26.09.2024/3Z/106MEDIA/DSCF0829.JPG,DSCF0829.JPG,3Z/106MEDIA,0,Other_Amphibian,0.4234,1939.5,533.5,2198.8,837.7
/srv/shared_leopard_toad/2024/26.09.2024/3Z/106MEDIA/DSCF0882.JPG,DSCF0882.JPG,3Z/106MEDIA,0,Other_Amphibian,0.5335,1942.5,532.1,2211.8,840.9
/srv/shared_leopard_toad/2024/26.09.2024/3Z/106MEDIA/DSCF0658.JPG,DSCF0658.JPG,3Z/106MEDIA,0,Other_Amphibian,0.5218,1935.1,529.1,2211.8,841.6
/srv/shared_leopard_toad/2024/26.09.2024/3Z/106MEDIA/DSCF0763.JPG,DSCF0763.JPG,3Z/106MEDIA,0,Other_Amphibian,0.5550,1940.3,531.5,2218.4,838.7
/srv/shared_leopard_toad/2024/26.09.2024/3Z/106MEDIA/DSCF0990.JPG,DSCF0990.JPG,3Z/106MEDIA,0,Other_Amphibian,0.4453,1938.8,522.2,2202.1,840.5
/srv/shared_leopard_toad/2024/26.09.2024/3Z/106MEDIA/DSCF0789.JPG,DSCF0789.JPG,3Z/106MEDIA,0,Other_Amphibian,0.2657,1936.9,533.1,2195.5,837.8
/srv/shared_leopard_toad/2024/26.09.2024/3Z/106MEDIA/DSCF0941.JPG,DSCF0941.JPG,3Z/106MEDIA,0,Other_Amphibian,0.2109,1941.1,529.0,2198.8,840.3
/srv/shared_leopard_toad/2024/26.09.2024/3Z/106MEDIA/DSCF0910.JPG,DSCF0910.JPG,3Z/106MEDIA,0,Other_Amphibian,0.2165,4041.9,940.6,4340.9,1336.3
/srv/shared_leopard_toad/2024/26.09.2024/3Z/106MEDIA/DSCF0671.JPG,DSCF0671.JPG,3Z/106MEDIA,0,Other_Amphibian,0.5808,1941.2,534.7,2188.2,840.3
/srv/shared_leopard_toad/2024/26.09.2024/3Z/106MEDIA/DSCF0701.JPG,DSCF0701.JPG,3Z/106MEDIA,0,Other_Amphibian,0.2732,1943.5,539.4,2186.8,837.2
/srv/shared_leopard_toad/2024/26.09.2024/3Z/106MEDIA/DSCF0893.JPG,DSCF0893.JPG,3Z/106MEDIA,0,Other_Amphibian,0.4736,1938.5,529.9,2196.2,841.7
/srv/shared_leopard_toad/2024/26.09.2024/3Z/106MEDIA/DSCF0638.JPG,DSCF0638.JPG,3Z/106MEDIA,0,Other_Amphibian,0.4210,1939.0,531.3,2219.5,838.9
/srv/shared_leopard_toad/2024/26.09.2024/3Z/106MEDIA/DSCF0950.JPG,DSCF0950.JPG,3Z/106MEDIA,0,Other_Amphibian,0.2317,1935.9,524.9,2214.9,842.1
/srv/shared_leopard_toad/2024/26.09.2024/3Z/106MEDIA/DSCF0762.JPG,DSCF0762.JPG,3Z/106MEDIA,0,Other_Amphibian,0.5498,1942.9,535.4,2204.0,839.7
/srv/shared_leopard_toad/2024/26.09.2024/3Z/109MEDIA/DSCF0402.JPG,DSCF0402.JPG,3Z/109MEDIA,0,Other_Amphibian,0.2141,3237.1,1368.6,3503.2,1586.8
/srv/shared_leopard_toad/2024/26.09.2024/3Z/109MEDIA/DSCF0577.JPG,DSCF0577.JPG,3Z/109MEDIA,0,Other_Amphibian,0.2079,3231.3,1312.7,3518.0,1575.4
/srv/shared_leopard_toad/2024/26.09.2024/3Z/109MEDIA/DSCF0181.JPG,DSCF0181.JPG,3Z/109MEDIA,0,Other_Amphibian,0.2630,3236.6,1363.8,3506.8,1591.3
/srv/shared_leopard_toad/2024/26.09.2024/3Z/109MEDIA/DSCF0570.JPG,DSCF0570.JPG,3Z/109MEDIA,0,Other_Amphibian,0.2719,3230.8,1316.4,3511.3,1577.8
/srv/shared_leopard_toad/2024/26.09.2024/3Z/100MEDIA/DSCF0012.JPG,DSCF0012.JPG,3Z/100MEDIA,2,Western_Leopard_Toad,0.4976,1712.3,1346.6,2179.8,1858.8
/srv/shared_leopard_toad/2024/26.09.2024/3Z/100MEDIA/DSCF0298.JPG,DSCF0298.JPG,3Z/100MEDIA,2,Western_Leopard_Toad,0.2385,4432.8,2000.4,4607.8,2455.3
/srv/shared_leopard_toad/2024/26.09.2024/3Z/100MEDIA/DSCF0107.JPG,DSCF0107.JPG,3Z/100MEDIA,2,Western_Leopard_Toad,0.2161,2223.2,2131.8,2911.3,2450.9
/srv/shared_leopard_toad/2024/26.09.2024/3Z/100MEDIA/DSCF0765.JPG,DSCF0765.JPG,3Z/100MEDIA,2,Western_Leopard_Toad,0.2747,4409.0,1998.4,4607.3,2457.0
/srv/shared_leopard_toad/2024/26.09.2024/3Z/100MEDIA/DSCF0187.JPG,DSCF0187.JPG,3Z/100MEDIA,2,Western_Leopard_Toad,0.2087,1856.9,2135.2,2640.2,2452.4
/srv/shared_leopard_toad/2024/26.09.2024/3Z/100MEDIA/DSCF0980.JPG,DSCF0980.JPG,3Z/100MEDIA,2,Western_Leopard_Toad,0.3790,4428.2,2010.4,4607.8,2453.0
/srv/shared_leopard_toad/2024/26.09.2024/3Z/100MEDIA/DSCF0193.JPG,DSCF0193.JPG,3Z/100MEDIA,2,Western_Leopard_Toad,0.2379,4430.5,2003.0,4607.8,2452.4
/srv/shared_leopard_toad/2024/26.09.2024/3Z/100MEDIA/DSCF0194.JPG,DSCF0194.JPG,3Z/100MEDIA,2,Western_Leopard_Toad,0.3221,4426.1,2002.2,4607.5,2459.4
/srv/shared_leopard_toad/2024/26.09.2024/3Z/100MEDIA/DSCF0077.JPG,DSCF0077.JPG,3Z/100MEDIA,2,Western_Leopard_Toad,0.6027,3720.5,2284.3,4261.9,2457.5
/srv/shared_leopard_toad/2024/26.09.2024/3Z/100MEDIA/DSCF0780.JPG,DSCF0780.JPG,3Z/100MEDIA,2,Western_Leopard_Toad,0.2029,1838.5,2132.9,2617.0,2452.7
/srv/shared_leopard_toad/2024/26.09.2024/3Z/100MEDIA/DSCF0656.JPG,DSCF0656.JPG,3Z/100MEDIA,2,Western_Leopard_Toad,0.4049,4425.5,1997.4,4607.4,2453.8
/srv/shared_leopard_toad/2024/26.09.2024/3Z/100MEDIA/DSCF0923.JPG,DSCF0923.JPG,3Z/100MEDIA,2,Western_Leopard_Toad,0.2143,4424.8,2004.1,4607.4,2453.3
/srv/shared_leopard_toad/2024/26.09.2024/3Z/100MEDIA/DSCF0866.JPG,DSCF0866.JPG,3Z/100MEDIA,2,Western_Leopard_Toad,0.5120,4418.1,2002.4,4607.4,2453.9
/srv/shared_leopard_toad/2024/26.09.2024/3Z/100MEDIA/DSCF0568.JPG,DSCF0568.JPG,3Z/100MEDIA,2,Western_Leopard_Toad,0.2623,4425.4,2005.0,4607.5,2454.3
/srv/shared_leopard_toad/2024/26.09.2024/3Z/100MEDIA/DSCF0871.JPG,DSCF0871.JPG,3Z/100MEDIA,2,Western_Leopard_Toad,0.2793,4427.8,1997.6,4607.8,2460.1
/srv/shared_leopard_toad/2024/26.09.2024/3Z/100MEDIA/DSCF0873.JPG,DSCF0873.JPG,3Z/100MEDIA,2,Western_Leopard_Toad,0.4120,4434.2,1996.1,4608.0,2456.0
/srv/shared_leopard_toad/2024/26.09.2024/3Z/100MEDIA/DSCF0505.JPG,DSCF0505.JPG,3Z/100MEDIA,2,Western_Leopard_Toad,0.2489,4412.9,2000.1,4606.9,2454.8
/srv/shared_leopard_toad/2024/26.09.2024/3Z/100MEDIA/DSCF0662.JPG,DSCF0662.JPG,3Z/100MEDIA,2,Western_Leopard_Toad,0.4961,4428.4,2001.5,4608.0,2451.9
/srv/shared_leopard_toad/2024/26.09.2024/3Z/100MEDIA/DSCF0925.JPG,DSCF0925.JPG,3Z/100MEDIA,2,Western_Leopard_Toad,0.2166,4414.9,2002.0,4607.2,2455.8
/srv/shared_leopard_toad/2024/26.09.2024/3Z/100MEDIA/DSCF0761.JPG,DSCF0761.JPG,3Z/100MEDIA,2,Western_Leopard_Toad,0.2057,4416.9,1990.7,4607.6,2461.5
/srv/shared_leopard_toad/2024/26.09.2024/3Z/100MEDIA/DSCF0036.JPG,DSCF0036.JPG,3Z/100MEDIA,2,Western_Leopard_Toad,0.4463,4436.2,2006.5,4608.0,2449.6
/srv/shared_leopard_toad/2024/26.09.2024/3Z/100MEDIA/DSCF0040.JPG,DSCF0040.JPG,3Z/100MEDIA,2,Western_Leopard_Toad,0.2998,4440.1,2015.3,4608.0,2449.8
/srv/shared_leopard_toad/2024/26.09.2024/3Z/100MEDIA/DSCF0848.JPG,DSCF0848.JPG,3Z/100MEDIA,2,Western_Leopard_Toad,0.5277,4426.6,2004.9,4607.7,2451.2
/srv/shared_leopard_toad/2024/26.09.2024/3Z/100MEDIA/DSCF0663.JPG,DSCF0663.JPG,3Z/100MEDIA,2,Western_Leopard_Toad,0.2343,4420.1,1997.4,4607.3,2455.2
/srv/shared_leopard_toad/2024/26.09.2024/3Z/100MEDIA/DSCF0106.JPG,DSCF0106.JPG,3Z/100MEDIA,2,Western_Leopard_Toad,0.3296,3721.5,2284.5,4266.7,2457.1
/srv/shared_leopard_toad/2024/26.09.2024/3Z/100MEDIA/DSCF0246.JPG,DSCF0246.JPG,3Z/100MEDIA,2,Western_Leopard_Toad,0.2602,3724.6,2279.6,4255.3,2461.8
/srv/shared_leopard_toad/2024/26.09.2024/3Z/100MEDIA/DSCF0655.JPG,DSCF0655.JPG,3Z/100MEDIA,2,Western_Leopard_Toad,0.2123,4431.9,1999.4,4608.0,2454.6
/srv/shared_leopard_toad/2024/26.09.2024/3Z/100MEDIA/DSCF0123.JPG,DSCF0123.JPG,3Z/100MEDIA,2,Western_Leopard_Toad,0.5886,3723.9,2282.7,4256.6,2457.2
/srv/shared_leopard_toad/2024/26.09.2024/3Z/100MEDIA/DSCF0885.JPG,DSCF0885.JPG,3Z/100MEDIA,2,Western_Leopard_Toad,0.3197,4421.5,2018.0,4607.2,2454.9
/srv/shared_leopard_toad/2024/26.09.2024/3Z/100MEDIA/DSCF0030.JPG,DSCF0030.JPG,3Z/100MEDIA,2,Western_Leopard_Toad,0.2172,4430.1,2006.4,4607.6,2447.9
/srv/shared_leopard_toad/2024/26.09.2024/3Z/100MEDIA/DSCF0113.JPG,DSCF0113.JPG,3Z/100MEDIA,2,Western_Leopard_Toad,0.5432,3718.9,2284.4,4250.3,2457.5
/srv/shared_leopard_toad/2024/26.09.2024/3Z/100MEDIA/DSCF0091.JPG,DSCF0091.JPG,3Z/100MEDIA,2,Western_Leopard_Toad,0.2387,3724.0,2286.7,4258.4,2457.9
/srv/shared_leopard_toad/2024/26.09.2024/3Z/100MEDIA/DSCF0554.JPG,DSCF0554.JPG,3Z/100MEDIA,2,Western_Leopard_Toad,0.2076,4419.6,2001.2,4607.0,2455.4
/srv/shared_leopard_toad/2024/26.09.2024/3Z/100MEDIA/DSCF0942.JPG,DSCF0942.JPG,3Z/100MEDIA,2,Western_Leopard_Toad,0.2022,4436.5,2005.0,4607.9,2450.5
/srv/shared_leopard_toad/2024/26.09.2024/3Z/100MEDIA/DSCF0130.JPG,DSCF0130.JPG,3Z/100MEDIA,2,Western_Leopard_Toad,0.6522,3722.1,2286.0,4256.0,2459.8
/srv/shared_leopard_toad/2024/26.09.2024/3Z/100MEDIA/DSCF0130.JPG,DSCF0130.JPG,3Z/100MEDIA,2,Western_Leopard_Toad,0.3726,4433.5,2012.9,4607.5,2451.0
/srv/shared_leopard_toad/2024/26.09.2024/3Z/100MEDIA/DSCF0169.JPG,DSCF0169.JPG,3Z/100MEDIA,2,Western_Leopard_Toad,0.2849,3723.0,2280.0,4262.0,2458.1
/srv/shared_leopard_toad/2024/26.09.2024/3Z/100MEDIA/DSCF0192.JPG,DSCF0192.JPG,3Z/100MEDIA,2,Western_Leopard_Toad,0.2476,1864.0,2148.7,2638.5,2452.0
/srv/shared_leopard_toad/2024/26.09.2024/3Z/100MEDIA/DSCF0180.JPG,DSCF0180.JPG,3Z/100MEDIA,2,Western_Leopard_Toad,0.3369,1855.5,2134.7,2643.0,2452.3
/srv/shared_leopard_toad/2024/26.09.2024/3Z/100MEDIA/DSCF0314.JPG,DSCF0314.JPG,3Z/100MEDIA,2,Western_Leopard_Toad,0.3290,4412.0,1993.7,4607.0,2464.1
/srv/shared_leopard_toad/2024/26.09.2024/3Z/100MEDIA/DSCF0068.JPG,DSCF0068.JPG,3Z/100MEDIA,2,Western_Leopard_Toad,0.3977,3719.0,2282.2,4169.8,2457.4
/srv/shared_leopard_toad/2024/26.09.2024/3Z/100MEDIA/DSCF0741.JPG,DSCF0741.JPG,3Z/100MEDIA,2,Western_Leopard_Toad,0.2320,4430.0,2004.3,4607.9,2453.6
/srv/shared_leopard_toad/2024/26.09.2024/3Z/100MEDIA/DSCF0076.JPG,DSCF0076.JPG,3Z/100MEDIA,2,Western_Leopard_Toad,0.2475,4437.4,2010.4,4608.0,2453.5
/srv/shared_leopard_toad/2024/26.09.2024/3Z/100MEDIA/DSCF0048.JPG,DSCF0048.JPG,3Z/100MEDIA,2,Western_Leopard_Toad,0.4507,3722.3,2284.8,4215.4,2457.4
/srv/shared_leopard_toad/2024/26.09.2024/3Z/100MEDIA/DSCF0150.JPG,DSCF0150.JPG,3Z/100MEDIA,2,Western_Leopard_Toad,0.4222,4425.3,2004.3,4607.5,2450.9
/srv/shared_leopard_toad/2024/26.09.2024/3Z/100MEDIA/DSCF0108.JPG,DSCF0108.JPG,3Z/100MEDIA,2,Western_Leopard_Toad,0.3307,3720.9,2283.1,4267.9,2458.6
/srv/shared_leopard_toad/2024/26.09.2024/3Z/100MEDIA/DSCF0586.JPG,DSCF0586.JPG,3Z/100MEDIA,2,Western_Leopard_Toad,0.2439,4422.7,2005.0,4607.4,2452.6
/srv/shared_leopard_toad/2024/26.09.2024/3Z/100MEDIA/DSCF0764.JPG,DSCF0764.JPG,3Z/100MEDIA,2,Western_Leopard_Toad,0.2101,4411.2,1989.9,4606.7,2463.6
/srv/shared_leopard_toad/2024/26.09.2024/3Z/100MEDIA/DSCF0953.JPG,DSCF0953.JPG,3Z/100MEDIA,2,Western_Leopard_Toad,0.4983,4431.2,2006.3,4607.9,2453.0
/srv/shared_leopard_toad/2024/26.09.2024/3Z/100MEDIA/DSCF0492.JPG,DSCF0492.JPG,3Z/100MEDIA,2,Western_Leopard_Toad,0.3143,4429.3,2004.9,4607.7,2450.4
/srv/shared_leopard_toad/2024/26.09.2024/3Z/100MEDIA/DSCF0799.JPG,DSCF0799.JPG,3Z/100MEDIA,2,Western_Leopard_Toad,0.3414,4426.7,1997.1,4607.4,2453.0
/srv/shared_leopard_toad/2024/26.09.2024/3Z/100MEDIA/DSCF0028.JPG,DSCF0028.JPG,3Z/100MEDIA,2,Western_Leopard_Toad,0.3616,4426.8,1994.9,4608.0,2449.4
/srv/shared_leopard_toad/2024/26.09.2024/3Z/100MEDIA/DSCF0694.JPG,DSCF0694.JPG,3Z/100MEDIA,2,Western_Leopard_Toad,0.5028,4410.0,1996.2,4607.2,2458.2
/srv/shared_leopard_toad/2024/26.09.2024/3Z/100MEDIA/DSCF0969.JPG,DSCF0969.JPG,3Z/100MEDIA,2,Western_Leopard_Toad,0.4975,4412.0,2007.5,4607.3,2452.4
/srv/shared_leopard_toad/2024/26.09.2024/3Z/100MEDIA/DSCF0131.JPG,DSCF0131.JPG,3Z/100MEDIA,2,Western_Leopard_Toad,0.2254,3721.9,2280.3,4256.0,2459.4
/srv/shared_leopard_toad/2024/26.09.2024/3Z/100MEDIA/DSCF0473.JPG,DSCF0473.JPG,3Z/100MEDIA,2,Western_Leopard_Toad,0.2530,4435.7,2014.9,4608.0,2453.6
/srv/shared_leopard_toad/2024/26.09.2024/3Z/100MEDIA/DSCF0102.JPG,DSCF0102.JPG,3Z/100MEDIA,2,Western_Leopard_Toad,0.3338,3719.3,2281.5,4266.8,2457.2
/srv/shared_leopard_toad/2024/26.09.2024/3Z/100MEDIA/DSCF0054.JPG,DSCF0054.JPG,3Z/100MEDIA,2,Western_Leopard_Toad,0.2217,4429.5,2010.9,4607.3,2452.9
/srv/shared_leopard_toad/2024/26.09.2024/3Z/100MEDIA/DSCF0569.JPG,DSCF0569.JPG,3Z/100MEDIA,2,Western_Leopard_Toad,0.2087,4430.1,2002.2,4607.3,2449.7
/srv/shared_leopard_toad/2024/26.09.2024/3Z/100MEDIA/DSCF0771.JPG,DSCF0771.JPG,3Z/100MEDIA,2,Western_Leopard_Toad,0.2058,4426.1,2000.4,4607.6,2460.5
/srv/shared_leopard_toad/2024/26.09.2024/3Z/100MEDIA/DSCF0034.JPG,DSCF0034.JPG,3Z/100MEDIA,2,Western_Leopard_Toad,0.2009,4432.7,2005.7,4607.4,2448.8
/srv/shared_leopard_toad/2024/26.09.2024/3Z/100MEDIA/DSCF0952.JPG,DSCF0952.JPG,3Z/100MEDIA,2,Western_Leopard_Toad,0.2495,4410.0,2007.9,4607.0,2453.4
/srv/shared_leopard_toad/2024/26.09.2024/3Z/100MEDIA/DSCF0957.JPG,DSCF0957.JPG,3Z/100MEDIA,2,Western_Leopard_Toad,0.2092,1844.9,2138.6,2626.1,2451.6
/srv/shared_leopard_toad/2024/26.09.2024/3Z/100MEDIA/DSCF0159.JPG,DSCF0159.JPG,3Z/100MEDIA,2,Western_Leopard_Toad,0.2425,3726.2,2282.9,4265.2,2459.0
/srv/shared_leopard_toad/2024/26.09.2024/3Z/100MEDIA/DSCF0646.JPG,DSCF0646.JPG,3Z/100MEDIA,2,Western_Leopard_Toad,0.2476,4421.5,2007.2,4607.0,2450.9
/srv/shared_leopard_toad/2024/26.09.2024/3Z/100MEDIA/DSCF0859.JPG,DSCF0859.JPG,3Z/100MEDIA,2,Western_Leopard_Toad,0.2400,4420.7,2005.8,4607.3,2452.0
/srv/shared_leopard_toad/2024/26.09.2024/3Z/100MEDIA/DSCF0002.JPG,DSCF0002.JPG,3Z/100MEDIA,2,Western_Leopard_Toad,0.3674,1716.9,1343.8,2186.5,1838.9
/srv/shared_leopard_toad/2024/26.09.2024/3Z/100MEDIA/DSCF0129.JPG,DSCF0129.JPG,3Z/100MEDIA,2,Western_Leopard_Toad,0.3569,4424.5,2012.7,4607.3,2452.9
/srv/shared_leopard_toad/2024/26.09.2024/3Z/100MEDIA/DSCF0070.JPG,DSCF0070.JPG,3Z/100MEDIA,2,Western_Leopard_Toad,0.2726,3723.5,2280.0,4263.8,2458.8
/srv/shared_leopard_toad/2024/26.09.2024/3Z/100MEDIA/DSCF0100.JPG,DSCF0100.JPG,3Z/100MEDIA,2,Western_Leopard_Toad,0.2326,3722.2,2282.1,4239.6,2457.4
/srv/shared_leopard_toad/2024/26.09.2024/3Z/100MEDIA/DSCF0010.JPG,DSCF0010.JPG,3Z/100MEDIA,2,Western_Leopard_Toad,0.3350,1717.7,1347.1,2190.0,1860.6
/srv/shared_leopard_toad/2024/26.09.2024/3Z/100MEDIA/DSCF0935.JPG,DSCF0935.JPG,3Z/100MEDIA,2,Western_Leopard_Toad,0.2042,4403.2,2000.8,4607.1,2456.2
/srv/shared_leopard_toad/2024/26.09.2024/3Z/100MEDIA/DSCF0351.JPG,DSCF0351.JPG,3Z/100MEDIA,2,Western_Leopard_Toad,0.5603,4428.8,2002.0,4608.0,2458.1
/srv/shared_leopard_toad/2024/26.09.2024/3Z/100MEDIA/DSCF0029.JPG,DSCF0029.JPG,3Z/100MEDIA,2,Western_Leopard_Toad,0.3631,4424.7,2000.3,4607.5,2449.6
/srv/shared_leopard_toad/2024/26.09.2024/3Z/100MEDIA/DSCF0468.JPG,DSCF0468.JPG,3Z/100MEDIA,2,Western_Leopard_Toad,0.4974,4429.6,2002.8,4608.0,2454.7
/srv/shared_leopard_toad/2024/26.09.2024/3Z/100MEDIA/DSCF0116.JPG,DSCF0116.JPG,3Z/100MEDIA,2,Western_Leopard_Toad,0.3145,3718.8,2284.0,4237.8,2458.8
/srv/shared_leopard_toad/2024/26.09.2024/3Z/100MEDIA/DSCF0800.JPG,DSCF0800.JPG,3Z/100MEDIA,2,Western_Leopard_Toad,0.2721,4421.2,2007.1,4607.5,2453.3
/srv/shared_leopard_toad/2024/26.09.2024/3Z/100MEDIA/DSCF0832.JPG,DSCF0832.JPG,3Z/100MEDIA,2,Western_Leopard_Toad,0.3527,4424.9,2004.5,4607.5,2453.1
/srv/shared_leopard_toad/2024/26.09.2024/3Z/100MEDIA/DSCF0082.JPG,DSCF0082.JPG,3Z/100MEDIA,2,Western_Leopard_Toad,0.2834,4431.4,2006.4,4607.6,2452.4
/srv/shared_leopard_toad/2024/26.09.2024/3Z/100MEDIA/DSCF0855.JPG,DSCF0855.JPG,3Z/100MEDIA,2,Western_Leopard_Toad,0.3343,4418.5,1995.9,4607.4,2453.8
/srv/shared_leopard_toad/2024/26.09.2024/3Z/100MEDIA/DSCF0090.JPG,DSCF0090.JPG,3Z/100MEDIA,2,Western_Leopard_Toad,0.2658,3733.5,2285.1,4208.2,2456.2
/srv/shared_leopard_toad/2024/26.09.2024/3Z/100MEDIA/DSCF0579.JPG,DSCF0579.JPG,3Z/100MEDIA,2,Western_Leopard_Toad,0.4306,4425.4,1998.0,4607.7,2454.8
